     2     1
    CDC1    21     2     1     0     0
    CDC1    21     3     1     0     0
     1 BACKWARD OMEGA   
  2021     3    25     6   37.500  127.000   500.0
     1 PRESSURE
     1     1    21     3    25     6     0     0     0.0   37.500  127.000    500.0    942.2
     1     1    21     3    25     5     0     0    -1.0   37.477  126.724    511.6    942.4
     1     1    21     3    25     4     0     0    -2.0   37.463  126.473    522.9    942.4
     1     1    21     3    25     3     0     0    -3.0   37.456  126.248    533.2    942.4
     1     1    21     3    25     2     0     0    -4.0   37.454  126.051    542.0    942.4
     1     1    21     3    25     1     0     0    -5.0   37.456  125.882    549.0    942.5
     1     1    21     3    25     0     0     0    -6.0   37.462  125.743    554.0    942.6
     1     1    21     3    24    23     0     0    -7.0   37.478  125.610    558.7    942.7
     1     1    21     3    24    22     0     0    -8.0   37.509  125.462    565.0    942.5
     1     1    21     3    24    21     0     0    -9.0   37.558  125.299    573.1    941.6
     1     1    21     3    24    20     0     0   -10.0   37.624  125.119    583.8    940.4
     1     1    21     3    24    19     0     0   -11.0   37.708  124.924    598.1    938.6
     1     1    21     3    24    18     0     0   -12.0   37.809  124.712    617.3    935.9
     1     1    21     3    24    17     0     0   -13.0   37.907  124.497    641.7    932.8
     1     1    21     3    24    16     0     0   -14.0   37.988  124.295    670.5    929.2
     1     1    21     3    24    15     0     0   -15.0   38.056  124.107    703.5    925.3
     1     1    21     3    24    14     0     0   -16.0   38.113  123.936    740.6    921.1
     1     1    21     3    24    13     0     0   -17.0   38.164  123.781    781.9    916.6
     1     1    21     3    24    12     0     0   -18.0   38.211  123.643    827.3    911.7
     1     1    21     3    24    11     0     0   -19.0   38.259  123.510    873.5    906.8
     1     1    21     3    24    10     0     0   -20.0   38.313  123.369    916.2    902.7
     1     1    21     3    24     9     0     0   -21.0   38.374  123.224    955.1    898.8
     1     1    21     3    24     8     0     0   -22.0   38.444  123.076    989.5    895.2
     1     1    21     3    24     7     0     0   -23.0   38.521  122.927   1019.1    892.3
     1     1    21     3    24     6     0     0   -24.0   38.609  122.779   1043.2    890.1
     1     1    21     3    24     5     0     0   -25.0   38.697  122.633   1060.8    888.2
     1     1    21     3    24     4     0     0   -26.0   38.777  122.488   1070.1    887.3
     1     1    21     3    24     3     0     0   -27.0   38.847  122.345   1070.8    886.5
     1     1    21     3    24     2     0     0   -28.0   38.908  122.202   1063.5    886.5
     1     1    21     3    24     1     0     0   -29.0   38.961  122.059   1048.4    887.5
     1     1    21     3    24     0     0     0   -30.0   39.005  121.914   1026.0    889.2
     1     1    21     3    23    23     0     0   -31.0   39.039  121.752    997.1    891.9
     1     1    21     3    23    22     0     0   -32.0   39.062  121.556    963.3    895.1
     1     1    21     3    23    21     0     0   -33.0   39.072  121.325    926.0    898.7
     1     1    21     3    23    20     0     0   -34.0   39.067  121.061    886.7    902.1
     1     1    21     3    23    19     0     0   -35.0   39.047  120.764    846.9    905.7
     1     1    21     3    23    18     0     0   -36.0   39.009  120.432    808.4    909.4
     1     1    21     3    23    17     0     0   -37.0   38.950  120.089    772.9    913.3
     1     1    21     3    23    16     0     0   -38.0   38.867  119.760    740.4    915.3
     1     1    21     3    23    15     0     0   -39.0   38.761  119.448    710.2    917.1
     1     1    21     3    23    14     0     0   -40.0   38.633  119.153    681.2    919.5
     1     1    21     3    23    13     0     0   -41.0   38.483  118.872    651.5    922.9
     1     1    21     3    23    12     0     0   -42.0   38.311  118.606    619.7    927.5
     1     1    21     3    23    11     0     0   -43.0   38.125  118.344    590.4    932.9
     1     1    21     3    23    10     0     0   -44.0   37.936  118.071    569.0    937.6
     1     1    21     3    23     9     0     0   -45.0   37.742  117.790    555.5    942.1
     1     1    21     3    23     8     0     0   -46.0   37.542  117.504    550.0    946.5
     1     1    21     3    23     7     0     0   -47.0   37.340  117.213    551.2    942.9
     1     1    21     3    23     6     0     0   -48.0   37.145  116.917    561.0    937.8
     1     1    21     3    23     5     0     0   -49.0   36.965  116.617    577.0    932.3
     1     1    21     3    23     4     0     0   -50.0   36.805  116.316    597.7    926.9
     1     1    21     3    23     3     0     0   -51.0   36.664  116.017    622.3    921.6
     1     1    21     3    23     2     0     0   -52.0   36.540  115.722    650.5    915.8
     1     1    21     3    23     1     0     0   -53.0   36.430  115.435    681.9    910.0
     1     1    21     3    23     0     0     0   -54.0   36.333  115.161    716.3    904.3
     1     1    21     3    22    23     0     0   -55.0   36.244  114.888    755.1    897.5
     1     1    21     3    22    22     0     0   -56.0   36.160  114.600    798.1    887.9
     1     1    21     3    22    21     0     0   -57.0   36.081  114.299    845.0    877.9
     1     1    21     3    22    20     0     0   -58.0   36.009  113.985    895.0    867.5
     1     1    21     3    22    19     0     0   -59.0   35.945  113.660    947.1    856.4
     1     1    21     3    22    18     0     0   -60.0   35.889  113.329   1000.0    845.0
     1     1    21     3    22    17     0     0   -61.0   35.845  113.014   1051.3    833.8
     1     1    21     3    22    16     0     0   -62.0   35.819  112.733   1099.3    824.0
     1     1    21     3    22    15     0     0   -63.0   35.808  112.481   1145.0    814.9
     1     1    21     3    22    14     0     0   -64.0   35.812  112.253   1189.5    807.2
     1     1    21     3    22    13     0     0   -65.0   35.828  112.046   1233.3    799.8
     1     1    21     3    22    12     0     0   -66.0   35.858  111.856   1276.9    792.3
     1     1    21     3    22    11     0     0   -67.0   35.896  111.667   1322.1    784.9
     1     1    21     3    22    10     0     0   -68.0   35.938  111.466   1368.6    777.2
     1     1    21     3    22     9     0     0   -69.0   35.983  111.255   1417.4    769.1
     1     1    21     3    22     8     0     0   -70.0   36.029  111.035   1468.6    760.8
     1     1    21     3    22     7     0     0   -71.0   36.074  110.808   1522.8    752.2
     1     1    21     3    22     6     0     0   -72.0   36.118  110.576   1580.2    743.4
     1     1    21     3    22     5     0     0   -73.0   36.165  110.344   1640.9    733.7
     1     1    21     3    22     4     0     0   -74.0   36.222  110.115   1703.5    723.7
     1     1    21     3    22     3     0     0   -75.0   36.288  109.888   1768.7    714.3
     1     1    21     3    22     2     0     0   -76.0   36.364  109.664   1836.5    705.5
     1     1    21     3    22     1     0     0   -77.0   36.453  109.443   1906.4    696.8
     1     1    21     3    22     0     0     0   -78.0   36.556  109.223   1978.4    688.0
     1     1    21     3    21    23     0     0   -79.0   36.670  109.001   2049.2    679.4
     1     1    21     3    21    22     0     0   -80.0   36.789  108.770   2118.5    671.4
     1     1    21     3    21    21     0     0   -81.0   36.912  108.528   2185.1    663.6
     1     1    21     3    21    20     0     0   -82.0   37.039  108.271   2248.9    656.3
     1     1    21     3    21    19     0     0   -83.0   37.168  107.994   2309.3    649.7
     1     1    21     3    21    18     0     0   -84.0   37.298  107.689   2366.0    643.7
     1     1    21     3    21    17     0     0   -85.0   37.436  107.373   2421.6    637.3
     1     1    21     3    21    16     0     0   -86.0   37.591  107.067   2479.9    629.5
     1     1    21     3    21    15     0     0   -87.0   37.765  106.773   2542.2    622.1
     1     1    21     3    21    14     0     0   -88.0   37.956  106.490   2608.1    615.1
     1     1    21     3    21    13     0     0   -89.0   38.161  106.218   2677.6    608.4
     1     1    21     3    21    12     0     0   -90.0   38.379  105.953   2750.8    602.2
     1     1    21     3    21    11     0     0   -91.0   38.591  105.687   2825.8    596.7
     1     1    21     3    21    10     0     0   -92.0   38.781  105.413   2895.3    592.1
     1     1    21     3    21     9     0     0   -93.0   38.945  105.132   2959.4    588.3
     1     1    21     3    21     8     0     0   -94.0   39.084  104.845   3015.2    583.7
     1     1    21     3    21     7     0     0   -95.0   39.199  104.553   3063.7    578.4
     1     1    21     3    21     6     0     0   -96.0   39.294  104.258   3107.2    573.5
