     2     1
    CDC1    21     2     1     0     0
    CDC1    21     3     1     0     0
     1 BACKWARD OMEGA   
  2021     3    30    15   37.500  127.000   500.0
     1 PRESSURE
     1     1    21     3    30    15     0     0     0.0   37.500  127.000    500.0    935.2
     1     1    21     3    30    14     0     0    -1.0   37.546  126.888    522.5    932.5
     1     1    21     3    30    13     0     0    -2.0   37.601  126.775    546.7    929.5
     1     1    21     3    30    12     0     0    -3.0   37.662  126.664    572.6    926.2
     1     1    21     3    30    11     0     0    -4.0   37.738  126.553    602.3    922.7
     1     1    21     3    30    10     0     0    -5.0   37.835  126.442    637.6    917.9
     1     1    21     3    30     9     0     0    -6.0   37.954  126.330    678.7    911.8
     1     1    21     3    30     8     0     0    -7.0   38.097  126.218    725.7    904.8
     1     1    21     3    30     7     0     0    -8.0   38.264  126.107    779.4    896.9
     1     1    21     3    30     6     0     0    -9.0   38.459  125.996    840.5    888.1
     1     1    21     3    30     5     0     0   -10.0   38.668  125.877    908.4    878.7
     1     1    21     3    30     4     0     0   -11.0   38.878  125.741    981.5    868.6
     1     1    21     3    30     3     0     0   -12.0   39.092  125.584   1060.3    858.0
     1     1    21     3    30     2     0     0   -13.0   39.312  125.408   1145.4    847.3
     1     1    21     3    30     1     0     0   -14.0   39.544  125.214   1237.7    836.2
     1     1    21     3    30     0     0     0   -15.0   39.792  125.005   1338.4    824.1
     1     1    21     3    29    23     0     0   -16.0   40.057  124.775   1443.7    811.8
     1     1    21     3    29    22     0     0   -17.0   40.334  124.518   1544.8    802.5
     1     1    21     3    29    21     0     0   -18.0   40.624  124.234   1639.1    794.4
     1     1    21     3    29    20     0     0   -19.0   40.926  123.926   1727.2    787.0
     1     1    21     3    29    19     0     0   -20.0   41.242  123.598   1810.6    779.7
     1     1    21     3    29    18     0     0   -21.0   41.573  123.253   1891.9    772.5
     1     1    21     3    29    17     0     0   -22.0   41.908  122.900   1969.8    765.5
     1     1    21     3    29    16     0     0   -23.0   42.232  122.552   2037.2    759.7
     1     1    21     3    29    15     0     0   -24.0   42.545  122.208   2088.3    749.6
     1     1    21     3    29    14     0     0   -25.0   42.850  121.870   2127.6    741.1
     1     1    21     3    29    13     0     0   -26.0   43.150  121.542   2154.0    733.6
     1     1    21     3    29    12     0     0   -27.0   43.452  121.226   2168.1    727.0
     1     1    21     3    29    11     0     0   -28.0   43.766  120.906   2178.5    720.6
     1     1    21     3    29    10     0     0   -29.0   44.103  120.569   2194.3    712.3
     1     1    21     3    29     9     0     0   -30.0   44.468  120.220   2216.0    702.6
     1     1    21     3    29     8     0     0   -31.0   44.866  119.863   2245.3    692.0
     1     1    21     3    29     7     0     0   -32.0   45.293  119.502   2284.4    682.0
     1     1    21     3    29     6     0     0   -33.0   45.743  119.139   2333.1    673.0
     1     1    21     3    29     5     0     0   -34.0   46.209  118.773   2387.7    665.3
     1     1    21     3    29     4     0     0   -35.0   46.686  118.406   2445.5    659.6
     1     1    21     3    29     3     0     0   -36.0   47.178  118.039   2505.2    655.9
     1     1    21     3    29     2     0     0   -37.0   47.684  117.674   2565.0    653.5
     1     1    21     3    29     1     0     0   -38.0   48.193  117.308   2622.6    650.8
     1     1    21     3    29     0     0     0   -39.0   48.695  116.938   2676.9    648.1
     1     1    21     3    28    23     0     0   -40.0   49.176  116.557   2727.9    645.5
     1     1    21     3    28    22     0     0   -41.0   49.627  116.158   2778.1    642.4
     1     1    21     3    28    21     0     0   -42.0   50.054  115.737   2829.3    638.6
     1     1    21     3    28    20     0     0   -43.0   50.461  115.288   2881.3    631.9
     1     1    21     3    28    19     0     0   -44.0   50.851  114.806   2937.3    622.7
     1     1    21     3    28    18     0     0   -45.0   51.223  114.285   2996.9    610.6
     1     1    21     3    28    17     0     0   -46.0   51.590  113.735   3061.8    598.6
     1     1    21     3    28    16     0     0   -47.0   51.970  113.170   3125.7    588.0
     1     1    21     3    28    15     0     0   -48.0   52.369  112.586   3190.9    578.2
     1     1    21     3    28    14     0     0   -49.0   52.784  111.985   3261.4    571.2
     1     1    21     3    28    13     0     0   -50.0   53.200  111.373   3331.4    564.6
     1     1    21     3    28    12     0     0   -51.0   53.619  110.741   3402.5    558.4
     1     1    21     3    28    11     0     0   -52.0   54.033  110.076   3480.3    552.4
     1     1    21     3    28    10     0     0   -53.0   54.428  109.377   3572.1    551.1
     1     1    21     3    28     9     0     0   -54.0   54.796  108.649   3669.0    550.8
     1     1    21     3    28     8     0     0   -55.0   55.143  107.889   3771.1    551.8
     1     1    21     3    28     7     0     0   -56.0   55.466  107.106   3871.2    552.8
     1     1    21     3    28     6     0     0   -57.0   55.756  106.305   3960.2    553.3
     1     1    21     3    28     5     0     0   -58.0   56.022  105.487   4034.5    553.6
     1     1    21     3    28     4     0     0   -59.0   56.278  104.650   4087.3    553.3
     1     1    21     3    28     3     0     0   -60.0   56.526  103.791   4120.8    552.4
     1     1    21     3    28     2     0     0   -61.0   56.769  102.905   4143.0    553.5
     1     1    21     3    28     1     0     0   -62.0   57.007  101.988   4154.3    555.7
     1     1    21     3    28     0     0     0   -63.0   57.238  101.034   4159.0    559.6
     1     1    21     3    27    23     0     0   -64.0   57.446  100.050   4159.0    565.8
     1     1    21     3    27    22     0     0   -65.0   57.621   99.047   4138.1    569.3
     1     1    21     3    27    21     0     0   -66.0   57.767   98.028   4106.9    572.4
     1     1    21     3    27    20     0     0   -67.0   57.891   96.996   4066.8    575.3
     1     1    21     3    27    19     0     0   -68.0   57.993   95.956   4019.2    577.9
     1     1    21     3    27    18     0     0   -69.0   58.072   94.912   3967.2    581.3
     1     1    21     3    27    17     0     0   -70.0   58.134   93.875   3916.2    585.4
     1     1    21     3    27    16     0     0   -71.0   58.185   92.840   3865.3    588.9
     1     1    21     3    27    15     0     0   -72.0   58.225   91.797   3818.2    593.7
     1     1    21     3    27    14     0     0   -73.0   58.255   90.737   3771.6    599.4
     1     1    21     3    27    13     0     0   -74.0   58.271   89.652   3723.0    605.8
     1     1    21     3    27    12     0     0   -75.0   58.272   88.541   3673.8    613.5
     1     1    21     3    27    11     0     0   -76.0   58.257   87.435   3627.4    621.2
     1     1    21     3    27    10     0     0   -77.0   58.233   86.368   3583.8    627.8
     1     1    21     3    27     9     0     0   -78.0   58.207   85.343   3546.1    633.5
     1     1    21     3    27     8     0     0   -79.0   58.183   84.353   3511.2    637.4
     1     1    21     3    27     7     0     0   -80.0   58.166   83.394   3478.8    640.2
     1     1    21     3    27     6     0     0   -81.0   58.158   82.456   3448.1    642.9
     1     1    21     3    27     5     0     0   -82.0   58.166   81.523   3415.0    644.7
     1     1    21     3    27     4     0     0   -83.0   58.194   80.575   3379.7    647.0
     1     1    21     3    27     3     0     0   -84.0   58.235   79.603   3342.9    649.9
     1     1    21     3    27     2     0     0   -85.0   58.281   78.603   3306.2    653.3
     1     1    21     3    27     1     0     0   -86.0   58.325   77.567   3270.3    656.6
     1     1    21     3    27     0     0     0   -87.0   58.362   76.496   3237.6    659.5
     1     1    21     3    26    23     0     0   -88.0   58.396   75.421   3211.2    661.9
     1     1    21     3    26    22     0     0   -89.0   58.433   74.365   3191.1    663.4
     1     1    21     3    26    21     0     0   -90.0   58.468   73.328   3173.9    664.6
     1     1    21     3    26    20     0     0   -91.0   58.494   72.308   3156.4    666.1
     1     1    21     3    26    19     0     0   -92.0   58.506   71.304   3136.0    668.5
     1     1    21     3    26    18     0     0   -93.0   58.500   70.314   3109.0    671.6
     1     1    21     3    26    17     0     0   -94.0   58.489   69.341   3082.0    675.6
     1     1    21     3    26    16     0     0   -95.0   58.492   68.383   3063.9    678.3
     1     1    21     3    26    15     0     0   -96.0   58.502   67.434   3052.0    680.2
