     2     1
    CDC1    21    10     1     0     0
    CDC1    21    11     1     0     0
     1 BACKWARD OMEGA   
  2021    11     6    21   37.500  127.000   500.0
     1 PRESSURE
     1     1    21    11     6    21     0     0     0.0   37.500  127.000    500.0    944.8
     1     1    21    11     6    20     0     0    -1.0   37.384  127.156    516.7    942.5
     1     1    21    11     6    19     0     0    -2.0   37.283  127.304    537.3    939.6
     1     1    21    11     6    18     0     0    -3.0   37.200  127.444    561.8    936.3
     1     1    21    11     6    17     0     0    -4.0   37.135  127.575    590.5    933.2
     1     1    21    11     6    16     0     0    -5.0   37.088  127.697    623.5    930.2
     1     1    21    11     6    15     0     0    -6.0   37.059  127.811    659.9    926.1
     1     1    21    11     6    14     0     0    -7.0   37.048  127.916    698.9    921.7
     1     1    21    11     6    13     0     0    -8.0   37.052  128.013    740.2    917.2
     1     1    21    11     6    12     0     0    -9.0   37.071  128.102    783.2    912.6
     1     1    21    11     6    11     0     0   -10.0   37.097  128.192    827.5    907.7
     1     1    21    11     6    10     0     0   -11.0   37.124  128.294    873.7    903.0
     1     1    21    11     6     9     0     0   -12.0   37.152  128.408    921.9    898.1
     1     1    21    11     6     8     0     0   -13.0   37.180  128.532    972.6    892.6
     1     1    21    11     6     7     0     0   -14.0   37.210  128.667   1026.7    886.8
     1     1    21    11     6     6     0     0   -15.0   37.241  128.812   1084.9    880.7
     1     1    21    11     6     5     0     0   -16.0   37.278  128.965   1146.4    874.6
     1     1    21    11     6     4     0     0   -17.0   37.325  129.128   1210.0    868.6
     1     1    21    11     6     3     0     0   -18.0   37.385  129.300   1275.5    862.7
     1     1    21    11     6     2     0     0   -19.0   37.460  129.478   1342.9    856.2
     1     1    21    11     6     1     0     0   -20.0   37.552  129.658   1411.1    848.9
     1     1    21    11     6     0     0     0   -21.0   37.660  129.835   1479.0    841.3
     1     1    21    11     5    23     0     0   -22.0   37.777  129.996   1545.3    834.0
     1     1    21    11     5    22     0     0   -23.0   37.893  130.131   1608.8    827.7
     1     1    21    11     5    21     0     0   -24.0   38.006  130.242   1668.0    821.9
     1     1    21    11     5    20     0     0   -25.0   38.115  130.329   1722.8    816.5
     1     1    21    11     5    19     0     0   -26.0   38.220  130.395   1772.5    811.1
     1     1    21    11     5    18     0     0   -27.0   38.322  130.438   1816.9    806.3
     1     1    21    11     5    17     0     0   -28.0   38.422  130.465   1858.3    801.7
     1     1    21    11     5    16     0     0   -29.0   38.525  130.479   1902.3    796.5
     1     1    21    11     5    15     0     0   -30.0   38.632  130.481   1948.6    791.0
     1     1    21    11     5    14     0     0   -31.0   38.742  130.473   1997.8    785.1
     1     1    21    11     5    13     0     0   -32.0   38.857  130.454   2050.8    778.8
     1     1    21    11     5    12     0     0   -33.0   38.976  130.427   2108.3    772.0
     1     1    21    11     5    11     0     0   -34.0   39.099  130.390   2169.0    765.0
     1     1    21    11     5    10     0     0   -35.0   39.227  130.342   2226.3    758.3
     1     1    21    11     5     9     0     0   -36.0   39.359  130.281   2281.6    751.5
     1     1    21    11     5     8     0     0   -37.0   39.496  130.205   2334.5    744.8
     1     1    21    11     5     7     0     0   -38.0   39.639  130.112   2384.6    738.2
     1     1    21    11     5     6     0     0   -39.0   39.788  129.997   2431.6    731.5
     1     1    21    11     5     5     0     0   -40.0   39.944  129.862   2474.9    725.1
     1     1    21    11     5     4     0     0   -41.0   40.107  129.708   2512.8    718.6
     1     1    21    11     5     3     0     0   -42.0   40.273  129.533   2544.8    712.4
     1     1    21    11     5     2     0     0   -43.0   40.440  129.337   2570.9    706.7
     1     1    21    11     5     1     0     0   -44.0   40.606  129.120   2590.4    701.6
     1     1    21    11     5     0     0     0   -45.0   40.771  128.880   2602.7    697.1
     1     1    21    11     4    23     0     0   -46.0   40.929  128.619   2611.5    693.2
     1     1    21    11     4    22     0     0   -47.0   41.079  128.335   2624.1    688.7
     1     1    21    11     4    21     0     0   -48.0   41.221  128.031   2640.3    684.0
     1     1    21    11     4    20     0     0   -49.0   41.356  127.704   2661.1    679.0
     1     1    21    11     4    19     0     0   -50.0   41.483  127.358   2689.8    675.6
     1     1    21    11     4    18     0     0   -51.0   41.599  126.995   2727.4    674.7
     1     1    21    11     4    17     0     0   -52.0   41.710  126.618   2764.8    673.6
     1     1    21    11     4    16     0     0   -53.0   41.823  126.229   2796.0    673.7
     1     1    21    11     4    15     0     0   -54.0   41.941  125.831   2821.9    674.4
     1     1    21    11     4    14     0     0   -55.0   42.066  125.427   2842.6    675.8
     1     1    21    11     4    13     0     0   -56.0   42.198  125.020   2858.5    677.7
     1     1    21    11     4    12     0     0   -57.0   42.338  124.614   2868.9    678.9
     1     1    21    11     4    11     0     0   -58.0   42.480  124.199   2878.1    680.0
     1     1    21    11     4    10     0     0   -59.0   42.614  123.765   2892.4    681.8
     1     1    21    11     4     9     0     0   -60.0   42.740  123.312   2908.8    683.5
     1     1    21    11     4     8     0     0   -61.0   42.862  122.838   2926.7    684.8
     1     1    21    11     4     7     0     0   -62.0   42.980  122.340   2941.9    683.2
     1     1    21    11     4     6     0     0   -63.0   43.096  121.814   2947.7    675.3
     1     1    21    11     4     5     0     0   -64.0   43.207  121.276   2952.2    667.0
     1     1    21    11     4     4     0     0   -65.0   43.314  120.741   2959.8    658.4
     1     1    21    11     4     3     0     0   -66.0   43.419  120.208   2971.1    649.3
     1     1    21    11     4     2     0     0   -67.0   43.525  119.673   2985.4    639.1
     1     1    21    11     4     1     0     0   -68.0   43.629  119.133   3003.6    628.1
     1     1    21    11     4     0     0     0   -69.0   43.732  118.582   3027.0    616.9
     1     1    21    11     3    23     0     0   -70.0   43.836  118.006   3049.1    605.3
     1     1    21    11     3    22     0     0   -71.0   43.939  117.394   3065.3    595.9
     1     1    21    11     3    21     0     0   -72.0   44.038  116.753   3085.9    592.9
     1     1    21    11     3    20     0     0   -73.0   44.131  116.089   3102.2    590.6
     1     1    21    11     3    19     0     0   -74.0   44.216  115.400   3115.9    588.8
     1     1    21    11     3    18     0     0   -75.0   44.295  114.684   3132.3    588.9
     1     1    21    11     3    17     0     0   -76.0   44.371  113.955   3158.8    591.0
     1     1    21    11     3    16     0     0   -77.0   44.448  113.218   3192.7    592.2
     1     1    21    11     3    15     0     0   -78.0   44.527  112.465   3234.0    592.7
     1     1    21    11     3    14     0     0   -79.0   44.612  111.692   3277.2    588.8
     1     1    21    11     3    13     0     0   -80.0   44.709  110.891   3332.4    583.5
     1     1    21    11     3    12     0     0   -81.0   44.820  110.054   3401.1    576.7
     1     1    21    11     3    11     0     0   -82.0   44.940  109.182   3475.0    565.7
     1     1    21    11     3    10     0     0   -83.0   45.060  108.277   3552.7    553.7
     1     1    21    11     3     9     0     0   -84.0   45.177  107.329   3630.0    541.9
     1     1    21    11     3     8     0     0   -85.0   45.283  106.328   3701.8    531.9
     1     1    21    11     3     7     0     0   -86.0   45.369  105.269   3762.3    523.5
     1     1    21    11     3     6     0     0   -87.0   45.428  104.151   3804.0    513.6
     1     1    21    11     3     5     0     0   -88.0   45.473  103.002   3841.0    503.8
     1     1    21    11     3     4     0     0   -89.0   45.523  101.843   3873.7    491.4
     1     1    21    11     3     3     0     0   -90.0   45.573  100.671   3900.9    477.6
     1     1    21    11     3     2     0     0   -91.0   45.614   99.485   3931.5    466.8
     1     1    21    11     3     1     0     0   -92.0   45.641   98.288   3963.5    460.6
     1     1    21    11     3     0     0     0   -93.0   45.651   97.085   3993.9    459.4
     1     1    21    11     2    23     0     0   -94.0   45.657   95.879   4032.1    466.7
     1     1    21    11     2    22     0     0   -95.0   45.668   94.669   4059.2    475.6
     1     1    21    11     2    21     0     0   -96.0   45.683   93.457   4078.7    488.0
