     2     1
    CDC1    21     2     1     0     0
    CDC1    21     3     1     0     0
     1 BACKWARD OMEGA   
  2021     3    12    15   37.500  127.000   500.0
     1 PRESSURE
     1     1    21     3    12    15     0     0     0.0   37.500  127.000    500.0    943.4
     1     1    21     3    12    14     0     0    -1.0   37.703  127.139    492.8    939.7
     1     1    21     3    12    13     0     0    -2.0   37.908  127.282    480.4    936.9
     1     1    21     3    12    12     0     0    -3.0   38.113  127.433    464.0    934.5
     1     1    21     3    12    11     0     0    -4.0   38.307  127.595    445.9    933.8
     1     1    21     3    12    10     0     0    -5.0   38.482  127.771    427.6    934.3
     1     1    21     3    12     9     0     0    -6.0   38.639  127.961    409.0    935.6
     1     1    21     3    12     8     0     0    -7.0   38.777  128.169    390.2    937.6
     1     1    21     3    12     7     0     0    -8.0   38.895  128.396    371.4    940.0
     1     1    21     3    12     6     0     0    -9.0   38.993  128.644    352.7    942.8
     1     1    21     3    12     5     0     0   -10.0   39.072  128.896    335.2    946.0
     1     1    21     3    12     4     0     0   -11.0   39.140  129.131    320.6    948.9
     1     1    21     3    12     3     0     0   -12.0   39.201  129.346    308.9    951.5
     1     1    21     3    12     2     0     0   -13.0   39.258  129.537    300.3    953.7
     1     1    21     3    12     1     0     0   -14.0   39.314  129.701    294.7    955.3
     1     1    21     3    12     0     0     0   -15.0   39.370  129.836    292.2    956.4
     1     1    21     3    11    23     0     0   -16.0   39.424  129.952    292.5    956.6
     1     1    21     3    11    22     0     0   -17.0   39.474  130.059    295.4    956.9
     1     1    21     3    11    21     0     0   -18.0   39.520  130.155    300.8    957.1
     1     1    21     3    11    20     0     0   -19.0   39.561  130.239    308.2    957.0
     1     1    21     3    11    19     0     0   -20.0   39.597  130.309    317.5    956.4
     1     1    21     3    11    18     0     0   -21.0   39.629  130.364    328.5    955.6
     1     1    21     3    11    17     0     0   -22.0   39.659  130.400    339.5    955.1
     1     1    21     3    11    16     0     0   -23.0   39.688  130.411    348.0    954.7
     1     1    21     3    11    15     0     0   -24.0   39.717  130.398    354.1    954.1
     1     1    21     3    11    14     0     0   -25.0   39.747  130.362    357.9    953.4
     1     1    21     3    11    13     0     0   -26.0   39.777  130.304    359.1    952.5
     1     1    21     3    11    12     0     0   -27.0   39.808  130.225    358.0    951.4
     1     1    21     3    11    11     0     0   -28.0   39.835  130.119    356.2    949.4
     1     1    21     3    11    10     0     0   -29.0   39.857  129.980    355.9    946.5
     1     1    21     3    11     9     0     0   -30.0   39.872  129.808    357.5    944.0
     1     1    21     3    11     8     0     0   -31.0   39.881  129.602    361.1    941.1
     1     1    21     3    11     7     0     0   -32.0   39.884  129.361    366.9    937.7
     1     1    21     3    11     6     0     0   -33.0   39.884  129.087    375.1    933.8
     1     1    21     3    11     5     0     0   -34.0   39.884  128.787    384.7    929.9
     1     1    21     3    11     4     0     0   -35.0   39.886  128.471    394.1    925.7
     1     1    21     3    11     3     0     0   -36.0   39.892  128.138    403.0    921.5
     1     1    21     3    11     2     0     0   -37.0   39.903  127.788    410.9    917.1
     1     1    21     3    11     1     0     0   -38.0   39.919  127.423    417.5    914.1
     1     1    21     3    11     0     0     0   -39.0   39.937  127.056    422.1    916.7
     1     1    21     3    10    23     0     0   -40.0   39.939  126.692    421.9    919.4
     1     1    21     3    10    22     0     0   -41.0   39.912  126.329    415.6    923.6
     1     1    21     3    10    21     0     0   -42.0   39.856  125.968    403.7    929.1
     1     1    21     3    10    20     0     0   -43.0   39.771  125.610    386.8    935.7
     1     1    21     3    10    19     0     0   -44.0   39.659  125.261    366.2    942.8
     1     1    21     3    10    18     0     0   -45.0   39.521  124.922    343.7    950.3
     1     1    21     3    10    17     0     0   -46.0   39.367  124.614    324.4    957.8
     1     1    21     3    10    16     0     0   -47.0   39.206  124.349    311.2    963.5
     1     1    21     3    10    15     0     0   -48.0   39.039  124.120    303.0    968.2
     1     1    21     3    10    14     0     0   -49.0   38.868  123.923    298.8    971.9
     1     1    21     3    10    13     0     0   -50.0   38.693  123.755    297.8    974.8
     1     1    21     3    10    12     0     0   -51.0   38.516  123.615    299.7    977.1
     1     1    21     3    10    11     0     0   -52.0   38.341  123.503    302.5    979.0
     1     1    21     3    10    10     0     0   -53.0   38.171  123.418    304.8    980.8
     1     1    21     3    10     9     0     0   -54.0   38.009  123.360    306.3    982.5
     1     1    21     3    10     8     0     0   -55.0   37.857  123.328    306.9    984.1
     1     1    21     3    10     7     0     0   -56.0   37.716  123.320    306.3    985.6
     1     1    21     3    10     6     0     0   -57.0   37.588  123.336    304.7    987.0
     1     1    21     3    10     5     0     0   -58.0   37.483  123.369    303.3    988.0
     1     1    21     3    10     4     0     0   -59.0   37.406  123.410    303.8    987.9
     1     1    21     3    10     3     0     0   -60.0   37.357  123.456    306.4    987.4
     1     1    21     3    10     2     0     0   -61.0   37.335  123.506    311.0    986.8
     1     1    21     3    10     1     0     0   -62.0   37.338  123.558    317.6    985.9
     1     1    21     3    10     0     0     0   -63.0   37.366  123.612    326.3    984.8
     1     1    21     3     9    23     0     0   -64.0   37.411  123.661    336.7    983.2
     1     1    21     3     9    22     0     0   -65.0   37.468  123.696    347.6    981.7
     1     1    21     3     9    21     0     0   -66.0   37.535  123.718    359.2    979.9
     1     1    21     3     9    20     0     0   -67.0   37.612  123.729    371.2    977.8
     1     1    21     3     9    19     0     0   -68.0   37.700  123.730    383.7    975.5
     1     1    21     3     9    18     0     0   -69.0   37.800  123.725    396.3    972.8
     1     1    21     3     9    17     0     0   -70.0   37.905  123.715    408.5    970.1
     1     1    21     3     9    16     0     0   -71.0   38.008  123.699    419.5    967.7
     1     1    21     3     9    15     0     0   -72.0   38.112  123.677    429.4    965.4
     1     1    21     3     9    14     0     0   -73.0   38.216  123.648    438.3    963.3
     1     1    21     3     9    13     0     0   -74.0   38.324  123.613    446.1    961.3
     1     1    21     3     9    12     0     0   -75.0   38.435  123.573    452.8    959.5
     1     1    21     3     9    11     0     0   -76.0   38.547  123.520    458.1    958.0
     1     1    21     3     9    10     0     0   -77.0   38.655  123.447    461.4    957.0
     1     1    21     3     9     9     0     0   -78.0   38.759  123.352    462.5    956.5
     1     1    21     3     9     8     0     0   -79.0   38.860  123.234    461.3    956.6
     1     1    21     3     9     7     0     0   -80.0   38.960  123.094    457.9    957.2
     1     1    21     3     9     6     0     0   -81.0   39.059  122.930    452.3    958.4
     1     1    21     3     9     5     0     0   -82.0   39.150  122.749    445.0    960.3
     1     1    21     3     9     4     0     0   -83.0   39.223  122.560    435.5    962.8
     1     1    21     3     9     3     0     0   -84.0   39.277  122.361    424.7    964.4
     1     1    21     3     9     2     0     0   -85.0   39.311  122.151    413.4    965.4
     1     1    21     3     9     1     0     0   -86.0   39.326  121.928    402.2    966.4
     1     1    21     3     9     0     0     0   -87.0   39.322  121.695    391.6    967.4
     1     1    21     3     8    23     0     0   -88.0   39.302  121.457    383.1    968.3
     1     1    21     3     8    22     0     0   -89.0   39.264  121.224    378.2    968.6
     1     1    21     3     8    21     0     0   -90.0   39.209  120.995    376.5    968.7
     1     1    21     3     8    20     0     0   -91.0   39.136  120.772    378.0    968.8
     1     1    21     3     8    19     0     0   -92.0   39.042  120.557    382.4    968.7
     1     1    21     3     8    18     0     0   -93.0   38.928  120.349    389.6    968.5
     1     1    21     3     8    17     0     0   -94.0   38.805  120.158    399.2    968.0
     1     1    21     3     8    16     0     0   -95.0   38.686  119.986    410.2    967.3
     1     1    21     3     8    15     0     0   -96.0   38.572  119.833    422.5    965.4
