     2     1
    CDC1    20    12     1     0     0
    CDC1    21     1     1     0     0
     1 BACKWARD OMEGA   
  2021     1    17     3   37.500  127.000   500.0
     1 PRESSURE
     1     1    21     1    17     3     0     0     0.0   37.500  127.000    500.0    942.4
     1     1    21     1    17     2     0     0    -1.0   37.626  126.667    522.2    939.9
     1     1    21     1    17     1     0     0    -2.0   37.753  126.330    541.9    938.1
     1     1    21     1    17     0     0     0    -3.0   37.883  125.991    560.2    936.6
     1     1    21     1    16    23     0     0    -4.0   38.014  125.651    576.9    935.4
     1     1    21     1    16    22     0     0    -5.0   38.144  125.313    590.3    934.8
     1     1    21     1    16    21     0     0    -6.0   38.274  124.977    600.4    934.8
     1     1    21     1    16    20     0     0    -7.0   38.408  124.644    607.6    934.7
     1     1    21     1    16    19     0     0    -8.0   38.550  124.315    613.4    934.8
     1     1    21     1    16    18     0     0    -9.0   38.701  123.987    618.6    935.3
     1     1    21     1    16    17     0     0   -10.0   38.862  123.666    626.4    935.3
     1     1    21     1    16    16     0     0   -11.0   39.030  123.360    640.2    934.3
     1     1    21     1    16    15     0     0   -12.0   39.204  123.071    659.4    932.9
     1     1    21     1    16    14     0     0   -13.0   39.386  122.800    683.3    931.1
     1     1    21     1    16    13     0     0   -14.0   39.574  122.550    711.2    929.0
     1     1    21     1    16    12     0     0   -15.0   39.772  122.322    742.7    924.5
     1     1    21     1    16    11     0     0   -16.0   39.975  122.102    777.3    918.7
     1     1    21     1    16    10     0     0   -17.0   40.179  121.875    813.0    912.1
     1     1    21     1    16     9     0     0   -18.0   40.386  121.641    849.5    904.7
     1     1    21     1    16     8     0     0   -19.0   40.596  121.402    886.7    896.6
     1     1    21     1    16     7     0     0   -20.0   40.811  121.162    924.5    887.9
     1     1    21     1    16     6     0     0   -21.0   41.031  120.923    962.8    877.9
     1     1    21     1    16     5     0     0   -22.0   41.260  120.684   1003.7    867.0
     1     1    21     1    16     4     0     0   -23.0   41.502  120.440   1049.0    854.5
     1     1    21     1    16     3     0     0   -24.0   41.757  120.187   1098.2    840.6
     1     1    21     1    16     2     0     0   -25.0   42.023  119.922   1150.3    824.7
     1     1    21     1    16     1     0     0   -26.0   42.297  119.640   1203.7    806.0
     1     1    21     1    16     0     0     0   -27.0   42.577  119.339   1259.0    787.9
     1     1    21     1    15    23     0     0   -28.0   42.863  119.010   1311.1    773.1
     1     1    21     1    15    22     0     0   -29.0   43.154  118.647   1352.6    760.0
     1     1    21     1    15    21     0     0   -30.0   43.450  118.250   1383.1    748.1
     1     1    21     1    15    20     0     0   -31.0   43.750  117.821   1403.2    737.5
     1     1    21     1    15    19     0     0   -32.0   44.054  117.367   1415.2    730.2
     1     1    21     1    15    18     0     0   -33.0   44.359  116.901   1424.1    729.8
     1     1    21     1    15    17     0     0   -34.0   44.658  116.444   1432.5    730.9
     1     1    21     1    15    16     0     0   -35.0   44.943  116.009   1444.0    732.1
     1     1    21     1    15    15     0     0   -36.0   45.214  115.589   1459.1    734.5
     1     1    21     1    15    14     0     0   -37.0   45.471  115.176   1477.3    736.5
     1     1    21     1    15    13     0     0   -38.0   45.713  114.770   1498.1    737.9
     1     1    21     1    15    12     0     0   -39.0   45.944  114.374   1519.9    737.8
     1     1    21     1    15    11     0     0   -40.0   46.172  113.984   1542.6    736.2
     1     1    21     1    15    10     0     0   -41.0   46.407  113.594   1567.0    733.2
     1     1    21     1    15     9     0     0   -42.0   46.647  113.205   1592.0    728.9
     1     1    21     1    15     8     0     0   -43.0   46.893  112.820   1616.7    723.3
     1     1    21     1    15     7     0     0   -44.0   47.144  112.442   1640.2    716.4
     1     1    21     1    15     6     0     0   -45.0   47.398  112.073   1662.3    707.9
     1     1    21     1    15     5     0     0   -46.0   47.657  111.720   1684.4    700.0
     1     1    21     1    15     4     0     0   -47.0   47.922  111.382   1705.7    693.4
     1     1    21     1    15     3     0     0   -48.0   48.194  111.053   1726.4    687.4
     1     1    21     1    15     2     0     0   -49.0   48.472  110.731   1746.9    681.8
     1     1    21     1    15     1     0     0   -50.0   48.757  110.418   1768.1    676.7
     1     1    21     1    15     0     0     0   -51.0   49.049  110.113   1791.0    671.8
     1     1    21     1    14    23     0     0   -52.0   49.346  109.811   1817.3    669.8
     1     1    21     1    14    22     0     0   -53.0   49.646  109.505   1844.6    670.1
     1     1    21     1    14    21     0     0   -54.0   49.949  109.197   1872.4    670.8
     1     1    21     1    14    20     0     0   -55.0   50.255  108.879   1901.7    674.1
     1     1    21     1    14    19     0     0   -56.0   50.562  108.545   1930.4    678.6
     1     1    21     1    14    18     0     0   -57.0   50.874  108.198   1959.1    683.7
     1     1    21     1    14    17     0     0   -58.0   51.193  107.831   1989.4    689.7
     1     1    21     1    14    16     0     0   -59.0   51.519  107.429   2021.2    695.9
     1     1    21     1    14    15     0     0   -60.0   51.849  106.987   2049.7    699.8
     1     1    21     1    14    14     0     0   -61.0   52.182  106.503   2075.6    704.2
     1     1    21     1    14    13     0     0   -62.0   52.518  105.967   2097.0    708.9
     1     1    21     1    14    12     0     0   -63.0   52.851  105.378   2107.5    710.6
     1     1    21     1    14    11     0     0   -64.0   53.172  104.763   2107.3    710.1
     1     1    21     1    14    10     0     0   -65.0   53.478  104.155   2096.2    705.3
     1     1    21     1    14     9     0     0   -66.0   53.769  103.550   2082.4    703.5
     1     1    21     1    14     8     0     0   -67.0   54.045  102.943   2065.5    704.5
     1     1    21     1    14     7     0     0   -68.0   54.307  102.331   2045.4    707.1
     1     1    21     1    14     6     0     0   -69.0   54.553  101.717   2021.1    709.0
     1     1    21     1    14     5     0     0   -70.0   54.792  101.098   1999.0    712.2
     1     1    21     1    14     4     0     0   -71.0   55.039  100.466   1981.4    715.3
     1     1    21     1    14     3     0     0   -72.0   55.289   99.821   1966.8    716.0
     1     1    21     1    14     2     0     0   -73.0   55.535   99.168   1959.7    718.7
     1     1    21     1    14     1     0     0   -74.0   55.777   98.514   1959.2    721.5
     1     1    21     1    14     0     0     0   -75.0   56.016   97.866   1965.7    724.4
     1     1    21     1    13    23     0     0   -76.0   56.244   97.231   1972.7    728.2
     1     1    21     1    13    22     0     0   -77.0   56.451   96.612   1972.2    733.8
     1     1    21     1    13    21     0     0   -78.0   56.640   96.011   1962.6    739.4
     1     1    21     1    13    20     0     0   -79.0   56.811   95.425   1944.0    745.1
     1     1    21     1    13    19     0     0   -80.0   56.968   94.853   1916.7    751.4
     1     1    21     1    13    18     0     0   -81.0   57.112   94.296   1882.3    758.4
     1     1    21     1    13    17     0     0   -82.0   57.254   93.757   1849.7    765.5
     1     1    21     1    13    16     0     0   -83.0   57.404   93.243   1825.1    770.4
     1     1    21     1    13    15     0     0   -84.0   57.560   92.757   1808.3    772.8
     1     1    21     1    13    14     0     0   -85.0   57.723   92.305   1799.3    773.1
     1     1    21     1    13    13     0     0   -86.0   57.890   91.890   1799.0    773.2
     1     1    21     1    13    12     0     0   -87.0   58.060   91.516   1806.9    772.2
     1     1    21     1    13    11     0     0   -88.0   58.231   91.189   1818.5    770.4
     1     1    21     1    13    10     0     0   -89.0   58.401   90.914   1829.2    768.9
     1     1    21     1    13     9     0     0   -90.0   58.573   90.689   1839.0    767.5
     1     1    21     1    13     8     0     0   -91.0   58.749   90.517   1847.4    766.1
     1     1    21     1    13     7     0     0   -92.0   58.930   90.396   1854.4    764.7
     1     1    21     1    13     6     0     0   -93.0   59.118   90.325   1859.7    763.4
     1     1    21     1    13     5     0     0   -94.0   59.317   90.286   1865.7    762.0
     1     1    21     1    13     4     0     0   -95.0   59.533   90.265   1875.9    759.9
     1     1    21     1    13     3     0     0   -96.0   59.768   90.270   1891.4    757.1
