     2     1
    CDC1    21     5     1     0     0
    CDC1    21     6     1     0     0
     1 BACKWARD OMEGA   
  2021     6     1     6   37.500  127.000   500.0
     1 PRESSURE
     1     1    21     6     1     6     0     0     0.0   37.500  127.000    500.0    937.7
     1     1    21     6     1     5     0     0    -1.0   37.381  126.843    499.6    938.6
     1     1    21     6     1     4     0     0    -2.0   37.256  126.708    494.2    940.2
     1     1    21     6     1     3     0     0    -3.0   37.125  126.592    483.9    942.3
     1     1    21     6     1     2     0     0    -4.0   36.990  126.494    469.2    944.8
     1     1    21     6     1     1     0     0    -5.0   36.852  126.412    450.6    947.7
     1     1    21     6     1     0     0     0    -6.0   36.712  126.348    428.7    950.9
     1     1    21     5    31    23     0     0    -7.0   36.567  126.296    406.1    954.1
     1     1    21     5    31    22     0     0    -8.0   36.412  126.254    385.0    956.9
     1     1    21     5    31    21     0     0    -9.0   36.248  126.222    365.4    958.9
     1     1    21     5    31    20     0     0   -10.0   36.075  126.197    347.1    960.9
     1     1    21     5    31    19     0     0   -11.0   35.897  126.179    330.1    962.8
     1     1    21     5    31    18     0     0   -12.0   35.714  126.169    314.3    964.5
     1     1    21     5    31    17     0     0   -13.0   35.535  126.169    301.4    966.3
     1     1    21     5    31    16     0     0   -14.0   35.366  126.180    292.4    967.4
     1     1    21     5    31    15     0     0   -15.0   35.208  126.196    287.1    968.1
     1     1    21     5    31    14     0     0   -16.0   35.058  126.214    285.2    968.4
     1     1    21     5    31    13     0     0   -17.0   34.915  126.233    286.3    968.5
     1     1    21     5    31    12     0     0   -18.0   34.777  126.252    290.1    968.4
     1     1    21     5    31    11     0     0   -19.0   34.646  126.270    294.9    967.7
     1     1    21     5    31    10     0     0   -20.0   34.522  126.288    299.6    967.2
     1     1    21     5    31     9     0     0   -21.0   34.404  126.308    304.0    966.8
     1     1    21     5    31     8     0     0   -22.0   34.290  126.330    308.2    966.3
     1     1    21     5    31     7     0     0   -23.0   34.180  126.356    312.3    965.8
     1     1    21     5    31     6     0     0   -24.0   34.072  126.387    316.2    965.4
     1     1    21     5    31     5     0     0   -25.0   33.964  126.421    320.8    965.5
     1     1    21     5    31     4     0     0   -26.0   33.856  126.455    326.5    965.3
     1     1    21     5    31     3     0     0   -27.0   33.747  126.489    333.4    965.1
     1     1    21     5    31     2     0     0   -28.0   33.639  126.523    341.6    964.7
     1     1    21     5    31     1     0     0   -29.0   33.534  126.558    351.0    964.1
     1     1    21     5    31     0     0     0   -30.0   33.431  126.592    361.7    963.4
     1     1    21     5    30    23     0     0   -31.0   33.328  126.627    373.6    962.3
     1     1    21     5    30    22     0     0   -32.0   33.222  126.663    386.5    961.1
     1     1    21     5    30    21     0     0   -33.0   33.113  126.699    400.4    959.5
     1     1    21     5    30    20     0     0   -34.0   33.001  126.736    415.4    957.9
     1     1    21     5    30    19     0     0   -35.0   32.887  126.773    431.3    956.3
     1     1    21     5    30    18     0     0   -36.0   32.771  126.809    448.3    954.6
     1     1    21     5    30    17     0     0   -37.0   32.656  126.852    466.9    953.0
     1     1    21     5    30    16     0     0   -38.0   32.544  126.908    487.6    951.2
     1     1    21     5    30    15     0     0   -39.0   32.438  126.978    510.3    948.9
     1     1    21     5    30    14     0     0   -40.0   32.337  127.065    534.7    946.4
     1     1    21     5    30    13     0     0   -41.0   32.243  127.168    560.7    943.7
     1     1    21     5    30    12     0     0   -42.0   32.156  127.290    588.3    941.0
     1     1    21     5    30    11     0     0   -43.0   32.082  127.428    616.0    937.6
     1     1    21     5    30    10     0     0   -44.0   32.025  127.577    642.7    934.1
     1     1    21     5    30     9     0     0   -45.0   31.987  127.733    668.5    930.4
     1     1    21     5    30     8     0     0   -46.0   31.967  127.893    693.5    926.7
     1     1    21     5    30     7     0     0   -47.0   31.964  128.057    718.3    923.2
     1     1    21     5    30     6     0     0   -48.0   31.978  128.224    743.2    919.6
     1     1    21     5    30     5     0     0   -49.0   32.004  128.382    767.9    916.6
     1     1    21     5    30     4     0     0   -50.0   32.036  128.521    791.3    913.8
     1     1    21     5    30     3     0     0   -51.0   32.075  128.639    813.6    911.3
     1     1    21     5    30     2     0     0   -52.0   32.120  128.737    834.7    908.9
     1     1    21     5    30     1     0     0   -53.0   32.173  128.813    854.8    906.7
     1     1    21     5    30     0     0     0   -54.0   32.232  128.868    873.7    904.6
     1     1    21     5    29    23     0     0   -55.0   32.292  128.888    891.3    902.2
     1     1    21     5    29    22     0     0   -56.0   32.347  128.864    907.3    900.2
     1     1    21     5    29    21     0     0   -57.0   32.395  128.793    920.8    898.6
     1     1    21     5    29    20     0     0   -58.0   32.433  128.675    931.4    897.5
     1     1    21     5    29    19     0     0   -59.0   32.460  128.510    938.5    896.9
     1     1    21     5    29    18     0     0   -60.0   32.472  128.297    941.6    897.0
     1     1    21     5    29    17     0     0   -61.0   32.468  128.066    944.7    898.0
     1     1    21     5    29    16     0     0   -62.0   32.449  127.849    952.8    897.9
     1     1    21     5    29    15     0     0   -63.0   32.416  127.649    965.5    897.2
     1     1    21     5    29    14     0     0   -64.0   32.370  127.467    982.9    896.0
     1     1    21     5    29    13     0     0   -65.0   32.312  127.305   1004.5    893.9
     1     1    21     5    29    12     0     0   -66.0   32.244  127.161   1029.9    891.4
     1     1    21     5    29    11     0     0   -67.0   32.181  127.034   1056.1    888.5
     1     1    21     5    29    10     0     0   -68.0   32.136  126.922   1080.3    886.1
     1     1    21     5    29     9     0     0   -69.0   32.110  126.823   1102.9    883.8
     1     1    21     5    29     8     0     0   -70.0   32.101  126.737   1124.1    881.7
     1     1    21     5    29     7     0     0   -71.0   32.111  126.661   1144.1    879.7
     1     1    21     5    29     6     0     0   -72.0   32.137  126.598   1163.0    877.7
     1     1    21     5    29     5     0     0   -73.0   32.190  126.530   1183.3    875.9
     1     1    21     5    29     4     0     0   -74.0   32.278  126.438   1207.6    873.5
     1     1    21     5    29     3     0     0   -75.0   32.402  126.321   1236.0    870.7
     1     1    21     5    29     2     0     0   -76.0   32.563  126.176   1268.3    867.3
     1     1    21     5    29     1     0     0   -77.0   32.760  126.001   1304.0    863.3
     1     1    21     5    29     0     0     0   -78.0   32.989  125.793   1342.5    858.7
     1     1    21     5    28    23     0     0   -79.0   33.238  125.548   1385.2    853.9
     1     1    21     5    28    22     0     0   -80.0   33.502  125.269   1433.7    848.8
     1     1    21     5    28    21     0     0   -81.0   33.783  124.959   1488.5    843.4
     1     1    21     5    28    20     0     0   -82.0   34.080  124.619   1549.7    836.8
     1     1    21     5    28    19     0     0   -83.0   34.387  124.253   1617.7    829.5
     1     1    21     5    28    18     0     0   -84.0   34.708  123.866   1693.0    821.5
     1     1    21     5    28    17     0     0   -85.0   35.028  123.454   1768.4    812.5
     1     1    21     5    28    16     0     0   -86.0   35.336  123.019   1832.1    805.9
     1     1    21     5    28    15     0     0   -87.0   35.643  122.571   1885.8    801.3
     1     1    21     5    28    14     0     0   -88.0   35.960  122.118   1935.3    796.3
     1     1    21     5    28    13     0     0   -89.0   36.295  121.665   1987.3    791.2
     1     1    21     5    28    12     0     0   -90.0   36.658  121.218   2047.3    785.7
     1     1    21     5    28    11     0     0   -91.0   37.046  120.775   2117.8    779.8
     1     1    21     5    28    10     0     0   -92.0   37.455  120.334   2197.8    773.9
     1     1    21     5    28     9     0     0   -93.0   37.887  119.902   2288.1    763.0
     1     1    21     5    28     8     0     0   -94.0   38.340  119.483   2387.9    748.4
     1     1    21     5    28     7     0     0   -95.0   38.818  119.075   2496.4    731.7
     1     1    21     5    28     6     0     0   -96.0   39.329  118.677   2613.9    712.6
