     2     1
    CDC1    21     1     1     0     0
    CDC1    21     2     1     0     0
     1 BACKWARD OMEGA   
  2021     2    25    15   37.500  127.000   500.0
     1 PRESSURE
     1     1    21     2    25    15     0     0     0.0   37.500  127.000    500.0    942.4
     1     1    21     2    25    14     0     0    -1.0   37.545  127.241    541.3    936.1
     1     1    21     2    25    13     0     0    -2.0   37.594  127.471    591.3    928.6
     1     1    21     2    25    12     0     0    -3.0   37.656  127.685    650.8    921.5
     1     1    21     2    25    11     0     0    -4.0   37.732  127.862    716.3    912.9
     1     1    21     2    25    10     0     0    -5.0   37.819  127.992    785.4    904.1
     1     1    21     2    25     9     0     0    -6.0   37.920  128.079    857.6    895.1
     1     1    21     2    25     8     0     0    -7.0   38.039  128.127    932.6    885.6
     1     1    21     2    25     7     0     0    -8.0   38.177  128.136   1009.9    874.5
     1     1    21     2    25     6     0     0    -9.0   38.340  128.105   1088.7    863.1
     1     1    21     2    25     5     0     0   -10.0   38.517  128.034   1167.9    851.7
     1     1    21     2    25     4     0     0   -11.0   38.695  127.922   1245.6    840.5
     1     1    21     2    25     3     0     0   -12.0   38.873  127.763   1321.4    828.8
     1     1    21     2    25     2     0     0   -13.0   39.053  127.553   1393.8    816.7
     1     1    21     2    25     1     0     0   -14.0   39.232  127.294   1463.5    807.7
     1     1    21     2    25     0     0     0   -15.0   39.406  126.992   1528.7    800.5
     1     1    21     2    24    23     0     0   -16.0   39.578  126.658   1589.1    794.1
     1     1    21     2    24    22     0     0   -17.0   39.751  126.301   1645.0    788.6
     1     1    21     2    24    21     0     0   -18.0   39.928  125.923   1698.1    783.8
     1     1    21     2    24    20     0     0   -19.0   40.112  125.527   1749.9    780.0
     1     1    21     2    24    19     0     0   -20.0   40.302  125.112   1801.4    777.3
     1     1    21     2    24    18     0     0   -21.0   40.500  124.684   1852.3    775.1
     1     1    21     2    24    17     0     0   -22.0   40.694  124.251   1900.5    773.2
     1     1    21     2    24    16     0     0   -23.0   40.878  123.819   1944.1    772.1
     1     1    21     2    24    15     0     0   -24.0   41.056  123.385   1983.7    771.5
     1     1    21     2    24    14     0     0   -25.0   41.230  122.946   2019.7    771.3
     1     1    21     2    24    13     0     0   -26.0   41.404  122.501   2052.5    771.4
     1     1    21     2    24    12     0     0   -27.0   41.581  122.045   2074.9    763.9
     1     1    21     2    24    11     0     0   -28.0   41.759  121.574   2094.6    755.7
     1     1    21     2    24    10     0     0   -29.0   41.936  121.086   2115.3    746.3
     1     1    21     2    24     9     0     0   -30.0   42.111  120.572   2135.6    736.0
     1     1    21     2    24     8     0     0   -31.0   42.284  120.027   2155.3    724.5
     1     1    21     2    24     7     0     0   -32.0   42.458  119.441   2170.7    707.8
     1     1    21     2    24     6     0     0   -33.0   42.638  118.803   2190.2    691.5
     1     1    21     2    24     5     0     0   -34.0   42.832  118.127   2213.8    675.3
     1     1    21     2    24     4     0     0   -35.0   43.045  117.425   2239.2    660.1
     1     1    21     2    24     3     0     0   -36.0   43.264  116.706   2273.5    653.5
     1     1    21     2    24     2     0     0   -37.0   43.484  115.978   2307.1    648.2
     1     1    21     2    24     1     0     0   -38.0   43.707  115.236   2340.1    644.0
     1     1    21     2    24     0     0     0   -39.0   43.934  114.481   2375.9    644.6
     1     1    21     2    23    23     0     0   -40.0   44.160  113.730   2408.0    647.7
     1     1    21     2    23    22     0     0   -41.0   44.379  112.988   2430.7    651.5
     1     1    21     2    23    21     0     0   -42.0   44.595  112.245   2444.2    654.1
     1     1    21     2    23    20     0     0   -43.0   44.804  111.492   2448.3    653.8
     1     1    21     2    23    19     0     0   -44.0   45.010  110.719   2449.6    652.9
     1     1    21     2    23    18     0     0   -45.0   45.215  109.915   2450.5    647.9
     1     1    21     2    23    17     0     0   -46.0   45.416  109.082   2460.4    640.0
     1     1    21     2    23    16     0     0   -47.0   45.610  108.218   2487.0    631.4
     1     1    21     2    23    15     0     0   -48.0   45.804  107.311   2527.9    622.7
     1     1    21     2    23    14     0     0   -49.0   45.997  106.365   2579.9    614.9
     1     1    21     2    23    13     0     0   -50.0   46.196  105.382   2640.5    607.7
     1     1    21     2    23    12     0     0   -51.0   46.413  104.350   2703.1    595.5
     1     1    21     2    23    11     0     0   -52.0   46.639  103.278   2767.5    579.0
     1     1    21     2    23    10     0     0   -53.0   46.860  102.174   2835.4    559.9
     1     1    21     2    23     9     0     0   -54.0   47.076  101.023   2899.8    536.3
     1     1    21     2    23     8     0     0   -55.0   47.291   99.804   2968.1    513.3
     1     1    21     2    23     7     0     0   -56.0   47.495   98.509   3060.0    501.4
     1     1    21     2    23     6     0     0   -57.0   47.675   97.149   3165.8    497.0
     1     1    21     2    23     5     0     0   -58.0   47.825   95.772   3282.1    503.3
     1     1    21     2    23     4     0     0   -59.0   47.946   94.407   3376.7    508.3
     1     1    21     2    23     3     0     0   -60.0   48.037   93.037   3449.1    509.6
     1     1    21     2    23     2     0     0   -61.0   48.101   91.646   3498.5    506.9
     1     1    21     2    23     1     0     0   -62.0   48.137   90.217   3527.7    501.8
     1     1    21     2    23     0     0     0   -63.0   48.143   88.757   3567.2    508.2
     1     1    21     2    22    23     0     0   -64.0   48.120   87.292   3600.0    519.8
     1     1    21     2    22    22     0     0   -65.0   48.080   85.848   3648.2    541.0
     1     1    21     2    22    21     0     0   -66.0   48.031   84.437   3684.3    559.4
     1     1    21     2    22    20     0     0   -67.0   47.971   83.055   3705.2    573.4
     1     1    21     2    22    19     0     0   -68.0   47.886   81.691   3706.0    580.7
     1     1    21     2    22    18     0     0   -69.0   47.760   80.336   3690.6    583.2
     1     1    21     2    22    17     0     0   -70.0   47.596   78.992   3673.8    586.4
     1     1    21     2    22    16     0     0   -71.0   47.417   77.662   3661.2    590.1
     1     1    21     2    22    15     0     0   -72.0   47.245   76.349   3661.4    593.5
     1     1    21     2    22    14     0     0   -73.0   47.091   75.056   3676.6    597.1
     1     1    21     2    22    13     0     0   -74.0   46.956   73.770   3685.3    594.0
     1     1    21     2    22    12     0     0   -75.0   46.834   72.481   3693.2    591.3
     1     1    21     2    22    11     0     0   -76.0   46.713   71.192   3697.2    589.6
     1     1    21     2    22    10     0     0   -77.0   46.594   69.910   3698.2    589.6
     1     1    21     2    22     9     0     0   -78.0   46.496   68.649   3714.1    597.0
     1     1    21     2    22     8     0     0   -79.0   46.432   67.419   3728.6    603.9
     1     1    21     2    22     7     0     0   -80.0   46.410   66.226   3739.2    612.0
     1     1    21     2    22     6     0     0   -81.0   46.435   65.072   3738.4    620.5
     1     1    21     2    22     5     0     0   -82.0   46.485   63.936   3717.7    622.9
     1     1    21     2    22     4     0     0   -83.0   46.542   62.800   3701.8    624.2
     1     1    21     2    22     3     0     0   -84.0   46.612   61.665   3686.3    622.8
     1     1    21     2    22     2     0     0   -85.0   46.700   60.529   3675.0    620.0
     1     1    21     2    22     1     0     0   -86.0   46.809   59.397   3670.9    618.4
     1     1    21     2    22     0     0     0   -87.0   46.932   58.274   3669.4    618.4
     1     1    21     2    21    23     0     0   -88.0   47.069   57.154   3663.7    619.9
     1     1    21     2    21    22     0     0   -89.0   47.220   56.027   3652.3    624.7
     1     1    21     2    21    21     0     0   -90.0   47.384   54.890   3633.3    630.5
     1     1    21     2    21    20     0     0   -91.0   47.558   53.748   3605.8    635.4
     1     1    21     2    21    19     0     0   -92.0   47.734   52.616   3573.6    640.2
     1     1    21     2    21    18     0     0   -93.0   47.906   51.511   3538.3    644.9
     1     1    21     2    21    17     0     0   -94.0   48.068   50.444   3496.8    649.0
     1     1    21     2    21    16     0     0   -95.0   48.227   49.422   3447.6    654.5
     1     1    21     2    21    15     0     0   -96.0   48.393   48.449   3399.4    659.6
