     2     1
    CDC1    21     9     1     0     0
    CDC1    21    10     1     0     0
     1 BACKWARD OMEGA   
  2021    10    15    15   37.500  127.000   500.0
     1 PRESSURE
     1     1    21    10    15    15     0     0     0.0   37.500  127.000    500.0    942.0
     1     1    21    10    15    14     0     0    -1.0   37.746  127.060    499.9    938.0
     1     1    21    10    15    13     0     0    -2.0   37.964  127.122    500.7    934.1
     1     1    21    10    15    12     0     0    -3.0   38.157  127.189    501.8    930.5
     1     1    21    10    15    11     0     0    -4.0   38.331  127.255    502.8    927.2
     1     1    21    10    15    10     0     0    -5.0   38.493  127.314    503.4    924.1
     1     1    21    10    15     9     0     0    -6.0   38.645  127.366    503.3    921.3
     1     1    21    10    15     8     0     0    -7.0   38.790  127.415    502.1    918.7
     1     1    21    10    15     7     0     0    -8.0   38.928  127.460    499.5    916.4
     1     1    21    10    15     6     0     0    -9.0   39.060  127.505    495.3    914.5
     1     1    21    10    15     5     0     0   -10.0   39.192  127.551    492.7    913.4
     1     1    21    10    15     4     0     0   -11.0   39.329  127.600    494.4    911.6
     1     1    21    10    15     3     0     0   -12.0   39.471  127.654    500.9    909.2
     1     1    21    10    15     2     0     0   -13.0   39.616  127.713    512.3    906.4
     1     1    21    10    15     1     0     0   -14.0   39.765  127.778    529.1    903.1
     1     1    21    10    15     0     0     0   -15.0   39.918  127.851    551.6    899.3
     1     1    21    10    14    23     0     0   -16.0   40.082  127.915    579.9    894.7
     1     1    21    10    14    22     0     0   -17.0   40.266  127.950    614.3    889.7
     1     1    21    10    14    21     0     0   -18.0   40.469  127.953    655.2    883.0
     1     1    21    10    14    20     0     0   -19.0   40.691  127.923    703.6    875.1
     1     1    21    10    14    19     0     0   -20.0   40.932  127.859    760.7    866.0
     1     1    21    10    14    18     0     0   -21.0   41.191  127.761    827.6    855.8
     1     1    21    10    14    17     0     0   -22.0   41.459  127.626    900.2    844.9
     1     1    21    10    14    16     0     0   -23.0   41.727  127.455    971.6    834.7
     1     1    21    10    14    15     0     0   -24.0   41.994  127.253   1040.6    827.7
     1     1    21    10    14    14     0     0   -25.0   42.260  127.031   1104.5    822.0
     1     1    21    10    14    13     0     0   -26.0   42.526  126.798   1162.3    817.8
     1     1    21    10    14    12     0     0   -27.0   42.792  126.559   1213.9    819.1
     1     1    21    10    14    11     0     0   -28.0   43.051  126.304   1259.6    821.4
     1     1    21    10    14    10     0     0   -29.0   43.297  126.019   1302.7    823.6
     1     1    21    10    14     9     0     0   -30.0   43.535  125.708   1343.7    826.2
     1     1    21    10    14     8     0     0   -31.0   43.768  125.372   1383.5    829.0
     1     1    21    10    14     7     0     0   -32.0   44.004  125.016   1423.3    832.2
     1     1    21    10    14     6     0     0   -33.0   44.243  124.637   1462.4    831.4
     1     1    21    10    14     5     0     0   -34.0   44.482  124.246   1500.0    829.4
     1     1    21    10    14     4     0     0   -35.0   44.723  123.857   1535.9    827.1
     1     1    21    10    14     3     0     0   -36.0   44.970  123.470   1572.8    824.1
     1     1    21    10    14     2     0     0   -37.0   45.230  123.085   1611.4    816.4
     1     1    21    10    14     1     0     0   -38.0   45.507  122.699   1656.3    806.9
     1     1    21    10    14     0     0     0   -39.0   45.803  122.306   1709.2    793.4
     1     1    21    10    13    23     0     0   -40.0   46.106  121.881   1768.6    776.3
     1     1    21    10    13    22     0     0   -41.0   46.405  121.404   1831.8    759.5
     1     1    21    10    13    21     0     0   -42.0   46.707  120.878   1899.1    743.0
     1     1    21    10    13    20     0     0   -43.0   47.019  120.301   1971.7    726.6
     1     1    21    10    13    19     0     0   -44.0   47.348  119.669   2053.8    713.8
     1     1    21    10    13    18     0     0   -45.0   47.687  118.987   2144.8    705.6
     1     1    21    10    13    17     0     0   -46.0   48.016  118.289   2237.4    697.9
     1     1    21    10    13    16     0     0   -47.0   48.328  117.605   2330.3    691.5
     1     1    21    10    13    15     0     0   -48.0   48.625  116.934   2421.2    684.7
     1     1    21    10    13    14     0     0   -49.0   48.905  116.277   2508.6    678.1
     1     1    21    10    13    13     0     0   -50.0   49.173  115.636   2594.5    671.2
     1     1    21    10    13    12     0     0   -51.0   49.438  115.014   2681.2    664.1
     1     1    21    10    13    11     0     0   -52.0   49.685  114.391   2754.7    649.3
     1     1    21    10    13    10     0     0   -53.0   49.903  113.750   2816.5    635.4
     1     1    21    10    13     9     0     0   -54.0   50.097  113.096   2868.9    622.0
     1     1    21    10    13     8     0     0   -55.0   50.273  112.437   2913.3    610.1
     1     1    21    10    13     7     0     0   -56.0   50.437  111.781   2954.8    602.8
     1     1    21    10    13     6     0     0   -57.0   50.594  111.134   2989.2    597.0
     1     1    21    10    13     5     0     0   -58.0   50.746  110.504   3022.3    592.8
     1     1    21    10    13     4     0     0   -59.0   50.891  109.892   3059.2    590.1
     1     1    21    10    13     3     0     0   -60.0   51.032  109.301   3107.1    593.2
     1     1    21    10    13     2     0     0   -61.0   51.172  108.732   3154.7    596.4
     1     1    21    10    13     1     0     0   -62.0   51.316  108.182   3201.0    599.8
     1     1    21    10    13     0     0     0   -63.0   51.469  107.651   3244.7    603.5
     1     1    21    10    12    23     0     0   -64.0   51.620  107.130   3275.8    605.0
     1     1    21    10    12    22     0     0   -65.0   51.758  106.609   3298.2    606.1
     1     1    21    10    12    21     0     0   -66.0   51.883  106.092   3313.7    607.6
     1     1    21    10    12    20     0     0   -67.0   51.999  105.581   3323.7    609.4
     1     1    21    10    12    19     0     0   -68.0   52.106  105.082   3329.5    611.3
     1     1    21    10    12    18     0     0   -69.0   52.202  104.591   3318.7    606.5
     1     1    21    10    12    17     0     0   -70.0   52.285  104.090   3300.4    600.4
     1     1    21    10    12    16     0     0   -71.0   52.360  103.565   3268.8    594.9
     1     1    21    10    12    15     0     0   -72.0   52.429  103.014   3225.6    589.6
     1     1    21    10    12    14     0     0   -73.0   52.495  102.438   3170.7    584.5
     1     1    21    10    12    13     0     0   -74.0   52.556  101.837   3107.7    580.5
     1     1    21    10    12    12     0     0   -75.0   52.613  101.218   3039.8    576.5
     1     1    21    10    12    11     0     0   -76.0   52.657  100.596   2970.6    572.2
     1     1    21    10    12    10     0     0   -77.0   52.682   99.982   2904.8    567.5
     1     1    21    10    12     9     0     0   -78.0   52.696   99.381   2860.8    572.2
     1     1    21    10    12     8     0     0   -79.0   52.704   98.796   2821.9    576.2
     1     1    21    10    12     7     0     0   -80.0   52.710   98.231   2788.3    579.8
     1     1    21    10    12     6     0     0   -81.0   52.716   97.687   2760.1    583.1
     1     1    21    10    12     5     0     0   -82.0   52.720   97.157   2737.2    589.4
     1     1    21    10    12     4     0     0   -83.0   52.721   96.630   2708.6    598.7
     1     1    21    10    12     3     0     0   -84.0   52.722   96.112   2673.0    608.4
     1     1    21    10    12     2     0     0   -85.0   52.727   95.604   2631.8    618.5
     1     1    21    10    12     1     0     0   -86.0   52.740   95.109   2586.2    628.7
     1     1    21    10    12     0     0     0   -87.0   52.757   94.628   2533.6    637.0
     1     1    21    10    11    23     0     0   -88.0   52.767   94.166   2480.2    645.5
     1     1    21    10    11    22     0     0   -89.0   52.760   93.735   2427.1    652.9
     1     1    21    10    11    21     0     0   -90.0   52.736   93.335   2375.4    659.8
     1     1    21    10    11    20     0     0   -91.0   52.697   92.969   2324.8    666.0
     1     1    21    10    11    19     0     0   -92.0   52.646   92.639   2274.7    671.7
     1     1    21    10    11    18     0     0   -93.0   52.581   92.342   2222.9    675.7
     1     1    21    10    11    17     0     0   -94.0   52.508   92.049   2169.7    678.9
     1     1    21    10    11    16     0     0   -95.0   52.433   91.729   2113.7    681.8
     1     1    21    10    11    15     0     0   -96.0   52.355   91.384   2057.1    683.9
