     2     1
    CDC1    21     1     1     0     0
    CDC1    21     2     1     0     0
     1 BACKWARD OMEGA   
  2021     2    22    21   37.500  127.000   500.0
     1 PRESSURE
     1     1    21     2    22    21     0     0     0.0   37.500  127.000    500.0    942.3
     1     1    21     2    22    20     0     0    -1.0   37.829  126.978    564.3    929.5
     1     1    21     2    22    19     0     0    -2.0   38.191  126.937    632.9    915.7
     1     1    21     2    22    18     0     0    -3.0   38.582  126.860    704.4    900.2
     1     1    21     2    22    17     0     0    -4.0   38.991  126.729    779.4    885.8
     1     1    21     2    22    16     0     0    -5.0   39.409  126.546    860.8    871.6
     1     1    21     2    22    15     0     0    -6.0   39.838  126.313    951.3    856.9
     1     1    21     2    22    14     0     0    -7.0   40.273  126.030   1052.4    843.6
     1     1    21     2    22    13     0     0    -8.0   40.705  125.709   1162.2    832.3
     1     1    21     2    22    12     0     0    -9.0   41.133  125.366   1278.7    821.7
     1     1    21     2    22    11     0     0   -10.0   41.561  124.997   1397.2    810.0
     1     1    21     2    22    10     0     0   -11.0   41.995  124.599   1510.7    799.1
     1     1    21     2    22     9     0     0   -12.0   42.438  124.177   1618.5    789.2
     1     1    21     2    22     8     0     0   -13.0   42.895  123.738   1723.9    784.0
     1     1    21     2    22     7     0     0   -14.0   43.369  123.290   1824.0    778.2
     1     1    21     2    22     6     0     0   -15.0   43.865  122.839   1919.8    771.3
     1     1    21     2    22     5     0     0   -16.0   44.370  122.372   2005.9    760.6
     1     1    21     2    22     4     0     0   -17.0   44.872  121.870   2078.6    742.9
     1     1    21     2    22     3     0     0   -18.0   45.376  121.334   2142.3    721.8
     1     1    21     2    22     2     0     0   -19.0   45.889  120.769   2201.9    701.1
     1     1    21     2    22     1     0     0   -20.0   46.419  120.190   2257.2    682.7
     1     1    21     2    22     0     0     0   -21.0   46.972  119.614   2310.7    670.7
     1     1    21     2    21    23     0     0   -22.0   47.527  119.042   2363.9    664.7
     1     1    21     2    21    22     0     0   -23.0   48.054  118.467   2420.5    661.1
     1     1    21     2    21    21     0     0   -24.0   48.549  117.895   2483.3    658.0
     1     1    21     2    21    20     0     0   -25.0   49.017  117.346   2551.9    654.7
     1     1    21     2    21    19     0     0   -26.0   49.458  116.834   2622.6    649.4
     1     1    21     2    21    18     0     0   -27.0   49.881  116.374   2694.9    643.4
     1     1    21     2    21    17     0     0   -28.0   50.297  115.947   2760.6    635.4
     1     1    21     2    21    16     0     0   -29.0   50.714  115.526   2818.1    627.6
     1     1    21     2    21    15     0     0   -30.0   51.136  115.116   2869.1    620.2
     1     1    21     2    21    14     0     0   -31.0   51.563  114.720   2912.6    611.1
     1     1    21     2    21    13     0     0   -32.0   51.994  114.345   2954.4    602.2
     1     1    21     2    21    12     0     0   -33.0   52.430  113.999   2999.6    594.1
     1     1    21     2    21    11     0     0   -34.0   52.847  113.675   3043.7    584.0
     1     1    21     2    21    10     0     0   -35.0   53.228  113.357   3087.6    574.5
     1     1    21     2    21     9     0     0   -36.0   53.579  113.054   3130.2    565.8
     1     1    21     2    21     8     0     0   -37.0   53.907  112.775   3169.7    558.2
     1     1    21     2    21     7     0     0   -38.0   54.217  112.533   3204.3    551.5
     1     1    21     2    21     6     0     0   -39.0   54.517  112.334   3234.3    547.1
     1     1    21     2    21     5     0     0   -40.0   54.805  112.145   3259.7    544.1
     1     1    21     2    21     4     0     0   -41.0   55.083  111.924   3283.1    542.9
     1     1    21     2    21     3     0     0   -42.0   55.351  111.659   3310.2    544.8
     1     1    21     2    21     2     0     0   -43.0   55.613  111.347   3335.4    546.8
     1     1    21     2    21     1     0     0   -44.0   55.868  111.001   3358.6    548.9
     1     1    21     2    21     0     0     0   -45.0   56.120  110.632   3379.7    551.1
     1     1    21     2    20    23     0     0   -46.0   56.369  110.252   3396.0    553.3
     1     1    21     2    20    22     0     0   -47.0   56.614  109.872   3410.9    556.4
     1     1    21     2    20    21     0     0   -48.0   56.857  109.500   3423.6    560.2
     1     1    21     2    20    20     0     0   -49.0   57.099  109.145   3432.9    563.6
     1     1    21     2    20    19     0     0   -50.0   57.343  108.820   3439.9    566.5
     1     1    21     2    20    18     0     0   -51.0   57.588  108.535   3446.7    569.6
     1     1    21     2    20    17     0     0   -52.0   57.825  108.256   3450.1    573.2
     1     1    21     2    20    16     0     0   -53.0   58.041  107.951   3449.3    577.2
     1     1    21     2    20    15     0     0   -54.0   58.239  107.630   3442.7    581.2
     1     1    21     2    20    14     0     0   -55.0   58.420  107.299   3431.1    585.0
     1     1    21     2    20    13     0     0   -56.0   58.586  106.965   3415.4    588.6
     1     1    21     2    20    12     0     0   -57.0   58.738  106.634   3396.8    591.8
     1     1    21     2    20    11     0     0   -58.0   58.877  106.313   3375.2    595.0
     1     1    21     2    20    10     0     0   -59.0   59.002  106.008   3350.9    598.0
     1     1    21     2    20     9     0     0   -60.0   59.112  105.718   3324.7    600.7
     1     1    21     2    20     8     0     0   -61.0   59.207  105.443   3297.5    603.3
     1     1    21     2    20     7     0     0   -62.0   59.287  105.182   3270.0    605.5
     1     1    21     2    20     6     0     0   -63.0   59.352  104.932   3242.5    607.5
     1     1    21     2    20     5     0     0   -64.0   59.409  104.688   3217.2    609.8
     1     1    21     2    20     4     0     0   -65.0   59.462  104.447   3193.6    611.6
     1     1    21     2    20     3     0     0   -66.0   59.511  104.210   3171.8    613.1
     1     1    21     2    20     2     0     0   -67.0   59.552  103.976   3151.5    614.4
     1     1    21     2    20     1     0     0   -68.0   59.586  103.743   3131.9    615.6
     1     1    21     2    20     0     0     0   -69.0   59.611  103.512   3112.6    616.7
     1     1    21     2    19    23     0     0   -70.0   59.630  103.269   3096.6    618.0
     1     1    21     2    19    22     0     0   -71.0   59.645  103.004   3085.3    618.7
     1     1    21     2    19    21     0     0   -72.0   59.657  102.712   3078.3    619.0
     1     1    21     2    19    20     0     0   -73.0   59.664  102.389   3075.0    619.2
     1     1    21     2    19    19     0     0   -74.0   59.665  102.033   3074.5    619.7
     1     1    21     2    19    18     0     0   -75.0   59.658  101.642   3074.4    620.3
     1     1    21     2    19    17     0     0   -76.0   59.650  101.215   3067.4    620.9
     1     1    21     2    19    16     0     0   -77.0   59.649  100.758   3047.2    623.2
     1     1    21     2    19    15     0     0   -78.0   59.653  100.277   3013.4    626.8
     1     1    21     2    19    14     0     0   -79.0   59.659   99.780   2966.5    631.9
     1     1    21     2    19    13     0     0   -80.0   59.666   99.278   2906.9    638.7
     1     1    21     2    19    12     0     0   -81.0   59.670   98.778   2834.5    646.8
     1     1    21     2    19    11     0     0   -82.0   59.664   98.307   2760.8    656.5
     1     1    21     2    19    10     0     0   -83.0   59.643   97.882   2696.2    664.4
     1     1    21     2    19     9     0     0   -84.0   59.606   97.495   2640.7    671.7
     1     1    21     2    19     8     0     0   -85.0   59.552   97.141   2594.0    677.7
     1     1    21     2    19     7     0     0   -86.0   59.480   96.813   2556.6    683.0
     1     1    21     2    19     6     0     0   -87.0   59.390   96.505   2527.9    687.6
     1     1    21     2    19     5     0     0   -88.0   59.306   96.184   2506.7    690.5
     1     1    21     2    19     4     0     0   -89.0   59.256   95.826   2497.3    692.3
     1     1    21     2    19     3     0     0   -90.0   59.242   95.434   2498.8    693.0
     1     1    21     2    19     2     0     0   -91.0   59.267   95.007   2512.1    692.4
     1     1    21     2    19     1     0     0   -92.0   59.331   94.546   2536.9    690.0
     1     1    21     2    19     0     0     0   -93.0   59.436   94.051   2573.6    686.5
     1     1    21     2    18    23     0     0   -94.0   59.559   93.517   2612.5    681.9
     1     1    21     2    18    22     0     0   -95.0   59.681   92.943   2644.6    679.2
     1     1    21     2    18    21     0     0   -96.0   59.805   92.334   2672.0    677.2
