     2     1
    CDC1    21     2     1     0     0
    CDC1    21     3     1     0     0
     1 BACKWARD OMEGA   
  2021     3     5    12   37.500  127.000   500.0
     1 PRESSURE
     1     1    21     3     5    12     0     0     0.0   37.500  127.000    500.0    941.7
     1     1    21     3     5    11     0     0    -1.0   37.683  126.893    520.1    937.4
     1     1    21     3     5    10     0     0    -2.0   37.875  126.791    545.7    931.9
     1     1    21     3     5     9     0     0    -3.0   38.075  126.690    576.4    925.9
     1     1    21     3     5     8     0     0    -4.0   38.284  126.585    611.6    919.4
     1     1    21     3     5     7     0     0    -5.0   38.502  126.472    650.4    912.1
     1     1    21     3     5     6     0     0    -6.0   38.726  126.342    691.9    904.4
     1     1    21     3     5     5     0     0    -7.0   38.939  126.189    729.2    897.7
     1     1    21     3     5     4     0     0    -8.0   39.124  126.011    754.7    893.7
     1     1    21     3     5     3     0     0    -9.0   39.282  125.811    767.9    891.8
     1     1    21     3     5     2     0     0   -10.0   39.412  125.591    767.7    891.9
     1     1    21     3     5     1     0     0   -11.0   39.515  125.353    753.3    894.1
     1     1    21     3     5     0     0     0   -12.0   39.589  125.102    723.4    898.5
     1     1    21     3     4    23     0     0   -13.0   39.640  124.838    686.7    905.4
     1     1    21     3     4    22     0     0   -14.0   39.672  124.558    651.4    911.9
     1     1    21     3     4    21     0     0   -15.0   39.673  124.261    617.8    918.7
     1     1    21     3     4    20     0     0   -16.0   39.635  123.946    586.3    925.3
     1     1    21     3     4    19     0     0   -17.0   39.552  123.616    557.1    932.2
     1     1    21     3     4    18     0     0   -18.0   39.419  123.275    530.4    939.2
     1     1    21     3     4    17     0     0   -19.0   39.251  122.957    509.0    945.9
     1     1    21     3     4    16     0     0   -20.0   39.069  122.688    494.3    950.8
     1     1    21     3     4    15     0     0   -21.0   38.879  122.464    485.8    954.2
     1     1    21     3     4    14     0     0   -22.0   38.691  122.279    483.0    955.3
     1     1    21     3     4    13     0     0   -23.0   38.508  122.130    485.9    955.7
     1     1    21     3     4    12     0     0   -24.0   38.334  122.011    493.7    955.6
     1     1    21     3     4    11     0     0   -25.0   38.165  121.903    504.1    955.1
     1     1    21     3     4    10     0     0   -26.0   37.991  121.788    514.9    954.9
     1     1    21     3     4     9     0     0   -27.0   37.813  121.667    525.9    954.6
     1     1    21     3     4     8     0     0   -28.0   37.629  121.544    537.0    954.4
     1     1    21     3     4     7     0     0   -29.0   37.441  121.420    548.0    953.7
     1     1    21     3     4     6     0     0   -30.0   37.253  121.290    559.1    951.9
     1     1    21     3     4     5     0     0   -31.0   37.067  121.164    568.9    950.2
     1     1    21     3     4     4     0     0   -32.0   36.884  121.050    574.9    949.1
     1     1    21     3     4     3     0     0   -33.0   36.703  120.949    577.3    948.4
     1     1    21     3     4     2     0     0   -34.0   36.521  120.860    576.2    948.1
     1     1    21     3     4     1     0     0   -35.0   36.337  120.783    571.6    948.1
     1     1    21     3     4     0     0     0   -36.0   36.148  120.716    563.7    948.6
     1     1    21     3     3    23     0     0   -37.0   35.946  120.656    555.8    949.2
     1     1    21     3     3    22     0     0   -38.0   35.725  120.598    551.2    948.9
     1     1    21     3     3    21     0     0   -39.0   35.484  120.544    550.0    948.3
     1     1    21     3     3    20     0     0   -40.0   35.224  120.492    552.1    947.1
     1     1    21     3     3    19     0     0   -41.0   34.944  120.444    557.3    945.8
     1     1    21     3     3    18     0     0   -42.0   34.645  120.396    564.4    945.3
     1     1    21     3     3    17     0     0   -43.0   34.339  120.356    571.3    945.1
     1     1    21     3     3    16     0     0   -44.0   34.041  120.335    578.6    945.0
     1     1    21     3     3    15     0     0   -45.0   33.752  120.338    587.1    944.8
     1     1    21     3     3    14     0     0   -46.0   33.475  120.364    597.4    944.5
     1     1    21     3     3    13     0     0   -47.0   33.208  120.417    610.6    944.0
     1     1    21     3     3    12     0     0   -48.0   32.955  120.497    627.5    943.2
     1     1    21     3     3    11     0     0   -49.0   32.706  120.593    647.4    941.9
     1     1    21     3     3    10     0     0   -50.0   32.455  120.693    668.6    940.1
     1     1    21     3     3     9     0     0   -51.0   32.201  120.796    689.7    936.5
     1     1    21     3     3     8     0     0   -52.0   31.945  120.900    710.0    933.1
     1     1    21     3     3     7     0     0   -53.0   31.689  121.009    729.4    929.9
     1     1    21     3     3     6     0     0   -54.0   31.436  121.125    747.8    927.0
     1     1    21     3     3     5     0     0   -55.0   31.202  121.255    765.0    924.8
     1     1    21     3     3     4     0     0   -56.0   30.999  121.401    780.8    923.3
     1     1    21     3     3     3     0     0   -57.0   30.827  121.566    795.4    922.4
     1     1    21     3     3     2     0     0   -58.0   30.686  121.749    809.1    922.0
     1     1    21     3     3     1     0     0   -59.0   30.575  121.951    821.9    922.1
     1     1    21     3     3     0     0     0   -60.0   30.494  122.170    833.9    922.7
     1     1    21     3     2    23     0     0   -61.0   30.442  122.404    845.9    923.2
     1     1    21     3     2    22     0     0   -62.0   30.418  122.650    858.9    922.5
     1     1    21     3     2    21     0     0   -63.0   30.423  122.904    873.5    920.8
     1     1    21     3     2    20     0     0   -64.0   30.457  123.164    890.4    919.1
     1     1    21     3     2    19     0     0   -65.0   30.520  123.429    910.1    917.1
     1     1    21     3     2    18     0     0   -66.0   30.613  123.696    933.3    914.8
     1     1    21     3     2    17     0     0   -67.0   30.742  123.958    959.9    912.0
     1     1    21     3     2    16     0     0   -68.0   30.913  124.204    989.8    908.9
     1     1    21     3     2    15     0     0   -69.0   31.123  124.435   1024.3    905.3
     1     1    21     3     2    14     0     0   -70.0   31.372  124.651   1064.6    901.1
     1     1    21     3     2    13     0     0   -71.0   31.659  124.854   1112.1    896.2
     1     1    21     3     2    12     0     0   -72.0   31.985  125.042   1168.3    890.3
     1     1    21     3     2    11     0     0   -73.0   32.341  125.208   1235.2    882.9
     1     1    21     3     2    10     0     0   -74.0   32.718  125.338   1312.1    873.4
     1     1    21     3     2     9     0     0   -75.0   33.113  125.417   1396.1    862.1
     1     1    21     3     2     8     0     0   -76.0   33.525  125.440   1486.4    850.7
     1     1    21     3     2     7     0     0   -77.0   33.957  125.404   1583.1    839.2
     1     1    21     3     2     6     0     0   -78.0   34.410  125.307   1686.6    827.6
     1     1    21     3     2     5     0     0   -79.0   34.878  125.160   1796.9    815.4
     1     1    21     3     2     4     0     0   -80.0   35.344  124.973   1914.1    802.7
     1     1    21     3     2     3     0     0   -81.0   35.797  124.752   2037.2    789.3
     1     1    21     3     2     2     0     0   -82.0   36.236  124.496   2166.6    775.9
     1     1    21     3     2     1     0     0   -83.0   36.666  124.205   2304.4    762.0
     1     1    21     3     2     0     0     0   -84.0   37.094  123.877   2452.9    747.4
     1     1    21     3     1    23     0     0   -85.0   37.529  123.505   2606.0    732.0
     1     1    21     3     1    22     0     0   -86.0   37.975  123.092   2752.4    716.3
     1     1    21     3     1    21     0     0   -87.0   38.429  122.641   2895.6    702.0
     1     1    21     3     1    20     0     0   -88.0   38.888  122.156   3034.4    687.5
     1     1    21     3     1    19     0     0   -89.0   39.346  121.633   3168.5    672.7
     1     1    21     3     1    18     0     0   -90.0   39.802  121.067   3301.2    658.1
     1     1    21     3     1    17     0     0   -91.0   40.251  120.461   3428.6    641.7
     1     1    21     3     1    16     0     0   -92.0   40.685  119.816   3541.7    621.4
     1     1    21     3     1    15     0     0   -93.0   41.104  119.118   3633.4    596.7
     1     1    21     3     1    14     0     0   -94.0   41.507  118.357   3709.9    571.3
     1     1    21     3     1    13     0     0   -95.0   41.900  117.526   3772.4    544.8
     1     1    21     3     1    12     0     0   -96.0   42.300  116.637   3840.8    523.8
