     2     1
    CDC1    20    12     1     0     0
    CDC1    21     1     1     0     0
     1 BACKWARD OMEGA   
  2021     1    30     6   37.500  127.000   500.0
     1 PRESSURE
     1     1    21     1    30     6     0     0     0.0   37.500  127.000    500.0    942.9
     1     1    21     1    30     5     0     0    -1.0   37.616  126.634    524.2    939.9
     1     1    21     1    30     4     0     0    -2.0   37.707  126.283    543.5    938.1
     1     1    21     1    30     3     0     0    -3.0   37.774  125.940    557.6    937.3
     1     1    21     1    30     2     0     0    -4.0   37.821  125.601    566.4    937.4
     1     1    21     1    30     1     0     0    -5.0   37.851  125.259    570.6    938.3
     1     1    21     1    30     0     0     0    -6.0   37.866  124.912    570.7    939.7
     1     1    21     1    29    23     0     0    -7.0   37.864  124.559    564.5    941.6
     1     1    21     1    29    22     0     0    -8.0   37.838  124.198    550.0    944.9
     1     1    21     1    29    21     0     0    -9.0   37.787  123.824    527.4    949.4
     1     1    21     1    29    20     0     0   -10.0   37.707  123.433    497.3    954.9
     1     1    21     1    29    19     0     0   -11.0   37.596  123.018    460.4    961.4
     1     1    21     1    29    18     0     0   -12.0   37.449  122.575    417.7    968.4
     1     1    21     1    29    17     0     0   -13.0   37.280  122.153    377.8    974.5
     1     1    21     1    29    16     0     0   -14.0   37.105  121.796    347.5    977.4
     1     1    21     1    29    15     0     0   -15.0   36.925  121.495    324.6    979.5
     1     1    21     1    29    14     0     0   -16.0   36.736  121.247    307.8    980.7
     1     1    21     1    29    13     0     0   -17.0   36.540  121.048    296.1    981.4
     1     1    21     1    29    12     0     0   -18.0   36.335  120.896    289.2    981.4
     1     1    21     1    29    11     0     0   -19.0   36.132  120.769    284.6    981.7
     1     1    21     1    29    10     0     0   -20.0   35.940  120.648    279.1    982.2
     1     1    21     1    29     9     0     0   -21.0   35.755  120.534    272.1    982.9
     1     1    21     1    29     8     0     0   -22.0   35.576  120.428    262.7    983.8
     1     1    21     1    29     7     0     0   -23.0   35.401  120.330    250.1    985.1
     1     1    21     1    29     6     0     0   -24.0   35.230  120.242    233.8    986.9
     1     1    21     1    29     5     0     0   -25.0   35.064  120.163    218.7    989.1
     1     1    21     1    29     4     0     0   -26.0   34.907  120.089    210.0    990.4
     1     1    21     1    29     3     0     0   -27.0   34.761  120.022    207.9    991.2
     1     1    21     1    29     2     0     0   -28.0   34.627  119.961    212.4    991.2
     1     1    21     1    29     1     0     0   -29.0   34.505  119.905    224.0    990.1
     1     1    21     1    29     0     0     0   -30.0   34.398  119.852    243.0    988.1
     1     1    21     1    28    23     0     0   -31.0   34.316  119.798    265.7    985.1
     1     1    21     1    28    22     0     0   -32.0   34.267  119.739    287.8    982.8
     1     1    21     1    28    21     0     0   -33.0   34.249  119.675    309.5    980.6
     1     1    21     1    28    20     0     0   -34.0   34.261  119.605    330.8    978.4
     1     1    21     1    28    19     0     0   -35.0   34.300  119.529    352.0    976.3
     1     1    21     1    28    18     0     0   -36.0   34.364  119.445    373.2    974.2
     1     1    21     1    28    17     0     0   -37.0   34.450  119.355    395.1    971.5
     1     1    21     1    28    16     0     0   -38.0   34.558  119.260    418.6    968.2
     1     1    21     1    28    15     0     0   -39.0   34.686  119.160    444.0    964.9
     1     1    21     1    28    14     0     0   -40.0   34.834  119.056    471.5    961.4
     1     1    21     1    28    13     0     0   -41.0   35.003  118.948    501.5    957.8
     1     1    21     1    28    12     0     0   -42.0   35.188  118.840    534.0    954.7
     1     1    21     1    28    11     0     0   -43.0   35.393  118.719    569.3    951.4
     1     1    21     1    28    10     0     0   -44.0   35.621  118.573    609.5    947.8
     1     1    21     1    28     9     0     0   -45.0   35.875  118.405    656.7    943.2
     1     1    21     1    28     8     0     0   -46.0   36.161  118.218    713.4    937.2
     1     1    21     1    28     7     0     0   -47.0   36.480  118.018    782.8    930.0
     1     1    21     1    28     6     0     0   -48.0   36.834  117.812    868.0    921.4
     1     1    21     1    28     5     0     0   -49.0   37.216  117.596    969.5    910.3
     1     1    21     1    28     4     0     0   -50.0   37.619  117.350   1082.0    891.7
     1     1    21     1    28     3     0     0   -51.0   38.048  117.045   1199.6    862.6
     1     1    21     1    28     2     0     0   -52.0   38.510  116.658   1321.5    830.9
     1     1    21     1    28     1     0     0   -53.0   39.018  116.175   1446.6    795.2
     1     1    21     1    28     0     0     0   -54.0   39.587  115.590   1574.7    756.2
     1     1    21     1    27    23     0     0   -55.0   40.201  114.894   1704.7    716.4
     1     1    21     1    27    22     0     0   -56.0   40.822  114.102   1835.1    687.0
     1     1    21     1    27    21     0     0   -57.0   41.435  113.247   1965.0    666.7
     1     1    21     1    27    20     0     0   -58.0   42.040  112.355   2097.6    655.0
     1     1    21     1    27    19     0     0   -59.0   42.627  111.456   2227.6    649.2
     1     1    21     1    27    18     0     0   -60.0   43.189  110.562   2345.4    644.5
     1     1    21     1    27    17     0     0   -61.0   43.735  109.695   2441.1    636.5
     1     1    21     1    27    16     0     0   -62.0   44.272  108.878   2510.9    626.3
     1     1    21     1    27    15     0     0   -63.0   44.816  108.114   2564.5    616.8
     1     1    21     1    27    14     0     0   -64.0   45.379  107.396   2609.4    606.2
     1     1    21     1    27    13     0     0   -65.0   45.967  106.712   2662.2    596.7
     1     1    21     1    27    12     0     0   -66.0   46.579  106.063   2731.7    588.1
     1     1    21     1    27    11     0     0   -67.0   47.201  105.453   2816.6    580.1
     1     1    21     1    27    10     0     0   -68.0   47.810  104.879   2910.1    573.7
     1     1    21     1    27     9     0     0   -69.0   48.405  104.329   2991.4    563.9
     1     1    21     1    27     8     0     0   -70.0   48.989  103.795   3061.0    554.6
     1     1    21     1    27     7     0     0   -71.0   49.564  103.279   3118.0    545.6
     1     1    21     1    27     6     0     0   -72.0   50.127  102.785   3163.8    537.9
     1     1    21     1    27     5     0     0   -73.0   50.671  102.301   3202.4    534.0
     1     1    21     1    27     4     0     0   -74.0   51.196  101.813   3231.4    530.4
     1     1    21     1    27     3     0     0   -75.0   51.704  101.320   3251.2    526.3
     1     1    21     1    27     2     0     0   -76.0   52.197  100.822   3264.5    521.5
     1     1    21     1    27     1     0     0   -77.0   52.670  100.323   3283.2    519.0
     1     1    21     1    27     0     0     0   -78.0   53.110   99.835   3327.2    524.3
     1     1    21     1    26    23     0     0   -79.0   53.507   99.360   3382.4    531.9
     1     1    21     1    26    22     0     0   -80.0   53.862   98.894   3429.5    538.2
     1     1    21     1    26    21     0     0   -81.0   54.177   98.438   3466.0    543.3
     1     1    21     1    26    20     0     0   -82.0   54.457   97.996   3490.1    547.6
     1     1    21     1    26    19     0     0   -83.0   54.703   97.569   3500.1    551.5
     1     1    21     1    26    18     0     0   -84.0   54.916   97.162   3499.0    557.4
     1     1    21     1    26    17     0     0   -85.0   55.111   96.765   3491.8    564.1
     1     1    21     1    26    16     0     0   -86.0   55.303   96.366   3486.9    569.6
     1     1    21     1    26    15     0     0   -87.0   55.496   95.970   3487.3    574.4
     1     1    21     1    26    14     0     0   -88.0   55.690   95.581   3493.3    578.4
     1     1    21     1    26    13     0     0   -89.0   55.887   95.204   3505.6    581.8
     1     1    21     1    26    12     0     0   -90.0   56.089   94.842   3525.3    584.7
     1     1    21     1    26    11     0     0   -91.0   56.289   94.505   3548.9    586.7
     1     1    21     1    26    10     0     0   -92.0   56.481   94.196   3576.2    588.2
     1     1    21     1    26     9     0     0   -93.0   56.666   93.917   3605.8    589.0
     1     1    21     1    26     8     0     0   -94.0   56.844   93.668   3638.1    589.1
     1     1    21     1    26     7     0     0   -95.0   57.017   93.451   3673.6    588.7
     1     1    21     1    26     6     0     0   -96.0   57.184   93.267   3712.8    587.7
