     2     1
    CDC1    21     2     1     0     0
    CDC1    21     3     1     0     0
     1 BACKWARD OMEGA   
  2021     3     5    21   37.500  127.000   500.0
     1 PRESSURE
     1     1    21     3     5    21     0     0     0.0   37.500  127.000    500.0    944.2
     1     1    21     3     5    20     0     0    -1.0   37.744  127.133    522.5    936.9
     1     1    21     3     5    19     0     0    -2.0   38.012  127.238    548.4    928.9
     1     1    21     3     5    18     0     0    -3.0   38.308  127.312    579.8    920.1
     1     1    21     3     5    17     0     0    -4.0   38.617  127.347    616.2    910.5
     1     1    21     3     5    16     0     0    -5.0   38.916  127.339    655.8    900.6
     1     1    21     3     5    15     0     0    -6.0   39.201  127.285    697.9    891.0
     1     1    21     3     5    14     0     0    -7.0   39.470  127.190    742.5    882.0
     1     1    21     3     5    13     0     0    -8.0   39.723  127.060    789.6    873.6
     1     1    21     3     5    12     0     0    -9.0   39.959  126.899    839.3    865.7
     1     1    21     3     5    11     0     0   -10.0   40.186  126.716    892.3    859.9
     1     1    21     3     5    10     0     0   -11.0   40.415  126.512    947.4    854.3
     1     1    21     3     5     9     0     0   -12.0   40.650  126.284   1003.9    848.6
     1     1    21     3     5     8     0     0   -13.0   40.893  126.032   1061.7    843.3
     1     1    21     3     5     7     0     0   -14.0   41.144  125.757   1120.9    838.5
     1     1    21     3     5     6     0     0   -15.0   41.407  125.458   1182.3    834.2
     1     1    21     3     5     5     0     0   -16.0   41.669  125.138   1239.4    830.1
     1     1    21     3     5     4     0     0   -17.0   41.917  124.804   1285.2    827.4
     1     1    21     3     5     3     0     0   -18.0   42.150  124.462   1316.3    825.6
     1     1    21     3     5     2     0     0   -19.0   42.372  124.118   1331.5    825.6
     1     1    21     3     5     1     0     0   -20.0   42.591  123.787   1330.6    828.3
     1     1    21     3     5     0     0     0   -21.0   42.821  123.480   1313.9    833.8
     1     1    21     3     4    23     0     0   -22.0   43.063  123.192   1286.3    840.5
     1     1    21     3     4    22     0     0   -23.0   43.311  122.900   1254.0    846.0
     1     1    21     3     4    21     0     0   -24.0   43.556  122.597   1217.0    851.3
     1     1    21     3     4    20     0     0   -25.0   43.790  122.272   1173.7    851.6
     1     1    21     3     4    19     0     0   -26.0   44.006  121.914   1126.0    849.1
     1     1    21     3     4    18     0     0   -27.0   44.201  121.523   1075.3    846.1
     1     1    21     3     4    17     0     0   -28.0   44.384  121.127   1024.7    843.0
     1     1    21     3     4    16     0     0   -29.0   44.562  120.745    977.4    839.1
     1     1    21     3     4    15     0     0   -30.0   44.744  120.375    931.0    834.9
     1     1    21     3     4    14     0     0   -31.0   44.936  120.014    883.4    830.2
     1     1    21     3     4    13     0     0   -32.0   45.137  119.657    836.3    827.8
     1     1    21     3     4    12     0     0   -33.0   45.344  119.304    790.9    826.2
     1     1    21     3     4    11     0     0   -34.0   45.559  118.950    755.1    826.1
     1     1    21     3     4    10     0     0   -35.0   45.777  118.580    736.5    824.2
     1     1    21     3     4     9     0     0   -36.0   45.994  118.189    733.6    821.6
     1     1    21     3     4     8     0     0   -37.0   46.209  117.774    745.3    818.3
     1     1    21     3     4     7     0     0   -38.0   46.419  117.333    770.8    815.9
     1     1    21     3     4     6     0     0   -39.0   46.619  116.870    808.1    814.9
     1     1    21     3     4     5     0     0   -40.0   46.820  116.407    846.8    812.9
     1     1    21     3     4     4     0     0   -41.0   47.034  115.968    879.1    812.6
     1     1    21     3     4     3     0     0   -42.0   47.261  115.555    903.6    813.2
     1     1    21     3     4     2     0     0   -43.0   47.503  115.170    918.7    814.7
     1     1    21     3     4     1     0     0   -44.0   47.754  114.807    921.0    811.9
     1     1    21     3     4     0     0     0   -45.0   48.009  114.452    910.8    807.6
     1     1    21     3     3    23     0     0   -46.0   48.249  114.094    894.2    804.7
     1     1    21     3     3    22     0     0   -47.0   48.459  113.719    877.3    800.8
     1     1    21     3     3    21     0     0   -48.0   48.641  113.322    861.5    796.3
     1     1    21     3     3    20     0     0   -49.0   48.798  112.903    847.9    791.2
     1     1    21     3     3    19     0     0   -50.0   48.932  112.459    837.8    785.4
     1     1    21     3     3    18     0     0   -51.0   49.046  111.991    833.2    780.6
     1     1    21     3     3    17     0     0   -52.0   49.145  111.516    831.1    775.2
     1     1    21     3     3    16     0     0   -53.0   49.236  111.050    828.4    770.3
     1     1    21     3     3    15     0     0   -54.0   49.320  110.596    823.3    766.0
     1     1    21     3     3    14     0     0   -55.0   49.395  110.158    814.3    762.4
     1     1    21     3     3    13     0     0   -56.0   49.464  109.744    802.4    763.7
     1     1    21     3     3    12     0     0   -57.0   49.527  109.356    787.7    768.0
     1     1    21     3     3    11     0     0   -58.0   49.585  108.981    772.1    772.7
     1     1    21     3     3    10     0     0   -59.0   49.635  108.602    757.5    777.0
     1     1    21     3     3     9     0     0   -60.0   49.676  108.223    742.9    781.3
     1     1    21     3     3     8     0     0   -61.0   49.706  107.844    727.0    785.7
     1     1    21     3     3     7     0     0   -62.0   49.723  107.467    708.9    790.0
     1     1    21     3     3     6     0     0   -63.0   49.728  107.093    688.6    793.1
     1     1    21     3     3     5     0     0   -64.0   49.730  106.718    670.7    796.8
     1     1    21     3     3     4     0     0   -65.0   49.736  106.342    657.3    799.8
     1     1    21     3     3     3     0     0   -66.0   49.744  105.964    647.7    802.3
     1     1    21     3     3     2     0     0   -67.0   49.754  105.587    641.0    804.5
     1     1    21     3     3     1     0     0   -68.0   49.763  105.213    636.6    806.5
     1     1    21     3     3     0     0     0   -69.0   49.771  104.839    632.9    804.7
     1     1    21     3     2    23     0     0   -70.0   49.783  104.454    630.1    797.6
     1     1    21     3     2    22     0     0   -71.0   49.803  104.049    629.9    789.8
     1     1    21     3     2    21     0     0   -72.0   49.831  103.624    631.9    781.4
     1     1    21     3     2    20     0     0   -73.0   49.869  103.176    635.5    772.3
     1     1    21     3     2    19     0     0   -74.0   49.918  102.707    640.2    762.7
     1     1    21     3     2    18     0     0   -75.0   49.977  102.211    646.3    753.4
     1     1    21     3     2    17     0     0   -76.0   50.043  101.678    653.3    744.8
     1     1    21     3     2    16     0     0   -77.0   50.115  101.100    659.0    735.8
     1     1    21     3     2    15     0     0   -78.0   50.196  100.474    661.4    726.1
     1     1    21     3     2    14     0     0   -79.0   50.285   99.807    659.7    721.0
     1     1    21     3     2    13     0     0   -80.0   50.376   99.142    655.1    728.3
     1     1    21     3     2    12     0     0   -81.0   50.468   98.510    643.8    735.7
     1     1    21     3     2    11     0     0   -82.0   50.556   97.912    627.2    743.2
     1     1    21     3     2    10     0     0   -83.0   50.629   97.339    606.4    751.9
     1     1    21     3     2     9     0     0   -84.0   50.684   96.781    581.7    764.4
     1     1    21     3     2     8     0     0   -85.0   50.717   96.231    552.4    776.9
     1     1    21     3     2     7     0     0   -86.0   50.725   95.687    519.5    789.7
     1     1    21     3     2     6     0     0   -87.0   50.706   95.147    484.1    802.9
     1     1    21     3     2     5     0     0   -88.0   50.667   94.620    449.0    807.6
     1     1    21     3     2     4     0     0   -89.0   50.618   94.114    419.4    808.0
     1     1    21     3     2     3     0     0   -90.0   50.562   93.629    394.5    807.5
     1     1    21     3     2     2     0     0   -91.0   50.505   93.164    372.7    806.4
     1     1    21     3     2     1     0     0   -92.0   50.451   92.719    352.4    804.8
     1     1    21     3     2     0     0     0   -93.0   50.404   92.282    331.2    800.0
     1     1    21     3     1    23     0     0   -94.0   50.351   91.836    308.6    792.3
     1     1    21     3     1    22     0     0   -95.0   50.280   91.372    285.4    783.3
     1     1    21     3     1    21     0     0   -96.0   50.192   90.893    262.0    773.1
