     2     1
    CDC1    21     8     1     0     0
    CDC1    21     9     1     0     0
     1 BACKWARD OMEGA   
  2021     9    11    18   37.500  127.000   500.0
     1 PRESSURE
     1     1    21     9    11    18     0     0     0.0   37.500  127.000    500.0    937.1
     1     1    21     9    11    17     0     0    -1.0   37.528  126.939    533.1    933.4
     1     1    21     9    11    16     0     0    -2.0   37.552  126.875    562.3    930.2
     1     1    21     9    11    15     0     0    -3.0   37.569  126.806    586.9    927.8
     1     1    21     9    11    14     0     0    -4.0   37.578  126.730    606.3    926.1
     1     1    21     9    11    13     0     0    -5.0   37.577  126.648    620.0    925.2
     1     1    21     9    11    12     0     0    -6.0   37.566  126.560    627.7    924.9
     1     1    21     9    11    11     0     0    -7.0   37.540  126.467    630.7    925.7
     1     1    21     9    11    10     0     0    -8.0   37.492  126.371    630.0    927.0
     1     1    21     9    11     9     0     0    -9.0   37.425  126.272    625.7    928.2
     1     1    21     9    11     8     0     0   -10.0   37.338  126.169    618.1    929.7
     1     1    21     9    11     7     0     0   -11.0   37.232  126.063    607.6    931.5
     1     1    21     9    11     6     0     0   -12.0   37.109  125.955    594.8    933.6
     1     1    21     9    11     5     0     0   -13.0   36.981  125.853    582.2    935.9
     1     1    21     9    11     4     0     0   -14.0   36.859  125.766    571.8    937.7
     1     1    21     9    11     3     0     0   -15.0   36.741  125.691    563.6    939.3
     1     1    21     9    11     2     0     0   -16.0   36.628  125.628    557.7    940.6
     1     1    21     9    11     1     0     0   -17.0   36.519  125.576    554.1    941.5
     1     1    21     9    11     0     0     0   -18.0   36.414  125.533    553.0    942.2
     1     1    21     9    10    23     0     0   -19.0   36.316  125.492    552.5    942.2
     1     1    21     9    10    22     0     0   -20.0   36.227  125.447    551.3    942.5
     1     1    21     9    10    21     0     0   -21.0   36.146  125.397    548.7    943.0
     1     1    21     9    10    20     0     0   -22.0   36.072  125.343    544.4    943.7
     1     1    21     9    10    19     0     0   -23.0   36.006  125.283    538.2    944.6
     1     1    21     9    10    18     0     0   -24.0   35.946  125.218    529.8    945.7
     1     1    21     9    10    17     0     0   -25.0   35.891  125.149    520.4    947.4
     1     1    21     9    10    16     0     0   -26.0   35.838  125.073    511.5    948.9
     1     1    21     9    10    15     0     0   -27.0   35.789  124.991    503.2    950.3
     1     1    21     9    10    14     0     0   -28.0   35.742  124.902    495.5    951.3
     1     1    21     9    10    13     0     0   -29.0   35.698  124.808    488.7    952.3
     1     1    21     9    10    12     0     0   -30.0   35.656  124.709    482.9    953.1
     1     1    21     9    10    11     0     0   -31.0   35.609  124.613    477.9    953.6
     1     1    21     9    10    10     0     0   -32.0   35.552  124.530    473.6    954.1
     1     1    21     9    10     9     0     0   -33.0   35.483  124.459    470.2    954.5
     1     1    21     9    10     8     0     0   -34.0   35.405  124.400    467.6    954.8
     1     1    21     9    10     7     0     0   -35.0   35.317  124.354    466.0    955.0
     1     1    21     9    10     6     0     0   -36.0   35.219  124.320    465.6    955.0
     1     1    21     9    10     5     0     0   -37.0   35.116  124.296    466.5    955.1
     1     1    21     9    10     4     0     0   -38.0   35.014  124.275    468.2    955.1
     1     1    21     9    10     3     0     0   -39.0   34.914  124.256    470.8    955.1
     1     1    21     9    10     2     0     0   -40.0   34.816  124.236    473.8    955.0
     1     1    21     9    10     1     0     0   -41.0   34.720  124.215    477.3    954.9
     1     1    21     9    10     0     0     0   -42.0   34.626  124.190    481.1    954.8
     1     1    21     9     9    23     0     0   -43.0   34.525  124.159    482.9    954.6
     1     1    21     9     9    22     0     0   -44.0   34.407  124.121    480.7    955.1
     1     1    21     9     9    21     0     0   -45.0   34.272  124.078    474.5    956.1
     1     1    21     9     9    20     0     0   -46.0   34.120  124.032    464.7    957.6
     1     1    21     9     9    19     0     0   -47.0   33.952  123.985    451.5    959.5
     1     1    21     9     9    18     0     0   -48.0   33.768  123.938    435.3    961.8
     1     1    21     9     9    17     0     0   -49.0   33.576  123.902    420.6    964.4
     1     1    21     9     9    16     0     0   -50.0   33.385  123.880    412.0    965.9
     1     1    21     9     9    15     0     0   -51.0   33.195  123.872    409.6    966.6
     1     1    21     9     9    14     0     0   -52.0   33.006  123.875    413.6    966.5
     1     1    21     9     9    13     0     0   -53.0   32.819  123.889    424.1    965.6
     1     1    21     9     9    12     0     0   -54.0   32.635  123.913    441.4    963.9
     1     1    21     9     9    11     0     0   -55.0   32.463  123.944    461.1    961.5
     1     1    21     9     9    10     0     0   -56.0   32.310  123.980    477.5    959.3
     1     1    21     9     9     9     0     0   -57.0   32.177  124.024    490.8    957.7
     1     1    21     9     9     8     0     0   -58.0   32.063  124.075    501.3    956.4
     1     1    21     9     9     7     0     0   -59.0   31.969  124.133    509.3    955.5
     1     1    21     9     9     6     0     0   -60.0   31.895  124.199    515.0    954.8
     1     1    21     9     9     5     0     0   -61.0   31.832  124.266    520.6    954.4
     1     1    21     9     9     4     0     0   -62.0   31.770  124.329    527.7    953.6
     1     1    21     9     9     3     0     0   -63.0   31.711  124.387    536.0    952.7
     1     1    21     9     9     2     0     0   -64.0   31.653  124.440    545.4    951.7
     1     1    21     9     9     1     0     0   -65.0   31.597  124.488    555.6    950.7
     1     1    21     9     9     0     0     0   -66.0   31.541  124.531    566.5    949.6
     1     1    21     9     8    23     0     0   -67.0   31.490  124.570    577.7    948.2
     1     1    21     9     8    22     0     0   -68.0   31.444  124.605    589.5    946.8
     1     1    21     9     8    21     0     0   -69.0   31.403  124.638    601.7    945.3
     1     1    21     9     8    20     0     0   -70.0   31.368  124.668    614.3    943.9
     1     1    21     9     8    19     0     0   -71.0   31.337  124.694    627.3    942.4
     1     1    21     9     8    18     0     0   -72.0   31.311  124.716    640.6    940.7
     1     1    21     9     8    17     0     0   -73.0   31.292  124.743    654.7    938.8
     1     1    21     9     8    16     0     0   -74.0   31.285  124.783    671.0    936.6
     1     1    21     9     8    15     0     0   -75.0   31.289  124.834    689.3    934.1
     1     1    21     9     8    14     0     0   -76.0   31.306  124.897    709.9    931.5
     1     1    21     9     8    13     0     0   -77.0   31.337  124.971    733.3    928.6
     1     1    21     9     8    12     0     0   -78.0   31.381  125.055    759.6    925.4
     1     1    21     9     8    11     0     0   -79.0   31.441  125.142    786.7    922.4
     1     1    21     9     8    10     0     0   -80.0   31.518  125.223    812.2    919.8
     1     1    21     9     8     9     0     0   -81.0   31.611  125.299    836.4    917.4
     1     1    21     9     8     8     0     0   -82.0   31.722  125.368    859.6    915.1
     1     1    21     9     8     7     0     0   -83.0   31.851  125.430    882.0    912.8
     1     1    21     9     8     6     0     0   -84.0   31.997  125.485    903.6    910.7
     1     1    21     9     8     5     0     0   -85.0   32.153  125.522    926.6    908.6
     1     1    21     9     8     4     0     0   -86.0   32.310  125.532    953.6    905.7
     1     1    21     9     8     3     0     0   -87.0   32.468  125.513    984.9    902.4
     1     1    21     9     8     2     0     0   -88.0   32.624  125.466   1020.6    898.2
     1     1    21     9     8     1     0     0   -89.0   32.778  125.392   1060.7    893.8
     1     1    21     9     8     0     0     0   -90.0   32.930  125.296   1105.6    888.9
     1     1    21     9     7    23     0     0   -91.0   33.078  125.185   1152.4    883.5
     1     1    21     9     7    22     0     0   -92.0   33.221  125.065   1197.5    878.8
     1     1    21     9     7    21     0     0   -93.0   33.360  124.936   1240.2    874.3
     1     1    21     9     7    20     0     0   -94.0   33.497  124.800   1279.5    870.2
     1     1    21     9     7    19     0     0   -95.0   33.631  124.658   1314.8    866.4
     1     1    21     9     7    18     0     0   -96.0   33.765  124.508   1346.0    862.9
