     2     1
    CDC1    21     2     1     0     0
    CDC1    21     3     1     0     0
     1 BACKWARD OMEGA   
  2021     3    19     9   37.500  127.000   500.0
     1 PRESSURE
     1     1    21     3    19     9     0     0     0.0   37.500  127.000    500.0    939.5
     1     1    21     3    19     8     0     0    -1.0   37.414  127.068    510.9    938.3
     1     1    21     3    19     7     0     0    -2.0   37.337  127.141    524.3    936.6
     1     1    21     3    19     6     0     0    -3.0   37.267  127.220    540.7    934.6
     1     1    21     3    19     5     0     0    -4.0   37.204  127.310    558.4    932.4
     1     1    21     3    19     4     0     0    -5.0   37.144  127.416    575.6    930.4
     1     1    21     3    19     3     0     0    -6.0   37.086  127.538    592.1    928.7
     1     1    21     3    19     2     0     0    -7.0   37.032  127.674    607.8    927.8
     1     1    21     3    19     1     0     0    -8.0   36.981  127.824    622.5    927.1
     1     1    21     3    19     0     0     0    -9.0   36.933  127.985    636.0    926.3
     1     1    21     3    18    23     0     0   -10.0   36.885  128.148    650.0    925.1
     1     1    21     3    18    22     0     0   -11.0   36.831  128.306    665.5    923.5
     1     1    21     3    18    21     0     0   -12.0   36.774  128.457    682.6    921.7
     1     1    21     3    18    20     0     0   -13.0   36.713  128.602    701.3    919.6
     1     1    21     3    18    19     0     0   -14.0   36.649  128.741    721.5    917.2
     1     1    21     3    18    18     0     0   -15.0   36.581  128.872    743.1    914.7
     1     1    21     3    18    17     0     0   -16.0   36.520  128.993    763.2    912.2
     1     1    21     3    18    16     0     0   -17.0   36.472  129.102    779.0    910.6
     1     1    21     3    18    15     0     0   -18.0   36.436  129.200    789.8    909.5
     1     1    21     3    18    14     0     0   -19.0   36.413  129.286    795.4    909.0
     1     1    21     3    18    13     0     0   -20.0   36.401  129.364    795.7    909.1
     1     1    21     3    18    12     0     0   -21.0   36.401  129.432    790.5    909.9
     1     1    21     3    18    11     0     0   -22.0   36.405  129.500    783.3    911.1
     1     1    21     3    18    10     0     0   -23.0   36.405  129.572    777.9    911.7
     1     1    21     3    18     9     0     0   -24.0   36.400  129.648    774.1    912.1
     1     1    21     3    18     8     0     0   -25.0   36.389  129.728    771.7    912.2
     1     1    21     3    18     7     0     0   -26.0   36.372  129.809    770.7    912.2
     1     1    21     3    18     6     0     0   -27.0   36.349  129.893    771.2    912.0
     1     1    21     3    18     5     0     0   -28.0   36.324  129.981    773.9    911.8
     1     1    21     3    18     4     0     0   -29.0   36.304  130.075    781.0    911.4
     1     1    21     3    18     3     0     0   -30.0   36.291  130.173    792.1    910.8
     1     1    21     3    18     2     0     0   -31.0   36.285  130.275    807.4    909.7
     1     1    21     3    18     1     0     0   -32.0   36.285  130.380    826.9    908.2
     1     1    21     3    18     0     0     0   -33.0   36.294  130.486    851.0    906.3
     1     1    21     3    17    23     0     0   -34.0   36.311  130.585    878.2    904.0
     1     1    21     3    17    22     0     0   -35.0   36.335  130.671    905.6    901.8
     1     1    21     3    17    21     0     0   -36.0   36.369  130.743    933.7    899.4
     1     1    21     3    17    20     0     0   -37.0   36.412  130.801    962.3    896.6
     1     1    21     3    17    19     0     0   -38.0   36.466  130.843    991.5    893.8
     1     1    21     3    17    18     0     0   -39.0   36.530  130.869   1021.1    890.9
     1     1    21     3    17    17     0     0   -40.0   36.604  130.883   1050.3    888.0
     1     1    21     3    17    16     0     0   -41.0   36.683  130.890   1077.7    885.5
     1     1    21     3    17    15     0     0   -42.0   36.769  130.889   1103.6    883.2
     1     1    21     3    17    14     0     0   -43.0   36.862  130.881   1127.8    881.0
     1     1    21     3    17    13     0     0   -44.0   36.963  130.869   1150.3    879.1
     1     1    21     3    17    12     0     0   -45.0   37.071  130.851   1171.0    877.4
     1     1    21     3    17    11     0     0   -46.0   37.191  130.828   1193.0    875.6
     1     1    21     3    17    10     0     0   -47.0   37.328  130.802   1220.3    872.9
     1     1    21     3    17     9     0     0   -48.0   37.485  130.769   1253.0    869.8
     1     1    21     3    17     8     0     0   -49.0   37.662  130.729   1290.3    864.4
     1     1    21     3    17     7     0     0   -50.0   37.859  130.674   1333.3    857.8
     1     1    21     3    17     6     0     0   -51.0   38.077  130.601   1383.0    850.0
     1     1    21     3    17     5     0     0   -52.0   38.309  130.497   1439.8    841.2
     1     1    21     3    17     4     0     0   -53.0   38.551  130.352   1504.9    830.9
     1     1    21     3    17     3     0     0   -54.0   38.803  130.166   1578.6    819.1
     1     1    21     3    17     2     0     0   -55.0   39.066  129.938   1661.5    806.0
     1     1    21     3    17     1     0     0   -56.0   39.340  129.667   1753.6    792.0
     1     1    21     3    17     0     0     0   -57.0   39.625  129.354   1854.0    776.4
     1     1    21     3    16    23     0     0   -58.0   39.930  129.002   1955.1    759.2
     1     1    21     3    16    22     0     0   -59.0   40.259  128.619   2047.4    743.1
     1     1    21     3    16    21     0     0   -60.0   40.608  128.207   2128.0    728.7
     1     1    21     3    16    20     0     0   -61.0   40.978  127.769   2196.8    715.6
     1     1    21     3    16    19     0     0   -62.0   41.366  127.305   2257.6    706.7
     1     1    21     3    16    18     0     0   -63.0   41.764  126.818   2314.1    703.5
     1     1    21     3    16    17     0     0   -64.0   42.167  126.308   2372.9    701.6
     1     1    21     3    16    16     0     0   -65.0   42.572  125.773   2442.7    699.9
     1     1    21     3    16    15     0     0   -66.0   42.975  125.231   2525.0    702.5
     1     1    21     3    16    14     0     0   -67.0   43.373  124.701   2606.7    703.0
     1     1    21     3    16    13     0     0   -68.0   43.765  124.186   2682.1    701.0
     1     1    21     3    16    12     0     0   -69.0   44.152  123.688   2747.8    698.3
     1     1    21     3    16    11     0     0   -70.0   44.536  123.189   2800.2    694.9
     1     1    21     3    16    10     0     0   -71.0   44.919  122.675   2839.6    691.5
     1     1    21     3    16     9     0     0   -72.0   45.296  122.145   2859.7    679.9
     1     1    21     3    16     8     0     0   -73.0   45.658  121.599   2874.1    666.2
     1     1    21     3    16     7     0     0   -74.0   45.994  121.039   2889.9    653.7
     1     1    21     3    16     6     0     0   -75.0   46.294  120.465   2908.6    642.4
     1     1    21     3    16     5     0     0   -76.0   46.577  119.895   2936.5    632.3
     1     1    21     3    16     4     0     0   -77.0   46.871  119.354   2982.4    625.5
     1     1    21     3    16     3     0     0   -78.0   47.181  118.847   3040.5    619.9
     1     1    21     3    16     2     0     0   -79.0   47.511  118.380   3112.8    615.0
     1     1    21     3    16     1     0     0   -80.0   47.859  117.949   3198.7    609.4
     1     1    21     3    16     0     0     0   -81.0   48.226  117.543   3301.1    603.1
     1     1    21     3    15    23     0     0   -82.0   48.603  117.132   3412.6    594.3
     1     1    21     3    15    22     0     0   -83.0   48.984  116.704   3525.1    585.9
     1     1    21     3    15    21     0     0   -84.0   49.369  116.267   3636.7    577.6
     1     1    21     3    15    20     0     0   -85.0   49.762  115.832   3747.3    569.4
     1     1    21     3    15    19     0     0   -86.0   50.166  115.396   3855.1    560.5
     1     1    21     3    15    18     0     0   -87.0   50.583  114.946   3958.4    549.8
     1     1    21     3    15    17     0     0   -88.0   51.007  114.466   4054.6    535.8
     1     1    21     3    15    16     0     0   -89.0   51.431  113.952   4150.1    522.7
     1     1    21     3    15    15     0     0   -90.0   51.858  113.399   4251.9    509.9
     1     1    21     3    15    14     0     0   -91.0   52.290  112.799   4364.4    497.2
     1     1    21     3    15    13     0     0   -92.0   52.730  112.137   4493.0    485.4
     1     1    21     3    15    12     0     0   -93.0   53.180  111.389   4633.8    474.4
     1     1    21     3    15    11     0     0   -94.0   53.621  110.553   4767.6    464.1
     1     1    21     3    15    10     0     0   -95.0   54.035  109.654   4887.1    459.6
     1     1    21     3    15     9     0     0   -96.0   54.413  108.719   4999.2    460.6
