     2     1
    CDC1    21    10     1     0     0
    CDC1    21    11     1     0     0
     1 BACKWARD OMEGA   
  2021    11    20     6   37.500  127.000   500.0
     1 PRESSURE
     1     1    21    11    20     6     0     0     0.0   37.500  127.000    500.0    942.1
     1     1    21    11    20     5     0     0    -1.0   37.492  126.956    500.0    942.5
     1     1    21    11    20     4     0     0    -2.0   37.489  126.922    500.4    942.8
     1     1    21    11    20     3     0     0    -3.0   37.491  126.899    501.3    942.9
     1     1    21    11    20     2     0     0    -4.0   37.496  126.885    502.7    943.0
     1     1    21    11    20     1     0     0    -5.0   37.506  126.881    504.4    942.8
     1     1    21    11    20     0     0     0    -6.0   37.519  126.886    506.5    942.4
     1     1    21    11    19    23     0     0    -7.0   37.536  126.898    508.7    941.5
     1     1    21    11    19    22     0     0    -8.0   37.557  126.916    510.4    940.6
     1     1    21    11    19    21     0     0    -9.0   37.580  126.940    511.7    939.7
     1     1    21    11    19    20     0     0   -10.0   37.607  126.971    512.5    938.7
     1     1    21    11    19    19     0     0   -11.0   37.636  127.008    512.7    937.7
     1     1    21    11    19    18     0     0   -12.0   37.667  127.051    512.4    936.8
     1     1    21    11    19    17     0     0   -13.0   37.705  127.084    512.1    936.0
     1     1    21    11    19    16     0     0   -14.0   37.752  127.087    512.6    935.1
     1     1    21    11    19    15     0     0   -15.0   37.809  127.061    514.1    934.1
     1     1    21    11    19    14     0     0   -16.0   37.876  127.007    516.8    932.9
     1     1    21    11    19    13     0     0   -17.0   37.952  126.926    521.2    931.7
     1     1    21    11    19    12     0     0   -18.0   38.037  126.820    527.7    930.3
     1     1    21    11    19    11     0     0   -19.0   38.129  126.701    538.9    928.3
     1     1    21    11    19    10     0     0   -20.0   38.229  126.582    557.8    925.3
     1     1    21    11    19     9     0     0   -21.0   38.340  126.462    584.4    921.3
     1     1    21    11    19     8     0     0   -22.0   38.465  126.342    619.3    916.3
     1     1    21    11    19     7     0     0   -23.0   38.608  126.218    662.5    909.6
     1     1    21    11    19     6     0     0   -24.0   38.773  126.085    714.1    901.8
     1     1    21    11    19     5     0     0   -25.0   38.949  125.932    771.8    893.6
     1     1    21    11    19     4     0     0   -26.0   39.125  125.750    832.8    885.9
     1     1    21    11    19     3     0     0   -27.0   39.299  125.539    897.0    878.5
     1     1    21    11    19     2     0     0   -28.0   39.468  125.299    963.6    870.8
     1     1    21    11    19     1     0     0   -29.0   39.634  125.031   1031.4    863.1
     1     1    21    11    19     0     0     0   -30.0   39.795  124.737   1099.4    856.6
     1     1    21    11    18    23     0     0   -31.0   39.957  124.411   1163.8    850.9
     1     1    21    11    18    22     0     0   -32.0   40.125  124.052   1221.3    847.5
     1     1    21    11    18    21     0     0   -33.0   40.306  123.666   1272.8    845.4
     1     1    21    11    18    20     0     0   -34.0   40.505  123.259   1320.9    843.3
     1     1    21    11    18    19     0     0   -35.0   40.730  122.829   1369.8    841.1
     1     1    21    11    18    18     0     0   -36.0   40.989  122.373   1423.1    836.2
     1     1    21    11    18    17     0     0   -37.0   41.258  121.894   1470.2    823.6
     1     1    21    11    18    16     0     0   -38.0   41.515  121.398   1504.5    812.3
     1     1    21    11    18    15     0     0   -39.0   41.770  120.879   1527.4    800.7
     1     1    21    11    18    14     0     0   -40.0   42.030  120.328   1541.4    788.3
     1     1    21    11    18    13     0     0   -41.0   42.302  119.737   1548.7    772.5
     1     1    21    11    18    12     0     0   -42.0   42.590  119.103   1558.0    753.8
     1     1    21    11    18    11     0     0   -43.0   42.884  118.438   1581.2    737.0
     1     1    21    11    18    10     0     0   -44.0   43.169  117.757   1620.6    719.2
     1     1    21    11    18     9     0     0   -45.0   43.446  117.063   1675.7    707.1
     1     1    21    11    18     8     0     0   -46.0   43.716  116.366   1741.1    699.3
     1     1    21    11    18     7     0     0   -47.0   43.988  115.663   1812.9    692.5
     1     1    21    11    18     6     0     0   -48.0   44.270  114.950   1892.0    687.1
     1     1    21    11    18     5     0     0   -49.0   44.572  114.228   1978.3    685.2
     1     1    21    11    18     4     0     0   -50.0   44.894  113.497   2070.3    683.2
     1     1    21    11    18     3     0     0   -51.0   45.235  112.745   2161.3    678.1
     1     1    21    11    18     2     0     0   -52.0   45.584  111.960   2243.5    666.7
     1     1    21    11    18     1     0     0   -53.0   45.940  111.134   2321.6    652.5
     1     1    21    11    18     0     0     0   -54.0   46.309  110.259   2405.2    635.6
     1     1    21    11    17    23     0     0   -55.0   46.685  109.343   2499.1    619.2
     1     1    21    11    17    22     0     0   -56.0   47.055  108.404   2599.4    606.1
     1     1    21    11    17    21     0     0   -57.0   47.420  107.443   2694.3    595.4
     1     1    21    11    17    20     0     0   -58.0   47.773  106.480   2780.9    591.7
     1     1    21    11    17    19     0     0   -59.0   48.110  105.534   2850.8    590.8
     1     1    21    11    17    18     0     0   -60.0   48.440  104.591   2900.5    585.2
     1     1    21    11    17    17     0     0   -61.0   48.775  103.619   2940.1    572.0
     1     1    21    11    17    16     0     0   -62.0   49.119  102.591   2988.7    555.5
     1     1    21    11    17    15     0     0   -63.0   49.470  101.488   3043.7    537.4
     1     1    21    11    17    14     0     0   -64.0   49.832  100.287   3105.1    518.5
     1     1    21    11    17    13     0     0   -65.0   50.201   99.014   3201.8    515.9
     1     1    21    11    17    12     0     0   -66.0   50.568   97.724   3300.5    517.9
     1     1    21    11    17    11     0     0   -67.0   50.907   96.450   3402.8    526.1
     1     1    21    11    17    10     0     0   -68.0   51.189   95.202   3496.7    536.4
     1     1    21    11    17     9     0     0   -69.0   51.418   93.955   3556.6    535.7
     1     1    21    11    17     8     0     0   -70.0   51.601   92.681   3611.4    535.1
     1     1    21    11    17     7     0     0   -71.0   51.744   91.375   3649.0    527.2
     1     1    21    11    17     6     0     0   -72.0   51.856   90.025   3688.4    518.6
     1     1    21    11    17     5     0     0   -73.0   51.930   88.649   3752.1    519.3
     1     1    21    11    17     4     0     0   -74.0   51.960   87.265   3808.2    523.3
     1     1    21    11    17     3     0     0   -75.0   51.950   85.910   3882.6    538.3
     1     1    21    11    17     2     0     0   -76.0   51.908   84.611   3945.2    552.5
     1     1    21    11    17     1     0     0   -77.0   51.843   83.367   3998.4    566.0
     1     1    21    11    17     0     0     0   -78.0   51.765   82.175   4038.5    576.3
     1     1    21    11    16    23     0     0   -79.0   51.675   81.026   4053.6    578.8
     1     1    21    11    16    22     0     0   -80.0   51.572   79.912   4061.6    581.5
     1     1    21    11    16    21     0     0   -81.0   51.465   78.824   4055.6    577.3
     1     1    21    11    16    20     0     0   -82.0   51.359   77.756   4057.2    572.5
     1     1    21    11    16    19     0     0   -83.0   51.262   76.707   4069.3    567.4
     1     1    21    11    16    18     0     0   -84.0   51.182   75.682   4091.8    562.3
     1     1    21    11    16    17     0     0   -85.0   51.114   74.670   4117.7    557.3
     1     1    21    11    16    16     0     0   -86.0   51.052   73.667   4136.2    555.2
     1     1    21    11    16    15     0     0   -87.0   51.001   72.680   4143.8    554.5
     1     1    21    11    16    14     0     0   -88.0   50.964   71.717   4144.8    556.1
     1     1    21    11    16    13     0     0   -89.0   50.945   70.788   4140.4    558.5
     1     1    21    11    16    12     0     0   -90.0   50.948   69.901   4133.7    561.2
     1     1    21    11    16    11     0     0   -91.0   50.967   69.084   4133.2    564.7
     1     1    21    11    16    10     0     0   -92.0   50.986   68.352   4139.0    567.0
     1     1    21    11    16     9     0     0   -93.0   51.001   67.688   4150.2    568.6
     1     1    21    11    16     8     0     0   -94.0   51.010   67.082   4164.6    568.9
     1     1    21    11    16     7     0     0   -95.0   51.008   66.520   4182.7    568.6
     1     1    21    11    16     6     0     0   -96.0   50.996   65.994   4204.4    567.8
