     2     1
    CDC1    21     4     1     0     0
    CDC1    21     5     1     0     0
     1 BACKWARD OMEGA   
  2021     5    22    18   37.500  127.000   500.0
     1 PRESSURE
     1     1    21     5    22    18     0     0     0.0   37.500  127.000    500.0    934.9
     1     1    21     5    22    17     0     0    -1.0   37.464  126.836    526.8    932.7
     1     1    21     5    22    16     0     0    -2.0   37.434  126.667    553.9    930.5
     1     1    21     5    22    15     0     0    -3.0   37.411  126.491    581.5    928.5
     1     1    21     5    22    14     0     0    -4.0   37.395  126.312    609.6    926.5
     1     1    21     5    22    13     0     0    -5.0   37.387  126.129    638.4    924.3
     1     1    21     5    22    12     0     0    -6.0   37.386  125.947    668.2    921.8
     1     1    21     5    22    11     0     0    -7.0   37.383  125.762    697.9    919.4
     1     1    21     5    22    10     0     0    -8.0   37.367  125.569    726.5    917.5
     1     1    21     5    22     9     0     0    -9.0   37.340  125.369    754.1    915.7
     1     1    21     5    22     8     0     0   -10.0   37.300  125.162    781.2    914.1
     1     1    21     5    22     7     0     0   -11.0   37.249  124.951    807.6    912.5
     1     1    21     5    22     6     0     0   -12.0   37.187  124.738    832.8    910.5
     1     1    21     5    22     5     0     0   -13.0   37.121  124.536    856.7    908.9
     1     1    21     5    22     4     0     0   -14.0   37.058  124.355    878.1    907.4
     1     1    21     5    22     3     0     0   -15.0   37.000  124.193    897.8    906.0
     1     1    21     5    22     2     0     0   -16.0   36.947  124.045    916.1    904.6
     1     1    21     5    22     1     0     0   -17.0   36.901  123.912    933.0    903.3
     1     1    21     5    22     0     0     0   -18.0   36.862  123.792    948.8    901.8
     1     1    21     5    21    23     0     0   -19.0   36.829  123.678    965.9    900.1
     1     1    21     5    21    22     0     0   -20.0   36.801  123.565    987.0    897.7
     1     1    21     5    21    21     0     0   -21.0   36.779  123.451   1011.5    895.0
     1     1    21     5    21    20     0     0   -22.0   36.764  123.336   1038.7    892.0
     1     1    21     5    21    19     0     0   -23.0   36.756  123.219   1068.0    888.8
     1     1    21     5    21    18     0     0   -24.0   36.757  123.099   1098.8    885.6
     1     1    21     5    21    17     0     0   -25.0   36.768  122.977   1128.1    882.3
     1     1    21     5    21    16     0     0   -26.0   36.791  122.855   1152.8    879.7
     1     1    21     5    21    15     0     0   -27.0   36.822  122.732   1173.3    877.7
     1     1    21     5    21    14     0     0   -28.0   36.861  122.606   1189.8    876.0
     1     1    21     5    21    13     0     0   -29.0   36.905  122.478   1202.5    874.8
     1     1    21     5    21    12     0     0   -30.0   36.953  122.347   1211.6    873.7
     1     1    21     5    21    11     0     0   -31.0   37.005  122.213   1220.1    873.1
     1     1    21     5    21    10     0     0   -32.0   37.062  122.075   1231.4    872.0
     1     1    21     5    21     9     0     0   -33.0   37.124  121.935   1245.3    870.7
     1     1    21     5    21     8     0     0   -34.0   37.192  121.795   1262.0    869.1
     1     1    21     5    21     7     0     0   -35.0   37.267  121.657   1281.6    867.3
     1     1    21     5    21     6     0     0   -36.0   37.349  121.523   1304.4    865.2
     1     1    21     5    21     5     0     0   -37.0   37.440  121.387   1328.5    862.6
     1     1    21     5    21     4     0     0   -38.0   37.536  121.242   1349.8    860.4
     1     1    21     5    21     3     0     0   -39.0   37.638  121.090   1368.5    858.0
     1     1    21     5    21     2     0     0   -40.0   37.744  120.930   1385.0    855.7
     1     1    21     5    21     1     0     0   -41.0   37.854  120.765   1399.3    853.7
     1     1    21     5    21     0     0     0   -42.0   37.969  120.594   1411.4    851.8
     1     1    21     5    20    23     0     0   -43.0   38.087  120.417   1420.5    849.9
     1     1    21     5    20    22     0     0   -44.0   38.203  120.233   1426.0    848.4
     1     1    21     5    20    21     0     0   -45.0   38.316  120.039   1428.3    847.3
     1     1    21     5    20    20     0     0   -46.0   38.425  119.832   1427.4    845.5
     1     1    21     5    20    19     0     0   -47.0   38.526  119.612   1424.5    843.6
     1     1    21     5    20    18     0     0   -48.0   38.617  119.379   1420.9    841.5
     1     1    21     5    20    17     0     0   -49.0   38.692  119.147   1422.7    839.5
     1     1    21     5    20    16     0     0   -50.0   38.751  118.932   1434.6    836.0
     1     1    21     5    20    15     0     0   -51.0   38.798  118.734   1456.3    831.6
     1     1    21     5    20    14     0     0   -52.0   38.836  118.553   1487.4    826.6
     1     1    21     5    20    13     0     0   -53.0   38.869  118.389   1527.4    820.8
     1     1    21     5    20    12     0     0   -54.0   38.901  118.243   1576.3    814.3
     1     1    21     5    20    11     0     0   -55.0   38.926  118.121   1628.2    807.5
     1     1    21     5    20    10     0     0   -56.0   38.940  118.032   1676.8    802.1
     1     1    21     5    20     9     0     0   -57.0   38.941  117.973   1721.4    797.4
     1     1    21     5    20     8     0     0   -58.0   38.931  117.944   1761.3    793.5
     1     1    21     5    20     7     0     0   -59.0   38.910  117.945   1796.0    790.5
     1     1    21     5    20     6     0     0   -60.0   38.877  117.976   1825.3    788.4
     1     1    21     5    20     5     0     0   -61.0   38.837  118.022   1848.8    787.1
     1     1    21     5    20     4     0     0   -62.0   38.791  118.070   1866.1    786.4
     1     1    21     5    20     3     0     0   -63.0   38.739  118.121   1877.3    786.5
     1     1    21     5    20     2     0     0   -64.0   38.679  118.174   1882.7    787.2
     1     1    21     5    20     1     0     0   -65.0   38.610  118.231   1882.6    788.6
     1     1    21     5    20     0     0     0   -66.0   38.532  118.292   1877.3    790.7
     1     1    21     5    19    23     0     0   -67.0   38.448  118.350   1873.5    793.3
     1     1    21     5    19    22     0     0   -68.0   38.360  118.395   1876.3    794.6
     1     1    21     5    19    21     0     0   -69.0   38.270  118.428   1884.6    795.2
     1     1    21     5    19    20     0     0   -70.0   38.177  118.450   1897.2    795.4
     1     1    21     5    19    19     0     0   -71.0   38.081  118.464   1913.2    795.3
     1     1    21     5    19    18     0     0   -72.0   37.983  118.470   1931.1    795.0
     1     1    21     5    19    17     0     0   -73.0   37.873  118.481   1947.9    794.7
     1     1    21     5    19    16     0     0   -74.0   37.744  118.510   1964.0    795.0
     1     1    21     5    19    15     0     0   -75.0   37.597  118.560   1979.5    795.6
     1     1    21     5    19    14     0     0   -76.0   37.432  118.630   1994.5    795.4
     1     1    21     5    19    13     0     0   -77.0   37.251  118.718   2008.9    793.7
     1     1    21     5    19    12     0     0   -78.0   37.056  118.823   2024.6    791.9
     1     1    21     5    19    11     0     0   -79.0   36.866  118.945   2040.1    790.0
     1     1    21     5    19    10     0     0   -80.0   36.700  119.078   2053.3    788.6
     1     1    21     5    19     9     0     0   -81.0   36.554  119.220   2064.8    787.4
     1     1    21     5    19     8     0     0   -82.0   36.429  119.368   2075.0    786.3
     1     1    21     5    19     7     0     0   -83.0   36.324  119.520   2084.6    785.4
     1     1    21     5    19     6     0     0   -84.0   36.237  119.675   2093.9    784.5
     1     1    21     5    19     5     0     0   -85.0   36.162  119.821   2104.8    783.5
     1     1    21     5    19     4     0     0   -86.0   36.091  119.951   2118.0    782.2
     1     1    21     5    19     3     0     0   -87.0   36.026  120.064   2134.1    780.7
     1     1    21     5    19     2     0     0   -88.0   35.966  120.160   2153.7    778.9
     1     1    21     5    19     1     0     0   -89.0   35.915  120.238   2177.0    776.8
     1     1    21     5    19     0     0     0   -90.0   35.870  120.298   2204.1    774.3
     1     1    21     5    18    23     0     0   -91.0   35.838  120.342   2233.2    771.3
     1     1    21     5    18    22     0     0   -92.0   35.820  120.374   2262.5    768.6
     1     1    21     5    18    21     0     0   -93.0   35.817  120.392   2291.7    765.9
     1     1    21     5    18    20     0     0   -94.0   35.828  120.397   2320.5    763.2
     1     1    21     5    18    19     0     0   -95.0   35.855  120.387   2349.1    760.7
     1     1    21     5    18    18     0     0   -96.0   35.897  120.362   2377.5    758.2
