     2     1
    CDC1    20    12     1     0     0
    CDC1    21     1     1     0     0
     1 BACKWARD OMEGA   
  2021     1    16     0   37.500  127.000   500.0
     1 PRESSURE
     1     1    21     1    16     0     0     0     0.0   37.500  127.000    500.0    940.1
     1     1    21     1    15    23     0     0    -1.0   37.735  126.854    537.7    932.7
     1     1    21     1    15    22     0     0    -2.0   38.006  126.715    579.0    924.2
     1     1    21     1    15    21     0     0    -3.0   38.314  126.589    624.8    914.8
     1     1    21     1    15    20     0     0    -4.0   38.656  126.478    675.8    903.3
     1     1    21     1    15    19     0     0    -5.0   39.029  126.382    733.2    891.0
     1     1    21     1    15    18     0     0    -6.0   39.434  126.306    799.1    877.4
     1     1    21     1    15    17     0     0    -7.0   39.842  126.228    874.5    862.9
     1     1    21     1    15    16     0     0    -8.0   40.225  126.115    958.5    850.2
     1     1    21     1    15    15     0     0    -9.0   40.587  125.960   1047.9    838.8
     1     1    21     1    15    14     0     0   -10.0   40.932  125.774   1141.2    828.4
     1     1    21     1    15    13     0     0   -11.0   41.265  125.572   1239.4    818.4
     1     1    21     1    15    12     0     0   -12.0   41.592  125.362   1343.9    807.9
     1     1    21     1    15    11     0     0   -13.0   41.913  125.138   1448.0    796.8
     1     1    21     1    15    10     0     0   -14.0   42.226  124.895   1542.3    788.1
     1     1    21     1    15     9     0     0   -15.0   42.536  124.631   1625.6    781.1
     1     1    21     1    15     8     0     0   -16.0   42.844  124.345   1699.6    779.0
     1     1    21     1    15     7     0     0   -17.0   43.154  124.036   1764.1    777.1
     1     1    21     1    15     6     0     0   -18.0   43.473  123.707   1822.7    775.2
     1     1    21     1    15     5     0     0   -19.0   43.788  123.378   1874.9    772.4
     1     1    21     1    15     4     0     0   -20.0   44.080  123.072   1918.0    769.8
     1     1    21     1    15     3     0     0   -21.0   44.353  122.789   1952.8    767.1
     1     1    21     1    15     2     0     0   -22.0   44.611  122.529   1979.9    764.6
     1     1    21     1    15     1     0     0   -23.0   44.850  122.294   1996.5    758.7
     1     1    21     1    15     0     0     0   -24.0   45.070  122.079   2005.6    752.4
     1     1    21     1    14    23     0     0   -25.0   45.270  121.854   2011.1    745.2
     1     1    21     1    14    22     0     0   -26.0   45.453  121.588   2019.1    737.2
     1     1    21     1    14    21     0     0   -27.0   45.624  121.281   2030.2    728.8
     1     1    21     1    14    20     0     0   -28.0   45.785  120.935   2045.5    719.7
     1     1    21     1    14    19     0     0   -29.0   45.941  120.551   2065.9    710.1
     1     1    21     1    14    18     0     0   -30.0   46.096  120.130   2092.2    699.7
     1     1    21     1    14    17     0     0   -31.0   46.249  119.677   2117.1    691.0
     1     1    21     1    14    16     0     0   -32.0   46.395  119.206   2130.9    686.2
     1     1    21     1    14    15     0     0   -33.0   46.537  118.726   2134.9    683.1
     1     1    21     1    14    14     0     0   -34.0   46.679  118.247   2132.2    681.5
     1     1    21     1    14    13     0     0   -35.0   46.823  117.777   2126.3    681.1
     1     1    21     1    14    12     0     0   -36.0   46.973  117.327   2121.1    682.5
     1     1    21     1    14    11     0     0   -37.0   47.120  116.902   2116.3    684.9
     1     1    21     1    14    10     0     0   -38.0   47.255  116.505   2108.6    687.5
     1     1    21     1    14     9     0     0   -39.0   47.378  116.138   2097.4    690.3
     1     1    21     1    14     8     0     0   -40.0   47.490  115.801   2082.4    693.3
     1     1    21     1    14     7     0     0   -41.0   47.591  115.493   2062.4    695.8
     1     1    21     1    14     6     0     0   -42.0   47.679  115.210   2038.1    698.5
     1     1    21     1    14     5     0     0   -43.0   47.772  114.938   2010.9    700.4
     1     1    21     1    14     4     0     0   -44.0   47.883  114.660   1986.7    698.8
     1     1    21     1    14     3     0     0   -45.0   48.010  114.368   1965.5    696.7
     1     1    21     1    14     2     0     0   -46.0   48.150  114.058   1946.4    694.1
     1     1    21     1    14     1     0     0   -47.0   48.300  113.729   1928.4    691.0
     1     1    21     1    14     0     0     0   -48.0   48.457  113.376   1910.4    687.6
     1     1    21     1    13    23     0     0   -49.0   48.617  112.991   1896.1    684.3
     1     1    21     1    13    22     0     0   -50.0   48.779  112.561   1886.7    679.2
     1     1    21     1    13    21     0     0   -51.0   48.941  112.087   1881.9    674.2
     1     1    21     1    13    20     0     0   -52.0   49.101  111.570   1879.5    668.7
     1     1    21     1    13    19     0     0   -53.0   49.255  111.011   1876.4    663.1
     1     1    21     1    13    18     0     0   -54.0   49.401  110.411   1870.1    657.6
     1     1    21     1    13    17     0     0   -55.0   49.549  109.791   1865.9    656.1
     1     1    21     1    13    16     0     0   -56.0   49.712  109.182   1869.9    660.6
     1     1    21     1    13    15     0     0   -57.0   49.885  108.585   1879.0    664.8
     1     1    21     1    13    14     0     0   -58.0   50.067  107.989   1893.4    669.5
     1     1    21     1    13    13     0     0   -59.0   50.253  107.382   1911.7    674.7
     1     1    21     1    13    12     0     0   -60.0   50.444  106.759   1929.2    677.8
     1     1    21     1    13    11     0     0   -61.0   50.637  106.132   1945.0    681.3
     1     1    21     1    13    10     0     0   -62.0   50.825  105.513   1958.1    685.0
     1     1    21     1    13     9     0     0   -63.0   51.007  104.896   1966.6    686.6
     1     1    21     1    13     8     0     0   -64.0   51.186  104.257   1962.7    677.7
     1     1    21     1    13     7     0     0   -65.0   51.367  103.578   1955.8    668.1
     1     1    21     1    13     6     0     0   -66.0   51.548  102.853   1946.5    657.3
     1     1    21     1    13     5     0     0   -67.0   51.738  102.086   1935.8    646.3
     1     1    21     1    13     4     0     0   -68.0   51.944  101.282   1922.5    634.6
     1     1    21     1    13     3     0     0   -69.0   52.167  100.431   1904.0    621.8
     1     1    21     1    13     2     0     0   -70.0   52.405   99.530   1886.2    618.1
     1     1    21     1    13     1     0     0   -71.0   52.647   98.600   1868.0    627.8
     1     1    21     1    13     0     0     0   -72.0   52.890   97.653   1835.4    640.2
     1     1    21     1    12    23     0     0   -73.0   53.112   96.736   1794.0    661.8
     1     1    21     1    12    22     0     0   -74.0   53.289   95.888   1740.6    682.6
     1     1    21     1    12    21     0     0   -75.0   53.413   95.106   1680.1    700.8
     1     1    21     1    12    20     0     0   -76.0   53.482   94.385   1616.8    714.4
     1     1    21     1    12    19     0     0   -77.0   53.495   93.723   1557.1    725.4
     1     1    21     1    12    18     0     0   -78.0   53.455   93.115   1502.5    734.7
     1     1    21     1    12    17     0     0   -79.0   53.388   92.549   1457.3    743.5
     1     1    21     1    12    16     0     0   -80.0   53.324   92.015   1420.7    747.4
     1     1    21     1    12    15     0     0   -81.0   53.261   91.512   1391.7    750.1
     1     1    21     1    12    14     0     0   -82.0   53.199   91.042   1369.0    752.0
     1     1    21     1    12    13     0     0   -83.0   53.133   90.607   1351.6    753.1
     1     1    21     1    12    12     0     0   -84.0   53.063   90.209   1338.5    753.4
     1     1    21     1    12    11     0     0   -85.0   52.996   89.834   1329.9    753.4
     1     1    21     1    12    10     0     0   -86.0   52.942   89.471   1326.1    754.5
     1     1    21     1    12     9     0     0   -87.0   52.906   89.120   1328.4    755.3
     1     1    21     1    12     8     0     0   -88.0   52.891   88.778   1338.6    755.9
     1     1    21     1    12     7     0     0   -89.0   52.900   88.444   1358.5    756.2
     1     1    21     1    12     6     0     0   -90.0   52.938   88.116   1389.8    756.1
     1     1    21     1    12     5     0     0   -91.0   52.997   87.765   1426.3    755.1
     1     1    21     1    12     4     0     0   -92.0   53.068   87.374   1459.8    757.1
     1     1    21     1    12     3     0     0   -93.0   53.145   86.959   1491.4    762.1
     1     1    21     1    12     2     0     0   -94.0   53.230   86.535   1519.6    767.4
     1     1    21     1    12     1     0     0   -95.0   53.323   86.105   1545.5    772.8
     1     1    21     1    12     0     0     0   -96.0   53.430   85.676   1570.3    777.9
