     2     1
    CDC1    21     5     1     0     0
    CDC1    21     6     1     0     0
     1 BACKWARD OMEGA   
  2021     6     8    12   37.500  127.000   500.0
     1 PRESSURE
     1     1    21     6     8    12     0     0     0.0   37.500  127.000    500.0    939.4
     1     1    21     6     8    11     0     0    -1.0   37.377  127.087    504.2    938.7
     1     1    21     6     8    10     0     0    -2.0   37.278  127.163    507.9    938.0
     1     1    21     6     8     9     0     0    -3.0   37.201  127.230    510.8    937.5
     1     1    21     6     8     8     0     0    -4.0   37.147  127.286    512.7    937.1
     1     1    21     6     8     7     0     0    -5.0   37.115  127.334    513.2    936.8
     1     1    21     6     8     6     0     0    -6.0   37.105  127.372    512.5    936.6
     1     1    21     6     8     5     0     0    -7.0   37.105  127.394    511.5    936.8
     1     1    21     6     8     4     0     0    -8.0   37.102  127.391    510.4    937.0
     1     1    21     6     8     3     0     0    -9.0   37.094  127.365    509.2    937.4
     1     1    21     6     8     2     0     0   -10.0   37.080  127.316    508.1    937.9
     1     1    21     6     8     1     0     0   -11.0   37.060  127.245    506.7    938.5
     1     1    21     6     8     0     0     0   -12.0   37.031  127.153    505.3    939.3
     1     1    21     6     7    23     0     0   -13.0   36.992  127.048    502.9    939.9
     1     1    21     6     7    22     0     0   -14.0   36.940  126.938    498.5    941.0
     1     1    21     6     7    21     0     0   -15.0   36.877  126.825    492.1    942.2
     1     1    21     6     7    20     0     0   -16.0   36.802  126.707    483.8    943.8
     1     1    21     6     7    19     0     0   -17.0   36.715  126.588    473.7    945.5
     1     1    21     6     7    18     0     0   -18.0   36.616  126.466    461.7    947.5
     1     1    21     6     7    17     0     0   -19.0   36.508  126.351    451.3    949.7
     1     1    21     6     7    16     0     0   -20.0   36.397  126.249    445.9    950.8
     1     1    21     6     7    15     0     0   -21.0   36.282  126.157    445.4    951.4
     1     1    21     6     7    14     0     0   -22.0   36.165  126.077    449.9    951.4
     1     1    21     6     7    13     0     0   -23.0   36.044  126.005    459.5    950.7
     1     1    21     6     7    12     0     0   -24.0   35.921  125.944    474.5    949.5
     1     1    21     6     7    11     0     0   -25.0   35.789  125.886    493.0    947.7
     1     1    21     6     7    10     0     0   -26.0   35.642  125.827    513.3    946.1
     1     1    21     6     7     9     0     0   -27.0   35.482  125.767    535.7    944.2
     1     1    21     6     7     8     0     0   -28.0   35.309  125.707    560.4    942.2
     1     1    21     6     7     7     0     0   -29.0   35.126  125.646    588.0    940.0
     1     1    21     6     7     6     0     0   -30.0   34.935  125.585    618.6    937.6
     1     1    21     6     7     5     0     0   -31.0   34.748  125.526    646.4    934.7
     1     1    21     6     7     4     0     0   -32.0   34.573  125.468    665.2    933.3
     1     1    21     6     7     3     0     0   -33.0   34.408  125.410    675.2    932.9
     1     1    21     6     7     2     0     0   -34.0   34.253  125.354    676.6    933.4
     1     1    21     6     7     1     0     0   -35.0   34.104  125.300    669.9    934.9
     1     1    21     6     7     0     0     0   -36.0   33.961  125.247    655.4    937.2
     1     1    21     6     6    23     0     0   -37.0   33.817  125.193    639.7    939.7
     1     1    21     6     6    22     0     0   -38.0   33.665  125.131    629.8    940.8
     1     1    21     6     6    21     0     0   -39.0   33.508  125.061    624.9    941.2
     1     1    21     6     6    20     0     0   -40.0   33.347  124.982    624.7    941.2
     1     1    21     6     6    19     0     0   -41.0   33.183  124.891    629.2    940.7
     1     1    21     6     6    18     0     0   -42.0   33.019  124.787    638.2    939.6
     1     1    21     6     6    17     0     0   -43.0   32.857  124.687    651.0    938.3
     1     1    21     6     6    16     0     0   -44.0   32.703  124.608    666.0    936.9
     1     1    21     6     6    15     0     0   -45.0   32.557  124.550    682.9    935.2
     1     1    21     6     6    14     0     0   -46.0   32.422  124.512    700.9    933.0
     1     1    21     6     6    13     0     0   -47.0   32.297  124.493    719.6    930.5
     1     1    21     6     6    12     0     0   -48.0   32.182  124.493    738.8    928.0
     1     1    21     6     6    11     0     0   -49.0   32.080  124.500    756.3    925.2
     1     1    21     6     6    10     0     0   -50.0   31.991  124.508    769.9    923.1
     1     1    21     6     6     9     0     0   -51.0   31.914  124.514    779.7    921.5
     1     1    21     6     6     8     0     0   -52.0   31.848  124.520    785.7    920.3
     1     1    21     6     6     7     0     0   -53.0   31.791  124.525    788.1    919.6
     1     1    21     6     6     6     0     0   -54.0   31.744  124.529    787.0    919.2
     1     1    21     6     6     5     0     0   -55.0   31.706  124.528    787.0    919.5
     1     1    21     6     6     4     0     0   -56.0   31.677  124.516    792.8    918.8
     1     1    21     6     6     3     0     0   -57.0   31.659  124.492    804.2    917.5
     1     1    21     6     6     2     0     0   -58.0   31.651  124.456    821.3    915.7
     1     1    21     6     6     1     0     0   -59.0   31.652  124.407    844.4    913.3
     1     1    21     6     6     0     0     0   -60.0   31.663  124.344    873.7    910.4
     1     1    21     6     5    23     0     0   -61.0   31.671  124.257    904.1    906.7
     1     1    21     6     5    22     0     0   -62.0   31.664  124.140    929.8    904.0
     1     1    21     6     5    21     0     0   -63.0   31.642  123.995    951.1    901.5
     1     1    21     6     5    20     0     0   -64.0   31.605  123.826    967.8    899.4
     1     1    21     6     5    19     0     0   -65.0   31.552  123.634    980.3    897.8
     1     1    21     6     5    18     0     0   -66.0   31.483  123.424    988.6    896.6
     1     1    21     6     5    17     0     0   -67.0   31.411  123.222    997.2    895.8
     1     1    21     6     5    16     0     0   -68.0   31.349  123.049   1009.8    894.2
     1     1    21     6     5    15     0     0   -69.0   31.298  122.904   1026.6    892.2
     1     1    21     6     5    14     0     0   -70.0   31.262  122.785   1047.7    889.8
     1     1    21     6     5    13     0     0   -71.0   31.241  122.689   1073.2    887.0
     1     1    21     6     5    12     0     0   -72.0   31.238  122.613   1102.9    883.9
     1     1    21     6     5    11     0     0   -73.0   31.241  122.545   1130.1    880.4
     1     1    21     6     5    10     0     0   -74.0   31.242  122.470   1147.6    878.3
     1     1    21     6     5     9     0     0   -75.0   31.238  122.389   1155.3    876.8
     1     1    21     6     5     8     0     0   -76.0   31.229  122.301   1153.2    876.3
     1     1    21     6     5     7     0     0   -77.0   31.214  122.206   1141.3    876.7
     1     1    21     6     5     6     0     0   -78.0   31.195  122.105   1119.5    878.1
     1     1    21     6     5     5     0     0   -79.0   31.178  122.002   1094.6    880.7
     1     1    21     6     5     4     0     0   -80.0   31.168  121.901   1073.2    882.4
     1     1    21     6     5     3     0     0   -81.0   31.163  121.801   1055.7    883.8
     1     1    21     6     5     2     0     0   -82.0   31.165  121.700   1042.1    884.7
     1     1    21     6     5     1     0     0   -83.0   31.171  121.596   1032.6    885.3
     1     1    21     6     5     0     0     0   -84.0   31.182  121.491   1027.3    885.4
     1     1    21     6     4    23     0     0   -85.0   31.193  121.369   1023.7    884.8
     1     1    21     6     4    22     0     0   -86.0   31.201  121.220   1020.2    884.1
     1     1    21     6     4    21     0     0   -87.0   31.207  121.042   1016.7    883.3
     1     1    21     6     4    20     0     0   -88.0   31.213  120.836   1013.7    882.2
     1     1    21     6     4    19     0     0   -89.0   31.222  120.601   1011.4    880.9
     1     1    21     6     4    18     0     0   -90.0   31.237  120.339   1010.3    879.2
     1     1    21     6     4    17     0     0   -91.0   31.255  120.068   1011.6    877.6
     1     1    21     6     4    16     0     0   -92.0   31.271  119.808   1016.0    876.2
     1     1    21     6     4    15     0     0   -93.0   31.283  119.562   1023.3    874.7
     1     1    21     6     4    14     0     0   -94.0   31.292  119.328   1033.4    873.0
     1     1    21     6     4    13     0     0   -95.0   31.298  119.108   1045.8    871.1
     1     1    21     6     4    12     0     0   -96.0   31.302  118.900   1060.6    868.9
