     2     1
    CDC1    21     8     1     0     0
    CDC1    21     9     1     0     0
     1 BACKWARD OMEGA   
  2021     9     3    21   37.500  127.000   500.0
     1 PRESSURE
     1     1    21     9     3    21     0     0     0.0   37.500  127.000    500.0    938.6
     1     1    21     9     3    20     0     0    -1.0   37.550  127.187    507.5    935.9
     1     1    21     9     3    19     0     0    -2.0   37.602  127.378    514.2    933.1
     1     1    21     9     3    18     0     0    -3.0   37.657  127.570    520.1    931.0
     1     1    21     9     3    17     0     0    -4.0   37.720  127.753    526.7    929.8
     1     1    21     9     3    16     0     0    -5.0   37.796  127.914    536.0    928.0
     1     1    21     9     3    15     0     0    -6.0   37.884  128.056    547.9    925.9
     1     1    21     9     3    14     0     0    -7.0   37.981  128.180    563.1    923.3
     1     1    21     9     3    13     0     0    -8.0   38.084  128.290    581.8    920.3
     1     1    21     9     3    12     0     0    -9.0   38.194  128.386    604.6    916.8
     1     1    21     9     3    11     0     0   -10.0   38.299  128.477    628.4    913.0
     1     1    21     9     3    10     0     0   -11.0   38.390  128.573    649.6    909.6
     1     1    21     9     3     9     0     0   -12.0   38.468  128.672    667.8    906.9
     1     1    21     9     3     8     0     0   -13.0   38.533  128.773    683.1    904.8
     1     1    21     9     3     7     0     0   -14.0   38.585  128.875    695.2    903.3
     1     1    21     9     3     6     0     0   -15.0   38.625  128.979    704.2    902.2
     1     1    21     9     3     5     0     0   -16.0   38.658  129.086    711.5    902.0
     1     1    21     9     3     4     0     0   -17.0   38.692  129.199    718.8    901.8
     1     1    21     9     3     3     0     0   -18.0   38.726  129.319    726.0    901.6
     1     1    21     9     3     2     0     0   -19.0   38.761  129.445    733.3    901.5
     1     1    21     9     3     1     0     0   -20.0   38.796  129.579    740.6    901.5
     1     1    21     9     3     0     0     0   -21.0   38.833  129.719    748.1    901.5
     1     1    21     9     2    23     0     0   -22.0   38.863  129.859    754.4    901.3
     1     1    21     9     2    22     0     0   -23.0   38.877  129.988    758.4    901.4
     1     1    21     9     2    21     0     0   -24.0   38.877  130.108    760.1    902.5
     1     1    21     9     2    20     0     0   -25.0   38.863  130.220    759.3    903.9
     1     1    21     9     2    19     0     0   -26.0   38.835  130.323    755.9    905.6
     1     1    21     9     2    18     0     0   -27.0   38.796  130.418    750.0    907.5
     1     1    21     9     2    17     0     0   -28.0   38.755  130.517    742.8    910.0
     1     1    21     9     2    16     0     0   -29.0   38.726  130.633    736.2    912.5
     1     1    21     9     2    15     0     0   -30.0   38.708  130.765    730.1    915.0
     1     1    21     9     2    14     0     0   -31.0   38.700  130.913    724.7    917.6
     1     1    21     9     2    13     0     0   -32.0   38.704  131.077    720.1    920.3
     1     1    21     9     2    12     0     0   -33.0   38.718  131.256    716.5    923.1
     1     1    21     9     2    11     0     0   -34.0   38.740  131.444    714.0    926.0
     1     1    21     9     2    10     0     0   -35.0   38.768  131.636    712.6    928.8
     1     1    21     9     2     9     0     0   -36.0   38.800  131.832    712.5    931.6
     1     1    21     9     2     8     0     0   -37.0   38.839  132.034    713.7    934.3
     1     1    21     9     2     7     0     0   -38.0   38.882  132.241    716.3    937.0
     1     1    21     9     2     6     0     0   -39.0   38.932  132.456    720.4    939.8
     1     1    21     9     2     5     0     0   -40.0   38.991  132.674    725.6    939.6
     1     1    21     9     2     4     0     0   -41.0   39.063  132.893    733.3    938.5
     1     1    21     9     2     3     0     0   -42.0   39.148  133.113    743.4    937.3
     1     1    21     9     2     2     0     0   -43.0   39.246  133.335    755.9    936.0
     1     1    21     9     2     1     0     0   -44.0   39.356  133.559    770.7    934.8
     1     1    21     9     2     0     0     0   -45.0   39.479  133.787    787.8    933.7
     1     1    21     9     1    23     0     0   -46.0   39.607  134.018    804.9    932.5
     1     1    21     9     1    22     0     0   -47.0   39.730  134.251    818.4    932.2
     1     1    21     9     1    21     0     0   -48.0   39.851  134.486    827.9    932.5
     1     1    21     9     1    20     0     0   -49.0   39.969  134.723    833.0    933.5
     1     1    21     9     1    19     0     0   -50.0   40.083  134.957    832.5    933.4
     1     1    21     9     1    18     0     0   -51.0   40.193  135.180    826.4    931.8
     1     1    21     9     1    17     0     0   -52.0   40.296  135.384    818.4    930.4
     1     1    21     9     1    16     0     0   -53.0   40.389  135.564    812.2    928.8
     1     1    21     9     1    15     0     0   -54.0   40.472  135.721    807.8    927.4
     1     1    21     9     1    14     0     0   -55.0   40.546  135.858    805.4    926.0
     1     1    21     9     1    13     0     0   -56.0   40.611  135.975    804.9    924.7
     1     1    21     9     1    12     0     0   -57.0   40.666  136.075    806.3    923.4
     1     1    21     9     1    11     0     0   -58.0   40.714  136.156    809.6    922.6
     1     1    21     9     1    10     0     0   -59.0   40.756  136.219    813.9    921.8
     1     1    21     9     1     9     0     0   -60.0   40.794  136.263    819.5    921.0
     1     1    21     9     1     8     0     0   -61.0   40.828  136.288    826.3    920.3
     1     1    21     9     1     7     0     0   -62.0   40.858  136.295    834.2    919.5
     1     1    21     9     1     6     0     0   -63.0   40.884  136.285    843.0    918.8
     1     1    21     9     1     5     0     0   -64.0   40.912  136.269    852.4    917.6
     1     1    21     9     1     4     0     0   -65.0   40.950  136.256    863.2    916.2
     1     1    21     9     1     3     0     0   -66.0   40.998  136.247    875.2    914.7
     1     1    21     9     1     2     0     0   -67.0   41.055  136.242    888.5    913.0
     1     1    21     9     1     1     0     0   -68.0   41.122  136.239    903.6    911.0
     1     1    21     9     1     0     0     0   -69.0   41.198  136.239    920.5    908.9
     1     1    21     8    31    23     0     0   -70.0   41.277  136.231    937.2    906.6
     1     1    21     8    31    22     0     0   -71.0   41.352  136.204    950.1    904.9
     1     1    21     8    31    21     0     0   -72.0   41.423  136.158    959.2    903.7
     1     1    21     8    31    20     0     0   -73.0   41.490  136.096    964.1    903.0
     1     1    21     8    31    19     0     0   -74.0   41.552  136.016    964.7    902.8
     1     1    21     8    31    18     0     0   -75.0   41.609  135.921    960.5    903.2
     1     1    21     8    31    17     0     0   -76.0   41.663  135.819    955.4    904.3
     1     1    21     8    31    16     0     0   -77.0   41.718  135.714    953.5    904.5
     1     1    21     8    31    15     0     0   -78.0   41.772  135.606    954.5    904.4
     1     1    21     8    31    14     0     0   -79.0   41.827  135.496    958.6    903.9
     1     1    21     8    31    13     0     0   -80.0   41.881  135.382    965.5    903.1
     1     1    21     8    31    12     0     0   -81.0   41.935  135.265    975.2    901.9
     1     1    21     8    31    11     0     0   -82.0   41.998  135.144    988.9    900.3
     1     1    21     8    31    10     0     0   -83.0   42.079  135.018   1007.1    897.8
     1     1    21     8    31     9     0     0   -84.0   42.177  134.889   1030.2    893.9
     1     1    21     8    31     8     0     0   -85.0   42.295  134.754   1059.0    889.0
     1     1    21     8    31     7     0     0   -86.0   42.431  134.613   1094.1    883.1
     1     1    21     8    31     6     0     0   -87.0   42.586  134.468   1135.8    876.5
     1     1    21     8    31     5     0     0   -88.0   42.759  134.320   1180.9    869.4
     1     1    21     8    31     4     0     0   -89.0   42.947  134.166   1226.1    862.6
     1     1    21     8    31     3     0     0   -90.0   43.149  134.010   1272.2    855.9
     1     1    21     8    31     2     0     0   -91.0   43.366  133.852   1319.8    848.9
     1     1    21     8    31     1     0     0   -92.0   43.599  133.692   1369.7    841.5
     1     1    21     8    31     0     0     0   -93.0   43.850  133.531   1422.8    834.0
     1     1    21     8    30    23     0     0   -94.0   44.117  133.365   1476.1    826.1
     1     1    21     8    30    22     0     0   -95.0   44.394  133.192   1525.4    819.1
     1     1    21     8    30    21     0     0   -96.0   44.683  133.013   1570.0    812.8
