     2     1
    CDC1    21     7     1     0     0
    CDC1    21     8     1     0     0
     1 BACKWARD OMEGA   
  2021     8    20    12   37.500  127.000   500.0
     1 PRESSURE
     1     1    21     8    20    12     0     0     0.0   37.500  127.000    500.0    934.8
     1     1    21     8    20    11     0     0    -1.0   37.263  126.991    489.5    936.7
     1     1    21     8    20    10     0     0    -2.0   37.031  126.981    478.6    938.6
     1     1    21     8    20     9     0     0    -3.0   36.806  126.973    467.3    940.6
     1     1    21     8    20     8     0     0    -4.0   36.587  126.966    455.5    942.7
     1     1    21     8    20     7     0     0    -5.0   36.376  126.965    443.1    944.8
     1     1    21     8    20     6     0     0    -6.0   36.174  126.969    430.1    946.9
     1     1    21     8    20     5     0     0    -7.0   35.981  126.987    416.6    949.1
     1     1    21     8    20     4     0     0    -8.0   35.796  127.026    403.0    951.1
     1     1    21     8    20     3     0     0    -9.0   35.622  127.085    389.7    953.0
     1     1    21     8    20     2     0     0   -10.0   35.458  127.161    376.9    954.6
     1     1    21     8    20     1     0     0   -11.0   35.306  127.255    364.6    955.9
     1     1    21     8    20     0     0     0   -12.0   35.167  127.365    352.9    957.0
     1     1    21     8    19    23     0     0   -13.0   35.040  127.479    342.4    957.6
     1     1    21     8    19    22     0     0   -14.0   34.920  127.583    333.4    958.4
     1     1    21     8    19    21     0     0   -15.0   34.805  127.674    325.6    959.3
     1     1    21     8    19    20     0     0   -16.0   34.692  127.751    318.5    960.2
     1     1    21     8    19    19     0     0   -17.0   34.580  127.815    312.0    961.1
     1     1    21     8    19    18     0     0   -18.0   34.467  127.868    305.6    962.0
     1     1    21     8    19    17     0     0   -19.0   34.359  127.912    299.8    963.2
     1     1    21     8    19    16     0     0   -20.0   34.261  127.950    295.0    964.2
     1     1    21     8    19    15     0     0   -21.0   34.174  127.982    291.2    965.1
     1     1    21     8    19    14     0     0   -22.0   34.098  128.008    288.7    965.7
     1     1    21     8    19    13     0     0   -23.0   34.034  128.030    287.5    966.1
     1     1    21     8    19    12     0     0   -24.0   33.981  128.047    287.8    966.3
     1     1    21     8    19    11     0     0   -25.0   33.931  128.058    288.1    966.1
     1     1    21     8    19    10     0     0   -26.0   33.876  128.065    287.1    966.2
     1     1    21     8    19     9     0     0   -27.0   33.814  128.066    284.7    966.6
     1     1    21     8    19     8     0     0   -28.0   33.745  128.062    281.0    967.1
     1     1    21     8    19     7     0     0   -29.0   33.669  128.053    276.0    967.9
     1     1    21     8    19     6     0     0   -30.0   33.586  128.038    269.6    968.9
     1     1    21     8    19     5     0     0   -31.0   33.507  128.021    263.5    970.2
     1     1    21     8    19     4     0     0   -32.0   33.444  128.006    259.1    971.0
     1     1    21     8    19     3     0     0   -33.0   33.398  127.992    256.5    971.4
     1     1    21     8    19     2     0     0   -34.0   33.368  127.977    255.7    971.6
     1     1    21     8    19     1     0     0   -35.0   33.356  127.961    256.5    971.5
     1     1    21     8    19     0     0     0   -36.0   33.363  127.946    259.1    971.1
     1     1    21     8    18    23     0     0   -37.0   33.378  127.933    261.8    970.2
     1     1    21     8    18    22     0     0   -38.0   33.391  127.924    263.0    969.7
     1     1    21     8    18    21     0     0   -39.0   33.401  127.918    262.7    969.3
     1     1    21     8    18    20     0     0   -40.0   33.410  127.917    261.0    969.1
     1     1    21     8    18    19     0     0   -41.0   33.417  127.920    257.8    969.1
     1     1    21     8    18    18     0     0   -42.0   33.421  127.927    253.2    969.2
     1     1    21     8    18    17     0     0   -43.0   33.430  127.942    247.9    969.8
     1     1    21     8    18    16     0     0   -44.0   33.448  127.971    242.5    970.2
     1     1    21     8    18    15     0     0   -45.0   33.475  128.014    237.0    970.6
     1     1    21     8    18    14     0     0   -46.0   33.510  128.074    231.3    970.9
     1     1    21     8    18    13     0     0   -47.0   33.554  128.152    225.3    971.1
     1     1    21     8    18    12     0     0   -48.0   33.606  128.247    219.0    971.4
     1     1    21     8    18    11     0     0   -49.0   33.660  128.356    211.3    971.4
     1     1    21     8    18    10     0     0   -50.0   33.711  128.470    201.6    972.0
     1     1    21     8    18     9     0     0   -51.0   33.759  128.590    190.2    972.5
     1     1    21     8    18     8     0     0   -52.0   33.804  128.715    177.4    973.0
     1     1    21     8    18     7     0     0   -53.0   33.847  128.844    163.6    973.6
     1     1    21     8    18     6     0     0   -54.0   33.888  128.976    149.2    974.4
     1     1    21     8    18     5     0     0   -55.0   33.936  129.110    136.1    975.7
     1     1    21     8    18     4     0     0   -56.0   34.001  129.244    125.8    976.5
     1     1    21     8    18     3     0     0   -57.0   34.084  129.377    117.9    976.9
     1     1    21     8    18     2     0     0   -58.0   34.186  129.511    111.8    977.1
     1     1    21     8    18     1     0     0   -59.0   34.310  129.647    107.1    977.1
     1     1    21     8    18     0     0     0   -60.0   34.457  129.785    103.5    976.9
     1     1    21     8    17    23     0     0   -61.0   34.614  129.922     99.9    976.1
     1     1    21     8    17    22     0     0   -62.0   34.765  130.051     95.8    975.7
     1     1    21     8    17    21     0     0   -63.0   34.910  130.170     91.4    975.7
     1     1    21     8    17    20     0     0   -64.0   35.046  130.279     86.8    976.2
     1     1    21     8    17    19     0     0   -65.0   35.173  130.376     82.1    977.5
     1     1    21     8    17    18     0     0   -66.0   35.290  130.460     77.5    978.7
     1     1    21     8    17    17     0     0   -67.0   35.409  130.547     72.9    980.1
     1     1    21     8    17    16     0     0   -68.0   35.538  130.648     67.8    981.5
     1     1    21     8    17    15     0     0   -69.0   35.677  130.763     62.1    983.2
     1     1    21     8    17    14     0     0   -70.0   35.822  130.891     56.0    985.2
     1     1    21     8    17    13     0     0   -71.0   35.973  131.032     49.2    987.4
     1     1    21     8    17    12     0     0   -72.0   36.126  131.186     41.9    990.0
     1     1    21     8    17    11     0     0   -73.0   36.272  131.357     34.5    992.9
     1     1    21     8    17    10     0     0   -74.0   36.405  131.551     27.4    995.9
     1     1    21     8    17     9     0     0   -75.0   36.524  131.770     21.1    999.1
     1     1    21     8    17     8     0     0   -76.0   36.634  132.014     15.7   1002.6
     1     1    21     8    17     7     0     0   -77.0   36.734  132.285     11.6   1006.2
     1     1    21     8    17     6     0     0   -78.0   36.825  132.582      8.2   1008.3
     1     1    21     8    17     5     0     0   -79.0   36.900  132.893      5.2   1007.5
     1     1    21     8    17     4     0     0   -80.0   36.952  133.209      2.2   1006.4
     1     1    21     8    17     3     0     0   -81.0   36.982  133.531      0.0   1005.1
     1     1    21     8    17     2     0     0   -82.0   36.991  133.856      0.0   1003.7
     1     1    21     8    17     1     0     0   -83.0   36.982  134.185      0.0   1002.1
     1     1    21     8    17     0     0     0   -84.0   36.956  134.517      0.0   1000.5
     1     1    21     8    16    23     0     0   -85.0   36.915  134.829      0.0    998.6
     1     1    21     8    16    22     0     0   -86.0   36.859  135.101      0.0    996.3
     1     1    21     8    16    21     0     0   -87.0   36.790  135.335      0.0    993.6
     1     1    21     8    16    20     0     0   -88.0   36.711  135.533      0.0    991.3
     1     1    21     8    16    19     0     0   -89.0   36.623  135.698      0.0    989.4
     1     1    21     8    16    18     0     0   -90.0   36.525  135.831      0.0    987.9
     1     1    21     8    16    17     0     0   -91.0   36.435  135.949      0.0    986.7
     1     1    21     8    16    16     0     0   -92.0   36.368  136.066      0.0    985.7
     1     1    21     8    16    15     0     0   -93.0   36.324  136.183      0.0    984.8
     1     1    21     8    16    14     0     0   -94.0   36.305  136.303      0.0    984.0
     1     1    21     8    16    13     0     0   -95.0   36.310  136.425      0.0    983.2
     1     1    21     8    16    12     0     0   -96.0   36.341  136.552      0.0    982.4
