     2     1
    CDC1    21     8     1     0     0
    CDC1    21     9     1     0     0
     1 BACKWARD OMEGA   
  2021     9    12     3   37.500  127.000   500.0
     1 PRESSURE
     1     1    21     9    12     3     0     0     0.0   37.500  127.000    500.0    937.9
     1     1    21     9    12     2     0     0    -1.0   37.645  127.080    534.0    932.1
     1     1    21     9    12     1     0     0    -2.0   37.796  127.143    574.4    925.5
     1     1    21     9    12     0     0     0    -3.0   37.955  127.186    622.2    918.2
     1     1    21     9    11    23     0     0    -4.0   38.112  127.202    674.8    909.2
     1     1    21     9    11    22     0     0    -5.0   38.261  127.182    728.2    900.8
     1     1    21     9    11    21     0     0    -6.0   38.399  127.123    781.6    893.1
     1     1    21     9    11    20     0     0    -7.0   38.527  127.026    834.1    886.2
     1     1    21     9    11    19     0     0    -8.0   38.644  126.890    884.8    880.0
     1     1    21     9    11    18     0     0    -9.0   38.748  126.717    933.3    874.6
     1     1    21     9    11    17     0     0   -10.0   38.840  126.519    979.2    869.7
     1     1    21     9    11    16     0     0   -11.0   38.921  126.309   1022.2    865.4
     1     1    21     9    11    15     0     0   -12.0   38.992  126.087   1062.3    861.9
     1     1    21     9    11    14     0     0   -13.0   39.054  125.856   1099.4    858.9
     1     1    21     9    11    13     0     0   -14.0   39.105  125.614   1133.6    856.6
     1     1    21     9    11    12     0     0   -15.0   39.146  125.364   1164.8    854.8
     1     1    21     9    11    11     0     0   -16.0   39.177  125.105   1188.6    853.6
     1     1    21     9    11    10     0     0   -17.0   39.195  124.838   1200.1    854.2
     1     1    21     9    11     9     0     0   -18.0   39.199  124.567   1199.1    856.3
     1     1    21     9    11     8     0     0   -19.0   39.191  124.293   1186.1    859.8
     1     1    21     9    11     7     0     0   -20.0   39.169  124.019   1162.1    864.4
     1     1    21     9    11     6     0     0   -21.0   39.136  123.743   1128.4    870.2
     1     1    21     9    11     5     0     0   -22.0   39.093  123.471   1089.4    876.8
     1     1    21     9    11     4     0     0   -23.0   39.044  123.207   1048.8    883.3
     1     1    21     9    11     3     0     0   -24.0   38.987  122.948   1006.6    889.9
     1     1    21     9    11     2     0     0   -25.0   38.920  122.692    963.0    896.7
     1     1    21     9    11     1     0     0   -26.0   38.843  122.439    918.6    903.1
     1     1    21     9    11     0     0     0   -27.0   38.755  122.186    874.5    907.6
     1     1    21     9    10    23     0     0   -28.0   38.657  121.936    834.7    912.2
     1     1    21     9    10    22     0     0   -29.0   38.544  121.691    800.7    916.0
     1     1    21     9    10    21     0     0   -30.0   38.416  121.448    771.4    919.6
     1     1    21     9    10    20     0     0   -31.0   38.272  121.207    745.7    923.0
     1     1    21     9    10    19     0     0   -32.0   38.111  120.967    722.7    926.3
     1     1    21     9    10    18     0     0   -33.0   37.933  120.730    701.5    929.6
     1     1    21     9    10    17     0     0   -34.0   37.742  120.516    683.3    933.3
     1     1    21     9    10    16     0     0   -35.0   37.543  120.349    669.2    936.4
     1     1    21     9    10    15     0     0   -36.0   37.338  120.229    658.9    937.6
     1     1    21     9    10    14     0     0   -37.0   37.130  120.152    652.3    937.8
     1     1    21     9    10    13     0     0   -38.0   36.922  120.118    649.9    937.5
     1     1    21     9    10    12     0     0   -39.0   36.716  120.121    651.9    936.6
     1     1    21     9    10    11     0     0   -40.0   36.525  120.146    655.8    935.2
     1     1    21     9    10    10     0     0   -41.0   36.358  120.180    659.5    934.2
     1     1    21     9    10     9     0     0   -42.0   36.215  120.225    662.3    933.5
     1     1    21     9    10     8     0     0   -43.0   36.093  120.281    664.2    933.0
     1     1    21     9    10     7     0     0   -44.0   35.990  120.347    664.8    932.8
     1     1    21     9    10     6     0     0   -45.0   35.904  120.424    664.1    932.8
     1     1    21     9    10     5     0     0   -46.0   35.831  120.500    663.5    932.9
     1     1    21     9    10     4     0     0   -47.0   35.768  120.566    664.7    932.5
     1     1    21     9    10     3     0     0   -48.0   35.713  120.619    667.4    932.0
     1     1    21     9    10     2     0     0   -49.0   35.666  120.661    671.8    931.3
     1     1    21     9    10     1     0     0   -50.0   35.627  120.691    677.6    930.4
     1     1    21     9    10     0     0     0   -51.0   35.596  120.708    685.0    929.3
     1     1    21     9     9    23     0     0   -52.0   35.561  120.707    691.4    928.2
     1     1    21     9     9    22     0     0   -53.0   35.510  120.682    693.8    927.7
     1     1    21     9     9    21     0     0   -54.0   35.443  120.633    692.3    927.6
     1     1    21     9     9    20     0     0   -55.0   35.361  120.563    687.1    927.8
     1     1    21     9     9    19     0     0   -56.0   35.265  120.471    678.2    928.3
     1     1    21     9     9    18     0     0   -57.0   35.153  120.356    666.1    929.2
     1     1    21     9     9    17     0     0   -58.0   35.022  120.235    654.3    930.1
     1     1    21     9     9    16     0     0   -59.0   34.869  120.121    646.3    930.6
     1     1    21     9     9    15     0     0   -60.0   34.694  120.016    642.5    930.8
     1     1    21     9     9    14     0     0   -61.0   34.499  119.918    643.1    930.7
     1     1    21     9     9    13     0     0   -62.0   34.285  119.826    648.5    930.0
     1     1    21     9     9    12     0     0   -63.0   34.054  119.738    659.3    928.7
     1     1    21     9     9    11     0     0   -64.0   33.827  119.649    671.4    926.8
     1     1    21     9     9    10     0     0   -65.0   33.624  119.557    680.5    925.8
     1     1    21     9     9     9     0     0   -66.0   33.442  119.466    685.9    925.2
     1     1    21     9     9     8     0     0   -67.0   33.280  119.378    686.7    925.1
     1     1    21     9     9     7     0     0   -68.0   33.138  119.296    682.5    925.5
     1     1    21     9     9     6     0     0   -69.0   33.015  119.223    672.9    926.6
     1     1    21     9     9     5     0     0   -70.0   32.899  119.157    663.3    928.4
     1     1    21     9     9     4     0     0   -71.0   32.780  119.091    659.5    928.9
     1     1    21     9     9     3     0     0   -72.0   32.658  119.026    661.6    928.6
     1     1    21     9     9     2     0     0   -73.0   32.534  118.959    669.8    927.6
     1     1    21     9     9     1     0     0   -74.0   32.408  118.890    683.8    925.1
     1     1    21     9     9     0     0     0   -75.0   32.282  118.817    703.5    921.6
     1     1    21     9     8    23     0     0   -76.0   32.155  118.743    724.7    917.4
     1     1    21     9     8    22     0     0   -77.0   32.027  118.672    743.6    914.0
     1     1    21     9     8    21     0     0   -78.0   31.897  118.605    759.5    910.8
     1     1    21     9     8    20     0     0   -79.0   31.764  118.545    772.1    908.0
     1     1    21     9     8    19     0     0   -80.0   31.625  118.494    780.9    905.6
     1     1    21     9     8    18     0     0   -81.0   31.479  118.451    785.7    903.5
     1     1    21     9     8    17     0     0   -82.0   31.336  118.425    787.8    901.9
     1     1    21     9     8    16     0     0   -83.0   31.210  118.418    788.8    900.5
     1     1    21     9     8    15     0     0   -84.0   31.100  118.431    789.0    899.4
     1     1    21     9     8    14     0     0   -85.0   31.007  118.461    788.5    898.6
     1     1    21     9     8    13     0     0   -86.0   30.934  118.509    787.6    898.1
     1     1    21     9     8    12     0     0   -87.0   30.879  118.573    786.3    897.9
     1     1    21     9     8    11     0     0   -88.0   30.842  118.646    782.6    898.2
     1     1    21     9     8    10     0     0   -89.0   30.820  118.719    773.9    899.3
     1     1    21     9     8     9     0     0   -90.0   30.812  118.794    760.4    901.1
     1     1    21     9     8     8     0     0   -91.0   30.819  118.872    742.4    903.5
     1     1    21     9     8     7     0     0   -92.0   30.839  118.953    720.1    906.6
     1     1    21     9     8     6     0     0   -93.0   30.872  119.040    693.7    910.2
     1     1    21     9     8     5     0     0   -94.0   30.911  119.129    667.6    914.4
     1     1    21     9     8     4     0     0   -95.0   30.948  119.220    645.8    917.6
     1     1    21     9     8     3     0     0   -96.0   30.985  119.310    628.1    920.5
