     2     1
    CDC1    20    12     1     0     0
    CDC1    21     1     1     0     0
     1 BACKWARD OMEGA   
  2021     1    26     6   37.500  127.000   500.0
     1 PRESSURE
     1     1    21     1    26     6     0     0     0.0   37.500  127.000    500.0    938.0
     1     1    21     1    26     5     0     0    -1.0   37.718  126.704    526.3    933.6
     1     1    21     1    26     4     0     0    -2.0   37.905  126.447    547.2    930.4
     1     1    21     1    26     3     0     0    -3.0   38.060  126.228    562.4    928.1
     1     1    21     1    26     2     0     0    -4.0   38.184  126.046    571.8    926.7
     1     1    21     1    26     1     0     0    -5.0   38.275  125.901    575.3    926.2
     1     1    21     1    26     0     0     0    -6.0   38.334  125.794    572.9    926.6
     1     1    21     1    25    23     0     0    -7.0   38.368  125.707    565.5    927.6
     1     1    21     1    25    22     0     0    -8.0   38.386  125.622    554.8    929.2
     1     1    21     1    25    21     0     0    -9.0   38.388  125.540    540.6    931.4
     1     1    21     1    25    20     0     0   -10.0   38.374  125.461    523.2    934.2
     1     1    21     1    25    19     0     0   -11.0   38.345  125.388    502.8    937.5
     1     1    21     1    25    18     0     0   -12.0   38.299  125.320    479.7    941.3
     1     1    21     1    25    17     0     0   -13.0   38.243  125.266    456.1    945.8
     1     1    21     1    25    16     0     0   -14.0   38.181  125.231    434.1    949.8
     1     1    21     1    25    15     0     0   -15.0   38.111  125.215    413.2    953.7
     1     1    21     1    25    14     0     0   -16.0   38.036  125.219    393.0    957.6
     1     1    21     1    25    13     0     0   -17.0   37.953  125.245    373.3    961.1
     1     1    21     1    25    12     0     0   -18.0   37.865  125.291    353.8    964.4
     1     1    21     1    25    11     0     0   -19.0   37.774  125.351    337.1    967.8
     1     1    21     1    25    10     0     0   -20.0   37.679  125.414    325.3    970.4
     1     1    21     1    25     9     0     0   -21.0   37.582  125.480    319.0    972.5
     1     1    21     1    25     8     0     0   -22.0   37.483  125.550    318.3    973.8
     1     1    21     1    25     7     0     0   -23.0   37.381  125.625    323.4    973.4
     1     1    21     1    25     6     0     0   -24.0   37.276  125.706    334.6    972.2
     1     1    21     1    25     5     0     0   -25.0   37.175  125.804    348.0    970.3
     1     1    21     1    25     4     0     0   -26.0   37.083  125.926    360.4    968.8
     1     1    21     1    25     3     0     0   -27.0   37.001  126.073    371.8    967.2
     1     1    21     1    25     2     0     0   -28.0   36.933  126.241    382.6    965.7
     1     1    21     1    25     1     0     0   -29.0   36.880  126.429    392.7    963.8
     1     1    21     1    25     0     0     0   -30.0   36.845  126.633    402.4    961.8
     1     1    21     1    24    23     0     0   -31.0   36.827  126.835    414.7    959.8
     1     1    21     1    24    22     0     0   -32.0   36.825  127.014    432.3    956.7
     1     1    21     1    24    21     0     0   -33.0   36.834  127.171    455.4    953.2
     1     1    21     1    24    20     0     0   -34.0   36.854  127.305    483.7    949.2
     1     1    21     1    24    19     0     0   -35.0   36.882  127.413    517.4    944.8
     1     1    21     1    24    18     0     0   -36.0   36.917  127.495    556.2    940.1
     1     1    21     1    24    17     0     0   -37.0   36.959  127.566    596.0    935.1
     1     1    21     1    24    16     0     0   -38.0   37.011  127.642    632.8    930.8
     1     1    21     1    24    15     0     0   -39.0   37.075  127.722    666.2    926.4
     1     1    21     1    24    14     0     0   -40.0   37.150  127.807    696.2    922.7
     1     1    21     1    24    13     0     0   -41.0   37.237  127.897    723.0    919.4
     1     1    21     1    24    12     0     0   -42.0   37.337  127.991    746.8    916.6
     1     1    21     1    24    11     0     0   -43.0   37.443  128.077    772.4    914.3
     1     1    21     1    24    10     0     0   -44.0   37.547  128.142    803.0    910.4
     1     1    21     1    24     9     0     0   -45.0   37.647  128.187    838.9    905.1
     1     1    21     1    24     8     0     0   -46.0   37.746  128.209    880.1    899.3
     1     1    21     1    24     7     0     0   -47.0   37.843  128.208    926.9    893.0
     1     1    21     1    24     6     0     0   -48.0   37.939  128.181    979.6    885.3
     1     1    21     1    24     5     0     0   -49.0   38.039  128.145   1035.4    877.0
     1     1    21     1    24     4     0     0   -50.0   38.142  128.114   1091.5    869.1
     1     1    21     1    24     3     0     0   -51.0   38.249  128.089   1147.5    861.4
     1     1    21     1    24     2     0     0   -52.0   38.358  128.067   1203.2    853.8
     1     1    21     1    24     1     0     0   -53.0   38.469  128.050   1258.7    846.4
     1     1    21     1    24     0     0     0   -54.0   38.579  128.036   1314.2    838.7
     1     1    21     1    23    23     0     0   -55.0   38.682  128.030   1368.7    830.9
     1     1    21     1    23    22     0     0   -56.0   38.769  128.036   1419.6    824.0
     1     1    21     1    23    21     0     0   -57.0   38.843  128.056   1466.6    817.9
     1     1    21     1    23    20     0     0   -58.0   38.903  128.090   1508.8    812.7
     1     1    21     1    23    19     0     0   -59.0   38.952  128.139   1546.0    808.4
     1     1    21     1    23    18     0     0   -60.0   38.989  128.206   1577.7    804.9
     1     1    21     1    23    17     0     0   -61.0   39.023  128.287   1606.7    802.2
     1     1    21     1    23    16     0     0   -62.0   39.065  128.377   1637.6    799.1
     1     1    21     1    23    15     0     0   -63.0   39.114  128.474   1670.5    795.8
     1     1    21     1    23    14     0     0   -64.0   39.172  128.576   1706.0    792.3
     1     1    21     1    23    13     0     0   -65.0   39.238  128.682   1744.9    788.1
     1     1    21     1    23    12     0     0   -66.0   39.313  128.790   1788.1    783.6
     1     1    21     1    23    11     0     0   -67.0   39.394  128.886   1837.0    778.4
     1     1    21     1    23    10     0     0   -68.0   39.474  128.959   1891.9    772.4
     1     1    21     1    23     9     0     0   -69.0   39.556  129.008   1953.3    765.7
     1     1    21     1    23     8     0     0   -70.0   39.641  129.030   2021.6    758.1
     1     1    21     1    23     7     0     0   -71.0   39.731  129.023   2096.9    749.7
     1     1    21     1    23     6     0     0   -72.0   39.829  128.985   2179.6    740.5
     1     1    21     1    23     5     0     0   -73.0   39.935  128.908   2266.8    730.1
     1     1    21     1    23     4     0     0   -74.0   40.046  128.787   2355.4    719.5
     1     1    21     1    23     3     0     0   -75.0   40.162  128.617   2443.3    708.8
     1     1    21     1    23     2     0     0   -76.0   40.282  128.397   2529.7    698.0
     1     1    21     1    23     1     0     0   -77.0   40.409  128.126   2615.0    687.1
     1     1    21     1    23     0     0     0   -78.0   40.546  127.804   2700.4    675.9
     1     1    21     1    22    23     0     0   -79.0   40.681  127.451   2780.8    665.0
     1     1    21     1    22    22     0     0   -80.0   40.800  127.097   2852.2    660.5
     1     1    21     1    22    21     0     0   -81.0   40.903  126.748   2909.8    657.5
     1     1    21     1    22    20     0     0   -82.0   40.990  126.405   2955.4    655.7
     1     1    21     1    22    19     0     0   -83.0   41.063  126.070   2990.5    654.8
     1     1    21     1    22    18     0     0   -84.0   41.124  125.745   3016.4    654.7
     1     1    21     1    22    17     0     0   -85.0   41.186  125.420   3042.4    655.8
     1     1    21     1    22    16     0     0   -86.0   41.262  125.088   3076.0    655.6
     1     1    21     1    22    15     0     0   -87.0   41.349  124.745   3117.2    654.7
     1     1    21     1    22    14     0     0   -88.0   41.446  124.388   3165.8    653.1
     1     1    21     1    22    13     0     0   -89.0   41.553  124.014   3220.6    650.9
     1     1    21     1    22    12     0     0   -90.0   41.671  123.623   3279.9    648.4
     1     1    21     1    22    11     0     0   -91.0   41.796  123.219   3343.4    645.6
     1     1    21     1    22    10     0     0   -92.0   41.922  122.810   3411.3    642.3
     1     1    21     1    22     9     0     0   -93.0   42.044  122.393   3482.5    637.0
     1     1    21     1    22     8     0     0   -94.0   42.157  121.962   3551.4    626.1
     1     1    21     1    22     7     0     0   -95.0   42.253  121.510   3628.5    614.1
     1     1    21     1    22     6     0     0   -96.0   42.328  121.034   3715.8    601.0
