     2     1
    CDC1    21     6     1     0     0
    CDC1    21     7     1     0     0
     1 BACKWARD OMEGA   
  2021     7     9    21   37.500  127.000   500.0
     1 PRESSURE
     1     1    21     7     9    21     0     0     0.0   37.500  127.000    500.0    931.6
     1     1    21     7     9    20     0     0    -1.0   37.420  126.916    481.3    934.0
     1     1    21     7     9    19     0     0    -2.0   37.326  126.817    463.4    936.5
     1     1    21     7     9    18     0     0    -3.0   37.218  126.705    445.9    939.1
     1     1    21     7     9    17     0     0    -4.0   37.105  126.588    429.4    941.8
     1     1    21     7     9    16     0     0    -5.0   36.994  126.478    414.4    944.3
     1     1    21     7     9    15     0     0    -6.0   36.886  126.375    401.0    946.5
     1     1    21     7     9    14     0     0    -7.0   36.780  126.279    389.0    948.5
     1     1    21     7     9    13     0     0    -8.0   36.676  126.190    378.6    950.2
     1     1    21     7     9    12     0     0    -9.0   36.574  126.108    369.6    951.5
     1     1    21     7     9    11     0     0   -10.0   36.475  126.028    361.5    952.9
     1     1    21     7     9    10     0     0   -11.0   36.380  125.948    353.4    954.4
     1     1    21     7     9     9     0     0   -12.0   36.290  125.867    345.8    955.8
     1     1    21     7     9     8     0     0   -13.0   36.205  125.784    338.7    957.2
     1     1    21     7     9     7     0     0   -14.0   36.126  125.699    332.4    958.6
     1     1    21     7     9     6     0     0   -15.0   36.052  125.612    327.0    959.8
     1     1    21     7     9     5     0     0   -16.0   35.987  125.527    321.4    960.7
     1     1    21     7     9     4     0     0   -17.0   35.932  125.448    315.1    961.8
     1     1    21     7     9     3     0     0   -18.0   35.888  125.375    307.7    962.9
     1     1    21     7     9     2     0     0   -19.0   35.854  125.309    299.3    964.0
     1     1    21     7     9     1     0     0   -20.0   35.831  125.250    289.8    965.3
     1     1    21     7     9     0     0     0   -21.0   35.818  125.197    279.4    966.6
     1     1    21     7     8    23     0     0   -22.0   35.804  125.145    268.6    968.0
     1     1    21     7     8    22     0     0   -23.0   35.780  125.089    258.2    969.5
     1     1    21     7     8    21     0     0   -24.0   35.745  125.028    248.1    970.9
     1     1    21     7     8    20     0     0   -25.0   35.699  124.960    238.3    972.3
     1     1    21     7     8    19     0     0   -26.0   35.644  124.884    228.8    973.5
     1     1    21     7     8    18     0     0   -27.0   35.579  124.800    219.7    974.7
     1     1    21     7     8    17     0     0   -28.0   35.512  124.714    211.1    976.0
     1     1    21     7     8    16     0     0   -29.0   35.447  124.633    203.3    977.3
     1     1    21     7     8    15     0     0   -30.0   35.385  124.559    196.3    978.2
     1     1    21     7     8    14     0     0   -31.0   35.325  124.492    189.9    979.0
     1     1    21     7     8    13     0     0   -32.0   35.265  124.434    184.2    979.7
     1     1    21     7     8    12     0     0   -33.0   35.206  124.385    179.0    980.3
     1     1    21     7     8    11     0     0   -34.0   35.147  124.337    174.7    981.0
     1     1    21     7     8    10     0     0   -35.0   35.091  124.282    171.9    981.6
     1     1    21     7     8     9     0     0   -36.0   35.037  124.221    170.5    982.0
     1     1    21     7     8     8     0     0   -37.0   34.987  124.153    170.6    982.2
     1     1    21     7     8     7     0     0   -38.0   34.938  124.077    172.2    982.4
     1     1    21     7     8     6     0     0   -39.0   34.891  123.993    175.3    982.5
     1     1    21     7     8     5     0     0   -40.0   34.848  123.909    179.5    982.2
     1     1    21     7     8     4     0     0   -41.0   34.812  123.835    184.4    981.8
     1     1    21     7     8     3     0     0   -42.0   34.783  123.769    189.9    981.4
     1     1    21     7     8     2     0     0   -43.0   34.763  123.714    195.9    980.9
     1     1    21     7     8     1     0     0   -44.0   34.751  123.669    202.5    980.3
     1     1    21     7     8     0     0     0   -45.0   34.749  123.634    209.5    979.4
     1     1    21     7     7    23     0     0   -46.0   34.750  123.596    216.5    978.4
     1     1    21     7     7    22     0     0   -47.0   34.744  123.540    222.8    977.7
     1     1    21     7     7    21     0     0   -48.0   34.731  123.465    228.5    977.1
     1     1    21     7     7    20     0     0   -49.0   34.711  123.372    233.6    976.7
     1     1    21     7     7    19     0     0   -50.0   34.684  123.259    238.1    976.4
     1     1    21     7     7    18     0     0   -51.0   34.650  123.127    242.0    976.2
     1     1    21     7     7    17     0     0   -52.0   34.611  122.993    246.3    975.9
     1     1    21     7     7    16     0     0   -53.0   34.569  122.879    252.5    975.2
     1     1    21     7     7    15     0     0   -54.0   34.523  122.782    260.6    974.2
     1     1    21     7     7    14     0     0   -55.0   34.474  122.704    270.8    973.0
     1     1    21     7     7    13     0     0   -56.0   34.421  122.645    283.3    971.6
     1     1    21     7     7    12     0     0   -57.0   34.365  122.604    298.1    969.9
     1     1    21     7     7    11     0     0   -58.0   34.306  122.569    312.0    968.4
     1     1    21     7     7    10     0     0   -59.0   34.241  122.529    321.5    967.8
     1     1    21     7     7     9     0     0   -60.0   34.171  122.485    326.6    967.6
     1     1    21     7     7     8     0     0   -61.0   34.096  122.436    327.2    967.7
     1     1    21     7     7     7     0     0   -62.0   34.016  122.384    323.5    968.3
     1     1    21     7     7     6     0     0   -63.0   33.930  122.328    315.6    969.3
     1     1    21     7     7     5     0     0   -64.0   33.838  122.275    308.3    970.9
     1     1    21     7     7     4     0     0   -65.0   33.736  122.229    306.3    971.4
     1     1    21     7     7     3     0     0   -66.0   33.623  122.187    309.1    971.5
     1     1    21     7     7     2     0     0   -67.0   33.500  122.148    316.5    971.1
     1     1    21     7     7     1     0     0   -68.0   33.365  122.109    328.4    970.3
     1     1    21     7     7     0     0     0   -69.0   33.218  122.068    344.4    969.1
     1     1    21     7     6    23     0     0   -70.0   33.055  122.018    361.1    967.5
     1     1    21     7     6    22     0     0   -71.0   32.871  121.954    374.9    966.6
     1     1    21     7     6    21     0     0   -72.0   32.667  121.879    386.1    965.9
     1     1    21     7     6    20     0     0   -73.0   32.439  121.796    394.8    964.8
     1     1    21     7     6    19     0     0   -74.0   32.187  121.706    400.8    962.5
     1     1    21     7     6    18     0     0   -75.0   31.909  121.610    404.8    960.1
     1     1    21     7     6    17     0     0   -76.0   31.623  121.519    409.3    957.4
     1     1    21     7     6    16     0     0   -77.0   31.344  121.444    416.8    954.1
     1     1    21     7     6    15     0     0   -78.0   31.074  121.387    427.3    950.7
     1     1    21     7     6    14     0     0   -79.0   30.815  121.351    440.9    947.2
     1     1    21     7     6    13     0     0   -80.0   30.566  121.339    457.9    943.6
     1     1    21     7     6    12     0     0   -81.0   30.329  121.353    478.4    940.0
     1     1    21     7     6    11     0     0   -82.0   30.089  121.379    498.1    936.6
     1     1    21     7     6    10     0     0   -83.0   29.836  121.402    511.6    934.9
     1     1    21     7     6     9     0     0   -84.0   29.571  121.420    518.6    934.3
     1     1    21     7     6     8     0     0   -85.0   29.294  121.435    518.8    934.3
     1     1    21     7     6     7     0     0   -86.0   29.002  121.451    512.3    935.0
     1     1    21     7     6     6     0     0   -87.0   28.693  121.469    499.4    936.2
     1     1    21     7     6     5     0     0   -88.0   28.372  121.490    483.0    938.3
     1     1    21     7     6     4     0     0   -89.0   28.048  121.519    465.9    940.1
     1     1    21     7     6     3     0     0   -90.0   27.722  121.562    447.8    942.4
     1     1    21     7     6     2     0     0   -91.0   27.398  121.627    428.4    945.1
     1     1    21     7     6     1     0     0   -92.0   27.079  121.714    407.7    948.3
     1     1    21     7     6     0     0     0   -93.0   26.765  121.826    386.0    951.8
     1     1    21     7     5    23     0     0   -94.0   26.449  121.961    366.1    955.4
     1     1    21     7     5    22     0     0   -95.0   26.124  122.115    350.5    958.2
     1     1    21     7     5    21     0     0   -96.0   25.792  122.294    338.8    960.6
