     2     1
    CDC1    21     9     1     0     0
    CDC1    21    10     1     0     0
     1 BACKWARD OMEGA   
  2021    10    15    18   37.500  127.000   500.0
     1 PRESSURE
     1     1    21    10    15    18     0     0     0.0   37.500  127.000    500.0    942.1
     1     1    21    10    15    17     0     0    -1.0   37.815  126.994    504.3    937.0
     1     1    21    10    15    16     0     0    -2.0   38.107  126.983    511.0    931.8
     1     1    21    10    15    15     0     0    -3.0   38.376  126.970    519.2    926.9
     1     1    21    10    15    14     0     0    -4.0   38.623  126.957    528.1    922.2
     1     1    21    10    15    13     0     0    -5.0   38.848  126.947    537.1    917.9
     1     1    21    10    15    12     0     0    -6.0   39.049  126.942    545.5    914.0
     1     1    21    10    15    11     0     0    -7.0   39.235  126.936    553.1    910.5
     1     1    21    10    15    10     0     0    -8.0   39.414  126.920    559.9    907.2
     1     1    21    10    15     9     0     0    -9.0   39.587  126.897    565.6    904.2
     1     1    21    10    15     8     0     0   -10.0   39.754  126.866    570.0    901.5
     1     1    21    10    15     7     0     0   -11.0   39.917  126.830    572.7    899.1
     1     1    21    10    15     6     0     0   -12.0   40.076  126.786    573.7    897.6
     1     1    21    10    15     5     0     0   -13.0   40.229  126.739    576.9    897.1
     1     1    21    10    15     4     0     0   -14.0   40.375  126.696    585.7    895.6
     1     1    21    10    15     3     0     0   -15.0   40.512  126.659    599.9    893.7
     1     1    21    10    15     2     0     0   -16.0   40.641  126.630    619.4    891.2
     1     1    21    10    15     1     0     0   -17.0   40.762  126.611    644.1    887.8
     1     1    21    10    15     0     0     0   -18.0   40.875  126.604    674.2    883.8
     1     1    21    10    14    23     0     0   -19.0   40.997  126.594    709.9    878.8
     1     1    21    10    14    22     0     0   -20.0   41.143  126.564    752.3    873.3
     1     1    21    10    14    21     0     0   -21.0   41.313  126.512    802.1    867.2
     1     1    21    10    14    20     0     0   -22.0   41.504  126.439    859.8    860.7
     1     1    21    10    14    19     0     0   -23.0   41.715  126.341    926.5    853.7
     1     1    21    10    14    18     0     0   -24.0   41.944  126.218   1003.2    845.1
     1     1    21    10    14    17     0     0   -25.0   42.180  126.064   1083.1    836.5
     1     1    21    10    14    16     0     0   -26.0   42.415  125.886   1158.0    829.9
     1     1    21    10    14    15     0     0   -27.0   42.650  125.691   1226.9    826.9
     1     1    21    10    14    14     0     0   -28.0   42.882  125.485   1286.8    826.4
     1     1    21    10    14    13     0     0   -29.0   43.113  125.275   1336.1    826.7
     1     1    21    10    14    12     0     0   -30.0   43.346  125.066   1374.9    828.0
     1     1    21    10    14    11     0     0   -31.0   43.576  124.844   1407.3    829.4
     1     1    21    10    14    10     0     0   -32.0   43.798  124.590   1436.8    829.6
     1     1    21    10    14     9     0     0   -33.0   44.015  124.305   1465.5    829.4
     1     1    21    10    14     8     0     0   -34.0   44.231  123.993   1494.5    828.7
     1     1    21    10    14     7     0     0   -35.0   44.448  123.656   1525.6    827.1
     1     1    21    10    14     6     0     0   -36.0   44.672  123.296   1560.7    824.6
     1     1    21    10    14     5     0     0   -37.0   44.902  122.925   1598.3    820.6
     1     1    21    10    14     4     0     0   -38.0   45.141  122.556   1637.5    814.0
     1     1    21    10    14     3     0     0   -39.0   45.390  122.179   1677.0    800.2
     1     1    21    10    14     2     0     0   -40.0   45.646  121.788   1722.8    785.3
     1     1    21    10    14     1     0     0   -41.0   45.912  121.383   1777.8    770.0
     1     1    21    10    14     0     0     0   -42.0   46.191  120.968   1844.9    754.4
     1     1    21    10    13    23     0     0   -43.0   46.479  120.523   1920.4    738.0
     1     1    21    10    13    22     0     0   -44.0   46.773  120.030   1999.6    722.4
     1     1    21    10    13    21     0     0   -45.0   47.073  119.487   2085.3    711.6
     1     1    21    10    13    20     0     0   -46.0   47.377  118.893   2172.4    703.2
     1     1    21    10    13    19     0     0   -47.0   47.684  118.252   2261.6    695.9
     1     1    21    10    13    18     0     0   -48.0   47.993  117.569   2353.5    689.3
     1     1    21    10    13    17     0     0   -49.0   48.291  116.872   2444.9    682.4
     1     1    21    10    13    16     0     0   -50.0   48.567  116.186   2533.1    675.9
     1     1    21    10    13    15     0     0   -51.0   48.826  115.512   2619.7    669.3
     1     1    21    10    13    14     0     0   -52.0   49.074  114.849   2704.3    660.5
     1     1    21    10    13    13     0     0   -53.0   49.311  114.193   2781.5    645.4
     1     1    21    10    13    12     0     0   -54.0   49.536  113.540   2860.4    630.2
     1     1    21    10    13    11     0     0   -55.0   49.746  112.875   2937.0    614.6
     1     1    21    10    13    10     0     0   -56.0   49.936  112.193   3005.4    601.3
     1     1    21    10    13     9     0     0   -57.0   50.112  111.503   3067.1    591.3
     1     1    21    10    13     8     0     0   -58.0   50.276  110.816   3120.0    583.4
     1     1    21    10    13     7     0     0   -59.0   50.435  110.136   3166.4    576.8
     1     1    21    10    13     6     0     0   -60.0   50.593  109.473   3220.7    577.6
     1     1    21    10    13     5     0     0   -61.0   50.747  108.834   3276.4    580.6
     1     1    21    10    13     4     0     0   -62.0   50.897  108.219   3331.4    583.4
     1     1    21    10    13     3     0     0   -63.0   51.049  107.625   3385.9    586.4
     1     1    21    10    13     2     0     0   -64.0   51.203  107.045   3431.8    586.8
     1     1    21    10    13     1     0     0   -65.0   51.355  106.474   3470.9    586.8
     1     1    21    10    13     0     0     0   -66.0   51.510  105.911   3502.4    587.4
     1     1    21    10    12    23     0     0   -67.0   51.660  105.355   3523.3    588.7
     1     1    21    10    12    22     0     0   -68.0   51.795  104.802   3530.0    587.4
     1     1    21    10    12    21     0     0   -69.0   51.913  104.248   3516.9    580.7
     1     1    21    10    12    20     0     0   -70.0   52.010  103.692   3497.4    574.1
     1     1    21    10    12    19     0     0   -71.0   52.086  103.134   3473.1    567.5
     1     1    21    10    12    18     0     0   -72.0   52.142  102.577   3445.4    561.0
     1     1    21    10    12    17     0     0   -73.0   52.182  102.007   3413.0    554.5
     1     1    21    10    12    16     0     0   -74.0   52.213  101.415   3370.4    548.3
     1     1    21    10    12    15     0     0   -75.0   52.238  100.803   3321.1    542.2
     1     1    21    10    12    14     0     0   -76.0   52.259  100.177   3266.9    536.0
     1     1    21    10    12    13     0     0   -77.0   52.281   99.544   3226.7    537.3
     1     1    21    10    12    12     0     0   -78.0   52.312   98.905   3193.1    541.4
     1     1    21    10    12    11     0     0   -79.0   52.346   98.269   3162.8    545.1
     1     1    21    10    12    10     0     0   -80.0   52.375   97.643   3135.4    548.6
     1     1    21    10    12     9     0     0   -81.0   52.399   97.029   3119.6    556.5
     1     1    21    10    12     8     0     0   -82.0   52.419   96.428   3107.1    565.8
     1     1    21    10    12     7     0     0   -83.0   52.433   95.843   3094.6    575.0
     1     1    21    10    12     6     0     0   -84.0   52.444   95.277   3081.9    583.9
     1     1    21    10    12     5     0     0   -85.0   52.454   94.726   3061.5    590.5
     1     1    21    10    12     4     0     0   -86.0   52.463   94.181   3032.7    596.1
     1     1    21    10    12     3     0     0   -87.0   52.473   93.645   2998.6    602.2
     1     1    21    10    12     2     0     0   -88.0   52.486   93.120   2960.2    608.8
     1     1    21    10    12     1     0     0   -89.0   52.504   92.610   2918.4    615.8
     1     1    21    10    12     0     0     0   -90.0   52.527   92.116   2868.3    620.0
     1     1    21    10    11    23     0     0   -91.0   52.538   91.639   2813.2    623.4
     1     1    21    10    11    22     0     0   -92.0   52.527   91.180   2757.4    626.8
     1     1    21    10    11    21     0     0   -93.0   52.500   90.738   2699.8    629.9
     1     1    21    10    11    20     0     0   -94.0   52.458   90.313   2640.1    632.4
     1     1    21    10    11    19     0     0   -95.0   52.403   89.904   2580.1    634.9
     1     1    21    10    11    18     0     0   -96.0   52.336   89.510   2521.6    638.9
