     3     1
    CDC1    21     8     1     0     0
    CDC1    21     9     1     0     0
    CDC1    21    10     1     0     0
     1 BACKWARD OMEGA   
  2021     9    30    18   37.500  127.000   500.0
     1 PRESSURE
     1     1    21     9    30    18     0     0     0.0   37.500  127.000    500.0    933.2
     1     1    21     9    30    17     0     0    -1.0   37.521  126.950    495.4    934.0
     1     1    21     9    30    16     0     0    -2.0   37.536  126.905    493.3    934.6
     1     1    21     9    30    15     0     0    -3.0   37.544  126.866    493.6    934.9
     1     1    21     9    30    14     0     0    -4.0   37.546  126.833    496.4    935.0
     1     1    21     9    30    13     0     0    -5.0   37.540  126.807    501.8    934.9
     1     1    21     9    30    12     0     0    -6.0   37.528  126.788    509.8    934.6
     1     1    21     9    30    11     0     0    -7.0   37.516  126.779    518.3    933.5
     1     1    21     9    30    10     0     0    -8.0   37.513  126.781    525.4    932.5
     1     1    21     9    30     9     0     0    -9.0   37.518  126.794    530.8    931.5
     1     1    21     9    30     8     0     0   -10.0   37.533  126.818    534.4    930.5
     1     1    21     9    30     7     0     0   -11.0   37.556  126.854    536.3    929.5
     1     1    21     9    30     6     0     0   -12.0   37.588  126.902    536.2    928.4
     1     1    21     9    30     5     0     0   -13.0   37.632  126.956    536.1    928.0
     1     1    21     9    30     4     0     0   -14.0   37.690  127.010    537.3    927.0
     1     1    21     9    30     3     0     0   -15.0   37.762  127.065    540.5    925.6
     1     1    21     9    30     2     0     0   -16.0   37.848  127.119    546.2    923.7
     1     1    21     9    30     1     0     0   -17.0   37.949  127.172    555.0    921.2
     1     1    21     9    30     0     0     0   -18.0   38.064  127.224    568.0    918.1
     1     1    21     9    29    23     0     0   -19.0   38.195  127.267    584.2    913.8
     1     1    21     9    29    22     0     0   -20.0   38.341  127.293    602.9    909.3
     1     1    21     9    29    21     0     0   -21.0   38.507  127.302    624.1    904.4
     1     1    21     9    29    20     0     0   -22.0   38.693  127.292    648.3    898.6
     1     1    21     9    29    19     0     0   -23.0   38.902  127.261    675.7    892.3
     1     1    21     9    29    18     0     0   -24.0   39.136  127.209    706.9    885.4
     1     1    21     9    29    17     0     0   -25.0   39.383  127.132    743.0    878.3
     1     1    21     9    29    16     0     0   -26.0   39.625  127.030    785.4    870.9
     1     1    21     9    29    15     0     0   -27.0   39.860  126.905    834.8    863.4
     1     1    21     9    29    14     0     0   -28.0   40.087  126.761    892.4    856.2
     1     1    21     9    29    13     0     0   -29.0   40.302  126.598    957.8    849.3
     1     1    21     9    29    12     0     0   -30.0   40.503  126.421   1030.2    841.8
     1     1    21     9    29    11     0     0   -31.0   40.685  126.229   1101.1    834.3
     1     1    21     9    29    10     0     0   -32.0   40.844  126.024   1160.2    829.4
     1     1    21     9    29     9     0     0   -33.0   40.983  125.809   1207.3    826.2
     1     1    21     9    29     8     0     0   -34.0   41.106  125.584   1242.1    824.5
     1     1    21     9    29     7     0     0   -35.0   41.218  125.352   1264.6    824.2
     1     1    21     9    29     6     0     0   -36.0   41.322  125.115   1275.1    825.3
     1     1    21     9    29     5     0     0   -37.0   41.422  124.885   1277.3    827.4
     1     1    21     9    29     4     0     0   -38.0   41.517  124.676   1274.2    829.2
     1     1    21     9    29     3     0     0   -39.0   41.607  124.487   1264.9    831.3
     1     1    21     9    29     2     0     0   -40.0   41.693  124.318   1248.8    833.9
     1     1    21     9    29     1     0     0   -41.0   41.777  124.171   1225.5    837.0
     1     1    21     9    29     0     0     0   -42.0   41.859  124.044   1194.7    840.6
     1     1    21     9    28    23     0     0   -43.0   41.934  123.922   1159.4    845.0
     1     1    21     9    28    22     0     0   -44.0   41.995  123.789   1122.5    849.6
     1     1    21     9    28    21     0     0   -45.0   42.041  123.642   1084.5    854.4
     1     1    21     9    28    20     0     0   -46.0   42.074  123.480   1046.0    859.6
     1     1    21     9    28    19     0     0   -47.0   42.091  123.302   1007.3    865.1
     1     1    21     9    28    18     0     0   -48.0   42.093  123.107    969.0    870.8
     1     1    21     9    28    17     0     0   -49.0   42.068  122.904    936.6    876.8
     1     1    21     9    28    16     0     0   -50.0   42.004  122.706    915.1    880.9
     1     1    21     9    28    15     0     0   -51.0   41.900  122.514    902.8    884.3
     1     1    21     9    28    14     0     0   -52.0   41.757  122.331    897.7    884.1
     1     1    21     9    28    13     0     0   -53.0   41.579  122.158    900.1    883.5
     1     1    21     9    28    12     0     0   -54.0   41.368  121.998    909.9    883.2
     1     1    21     9    28    11     0     0   -55.0   41.144  121.858    923.5    883.1
     1     1    21     9    28    10     0     0   -56.0   40.927  121.740    937.1    883.5
     1     1    21     9    28     9     0     0   -57.0   40.719  121.647    951.0    884.1
     1     1    21     9    28     8     0     0   -58.0   40.522  121.583    965.4    884.9
     1     1    21     9    28     7     0     0   -59.0   40.339  121.549    980.1    885.6
     1     1    21     9    28     6     0     0   -60.0   40.173  121.550    995.1    886.1
     1     1    21     9    28     5     0     0   -61.0   40.024  121.584   1009.3    886.4
     1     1    21     9    28     4     0     0   -62.0   39.895  121.643   1023.1    885.7
     1     1    21     9    28     3     0     0   -63.0   39.781  121.723   1035.4    885.0
     1     1    21     9    28     2     0     0   -64.0   39.679  121.821   1046.1    884.4
     1     1    21     9    28     1     0     0   -65.0   39.588  121.939   1055.3    884.0
     1     1    21     9    28     0     0     0   -66.0   39.506  122.078   1062.7    883.7
     1     1    21     9    27    23     0     0   -67.0   39.429  122.225   1069.7    883.7
     1     1    21     9    27    22     0     0   -68.0   39.357  122.364   1076.8    883.6
     1     1    21     9    27    21     0     0   -69.0   39.289  122.493   1083.9    883.4
     1     1    21     9    27    20     0     0   -70.0   39.226  122.612   1090.8    882.3
     1     1    21     9    27    19     0     0   -71.0   39.171  122.719   1098.1    881.2
     1     1    21     9    27    18     0     0   -72.0   39.121  122.813   1105.9    880.1
     1     1    21     9    27    17     0     0   -73.0   39.077  122.898   1111.0    878.9
     1     1    21     9    27    16     0     0   -74.0   39.035  122.978   1110.7    878.6
     1     1    21     9    27    15     0     0   -75.0   38.994  123.051   1104.9    879.0
     1     1    21     9    27    14     0     0   -76.0   38.953  123.119   1093.8    880.0
     1     1    21     9    27    13     0     0   -77.0   38.910  123.180   1077.5    881.6
     1     1    21     9    27    12     0     0   -78.0   38.865  123.236   1056.4    883.8
     1     1    21     9    27    11     0     0   -79.0   38.818  123.290   1033.0    886.7
     1     1    21     9    27    10     0     0   -80.0   38.769  123.347   1008.6    889.5
     1     1    21     9    27     9     0     0   -81.0   38.721  123.408    983.6    892.3
     1     1    21     9    27     8     0     0   -82.0   38.674  123.473    957.9    895.2
     1     1    21     9    27     7     0     0   -83.0   38.628  123.543    931.5    898.2
     1     1    21     9    27     6     0     0   -84.0   38.585  123.619    904.4    900.9
     1     1    21     9    27     5     0     0   -85.0   38.537  123.695    876.0    903.8
     1     1    21     9    27     4     0     0   -86.0   38.475  123.767    845.2    907.3
     1     1    21     9    27     3     0     0   -87.0   38.401  123.833    812.2    911.3
     1     1    21     9    27     2     0     0   -88.0   38.314  123.894    777.7    915.7
     1     1    21     9    27     1     0     0   -89.0   38.213  123.951    741.9    920.5
     1     1    21     9    27     0     0     0   -90.0   38.100  124.003    705.6    925.7
     1     1    21     9    26    23     0     0   -91.0   37.972  124.055    670.4    930.8
     1     1    21     9    26    22     0     0   -92.0   37.828  124.115    637.4    935.9
     1     1    21     9    26    21     0     0   -93.0   37.669  124.183    606.2    940.5
     1     1    21     9    26    20     0     0   -94.0   37.496  124.263    576.4    945.1
     1     1    21     9    26    19     0     0   -95.0   37.315  124.352    547.9    948.1
     1     1    21     9    26    18     0     0   -96.0   37.126  124.449    521.3    950.9
