     2     1
    CDC1    21     9     1     0     0
    CDC1    21    10     1     0     0
     1 BACKWARD OMEGA   
  2021    10     2     0   37.500  127.000   500.0
     1 PRESSURE
     1     1    21    10     2     0     0     0     0.0   37.500  127.000    500.0    936.7
     1     1    21    10     1    23     0     0    -1.0   37.570  126.825    509.3    935.1
     1     1    21    10     1    22     0     0    -2.0   37.632  126.650    518.2    933.8
     1     1    21    10     1    21     0     0    -3.0   37.690  126.475    526.7    932.7
     1     1    21    10     1    20     0     0    -4.0   37.746  126.296    534.9    931.7
     1     1    21    10     1    19     0     0    -5.0   37.802  126.112    543.0    930.8
     1     1    21    10     1    18     0     0    -6.0   37.861  125.922    551.0    930.0
     1     1    21    10     1    17     0     0    -7.0   37.921  125.736    559.4    929.4
     1     1    21    10     1    16     0     0    -8.0   37.982  125.566    569.0    928.6
     1     1    21    10     1    15     0     0    -9.0   38.043  125.412    580.0    927.4
     1     1    21    10     1    14     0     0   -10.0   38.106  125.275    592.7    926.0
     1     1    21    10     1    13     0     0   -11.0   38.172  125.156    607.3    924.3
     1     1    21    10     1    12     0     0   -12.0   38.242  125.055    623.8    922.2
     1     1    21    10     1    11     0     0   -13.0   38.312  124.965    638.5    919.7
     1     1    21    10     1    10     0     0   -14.0   38.379  124.876    647.1    918.2
     1     1    21    10     1     9     0     0   -15.0   38.444  124.788    649.3    917.6
     1     1    21    10     1     8     0     0   -16.0   38.508  124.701    645.1    917.8
     1     1    21    10     1     7     0     0   -17.0   38.572  124.614    634.3    918.7
     1     1    21    10     1     6     0     0   -18.0   38.637  124.526    617.1    920.4
     1     1    21    10     1     5     0     0   -19.0   38.704  124.446    599.0    922.6
     1     1    21    10     1     4     0     0   -20.0   38.774  124.383    585.6    923.7
     1     1    21    10     1     3     0     0   -21.0   38.845  124.338    576.3    924.3
     1     1    21    10     1     2     0     0   -22.0   38.915  124.310    571.0    924.4
     1     1    21    10     1     1     0     0   -23.0   38.984  124.300    569.7    924.0
     1     1    21    10     1     0     0     0   -24.0   39.050  124.306    572.4    923.0
     1     1    21     9    30    23     0     0   -25.0   39.113  124.309    576.3    921.6
     1     1    21     9    30    22     0     0   -26.0   39.177  124.292    578.3    920.9
     1     1    21     9    30    21     0     0   -27.0   39.241  124.256    578.4    920.6
     1     1    21     9    30    20     0     0   -28.0   39.306  124.201    576.8    920.6
     1     1    21     9    30    19     0     0   -29.0   39.374  124.127    573.4    921.0
     1     1    21     9    30    18     0     0   -30.0   39.444  124.036    568.3    921.7
     1     1    21     9    30    17     0     0   -31.0   39.508  123.944    563.0    922.6
     1     1    21     9    30    16     0     0   -32.0   39.554  123.866    558.9    923.2
     1     1    21     9    30    15     0     0   -33.0   39.578  123.804    555.8    923.8
     1     1    21     9    30    14     0     0   -34.0   39.581  123.756    553.4    924.4
     1     1    21     9    30    13     0     0   -35.0   39.561  123.722    551.9    925.0
     1     1    21     9    30    12     0     0   -36.0   39.518  123.701    551.3    925.5
     1     1    21     9    30    11     0     0   -37.0   39.467  123.687    551.3    926.0
     1     1    21     9    30    10     0     0   -38.0   39.426  123.670    551.3    926.6
     1     1    21     9    30     9     0     0   -39.0   39.394  123.652    551.4    927.0
     1     1    21     9    30     8     0     0   -40.0   39.373  123.632    551.5    927.3
     1     1    21     9    30     7     0     0   -41.0   39.361  123.610    551.7    927.6
     1     1    21     9    30     6     0     0   -42.0   39.361  123.584    551.9    927.8
     1     1    21     9    30     5     0     0   -43.0   39.364  123.566    553.1    928.0
     1     1    21     9    30     4     0     0   -44.0   39.366  123.566    556.3    927.7
     1     1    21     9    30     3     0     0   -45.0   39.366  123.584    561.6    927.1
     1     1    21     9    30     2     0     0   -46.0   39.365  123.620    569.0    926.0
     1     1    21     9    30     1     0     0   -47.0   39.363  123.675    578.7    924.7
     1     1    21     9    30     0     0     0   -48.0   39.361  123.749    591.0    922.8
     1     1    21     9    29    23     0     0   -49.0   39.372  123.831    605.6    920.6
     1     1    21     9    29    22     0     0   -50.0   39.408  123.910    622.3    917.9
     1     1    21     9    29    21     0     0   -51.0   39.470  123.984    641.5    914.6
     1     1    21     9    29    20     0     0   -52.0   39.559  124.051    663.4    910.6
     1     1    21     9    29    19     0     0   -53.0   39.675  124.109    688.5    906.2
     1     1    21     9    29    18     0     0   -54.0   39.820  124.154    717.3    901.2
     1     1    21     9    29    17     0     0   -55.0   39.985  124.185    751.0    895.6
     1     1    21     9    29    16     0     0   -56.0   40.160  124.194    791.0    890.3
     1     1    21     9    29    15     0     0   -57.0   40.342  124.179    837.4    884.8
     1     1    21     9    29    14     0     0   -58.0   40.528  124.140    891.1    878.9
     1     1    21     9    29    13     0     0   -59.0   40.715  124.081    953.2    872.2
     1     1    21     9    29    12     0     0   -60.0   40.903  124.001   1024.9    864.3
     1     1    21     9    29    11     0     0   -61.0   41.081  123.896   1099.1    855.9
     1     1    21     9    29    10     0     0   -62.0   41.244  123.764   1165.7    849.5
     1     1    21     9    29     9     0     0   -63.0   41.395  123.609   1224.4    844.5
     1     1    21     9    29     8     0     0   -64.0   41.538  123.437   1274.6    840.6
     1     1    21     9    29     7     0     0   -65.0   41.678  123.252   1316.5    837.3
     1     1    21     9    29     6     0     0   -66.0   41.818  123.054   1350.7    834.9
     1     1    21     9    29     5     0     0   -67.0   41.959  122.856   1377.5    832.9
     1     1    21     9    29     4     0     0   -68.0   42.099  122.673   1397.9    831.2
     1     1    21     9    29     3     0     0   -69.0   42.237  122.504   1411.0    830.1
     1     1    21     9    29     2     0     0   -70.0   42.372  122.349   1414.5    826.5
     1     1    21     9    29     1     0     0   -71.0   42.502  122.208   1410.0    823.7
     1     1    21     9    29     0     0     0   -72.0   42.628  122.080   1398.5    822.8
     1     1    21     9    28    23     0     0   -73.0   42.750  121.948   1382.0    822.8
     1     1    21     9    28    22     0     0   -74.0   42.863  121.791   1361.8    822.4
     1     1    21     9    28    21     0     0   -75.0   42.972  121.611   1339.1    821.8
     1     1    21     9    28    20     0     0   -76.0   43.078  121.407   1314.5    820.9
     1     1    21     9    28    19     0     0   -77.0   43.184  121.179   1288.5    819.6
     1     1    21     9    28    18     0     0   -78.0   43.293  120.928   1261.7    817.7
     1     1    21     9    28    17     0     0   -79.0   43.390  120.653   1237.6    815.3
     1     1    21     9    28    16     0     0   -80.0   43.461  120.349   1219.2    811.4
     1     1    21     9    28    15     0     0   -81.0   43.510  120.018   1204.6    806.7
     1     1    21     9    28    14     0     0   -82.0   43.538  119.653   1191.7    800.7
     1     1    21     9    28    13     0     0   -83.0   43.548  119.253   1179.4    793.9
     1     1    21     9    28    12     0     0   -84.0   43.545  118.814   1165.8    786.5
     1     1    21     9    28    11     0     0   -85.0   43.533  118.343   1150.5    779.1
     1     1    21     9    28    10     0     0   -86.0   43.514  117.841   1133.6    771.0
     1     1    21     9    28     9     0     0   -87.0   43.489  117.309   1117.0    765.1
     1     1    21     9    28     8     0     0   -88.0   43.453  116.752   1101.6    764.3
     1     1    21     9    28     7     0     0   -89.0   43.407  116.176   1083.8    763.3
     1     1    21     9    28     6     0     0   -90.0   43.350  115.580   1061.8    762.3
     1     1    21     9    28     5     0     0   -91.0   43.290  114.965   1038.6    761.8
     1     1    21     9    28     4     0     0   -92.0   43.228  114.333   1022.0    766.6
     1     1    21     9    28     3     0     0   -93.0   43.159  113.687   1010.0    770.9
     1     1    21     9    28     2     0     0   -94.0   43.078  113.021   1002.4    775.0
     1     1    21     9    28     1     0     0   -95.0   42.984  112.332    999.2    778.2
     1     1    21     9    28     0     0     0   -96.0   42.876  111.624   1000.9    779.5
