     2     1
    CDC1    21     8     1     0     0
    CDC1    21     9     1     0     0
     1 BACKWARD OMEGA   
  2021     9     4     0   37.500  127.000   500.0
     1 PRESSURE
     1     1    21     9     4     0     0     0     0.0   37.500  127.000    500.0    939.6
     1     1    21     9     3    23     0     0    -1.0   37.559  127.173    511.1    936.3
     1     1    21     9     3    22     0     0    -2.0   37.622  127.349    521.4    933.1
     1     1    21     9     3    21     0     0    -3.0   37.687  127.528    530.9    930.2
     1     1    21     9     3    20     0     0    -4.0   37.753  127.708    539.4    928.6
     1     1    21     9     3    19     0     0    -5.0   37.819  127.889    546.4    927.3
     1     1    21     9     3    18     0     0    -6.0   37.883  128.070    551.8    926.3
     1     1    21     9     3    17     0     0    -7.0   37.951  128.243    557.6    925.4
     1     1    21     9     3    16     0     0    -8.0   38.029  128.399    566.1    924.0
     1     1    21     9     3    15     0     0    -9.0   38.115  128.540    577.6    922.2
     1     1    21     9     3    14     0     0   -10.0   38.208  128.667    592.3    920.0
     1     1    21     9     3    13     0     0   -11.0   38.304  128.783    610.6    917.4
     1     1    21     9     3    12     0     0   -12.0   38.405  128.889    632.9    914.3
     1     1    21     9     3    11     0     0   -13.0   38.499  128.992    656.0    910.6
     1     1    21     9     3    10     0     0   -14.0   38.580  129.098    676.3    907.8
     1     1    21     9     3     9     0     0   -15.0   38.648  129.206    693.8    905.5
     1     1    21     9     3     8     0     0   -16.0   38.702  129.314    708.4    903.8
     1     1    21     9     3     7     0     0   -17.0   38.744  129.423    720.1    902.6
     1     1    21     9     3     6     0     0   -18.0   38.774  129.530    728.8    901.8
     1     1    21     9     3     5     0     0   -19.0   38.798  129.641    736.0    901.9
     1     1    21     9     3     4     0     0   -20.0   38.824  129.758    743.2    901.8
     1     1    21     9     3     3     0     0   -21.0   38.850  129.883    750.5    901.9
     1     1    21     9     3     2     0     0   -22.0   38.878  130.014    757.9    902.1
     1     1    21     9     3     1     0     0   -23.0   38.908  130.154    765.6    903.0
     1     1    21     9     3     0     0     0   -24.0   38.941  130.301    773.6    904.0
     1     1    21     9     2    23     0     0   -25.0   38.967  130.449    780.6    904.7
     1     1    21     9     2    22     0     0   -26.0   38.979  130.587    785.3    905.7
     1     1    21     9     2    21     0     0   -27.0   38.978  130.717    787.5    907.0
     1     1    21     9     2    20     0     0   -28.0   38.965  130.839    787.0    908.5
     1     1    21     9     2    19     0     0   -29.0   38.939  130.952    783.8    910.3
     1     1    21     9     2    18     0     0   -30.0   38.903  131.057    777.9    912.3
     1     1    21     9     2    17     0     0   -31.0   38.866  131.166    771.0    914.9
     1     1    21     9     2    16     0     0   -32.0   38.841  131.291    764.7    917.5
     1     1    21     9     2    15     0     0   -33.0   38.827  131.432    759.2    920.1
     1     1    21     9     2    14     0     0   -34.0   38.824  131.588    754.6    922.8
     1     1    21     9     2    13     0     0   -35.0   38.832  131.759    750.9    925.6
     1     1    21     9     2    12     0     0   -36.0   38.851  131.943    748.4    928.5
     1     1    21     9     2    11     0     0   -37.0   38.879  132.138    747.4    931.4
     1     1    21     9     2    10     0     0   -38.0   38.912  132.337    747.5    934.4
     1     1    21     9     2     9     0     0   -39.0   38.950  132.543    749.0    936.6
     1     1    21     9     2     8     0     0   -40.0   38.993  132.752    751.4    936.2
     1     1    21     9     2     7     0     0   -41.0   39.042  132.963    755.9    935.7
     1     1    21     9     2     6     0     0   -42.0   39.098  133.177    762.7    935.0
     1     1    21     9     2     5     0     0   -43.0   39.163  133.392    771.5    933.9
     1     1    21     9     2     4     0     0   -44.0   39.241  133.608    782.8    932.8
     1     1    21     9     2     3     0     0   -45.0   39.332  133.828    796.2    931.7
     1     1    21     9     2     2     0     0   -46.0   39.437  134.050    811.7    930.7
     1     1    21     9     2     1     0     0   -47.0   39.554  134.278    829.4    929.7
     1     1    21     9     2     0     0     0   -48.0   39.686  134.511    849.4    928.9
     1     1    21     9     1    23     0     0   -49.0   39.823  134.751    869.1    928.2
     1     1    21     9     1    22     0     0   -50.0   39.958  134.993    884.8    928.3
     1     1    21     9     1    21     0     0   -51.0   40.088  135.233    895.2    925.1
     1     1    21     9     1    20     0     0   -52.0   40.209  135.460    901.2    921.8
     1     1    21     9     1    19     0     0   -53.0   40.323  135.674    902.7    919.2
     1     1    21     9     1    18     0     0   -54.0   40.433  135.872    899.5    917.5
     1     1    21     9     1    17     0     0   -55.0   40.536  136.050    894.6    916.2
     1     1    21     9     1    16     0     0   -56.0   40.629  136.205    891.6    914.8
     1     1    21     9     1    15     0     0   -57.0   40.711  136.338    890.5    913.4
     1     1    21     9     1    14     0     0   -58.0   40.784  136.452    891.1    912.1
     1     1    21     9     1    13     0     0   -59.0   40.847  136.546    893.5    910.8
     1     1    21     9     1    12     0     0   -60.0   40.900  136.624    897.5    909.5
     1     1    21     9     1    11     0     0   -61.0   40.946  136.683    903.2    908.8
     1     1    21     9     1    10     0     0   -62.0   40.989  136.722    909.8    908.0
     1     1    21     9     1     9     0     0   -63.0   41.030  136.743    917.7    907.2
     1     1    21     9     1     8     0     0   -64.0   41.069  136.745    926.6    906.4
     1     1    21     9     1     7     0     0   -65.0   41.106  136.729    936.6    905.6
     1     1    21     9     1     6     0     0   -66.0   41.142  136.695    947.5    904.6
     1     1    21     9     1     5     0     0   -67.0   41.181  136.654    959.1    903.2
     1     1    21     9     1     4     0     0   -68.0   41.229  136.617    972.5    901.6
     1     1    21     9     1     3     0     0   -69.0   41.287  136.583    987.6    899.7
     1     1    21     9     1     2     0     0   -70.0   41.352  136.551   1004.7    897.6
     1     1    21     9     1     1     0     0   -71.0   41.426  136.521   1024.0    895.2
     1     1    21     9     1     0     0     0   -72.0   41.509  136.493   1046.1    892.6
     1     1    21     8    31    23     0     0   -73.0   41.594  136.455   1068.0    889.6
     1     1    21     8    31    22     0     0   -74.0   41.675  136.399   1085.8    887.5
     1     1    21     8    31    21     0     0   -75.0   41.753  136.325   1099.2    885.9
     1     1    21     8    31    20     0     0   -76.0   41.826  136.235   1107.9    884.8
     1     1    21     8    31    19     0     0   -77.0   41.894  136.128   1111.5    884.2
     1     1    21     8    31    18     0     0   -78.0   41.955  136.006   1109.6    884.2
     1     1    21     8    31    17     0     0   -79.0   42.014  135.878   1106.3    885.0
     1     1    21     8    31    16     0     0   -80.0   42.075  135.752   1105.9    885.0
     1     1    21     8    31    15     0     0   -81.0   42.136  135.626   1108.4    884.6
     1     1    21     8    31    14     0     0   -82.0   42.199  135.501   1113.5    883.9
     1     1    21     8    31    13     0     0   -83.0   42.263  135.375   1121.4    882.9
     1     1    21     8    31    12     0     0   -84.0   42.329  135.249   1131.8    881.5
     1     1    21     8    31    11     0     0   -85.0   42.404  135.121   1146.5    879.7
     1     1    21     8    31    10     0     0   -86.0   42.497  134.991   1166.7    876.9
     1     1    21     8    31     9     0     0   -87.0   42.611  134.858   1192.3    872.6
     1     1    21     8    31     8     0     0   -88.0   42.745  134.723   1223.3    867.7
     1     1    21     8    31     7     0     0   -89.0   42.900  134.587   1259.4    862.2
     1     1    21     8    31     6     0     0   -90.0   43.076  134.449   1300.3    856.1
     1     1    21     8    31     5     0     0   -91.0   43.270  134.306   1343.9    849.1
     1     1    21     8    31     4     0     0   -92.0   43.477  134.156   1388.0    842.3
     1     1    21     8    31     3     0     0   -93.0   43.698  134.000   1433.7    835.5
     1     1    21     8    31     2     0     0   -94.0   43.936  133.840   1481.5    828.6
     1     1    21     8    31     1     0     0   -95.0   44.193  133.679   1532.3    821.5
     1     1    21     8    31     0     0     0   -96.0   44.469  133.518   1586.9    814.2
