     2     1
    CDC1    21     8     1     0     0
    CDC1    21     9     1     0     0
     1 BACKWARD OMEGA   
  2021     9     2    12   37.500  127.000   500.0
     1 PRESSURE
     1     1    21     9     2    12     0     0     0.0   37.500  127.000    500.0    932.8
     1     1    21     9     2    11     0     0    -1.0   37.478  127.119    492.0    933.2
     1     1    21     9     2    10     0     0    -2.0   37.463  127.244    484.0    933.5
     1     1    21     9     2     9     0     0    -3.0   37.454  127.374    476.3    933.8
     1     1    21     9     2     8     0     0    -4.0   37.451  127.510    469.0    934.1
     1     1    21     9     2     7     0     0    -5.0   37.455  127.652    462.7    935.5
     1     1    21     9     2     6     0     0    -6.0   37.468  127.801    457.2    936.7
     1     1    21     9     2     5     0     0    -7.0   37.486  127.962    453.8    938.2
     1     1    21     9     2     4     0     0    -8.0   37.509  128.139    452.3    939.3
     1     1    21     9     2     3     0     0    -9.0   37.538  128.332    452.9    939.9
     1     1    21     9     2     2     0     0   -10.0   37.573  128.539    455.5    940.2
     1     1    21     9     2     1     0     0   -11.0   37.617  128.759    460.0    940.3
     1     1    21     9     2     0     0     0   -12.0   37.669  128.991    466.4    940.0
     1     1    21     9     1    23     0     0   -13.0   37.731  129.227    473.8    939.3
     1     1    21     9     1    22     0     0   -14.0   37.802  129.462    481.4    938.7
     1     1    21     9     1    21     0     0   -15.0   37.880  129.697    489.2    938.1
     1     1    21     9     1    20     0     0   -16.0   37.963  129.931    497.2    937.5
     1     1    21     9     1    19     0     0   -17.0   38.048  130.164    504.8    938.0
     1     1    21     9     1    18     0     0   -18.0   38.133  130.395    511.3    939.0
     1     1    21     9     1    17     0     0   -19.0   38.217  130.616    515.2    940.1
     1     1    21     9     1    16     0     0   -20.0   38.299  130.819    516.2    941.6
     1     1    21     9     1    15     0     0   -21.0   38.381  131.006    514.6    943.3
     1     1    21     9     1    14     0     0   -22.0   38.461  131.177    510.9    945.2
     1     1    21     9     1    13     0     0   -23.0   38.539  131.334    505.3    947.3
     1     1    21     9     1    12     0     0   -24.0   38.616  131.477    498.3    949.5
     1     1    21     9     1    11     0     0   -25.0   38.687  131.617    490.0    952.2
     1     1    21     9     1    10     0     0   -26.0   38.749  131.761    480.0    955.3
     1     1    21     9     1     9     0     0   -27.0   38.802  131.908    468.7    958.6
     1     1    21     9     1     8     0     0   -28.0   38.845  132.060    456.2    962.3
     1     1    21     9     1     7     0     0   -29.0   38.878  132.214    442.7    966.2
     1     1    21     9     1     6     0     0   -30.0   38.902  132.370    428.2    970.2
     1     1    21     9     1     5     0     0   -31.0   38.922  132.524    413.2    974.1
     1     1    21     9     1     4     0     0   -32.0   38.947  132.673    398.2    976.0
     1     1    21     9     1     3     0     0   -33.0   38.978  132.816    383.7    977.8
     1     1    21     9     1     2     0     0   -34.0   39.015  132.953    369.6    979.3
     1     1    21     9     1     1     0     0   -35.0   39.060  133.084    355.9    980.9
     1     1    21     9     1     0     0     0   -36.0   39.113  133.208    342.5    982.5
     1     1    21     8    31    23     0     0   -37.0   39.170  133.324    329.2    984.2
     1     1    21     8    31    22     0     0   -38.0   39.223  133.429    315.7    986.1
     1     1    21     8    31    21     0     0   -39.0   39.273  133.522    301.7    988.0
     1     1    21     8    31    20     0     0   -40.0   39.318  133.603    287.2    990.1
     1     1    21     8    31    19     0     0   -41.0   39.359  133.671    271.9    992.3
     1     1    21     8    31    18     0     0   -42.0   39.395  133.726    255.9    994.6
     1     1    21     8    31    17     0     0   -43.0   39.429  133.771    239.6    997.1
     1     1    21     8    31    16     0     0   -44.0   39.461  133.810    224.0    999.4
     1     1    21     8    31    15     0     0   -45.0   39.493  133.843    208.8   1001.8
     1     1    21     8    31    14     0     0   -46.0   39.522  133.868    194.3   1003.8
     1     1    21     8    31    13     0     0   -47.0   39.548  133.884    180.6   1005.4
     1     1    21     8    31    12     0     0   -48.0   39.569  133.890    168.0   1006.9
     1     1    21     8    31    11     0     0   -49.0   39.596  133.886    157.0   1008.6
     1     1    21     8    31    10     0     0   -50.0   39.641  133.876    148.4   1010.1
     1     1    21     8    31     9     0     0   -51.0   39.703  133.860    142.0   1011.5
     1     1    21     8    31     8     0     0   -52.0   39.785  133.840    137.7   1012.7
     1     1    21     8    31     7     0     0   -53.0   39.887  133.817    135.5   1013.9
     1     1    21     8    31     6     0     0   -54.0   40.009  133.791    135.5   1014.8
     1     1    21     8    31     5     0     0   -55.0   40.145  133.761    137.2   1012.7
     1     1    21     8    31     4     0     0   -56.0   40.287  133.725    140.4   1010.3
     1     1    21     8    31     3     0     0   -57.0   40.437  133.683    145.2   1007.7
     1     1    21     8    31     2     0     0   -58.0   40.597  133.634    151.6   1004.8
     1     1    21     8    31     1     0     0   -59.0   40.768  133.579    159.9   1001.5
     1     1    21     8    31     0     0     0   -60.0   40.953  133.518    169.9    997.8
     1     1    21     8    30    23     0     0   -61.0   41.143  133.442    180.4    993.7
     1     1    21     8    30    22     0     0   -62.0   41.330  133.347    189.3    989.9
     1     1    21     8    30    21     0     0   -63.0   41.514  133.235    196.8    986.1
     1     1    21     8    30    20     0     0   -64.0   41.698  133.111    203.1    982.2
     1     1    21     8    30    19     0     0   -65.0   41.882  132.977    208.4    978.1
     1     1    21     8    30    18     0     0   -66.0   42.067  132.838    213.2    974.1
     1     1    21     8    30    17     0     0   -67.0   42.260  132.694    219.8    969.5
     1     1    21     8    30    16     0     0   -68.0   42.468  132.543    230.0    963.8
     1     1    21     8    30    15     0     0   -69.0   42.688  132.380    243.8    958.3
     1     1    21     8    30    14     0     0   -70.0   42.914  132.197    261.8    952.2
     1     1    21     8    30    13     0     0   -71.0   43.144  131.991    284.9    945.7
     1     1    21     8    30    12     0     0   -72.0   43.381  131.760    314.3    938.7
     1     1    21     8    30    11     0     0   -73.0   43.611  131.499    348.2    931.0
     1     1    21     8    30    10     0     0   -74.0   43.820  131.210    383.7    923.5
     1     1    21     8    30     9     0     0   -75.0   44.014  130.902    419.1    915.5
     1     1    21     8    30     8     0     0   -76.0   44.198  130.582    453.0    908.1
     1     1    21     8    30     7     0     0   -77.0   44.377  130.255    483.7    901.5
     1     1    21     8    30     6     0     0   -78.0   44.557  129.925    509.9    896.6
     1     1    21     8    30     5     0     0   -79.0   44.739  129.599    535.2    896.4
     1     1    21     8    30     4     0     0   -80.0   44.922  129.280    562.4    895.9
     1     1    21     8    30     3     0     0   -81.0   45.105  128.966    591.4    895.2
     1     1    21     8    30     2     0     0   -82.0   45.287  128.654    621.9    894.0
     1     1    21     8    30     1     0     0   -83.0   45.469  128.345    653.9    892.0
     1     1    21     8    30     0     0     0   -84.0   45.651  128.035    687.2    889.8
     1     1    21     8    29    23     0     0   -85.0   45.831  127.725    718.4    887.4
     1     1    21     8    29    22     0     0   -86.0   46.002  127.418    743.6    886.5
     1     1    21     8    29    21     0     0   -87.0   46.161  127.116    762.8    887.1
     1     1    21     8    29    20     0     0   -88.0   46.306  126.821    775.3    887.9
     1     1    21     8    29    19     0     0   -89.0   46.437  126.530    781.4    888.9
     1     1    21     8    29    18     0     0   -90.0   46.555  126.243    781.2    890.2
     1     1    21     8    29    17     0     0   -91.0   46.672  125.963    777.2    892.0
     1     1    21     8    29    16     0     0   -92.0   46.801  125.693    772.6    893.2
     1     1    21     8    29    15     0     0   -93.0   46.946  125.429    767.8    894.0
     1     1    21     8    29    14     0     0   -94.0   47.108  125.172    763.2    894.3
     1     1    21     8    29    13     0     0   -95.0   47.289  124.917    759.3    893.0
     1     1    21     8    29    12     0     0   -96.0   47.493  124.664    756.1    888.9
