     2     1
    CDC1    21     8     1     0     0
    CDC1    21     9     1     0     0
     1 BACKWARD OMEGA   
  2021     9    13    18   37.500  127.000   500.0
     1 PRESSURE
     1     1    21     9    13    18     0     0     0.0   37.500  127.000    500.0    941.4
     1     1    21     9    13    17     0     0    -1.0   37.448  127.337    521.5    937.2
     1     1    21     9    13    16     0     0    -2.0   37.377  127.651    542.0    934.7
     1     1    21     9    13    15     0     0    -3.0   37.297  127.949    560.9    933.8
     1     1    21     9    13    14     0     0    -4.0   37.212  128.235    578.3    933.1
     1     1    21     9    13    13     0     0    -5.0   37.125  128.512    594.5    932.4
     1     1    21     9    13    12     0     0    -6.0   37.038  128.783    610.5    931.8
     1     1    21     9    13    11     0     0    -7.0   36.952  129.044    627.2    930.9
     1     1    21     9    13    10     0     0    -8.0   36.870  129.289    645.7    929.3
     1     1    21     9    13     9     0     0    -9.0   36.793  129.516    665.8    927.4
     1     1    21     9    13     8     0     0   -10.0   36.722  129.724    687.8    925.3
     1     1    21     9    13     7     0     0   -11.0   36.659  129.912    712.0    922.8
     1     1    21     9    13     6     0     0   -12.0   36.604  130.080    738.5    920.4
     1     1    21     9    13     5     0     0   -13.0   36.561  130.234    765.9    918.0
     1     1    21     9    13     4     0     0   -14.0   36.527  130.381    793.1    915.9
     1     1    21     9    13     3     0     0   -15.0   36.505  130.520    820.3    913.7
     1     1    21     9    13     2     0     0   -16.0   36.493  130.652    847.6    911.5
     1     1    21     9    13     1     0     0   -17.0   36.492  130.776    875.3    909.4
     1     1    21     9    13     0     0     0   -18.0   36.500  130.893    903.2    907.3
     1     1    21     9    12    23     0     0   -19.0   36.521  131.004    931.7    905.0
     1     1    21     9    12    22     0     0   -20.0   36.556  131.108    960.4    902.4
     1     1    21     9    12    21     0     0   -21.0   36.604  131.201    989.5    899.7
     1     1    21     9    12    20     0     0   -22.0   36.666  131.286   1019.2    897.1
     1     1    21     9    12    19     0     0   -23.0   36.740  131.361   1049.5    894.6
     1     1    21     9    12    18     0     0   -24.0   36.826  131.428   1080.9    892.0
     1     1    21     9    12    17     0     0   -25.0   36.917  131.482   1111.0    889.3
     1     1    21     9    12    16     0     0   -26.0   37.004  131.519   1137.4    887.3
     1     1    21     9    12    15     0     0   -27.0   37.089  131.543   1159.4    885.6
     1     1    21     9    12    14     0     0   -28.0   37.170  131.556   1176.5    884.4
     1     1    21     9    12    13     0     0   -29.0   37.247  131.560   1188.3    883.6
     1     1    21     9    12    12     0     0   -30.0   37.322  131.558   1194.5    883.3
     1     1    21     9    12    11     0     0   -31.0   37.397  131.545   1197.1    883.2
     1     1    21     9    12    10     0     0   -32.0   37.478  131.517   1198.1    883.0
     1     1    21     9    12     9     0     0   -33.0   37.564  131.473   1198.3    882.2
     1     1    21     9    12     8     0     0   -34.0   37.659  131.411   1199.0    880.9
     1     1    21     9    12     7     0     0   -35.0   37.764  131.330   1200.8    879.3
     1     1    21     9    12     6     0     0   -36.0   37.881  131.229   1204.4    877.2
     1     1    21     9    12     5     0     0   -37.0   38.009  131.109   1213.9    874.9
     1     1    21     9    12     4     0     0   -38.0   38.145  130.971   1234.9    870.7
     1     1    21     9    12     3     0     0   -39.0   38.287  130.814   1267.3    865.1
     1     1    21     9    12     2     0     0   -40.0   38.433  130.636   1311.8    857.8
     1     1    21     9    12     1     0     0   -41.0   38.583  130.435   1369.5    848.4
     1     1    21     9    12     0     0     0   -42.0   38.735  130.208   1441.4    837.1
     1     1    21     9    11    23     0     0   -43.0   38.886  129.948   1520.1    824.1
     1     1    21     9    11    22     0     0   -44.0   39.034  129.649   1596.7    813.1
     1     1    21     9    11    21     0     0   -45.0   39.180  129.313   1669.2    802.3
     1     1    21     9    11    20     0     0   -46.0   39.323  128.940   1738.4    791.3
     1     1    21     9    11    19     0     0   -47.0   39.464  128.527   1805.2    779.9
     1     1    21     9    11    18     0     0   -48.0   39.601  128.075   1871.3    768.3
     1     1    21     9    11    17     0     0   -49.0   39.737  127.593   1940.0    756.5
     1     1    21     9    11    16     0     0   -50.0   39.873  127.097   2014.6    749.9
     1     1    21     9    11    15     0     0   -51.0   40.010  126.593   2087.1    745.5
     1     1    21     9    11    14     0     0   -52.0   40.152  126.085   2154.6    742.6
     1     1    21     9    11    13     0     0   -53.0   40.303  125.576   2215.2    740.4
     1     1    21     9    11    12     0     0   -54.0   40.469  125.064   2269.1    739.0
     1     1    21     9    11    11     0     0   -55.0   40.645  124.544   2310.2    738.5
     1     1    21     9    11    10     0     0   -56.0   40.819  124.013   2334.1    740.2
     1     1    21     9    11     9     0     0   -57.0   40.989  123.475   2342.5    743.3
     1     1    21     9    11     8     0     0   -58.0   41.153  122.929   2337.6    747.6
     1     1    21     9    11     7     0     0   -59.0   41.309  122.377   2319.8    751.2
     1     1    21     9    11     6     0     0   -60.0   41.458  121.816   2287.6    748.9
     1     1    21     9    11     5     0     0   -61.0   41.606  121.248   2252.2    745.9
     1     1    21     9    11     4     0     0   -62.0   41.759  120.678   2216.9    742.0
     1     1    21     9    11     3     0     0   -63.0   41.920  120.100   2182.4    737.1
     1     1    21     9    11     2     0     0   -64.0   42.088  119.511   2146.2    727.4
     1     1    21     9    11     1     0     0   -65.0   42.262  118.906   2114.9    715.3
     1     1    21     9    11     0     0     0   -66.0   42.444  118.285   2093.4    701.2
     1     1    21     9    10    23     0     0   -67.0   42.629  117.655   2089.3    687.8
     1     1    21     9    10    22     0     0   -68.0   42.803  117.036   2107.3    680.1
     1     1    21     9    10    21     0     0   -69.0   42.968  116.441   2134.7    674.6
     1     1    21     9    10    20     0     0   -70.0   43.128  115.870   2167.9    669.5
     1     1    21     9    10    19     0     0   -71.0   43.290  115.323   2207.5    664.8
     1     1    21     9    10    18     0     0   -72.0   43.456  114.800   2253.8    662.0
     1     1    21     9    10    17     0     0   -73.0   43.629  114.296   2295.3    661.7
     1     1    21     9    10    16     0     0   -74.0   43.809  113.808   2322.8    663.8
     1     1    21     9    10    15     0     0   -75.0   43.998  113.338   2340.3    666.5
     1     1    21     9    10    14     0     0   -76.0   44.195  112.883   2352.8    669.7
     1     1    21     9    10    13     0     0   -77.0   44.403  112.441   2364.4    672.5
     1     1    21     9    10    12     0     0   -78.0   44.620  112.002   2375.6    672.6
     1     1    21     9    10    11     0     0   -79.0   44.840  111.559   2392.2    671.8
     1     1    21     9    10    10     0     0   -80.0   45.055  111.112   2417.5    668.7
     1     1    21     9    10     9     0     0   -81.0   45.267  110.661   2445.0    662.6
     1     1    21     9    10     8     0     0   -82.0   45.475  110.206   2474.4    656.0
     1     1    21     9    10     7     0     0   -83.0   45.678  109.744   2504.1    648.8
     1     1    21     9    10     6     0     0   -84.0   45.871  109.269   2533.8    642.1
     1     1    21     9    10     5     0     0   -85.0   46.064  108.782   2560.0    635.7
     1     1    21     9    10     4     0     0   -86.0   46.268  108.285   2581.0    630.6
     1     1    21     9    10     3     0     0   -87.0   46.481  107.781   2597.1    626.4
     1     1    21     9    10     2     0     0   -88.0   46.704  107.272   2609.4    623.4
     1     1    21     9    10     1     0     0   -89.0   46.937  106.757   2618.9    621.6
     1     1    21     9    10     0     0     0   -90.0   47.181  106.237   2626.0    620.7
     1     1    21     9     9    23     0     0   -91.0   47.419  105.720   2634.0    620.6
     1     1    21     9     9    22     0     0   -92.0   47.631  105.221   2645.2    621.8
     1     1    21     9     9    21     0     0   -93.0   47.820  104.747   2652.3    620.2
     1     1    21     9     9    20     0     0   -94.0   47.989  104.295   2655.0    615.5
     1     1    21     9     9    19     0     0   -95.0   48.145  103.862   2658.3    610.8
     1     1    21     9     9    18     0     0   -96.0   48.288  103.452   2662.3    605.9
