     2     1
    CDC1    21     5     1     0     0
    CDC1    21     6     1     0     0
     1 BACKWARD OMEGA   
  2021     6    12    12   37.500  127.000   500.0
     1 PRESSURE
     1     1    21     6    12    12     0     0     0.0   37.500  127.000    500.0    934.6
     1     1    21     6    12    11     0     0    -1.0   37.536  126.998    516.8    932.5
     1     1    21     6    12    10     0     0    -2.0   37.562  126.991    534.7    930.4
     1     1    21     6    12     9     0     0    -3.0   37.580  126.979    553.5    928.5
     1     1    21     6    12     8     0     0    -4.0   37.588  126.961    573.2    926.6
     1     1    21     6    12     7     0     0    -5.0   37.587  126.938    593.6    924.9
     1     1    21     6    12     6     0     0    -6.0   37.578  126.910    614.8    923.2
     1     1    21     6    12     5     0     0    -7.0   37.568  126.885    638.2    921.6
     1     1    21     6    12     4     0     0    -8.0   37.565  126.873    664.3    919.1
     1     1    21     6    12     3     0     0    -9.0   37.570  126.874    693.1    916.2
     1     1    21     6    12     2     0     0   -10.0   37.583  126.886    724.5    912.8
     1     1    21     6    12     1     0     0   -11.0   37.606  126.908    758.4    909.1
     1     1    21     6    12     0     0     0   -12.0   37.637  126.937    794.7    905.0
     1     1    21     6    11    23     0     0   -13.0   37.677  126.958    830.0    900.0
     1     1    21     6    11    22     0     0   -14.0   37.723  126.953    862.3    895.8
     1     1    21     6    11    21     0     0   -15.0   37.776  126.924    891.3    892.1
     1     1    21     6    11    20     0     0   -16.0   37.836  126.870    917.1    888.8
     1     1    21     6    11    19     0     0   -17.0   37.904  126.790    940.1    885.6
     1     1    21     6    11    18     0     0   -18.0   37.978  126.687    960.6    882.8
     1     1    21     6    11    17     0     0   -19.0   38.057  126.568    980.4    880.3
     1     1    21     6    11    16     0     0   -20.0   38.135  126.441   1001.4    877.5
     1     1    21     6    11    15     0     0   -21.0   38.215  126.309   1023.8    874.7
     1     1    21     6    11    14     0     0   -22.0   38.296  126.174   1047.9    871.8
     1     1    21     6    11    13     0     0   -23.0   38.380  126.038   1074.1    868.6
     1     1    21     6    11    12     0     0   -24.0   38.468  125.904   1102.8    865.2
     1     1    21     6    11    11     0     0   -25.0   38.560  125.763   1133.2    861.5
     1     1    21     6    11    10     0     0   -26.0   38.657  125.608   1164.1    858.0
     1     1    21     6    11     9     0     0   -27.0   38.762  125.437   1195.7    854.5
     1     1    21     6    11     8     0     0   -28.0   38.880  125.249   1228.1    851.0
     1     1    21     6    11     7     0     0   -29.0   39.015  125.045   1261.7    847.5
     1     1    21     6    11     6     0     0   -30.0   39.168  124.822   1295.9    843.8
     1     1    21     6    11     5     0     0   -31.0   39.329  124.594   1326.5    839.8
     1     1    21     6    11     4     0     0   -32.0   39.492  124.376   1351.9    836.9
     1     1    21     6    11     3     0     0   -33.0   39.658  124.171   1373.1    834.4
     1     1    21     6    11     2     0     0   -34.0   39.829  123.983   1391.4    832.2
     1     1    21     6    11     1     0     0   -35.0   40.007  123.816   1408.2    830.1
     1     1    21     6    11     0     0     0   -36.0   40.191  123.672   1424.8    828.5
     1     1    21     6    10    23     0     0   -37.0   40.359  123.541   1439.2    827.3
     1     1    21     6    10    22     0     0   -38.0   40.492  123.413   1448.3    827.0
     1     1    21     6    10    21     0     0   -39.0   40.592  123.287   1452.1    827.4
     1     1    21     6    10    20     0     0   -40.0   40.657  123.160   1450.6    828.5
     1     1    21     6    10    19     0     0   -41.0   40.689  123.033   1444.0    830.3
     1     1    21     6    10    18     0     0   -42.0   40.687  122.903   1432.3    832.8
     1     1    21     6    10    17     0     0   -43.0   40.661  122.779   1417.4    835.9
     1     1    21     6    10    16     0     0   -44.0   40.625  122.671   1400.4    838.9
     1     1    21     6    10    15     0     0   -45.0   40.575  122.578   1380.7    842.1
     1     1    21     6    10    14     0     0   -46.0   40.511  122.502   1358.2    845.6
     1     1    21     6    10    13     0     0   -47.0   40.432  122.444   1332.4    848.6
     1     1    21     6    10    12     0     0   -48.0   40.333  122.406   1304.2    852.2
     1     1    21     6    10    11     0     0   -49.0   40.214  122.380   1276.3    856.5
     1     1    21     6    10    10     0     0   -50.0   40.074  122.355   1249.8    860.4
     1     1    21     6    10     9     0     0   -51.0   39.916  122.331   1224.8    864.1
     1     1    21     6    10     8     0     0   -52.0   39.742  122.308   1201.3    867.5
     1     1    21     6    10     7     0     0   -53.0   39.552  122.283   1179.4    870.9
     1     1    21     6    10     6     0     0   -54.0   39.346  122.257   1159.2    874.1
     1     1    21     6    10     5     0     0   -55.0   39.136  122.232   1137.7    876.6
     1     1    21     6    10     4     0     0   -56.0   38.935  122.208   1113.5    879.6
     1     1    21     6    10     3     0     0   -57.0   38.741  122.186   1085.8    883.2
     1     1    21     6    10     2     0     0   -58.0   38.554  122.163   1054.6    887.1
     1     1    21     6    10     1     0     0   -59.0   38.376  122.141   1020.1    891.6
     1     1    21     6    10     0     0     0   -60.0   38.205  122.117    982.6    896.4
     1     1    21     6     9    23     0     0   -61.0   38.031  122.095    943.3    901.9
     1     1    21     6     9    22     0     0   -62.0   37.842  122.078    904.1    907.0
     1     1    21     6     9    21     0     0   -63.0   37.637  122.071    864.6    912.1
     1     1    21     6     9    20     0     0   -64.0   37.415  122.078    824.8    916.8
     1     1    21     6     9    19     0     0   -65.0   37.174  122.098    785.7    920.9
     1     1    21     6     9    18     0     0   -66.0   36.911  122.131    748.3    924.8
     1     1    21     6     9    17     0     0   -67.0   36.635  122.183    716.6    928.5
     1     1    21     6     9    16     0     0   -68.0   36.355  122.258    694.5    930.8
     1     1    21     6     9    15     0     0   -69.0   36.074  122.355    681.5    932.1
     1     1    21     6     9    14     0     0   -70.0   35.791  122.473    677.6    932.5
     1     1    21     6     9    13     0     0   -71.0   35.512  122.611    682.8    931.7
     1     1    21     6     9    12     0     0   -72.0   35.242  122.765    697.5    929.7
     1     1    21     6     9    11     0     0   -73.0   34.983  122.925    716.3    927.2
     1     1    21     6     9    10     0     0   -74.0   34.736  123.082    733.2    926.5
     1     1    21     6     9     9     0     0   -75.0   34.500  123.234    747.5    925.9
     1     1    21     6     9     8     0     0   -76.0   34.275  123.380    759.0    925.6
     1     1    21     6     9     7     0     0   -77.0   34.058  123.520    767.6    925.5
     1     1    21     6     9     6     0     0   -78.0   33.848  123.652    773.2    925.6
     1     1    21     6     9     5     0     0   -79.0   33.638  123.776    778.3    925.8
     1     1    21     6     9     4     0     0   -80.0   33.420  123.891    786.3    925.4
     1     1    21     6     9     3     0     0   -81.0   33.194  123.998    797.0    924.7
     1     1    21     6     9     2     0     0   -82.0   32.960  124.096    810.9    923.7
     1     1    21     6     9     1     0     0   -83.0   32.719  124.187    828.0    922.3
     1     1    21     6     9     0     0     0   -84.0   32.470  124.272    848.9    920.4
     1     1    21     6     8    23     0     0   -85.0   32.216  124.353    868.7    917.2
     1     1    21     6     8    22     0     0   -86.0   31.957  124.432    883.6    915.0
     1     1    21     6     8    21     0     0   -87.0   31.695  124.509    893.3    913.3
     1     1    21     6     8    20     0     0   -88.0   31.431  124.583    897.5    912.2
     1     1    21     6     8    19     0     0   -89.0   31.164  124.653    896.1    911.6
     1     1    21     6     8    18     0     0   -90.0   30.895  124.719    888.8    911.6
     1     1    21     6     8    17     0     0   -91.0   30.631  124.778    878.8    912.8
     1     1    21     6     8    16     0     0   -92.0   30.378  124.828    868.1    913.6
     1     1    21     6     8    15     0     0   -93.0   30.135  124.867    856.4    914.7
     1     1    21     6     8    14     0     0   -94.0   29.899  124.898    843.8    916.2
     1     1    21     6     8    13     0     0   -95.0   29.670  124.923    830.5    918.2
     1     1    21     6     8    12     0     0   -96.0   29.447  124.946    816.9    920.2
