     2     1
    CDC1    21     3     1     0     0
    CDC1    21     4     1     0     0
     1 BACKWARD OMEGA   
  2021     4     3    15   37.500  127.000   500.0
     1 PRESSURE
     1     1    21     4     3    15     0     0     0.0   37.500  127.000    500.0    932.8
     1     1    21     4     3    14     0     0    -1.0   37.693  127.126    460.8    933.6
     1     1    21     4     3    13     0     0    -2.0   37.874  127.242    423.0    934.6
     1     1    21     4     3    12     0     0    -3.0   38.045  127.347    386.7    935.7
     1     1    21     4     3    11     0     0    -4.0   38.205  127.450    354.8    936.4
     1     1    21     4     3    10     0     0    -5.0   38.348  127.563    329.0    937.2
     1     1    21     4     3     9     0     0    -6.0   38.475  127.681    308.7    938.5
     1     1    21     4     3     8     0     0    -7.0   38.586  127.801    293.3    939.6
     1     1    21     4     3     7     0     0    -8.0   38.682  127.922    282.3    940.5
     1     1    21     4     3     6     0     0    -9.0   38.760  128.041    275.2    941.2
     1     1    21     4     3     5     0     0   -10.0   38.822  128.148    271.3    942.2
     1     1    21     4     3     4     0     0   -11.0   38.868  128.235    269.8    943.0
     1     1    21     4     3     3     0     0   -12.0   38.896  128.304    270.6    943.6
     1     1    21     4     3     2     0     0   -13.0   38.903  128.353    273.4    944.1
     1     1    21     4     3     1     0     0   -14.0   38.888  128.383    278.2    944.6
     1     1    21     4     3     0     0     0   -15.0   38.849  128.395    285.1    945.0
     1     1    21     4     2    23     0     0   -16.0   38.791  128.395    292.2    944.9
     1     1    21     4     2    22     0     0   -17.0   38.722  128.389    298.2    945.3
     1     1    21     4     2    21     0     0   -18.0   38.640  128.380    303.1    946.0
     1     1    21     4     2    20     0     0   -19.0   38.545  128.369    307.2    946.9
     1     1    21     4     2    19     0     0   -20.0   38.437  128.357    310.8    948.1
     1     1    21     4     2    18     0     0   -21.0   38.316  128.347    314.3    949.5
     1     1    21     4     2    17     0     0   -22.0   38.188  128.346    317.1    951.0
     1     1    21     4     2    16     0     0   -23.0   38.060  128.361    318.6    952.8
     1     1    21     4     2    15     0     0   -24.0   37.936  128.392    318.7    954.8
     1     1    21     4     2    14     0     0   -25.0   37.819  128.438    317.3    957.0
     1     1    21     4     2    13     0     0   -26.0   37.714  128.499    314.2    959.2
     1     1    21     4     2    12     0     0   -27.0   37.623  128.574    309.2    961.5
     1     1    21     4     2    11     0     0   -28.0   37.543  128.663    305.2    964.1
     1     1    21     4     2    10     0     0   -29.0   37.470  128.763    304.8    965.4
     1     1    21     4     2     9     0     0   -30.0   37.400  128.875    308.2    965.7
     1     1    21     4     2     8     0     0   -31.0   37.333  128.998    315.4    965.6
     1     1    21     4     2     7     0     0   -32.0   37.268  129.132    326.7    965.1
     1     1    21     4     2     6     0     0   -33.0   37.206  129.276    342.2    964.1
     1     1    21     4     2     5     0     0   -34.0   37.144  129.436    359.9    962.6
     1     1    21     4     2     4     0     0   -35.0   37.078  129.614    377.8    961.3
     1     1    21     4     2     3     0     0   -36.0   37.007  129.811    396.0    959.7
     1     1    21     4     2     2     0     0   -37.0   36.932  130.025    414.7    958.0
     1     1    21     4     2     1     0     0   -38.0   36.853  130.253    433.6    957.1
     1     1    21     4     2     0     0     0   -39.0   36.769  130.494    452.3    956.3
     1     1    21     4     1    23     0     0   -40.0   36.683  130.747    470.6    955.2
     1     1    21     4     1    22     0     0   -41.0   36.593  131.014    488.0    954.2
     1     1    21     4     1    21     0     0   -42.0   36.502  131.297    504.3    953.4
     1     1    21     4     1    20     0     0   -43.0   36.411  131.594    519.4    952.6
     1     1    21     4     1    19     0     0   -44.0   36.321  131.906    533.1    952.0
     1     1    21     4     1    18     0     0   -45.0   36.233  132.231    545.5    951.5
     1     1    21     4     1    17     0     0   -46.0   36.158  132.559    555.7    950.7
     1     1    21     4     1    16     0     0   -47.0   36.104  132.880    562.8    947.9
     1     1    21     4     1    15     0     0   -48.0   36.069  133.198    567.6    945.4
     1     1    21     4     1    14     0     0   -49.0   36.057  133.515    570.3    943.4
     1     1    21     4     1    13     0     0   -50.0   36.068  133.833    571.3    941.8
     1     1    21     4     1    12     0     0   -51.0   36.104  134.153    570.8    940.5
     1     1    21     4     1    11     0     0   -52.0   36.160  134.459    570.0    939.3
     1     1    21     4     1    10     0     0   -53.0   36.234  134.732    569.5    938.2
     1     1    21     4     1     9     0     0   -54.0   36.330  134.966    568.9    937.4
     1     1    21     4     1     8     0     0   -55.0   36.448  135.155    567.8    936.3
     1     1    21     4     1     7     0     0   -56.0   36.587  135.297    566.3    935.5
     1     1    21     4     1     6     0     0   -57.0   36.749  135.390    564.3    935.4
     1     1    21     4     1     5     0     0   -58.0   36.923  135.461    564.3    935.7
     1     1    21     4     1     4     0     0   -59.0   37.095  135.540    568.8    935.0
     1     1    21     4     1     3     0     0   -60.0   37.265  135.627    577.8    933.6
     1     1    21     4     1     2     0     0   -61.0   37.431  135.722    591.2    931.4
     1     1    21     4     1     1     0     0   -62.0   37.592  135.827    608.9    929.5
     1     1    21     4     1     0     0     0   -63.0   37.746  135.941    630.3    927.6
     1     1    21     3    31    23     0     0   -64.0   37.893  136.045    652.5    924.8
     1     1    21     3    31    22     0     0   -65.0   38.031  136.122    671.5    922.9
     1     1    21     3    31    21     0     0   -66.0   38.163  136.176    686.9    921.7
     1     1    21     3    31    20     0     0   -67.0   38.288  136.208    698.5    921.2
     1     1    21     3    31    19     0     0   -68.0   38.406  136.219    706.1    921.3
     1     1    21     3    31    18     0     0   -69.0   38.518  136.211    709.6    921.9
     1     1    21     3    31    17     0     0   -70.0   38.624  136.196    711.3    923.4
     1     1    21     3    31    16     0     0   -71.0   38.723  136.185    713.6    924.4
     1     1    21     3    31    15     0     0   -72.0   38.816  136.178    716.2    925.1
     1     1    21     3    31    14     0     0   -73.0   38.903  136.178    719.4    925.7
     1     1    21     3    31    13     0     0   -74.0   38.984  136.183    723.1    926.1
     1     1    21     3    31    12     0     0   -75.0   39.057  136.195    727.5    926.2
     1     1    21     3    31    11     0     0   -76.0   39.126  136.201    733.3    926.2
     1     1    21     3    31    10     0     0   -77.0   39.191  136.190    741.0    926.0
     1     1    21     3    31     9     0     0   -78.0   39.252  136.159    750.7    925.8
     1     1    21     3    31     8     0     0   -79.0   39.308  136.111    762.5    925.4
     1     1    21     3    31     7     0     0   -80.0   39.359  136.045    776.2    925.0
     1     1    21     3    31     6     0     0   -81.0   39.403  135.961    791.7    924.5
     1     1    21     3    31     5     0     0   -82.0   39.449  135.877    806.2    924.0
     1     1    21     3    31     4     0     0   -83.0   39.507  135.811    818.0    924.0
     1     1    21     3    31     3     0     0   -84.0   39.578  135.764    826.8    924.3
     1     1    21     3    31     2     0     0   -85.0   39.662  135.733    832.6    924.8
     1     1    21     3    31     1     0     0   -86.0   39.759  135.720    835.6    925.7
     1     1    21     3    31     0     0     0   -87.0   39.872  135.722    835.9    926.8
     1     1    21     3    30    23     0     0   -88.0   39.994  135.713    835.2    928.3
     1     1    21     3    30    22     0     0   -89.0   40.119  135.663    833.6    927.7
     1     1    21     3    30    21     0     0   -90.0   40.244  135.572    832.4    927.1
     1     1    21     3    30    20     0     0   -91.0   40.369  135.444    831.5    926.8
     1     1    21     3    30    19     0     0   -92.0   40.492  135.281    831.2    926.5
     1     1    21     3    30    18     0     0   -93.0   40.613  135.087    831.8    926.3
     1     1    21     3    30    17     0     0   -94.0   40.724  134.882    831.8    924.7
     1     1    21     3    30    16     0     0   -95.0   40.822  134.686    829.9    922.8
     1     1    21     3    30    15     0     0   -96.0   40.912  134.495    826.0    921.0
