     2     1
    CDC1    21     7     1     0     0
    CDC1    21     8     1     0     0
     1 BACKWARD OMEGA   
  2021     8    10    18   37.500  127.000   500.0
     1 PRESSURE
     1     1    21     8    10    18     0     0     0.0   37.500  127.000    500.0    935.0
     1     1    21     8    10    17     0     0    -1.0   37.398  126.884    476.5    938.4
     1     1    21     8    10    16     0     0    -2.0   37.293  126.787    456.5    941.2
     1     1    21     8    10    15     0     0    -3.0   37.183  126.708    439.7    943.7
     1     1    21     8    10    14     0     0    -4.0   37.068  126.646    426.0    945.7
     1     1    21     8    10    13     0     0    -5.0   36.947  126.600    415.4    947.3
     1     1    21     8    10    12     0     0    -6.0   36.821  126.568    407.8    948.6
     1     1    21     8    10    11     0     0    -7.0   36.692  126.540    402.8    949.3
     1     1    21     8    10    10     0     0    -8.0   36.561  126.507    399.9    949.8
     1     1    21     8    10     9     0     0    -9.0   36.429  126.470    399.3    950.1
     1     1    21     8    10     8     0     0   -10.0   36.299  126.428    400.8    950.2
     1     1    21     8    10     7     0     0   -11.0   36.169  126.381    404.6    950.1
     1     1    21     8    10     6     0     0   -12.0   36.042  126.331    410.6    949.7
     1     1    21     8    10     5     0     0   -13.0   35.920  126.282    416.7    949.1
     1     1    21     8    10     4     0     0   -14.0   35.809  126.239    420.4    949.0
     1     1    21     8    10     3     0     0   -15.0   35.708  126.201    421.3    949.2
     1     1    21     8    10     2     0     0   -16.0   35.617  126.168    419.1    949.7
     1     1    21     8    10     1     0     0   -17.0   35.536  126.140    413.7    950.5
     1     1    21     8    10     0     0     0   -18.0   35.465  126.117    404.9    951.8
     1     1    21     8     9    23     0     0   -19.0   35.402  126.099    393.5    953.1
     1     1    21     8     9    22     0     0   -20.0   35.344  126.088    380.8    954.4
     1     1    21     8     9    21     0     0   -21.0   35.291  126.083    366.8    955.6
     1     1    21     8     9    20     0     0   -22.0   35.243  126.084    351.6    956.8
     1     1    21     8     9    19     0     0   -23.0   35.199  126.093    335.3    958.1
     1     1    21     8     9    18     0     0   -24.0   35.161  126.110    318.0    959.6
     1     1    21     8     9    17     0     0   -25.0   35.132  126.125    302.8    961.3
     1     1    21     8     9    16     0     0   -26.0   35.118  126.127    291.9    962.3
     1     1    21     8     9    15     0     0   -27.0   35.117  126.115    285.0    963.0
     1     1    21     8     9    14     0     0   -28.0   35.131  126.087    281.8    963.4
     1     1    21     8     9    13     0     0   -29.0   35.158  126.042    282.3    963.4
     1     1    21     8     9    12     0     0   -30.0   35.197  125.981    286.4    963.0
     1     1    21     8     9    11     0     0   -31.0   35.246  125.909    291.8    962.2
     1     1    21     8     9    10     0     0   -32.0   35.301  125.835    296.0    961.9
     1     1    21     8     9     9     0     0   -33.0   35.362  125.759    299.0    961.6
     1     1    21     8     9     8     0     0   -34.0   35.428  125.683    300.7    961.5
     1     1    21     8     9     7     0     0   -35.0   35.499  125.609    301.2    961.5
     1     1    21     8     9     6     0     0   -36.0   35.575  125.539    300.5    961.6
     1     1    21     8     9     5     0     0   -37.0   35.660  125.476    300.5    962.0
     1     1    21     8     9     4     0     0   -38.0   35.758  125.426    302.9    961.8
     1     1    21     8     9     3     0     0   -39.0   35.870  125.390    307.7    961.4
     1     1    21     8     9     2     0     0   -40.0   35.996  125.369    314.9    960.6
     1     1    21     8     9     1     0     0   -41.0   36.135  125.365    324.5    959.5
     1     1    21     8     9     0     0     0   -42.0   36.289  125.381    336.6    958.0
     1     1    21     8     8    23     0     0   -43.0   36.454  125.415    349.2    956.2
     1     1    21     8     8    22     0     0   -44.0   36.629  125.463    360.1    954.6
     1     1    21     8     8    21     0     0   -45.0   36.812  125.529    369.4    953.1
     1     1    21     8     8    20     0     0   -46.0   37.005  125.614    376.8    951.7
     1     1    21     8     8    19     0     0   -47.0   37.205  125.722    382.3    950.4
     1     1    21     8     8    18     0     0   -48.0   37.414  125.856    386.0    948.9
     1     1    21     8     8    17     0     0   -49.0   37.621  126.016    388.1    946.0
     1     1    21     8     8    16     0     0   -50.0   37.819  126.198    389.9    942.1
     1     1    21     8     8    15     0     0   -51.0   38.006  126.397    391.7    938.1
     1     1    21     8     8    14     0     0   -52.0   38.184  126.613    393.8    934.1
     1     1    21     8     8    13     0     0   -53.0   38.354  126.842    396.6    930.1
     1     1    21     8     8    12     0     0   -54.0   38.515  127.083    400.6    925.9
     1     1    21     8     8    11     0     0   -55.0   38.660  127.330    404.1    921.5
     1     1    21     8     8    10     0     0   -56.0   38.776  127.579    405.8    918.9
     1     1    21     8     8     9     0     0   -57.0   38.863  127.826    405.5    919.3
     1     1    21     8     8     8     0     0   -58.0   38.921  128.068    402.5    920.6
     1     1    21     8     8     7     0     0   -59.0   38.949  128.306    397.1    922.5
     1     1    21     8     8     6     0     0   -60.0   38.947  128.541    389.6    925.2
     1     1    21     8     8     5     0     0   -61.0   38.938  128.768    381.3    928.4
     1     1    21     8     8     4     0     0   -62.0   38.944  128.980    373.9    930.9
     1     1    21     8     8     3     0     0   -63.0   38.966  129.175    367.5    933.0
     1     1    21     8     8     2     0     0   -64.0   39.007  129.350    362.2    934.6
     1     1    21     8     8     1     0     0   -65.0   39.069  129.504    358.2    935.8
     1     1    21     8     8     0     0     0   -66.0   39.153  129.637    355.5    936.6
     1     1    21     8     7    23     0     0   -67.0   39.244  129.752    353.1    936.6
     1     1    21     8     7    22     0     0   -68.0   39.326  129.855    350.1    936.8
     1     1    21     8     7    21     0     0   -69.0   39.398  129.945    346.4    937.0
     1     1    21     8     7    20     0     0   -70.0   39.458  130.022    341.9    937.5
     1     1    21     8     7    19     0     0   -71.0   39.506  130.087    336.5    938.4
     1     1    21     8     7    18     0     0   -72.0   39.541  130.140    330.2    939.3
     1     1    21     8     7    17     0     0   -73.0   39.568  130.187    324.5    940.6
     1     1    21     8     7    16     0     0   -74.0   39.589  130.234    320.7    941.7
     1     1    21     8     7    15     0     0   -75.0   39.606  130.282    318.9    942.7
     1     1    21     8     7    14     0     0   -76.0   39.616  130.331    319.1    943.5
     1     1    21     8     7    13     0     0   -77.0   39.621  130.383    321.4    944.1
     1     1    21     8     7    12     0     0   -78.0   39.619  130.437    326.0    944.7
     1     1    21     8     7    11     0     0   -79.0   39.615  130.488    330.0    944.6
     1     1    21     8     7    10     0     0   -80.0   39.612  130.533    330.5    945.1
     1     1    21     8     7     9     0     0   -81.0   39.611  130.572    327.5    945.8
     1     1    21     8     7     8     0     0   -82.0   39.613  130.606    320.9    946.8
     1     1    21     8     7     7     0     0   -83.0   39.617  130.635    311.0    948.0
     1     1    21     8     7     6     0     0   -84.0   39.624  130.660    297.9    949.5
     1     1    21     8     7     5     0     0   -85.0   39.630  130.684    284.1    951.8
     1     1    21     8     7     4     0     0   -86.0   39.631  130.710    272.1    953.7
     1     1    21     8     7     3     0     0   -87.0   39.627  130.737    261.6    955.4
     1     1    21     8     7     2     0     0   -88.0   39.618  130.765    252.7    957.1
     1     1    21     8     7     1     0     0   -89.0   39.605  130.793    245.2    958.6
     1     1    21     8     7     0     0     0   -90.0   39.587  130.819    239.0    960.0
     1     1    21     8     6    23     0     0   -91.0   39.564  130.846    235.2    961.0
     1     1    21     8     6    22     0     0   -92.0   39.533  130.880    234.8    961.5
     1     1    21     8     6    21     0     0   -93.0   39.494  130.919    237.8    961.8
     1     1    21     8     6    20     0     0   -94.0   39.446  130.966    244.4    961.8
     1     1    21     8     6    19     0     0   -95.0   39.390  131.021    254.7    961.6
     1     1    21     8     6    18     0     0   -96.0   39.324  131.084    269.1    961.0
