     2     1
    CDC1    21     8     1     0     0
    CDC1    21     9     1     0     0
     1 BACKWARD OMEGA   
  2021     9     4    15   37.500  127.000   500.0
     1 PRESSURE
     1     1    21     9     4    15     0     0     0.0   37.500  127.000    500.0    941.4
     1     1    21     9     4    14     0     0    -1.0   37.518  127.207    506.6    939.6
     1     1    21     9     4    13     0     0    -2.0   37.561  127.395    516.3    937.0
     1     1    21     9     4    12     0     0    -3.0   37.625  127.565    529.1    934.3
     1     1    21     9     4    11     0     0    -4.0   37.700  127.722    542.9    931.7
     1     1    21     9     4    10     0     0    -5.0   37.775  127.875    555.0    929.7
     1     1    21     9     4     9     0     0    -6.0   37.849  128.023    565.2    927.9
     1     1    21     9     4     8     0     0    -7.0   37.924  128.170    572.9    926.5
     1     1    21     9     4     7     0     0    -8.0   37.998  128.316    578.0    925.4
     1     1    21     9     4     6     0     0    -9.0   38.072  128.462    580.1    924.8
     1     1    21     9     4     5     0     0   -10.0   38.149  128.613    581.4    924.7
     1     1    21     9     4     4     0     0   -11.0   38.235  128.766    584.0    924.1
     1     1    21     9     4     3     0     0   -12.0   38.328  128.923    588.2    923.5
     1     1    21     9     4     2     0     0   -13.0   38.430  129.081    594.4    922.6
     1     1    21     9     4     1     0     0   -14.0   38.539  129.239    602.7    921.5
     1     1    21     9     4     0     0     0   -15.0   38.654  129.398    613.8    920.2
     1     1    21     9     3    23     0     0   -16.0   38.768  129.557    625.8    918.5
     1     1    21     9     3    22     0     0   -17.0   38.871  129.716    637.0    917.0
     1     1    21     9     3    21     0     0   -18.0   38.964  129.874    647.0    915.9
     1     1    21     9     3    20     0     0   -19.0   39.043  130.030    655.7    915.3
     1     1    21     9     3    19     0     0   -20.0   39.109  130.184    662.4    915.7
     1     1    21     9     3    18     0     0   -21.0   39.161  130.335    666.3    916.7
     1     1    21     9     3    17     0     0   -22.0   39.206  130.485    670.3    918.2
     1     1    21     9     3    16     0     0   -23.0   39.252  130.634    677.6    919.1
     1     1    21     9     3    15     0     0   -24.0   39.296  130.783    688.5    919.6
     1     1    21     9     3    14     0     0   -25.0   39.339  130.934    703.0    919.8
     1     1    21     9     3    13     0     0   -26.0   39.378  131.087    721.2    919.8
     1     1    21     9     3    12     0     0   -27.0   39.414  131.243    743.2    919.5
     1     1    21     9     3    11     0     0   -28.0   39.442  131.400    765.4    918.7
     1     1    21     9     3    10     0     0   -29.0   39.456  131.552    784.0    918.8
     1     1    21     9     3     9     0     0   -30.0   39.458  131.699    799.2    919.2
     1     1    21     9     3     8     0     0   -31.0   39.450  131.840    811.0    920.0
     1     1    21     9     3     7     0     0   -32.0   39.432  131.975    819.4    920.9
     1     1    21     9     3     6     0     0   -33.0   39.404  132.104    824.6    922.1
     1     1    21     9     3     5     0     0   -34.0   39.377  132.235    828.3    923.9
     1     1    21     9     3     4     0     0   -35.0   39.357  132.377    833.1    925.5
     1     1    21     9     3     3     0     0   -36.0   39.346  132.532    838.9    926.7
     1     1    21     9     3     2     0     0   -37.0   39.343  132.699    845.5    926.0
     1     1    21     9     3     1     0     0   -38.0   39.348  132.879    853.7    925.1
     1     1    21     9     3     0     0     0   -39.0   39.360  133.074    863.7    924.2
     1     1    21     9     2    23     0     0   -40.0   39.372  133.272    873.4    922.9
     1     1    21     9     2    22     0     0   -41.0   39.373  133.462    880.1    922.1
     1     1    21     9     2    21     0     0   -42.0   39.364  133.643    884.1    921.5
     1     1    21     9     2    20     0     0   -43.0   39.348  133.814    885.3    921.2
     1     1    21     9     2    19     0     0   -44.0   39.325  133.975    883.7    921.0
     1     1    21     9     2    18     0     0   -45.0   39.296  134.126    879.4    921.0
     1     1    21     9     2    17     0     0   -46.0   39.270  134.277    874.4    921.5
     1     1    21     9     2    16     0     0   -47.0   39.255  134.438    870.8    921.6
     1     1    21     9     2    15     0     0   -48.0   39.251  134.609    868.6    921.7
     1     1    21     9     2    14     0     0   -49.0   39.256  134.790    867.7    921.7
     1     1    21     9     2    13     0     0   -50.0   39.272  134.979    868.3    921.6
     1     1    21     9     2    12     0     0   -51.0   39.295  135.176    869.9    920.0
     1     1    21     9     2    11     0     0   -52.0   39.328  135.375    873.9    918.4
     1     1    21     9     2    10     0     0   -53.0   39.369  135.574    880.8    916.5
     1     1    21     9     2     9     0     0   -54.0   39.421  135.771    891.2    914.5
     1     1    21     9     2     8     0     0   -55.0   39.485  135.967    905.8    912.2
     1     1    21     9     2     7     0     0   -56.0   39.563  136.162    924.8    909.8
     1     1    21     9     2     6     0     0   -57.0   39.655  136.356    948.9    907.0
     1     1    21     9     2     5     0     0   -58.0   39.760  136.552    976.3    903.4
     1     1    21     9     2     4     0     0   -59.0   39.872  136.751   1005.4    900.1
     1     1    21     9     2     3     0     0   -60.0   39.990  136.955   1036.2    896.8
     1     1    21     9     2     2     0     0   -61.0   40.112  137.160   1068.1    891.6
     1     1    21     9     2     1     0     0   -62.0   40.235  137.362   1101.6    886.3
     1     1    21     9     2     0     0     0   -63.0   40.357  137.558   1136.6    881.3
     1     1    21     9     1    23     0     0   -64.0   40.476  137.740   1170.3    876.8
     1     1    21     9     1    22     0     0   -65.0   40.590  137.901   1198.8    873.4
     1     1    21     9     1    21     0     0   -66.0   40.700  138.041   1222.1    870.6
     1     1    21     9     1    20     0     0   -67.0   40.808  138.161   1240.3    868.4
     1     1    21     9     1    19     0     0   -68.0   40.915  138.262   1253.4    866.9
     1     1    21     9     1    18     0     0   -69.0   41.020  138.344   1261.7    865.9
     1     1    21     9     1    17     0     0   -70.0   41.119  138.410   1267.8    865.3
     1     1    21     9     1    16     0     0   -71.0   41.206  138.462   1274.8    864.3
     1     1    21     9     1    15     0     0   -72.0   41.283  138.502   1282.3    863.4
     1     1    21     9     1    14     0     0   -73.0   41.350  138.529   1290.2    862.5
     1     1    21     9     1    13     0     0   -74.0   41.408  138.546   1298.1    861.6
     1     1    21     9     1    12     0     0   -75.0   41.456  138.552   1305.8    860.6
     1     1    21     9     1    11     0     0   -76.0   41.503  138.545   1313.9    859.9
     1     1    21     9     1    10     0     0   -77.0   41.558  138.521   1322.5    859.1
     1     1    21     9     1     9     0     0   -78.0   41.621  138.481   1331.9    858.2
     1     1    21     9     1     8     0     0   -79.0   41.693  138.425   1342.0    857.2
     1     1    21     9     1     7     0     0   -80.0   41.773  138.354   1352.8    856.1
     1     1    21     9     1     6     0     0   -81.0   41.862  138.269   1364.3    855.0
     1     1    21     9     1     5     0     0   -82.0   41.957  138.176   1377.7    853.7
     1     1    21     9     1     4     0     0   -83.0   42.055  138.080   1394.8    851.9
     1     1    21     9     1     3     0     0   -84.0   42.158  137.981   1415.8    849.7
     1     1    21     9     1     2     0     0   -85.0   42.266  137.880   1441.3    847.1
     1     1    21     9     1     1     0     0   -86.0   42.380  137.777   1471.7    843.9
     1     1    21     9     1     0     0     0   -87.0   42.500  137.671   1507.9    840.1
     1     1    21     8    31    23     0     0   -88.0   42.623  137.554   1544.0    835.0
     1     1    21     8    31    22     0     0   -89.0   42.743  137.421   1574.4    831.0
     1     1    21     8    31    21     0     0   -90.0   42.858  137.272   1598.7    827.7
     1     1    21     8    31    20     0     0   -91.0   42.967  137.107   1616.6    825.0
     1     1    21     8    31    19     0     0   -92.0   43.070  136.926   1627.9    823.0
     1     1    21     8    31    18     0     0   -93.0   43.165  136.728   1632.1    821.7
     1     1    21     8    31    17     0     0   -94.0   43.260  136.529   1633.7    821.5
     1     1    21     8    31    16     0     0   -95.0   43.362  136.340   1637.1    820.7
     1     1    21     8    31    15     0     0   -96.0   43.471  136.161   1642.0    819.6
