     2     1
    CDC1    21     3     1     0     0
    CDC1    21     4     1     0     0
     1 BACKWARD OMEGA   
  2021     4     8    18   37.500  127.000   500.0
     1 PRESSURE
     1     1    21     4     8    18     0     0     0.0   37.500  127.000    500.0    939.9
     1     1    21     4     8    17     0     0    -1.0   37.727  127.111    530.3    932.5
     1     1    21     4     8    16     0     0    -2.0   37.956  127.184    563.7    924.7
     1     1    21     4     8    15     0     0    -3.0   38.188  127.217    599.8    916.8
     1     1    21     4     8    14     0     0    -4.0   38.423  127.207    638.3    908.7
     1     1    21     4     8    13     0     0    -5.0   38.661  127.151    678.5    900.3
     1     1    21     4     8    12     0     0    -6.0   38.904  127.052    720.5    892.1
     1     1    21     4     8    11     0     0    -7.0   39.153  126.924    762.7    884.1
     1     1    21     4     8    10     0     0    -8.0   39.407  126.776    802.8    876.8
     1     1    21     4     8     9     0     0    -9.0   39.669  126.607    839.6    870.0
     1     1    21     4     8     8     0     0   -10.0   39.939  126.413    871.7    864.0
     1     1    21     4     8     7     0     0   -11.0   40.218  126.197    898.8    860.9
     1     1    21     4     8     6     0     0   -12.0   40.507  125.960    919.8    859.3
     1     1    21     4     8     5     0     0   -13.0   40.806  125.729    939.0    859.0
     1     1    21     4     8     4     0     0   -14.0   41.112  125.526    960.0    857.6
     1     1    21     4     8     3     0     0   -15.0   41.426  125.351    983.5    855.6
     1     1    21     4     8     2     0     0   -16.0   41.751  125.204   1009.9    853.0
     1     1    21     4     8     1     0     0   -17.0   42.087  125.084   1039.4    849.6
     1     1    21     4     8     0     0     0   -18.0   42.436  124.991   1072.4    845.4
     1     1    21     4     7    23     0     0   -19.0   42.789  124.900   1108.1    845.5
     1     1    21     4     7    22     0     0   -20.0   43.130  124.791   1141.3    847.0
     1     1    21     4     7    21     0     0   -21.0   43.460  124.664   1171.3    848.5
     1     1    21     4     7    20     0     0   -22.0   43.778  124.519   1198.5    849.7
     1     1    21     4     7    19     0     0   -23.0   44.086  124.357   1222.9    850.6
     1     1    21     4     7    18     0     0   -24.0   44.383  124.178   1244.8    851.2
     1     1    21     4     7    17     0     0   -25.0   44.673  123.995   1260.5    851.8
     1     1    21     4     7    16     0     0   -26.0   44.955  123.824   1264.6    853.4
     1     1    21     4     7    15     0     0   -27.0   45.232  123.660   1255.7    852.1
     1     1    21     4     7    14     0     0   -28.0   45.507  123.500   1236.3    850.7
     1     1    21     4     7    13     0     0   -29.0   45.781  123.344   1206.9    850.0
     1     1    21     4     7    12     0     0   -30.0   46.056  123.194   1167.3    850.1
     1     1    21     4     7    11     0     0   -31.0   46.334  123.035   1126.8    851.2
     1     1    21     4     7    10     0     0   -32.0   46.619  122.845   1093.3    849.8
     1     1    21     4     7     9     0     0   -33.0   46.909  122.620   1066.8    846.8
     1     1    21     4     7     8     0     0   -34.0   47.206  122.356   1046.8    841.4
     1     1    21     4     7     7     0     0   -35.0   47.505  122.047   1034.3    834.5
     1     1    21     4     7     6     0     0   -36.0   47.804  121.705   1031.7    828.5
     1     1    21     4     7     5     0     0   -37.0   48.114  121.351   1032.5    822.0
     1     1    21     4     7     4     0     0   -38.0   48.446  120.999   1029.8    817.3
     1     1    21     4     7     3     0     0   -39.0   48.793  120.646   1025.1    813.4
     1     1    21     4     7     2     0     0   -40.0   49.149  120.289   1019.6    810.3
     1     1    21     4     7     1     0     0   -41.0   49.507  119.924   1014.7    808.6
     1     1    21     4     7     0     0     0   -42.0   49.860  119.552   1011.3    810.9
     1     1    21     4     6    23     0     0   -43.0   50.199  119.184   1013.7    814.1
     1     1    21     4     6    22     0     0   -44.0   50.524  118.837   1025.1    815.2
     1     1    21     4     6    21     0     0   -45.0   50.842  118.509   1043.4    814.8
     1     1    21     4     6    20     0     0   -46.0   51.159  118.197   1065.9    813.4
     1     1    21     4     6    19     0     0   -47.0   51.483  117.894   1090.8    811.2
     1     1    21     4     6    18     0     0   -48.0   51.818  117.596   1116.1    808.5
     1     1    21     4     6    17     0     0   -49.0   52.155  117.299   1142.3    804.8
     1     1    21     4     6    16     0     0   -50.0   52.483  117.001   1171.2    799.9
     1     1    21     4     6    15     0     0   -51.0   52.800  116.697   1200.8    791.9
     1     1    21     4     6    14     0     0   -52.0   53.107  116.384   1231.6    783.6
     1     1    21     4     6    13     0     0   -53.0   53.405  116.060   1262.4    775.1
     1     1    21     4     6    12     0     0   -54.0   53.698  115.723   1291.9    766.6
     1     1    21     4     6    11     0     0   -55.0   54.000  115.380   1319.6    758.0
     1     1    21     4     6    10     0     0   -56.0   54.327  115.042   1344.3    749.2
     1     1    21     4     6     9     0     0   -57.0   54.681  114.707   1366.1    740.5
     1     1    21     4     6     8     0     0   -58.0   55.058  114.372   1385.3    733.6
     1     1    21     4     6     7     0     0   -59.0   55.443  114.031   1404.9    734.4
     1     1    21     4     6     6     0     0   -60.0   55.821  113.675   1419.6    736.3
     1     1    21     4     6     5     0     0   -61.0   56.185  113.306   1430.1    738.9
     1     1    21     4     6     4     0     0   -62.0   56.529  112.928   1437.5    742.0
     1     1    21     4     6     3     0     0   -63.0   56.851  112.540   1439.7    745.8
     1     1    21     4     6     2     0     0   -64.0   57.148  112.140   1436.5    751.6
     1     1    21     4     6     1     0     0   -65.0   57.416  111.729   1426.6    757.7
     1     1    21     4     6     0     0     0   -66.0   57.653  111.309   1411.8    765.3
     1     1    21     4     5    23     0     0   -67.0   57.865  110.884   1395.4    773.6
     1     1    21     4     5    22     0     0   -68.0   58.058  110.455   1378.1    781.4
     1     1    21     4     5    21     0     0   -69.0   58.231  110.022   1361.0    788.8
     1     1    21     4     5    20     0     0   -70.0   58.385  109.589   1344.8    795.6
     1     1    21     4     5    19     0     0   -71.0   58.521  109.156   1329.8    801.7
     1     1    21     4     5    18     0     0   -72.0   58.637  108.725   1315.8    807.1
     1     1    21     4     5    17     0     0   -73.0   58.739  108.302   1302.4    812.0
     1     1    21     4     5    16     0     0   -74.0   58.833  107.889   1289.7    816.5
     1     1    21     4     5    15     0     0   -75.0   58.922  107.483   1277.8    820.5
     1     1    21     4     5    14     0     0   -76.0   59.008  107.083   1266.5    823.3
     1     1    21     4     5    13     0     0   -77.0   59.095  106.685   1256.5    825.5
     1     1    21     4     5    12     0     0   -78.0   59.181  106.285   1247.8    827.4
     1     1    21     4     5    11     0     0   -79.0   59.266  105.888   1241.0    828.7
     1     1    21     4     5    10     0     0   -80.0   59.348  105.501   1236.8    829.3
     1     1    21     4     5     9     0     0   -81.0   59.426  105.123   1235.3    829.4
     1     1    21     4     5     8     0     0   -82.0   59.501  104.754   1236.6    828.9
     1     1    21     4     5     7     0     0   -83.0   59.572  104.394   1240.8    827.9
     1     1    21     4     5     6     0     0   -84.0   59.641  104.039   1247.6    826.3
     1     1    21     4     5     5     0     0   -85.0   59.713  103.683   1254.2    824.1
     1     1    21     4     5     4     0     0   -86.0   59.796  103.323   1256.9    822.2
     1     1    21     4     5     3     0     0   -87.0   59.890  102.959   1255.9    820.4
     1     1    21     4     5     2     0     0   -88.0   59.995  102.593   1251.1    818.6
     1     1    21     4     5     1     0     0   -89.0   60.109  102.230   1243.9    819.1
     1     1    21     4     5     0     0     0   -90.0   60.229  101.874   1233.8    820.3
     1     1    21     4     4    23     0     0   -91.0   60.349  101.514   1222.1    821.4
     1     1    21     4     4    22     0     0   -92.0   60.466  101.137   1210.8    822.3
     1     1    21     4     4    21     0     0   -93.0   60.577  100.743   1199.8    823.0
     1     1    21     4     4    20     0     0   -94.0   60.683  100.335   1189.1    823.5
     1     1    21     4     4    19     0     0   -95.0   60.784   99.913   1179.0    824.1
     1     1    21     4     4    18     0     0   -96.0   60.879   99.480   1169.6    825.7
