     2     1
    CDC1    21     2     1     0     0
    CDC1    21     3     1     0     0
     1 BACKWARD OMEGA   
  2021     3    19    21   37.500  127.000   500.0
     1 PRESSURE
     1     1    21     3    19    21     0     0     0.0   37.500  127.000    500.0    936.9
     1     1    21     3    19    20     0     0    -1.0   37.352  127.031    472.0    940.5
     1     1    21     3    19    19     0     0    -2.0   37.201  127.078    443.7    944.3
     1     1    21     3    19    18     0     0    -3.0   37.048  127.147    415.6    948.2
     1     1    21     3    19    17     0     0    -4.0   36.903  127.235    391.2    951.7
     1     1    21     3    19    16     0     0    -5.0   36.774  127.336    373.1    953.5
     1     1    21     3    19    15     0     0    -6.0   36.660  127.445    360.4    954.6
     1     1    21     3    19    14     0     0    -7.0   36.562  127.561    353.0    955.6
     1     1    21     3    19    13     0     0    -8.0   36.481  127.680    350.6    956.4
     1     1    21     3    19    12     0     0    -9.0   36.416  127.803    353.2    956.6
     1     1    21     3    19    11     0     0   -10.0   36.362  127.932    359.3    956.1
     1     1    21     3    19    10     0     0   -11.0   36.314  128.074    367.9    955.5
     1     1    21     3    19     9     0     0   -12.0   36.270  128.229    379.2    954.7
     1     1    21     3    19     8     0     0   -13.0   36.233  128.397    393.4    953.3
     1     1    21     3    19     7     0     0   -14.0   36.200  128.576    411.0    951.5
     1     1    21     3    19     6     0     0   -15.0   36.172  128.766    432.5    949.3
     1     1    21     3    19     5     0     0   -16.0   36.148  128.962    456.1    946.6
     1     1    21     3    19     4     0     0   -17.0   36.125  129.161    480.1    944.1
     1     1    21     3    19     3     0     0   -18.0   36.102  129.362    504.2    941.7
     1     1    21     3    19     2     0     0   -19.0   36.078  129.564    528.2    939.2
     1     1    21     3    19     1     0     0   -20.0   36.052  129.765    552.0    936.7
     1     1    21     3    19     0     0     0   -21.0   36.024  129.966    575.7    934.2
     1     1    21     3    18    23     0     0   -22.0   35.992  130.166    600.5    932.2
     1     1    21     3    18    22     0     0   -23.0   35.955  130.365    626.9    930.1
     1     1    21     3    18    21     0     0   -24.0   35.918  130.560    654.9    927.3
     1     1    21     3    18    20     0     0   -25.0   35.885  130.748    683.9    924.4
     1     1    21     3    18    19     0     0   -26.0   35.857  130.929    714.1    921.4
     1     1    21     3    18    18     0     0   -27.0   35.836  131.103    745.3    918.3
     1     1    21     3    18    17     0     0   -28.0   35.824  131.263    773.8    915.4
     1     1    21     3    18    16     0     0   -29.0   35.821  131.405    795.6    913.6
     1     1    21     3    18    15     0     0   -30.0   35.827  131.531    810.6    912.5
     1     1    21     3    18    14     0     0   -31.0   35.840  131.642    818.8    912.2
     1     1    21     3    18    13     0     0   -32.0   35.858  131.740    820.1    912.6
     1     1    21     3    18    12     0     0   -33.0   35.881  131.827    814.6    913.7
     1     1    21     3    18    11     0     0   -34.0   35.905  131.911    806.1    915.5
     1     1    21     3    18    10     0     0   -35.0   35.927  131.999    798.8    916.8
     1     1    21     3    18     9     0     0   -36.0   35.946  132.088    792.2    918.0
     1     1    21     3    18     8     0     0   -37.0   35.961  132.177    786.3    919.1
     1     1    21     3    18     7     0     0   -38.0   35.974  132.267    780.7    920.2
     1     1    21     3    18     6     0     0   -39.0   35.983  132.357    775.5    921.2
     1     1    21     3    18     5     0     0   -40.0   35.993  132.449    773.2    922.5
     1     1    21     3    18     4     0     0   -41.0   36.010  132.547    776.4    922.5
     1     1    21     3    18     3     0     0   -42.0   36.033  132.647    785.1    921.4
     1     1    21     3    18     2     0     0   -43.0   36.062  132.747    799.6    919.7
     1     1    21     3    18     1     0     0   -44.0   36.098  132.847    819.9    917.5
     1     1    21     3    18     0     0     0   -45.0   36.141  132.943    846.1    914.8
     1     1    21     3    17    23     0     0   -46.0   36.193  133.032    876.2    911.1
     1     1    21     3    17    22     0     0   -47.0   36.255  133.107    908.2    907.6
     1     1    21     3    17    21     0     0   -48.0   36.330  133.169    942.5    904.0
     1     1    21     3    17    20     0     0   -49.0   36.416  133.214    979.1    899.9
     1     1    21     3    17    19     0     0   -50.0   36.516  133.243   1018.2    895.8
     1     1    21     3    17    18     0     0   -51.0   36.628  133.255   1060.0    891.6
     1     1    21     3    17    17     0     0   -52.0   36.746  133.249   1102.9    887.7
     1     1    21     3    17    16     0     0   -53.0   36.866  133.223   1143.9    884.4
     1     1    21     3    17    15     0     0   -54.0   36.988  133.180   1183.1    881.5
     1     1    21     3    17    14     0     0   -55.0   37.113  133.122   1220.0    879.1
     1     1    21     3    17    13     0     0   -56.0   37.243  133.049   1254.3    877.2
     1     1    21     3    17    12     0     0   -57.0   37.377  132.966   1285.4    875.8
     1     1    21     3    17    11     0     0   -58.0   37.523  132.878   1316.7    874.3
     1     1    21     3    17    10     0     0   -59.0   37.686  132.790   1350.6    871.2
     1     1    21     3    17     9     0     0   -60.0   37.868  132.697   1387.6    867.7
     1     1    21     3    17     8     0     0   -61.0   38.069  132.597   1428.4    863.8
     1     1    21     3    17     7     0     0   -62.0   38.287  132.488   1473.4    859.1
     1     1    21     3    17     6     0     0   -63.0   38.525  132.367   1523.0    852.3
     1     1    21     3    17     5     0     0   -64.0   38.779  132.216   1577.7    844.3
     1     1    21     3    17     4     0     0   -65.0   39.046  132.025   1638.1    835.1
     1     1    21     3    17     3     0     0   -66.0   39.326  131.796   1704.3    824.7
     1     1    21     3    17     2     0     0   -67.0   39.620  131.528   1777.1    812.3
     1     1    21     3    17     1     0     0   -68.0   39.929  131.222   1857.5    798.0
     1     1    21     3    17     0     0     0   -69.0   40.256  130.878   1942.7    779.9
     1     1    21     3    16    23     0     0   -70.0   40.599  130.504   2027.5    760.6
     1     1    21     3    16    22     0     0   -71.0   40.963  130.112   2107.3    742.4
     1     1    21     3    16    21     0     0   -72.0   41.349  129.702   2182.7    726.6
     1     1    21     3    16    20     0     0   -73.0   41.755  129.271   2252.2    712.5
     1     1    21     3    16    19     0     0   -74.0   42.182  128.817   2315.9    699.5
     1     1    21     3    16    18     0     0   -75.0   42.627  128.339   2377.7    689.5
     1     1    21     3    16    17     0     0   -76.0   43.083  127.840   2448.5    686.0
     1     1    21     3    16    16     0     0   -77.0   43.544  127.325   2530.5    684.6
     1     1    21     3    16    15     0     0   -78.0   44.007  126.811   2624.8    686.5
     1     1    21     3    16    14     0     0   -79.0   44.471  126.310   2723.5    687.8
     1     1    21     3    16    13     0     0   -80.0   44.942  125.828   2825.3    688.4
     1     1    21     3    16    12     0     0   -81.0   45.419  125.378   2921.7    683.2
     1     1    21     3    16    11     0     0   -82.0   45.903  124.957   3013.5    674.9
     1     1    21     3    16    10     0     0   -83.0   46.391  124.548   3087.9    662.9
     1     1    21     3    16     9     0     0   -84.0   46.877  124.145   3153.6    651.1
     1     1    21     3    16     8     0     0   -85.0   47.363  123.747   3213.8    639.0
     1     1    21     3    16     7     0     0   -86.0   47.847  123.358   3271.3    627.2
     1     1    21     3    16     6     0     0   -87.0   48.325  122.988   3328.1    615.6
     1     1    21     3    16     5     0     0   -88.0   48.811  122.661   3391.1    603.7
     1     1    21     3    16     4     0     0   -89.0   49.322  122.402   3469.9    591.0
     1     1    21     3    16     3     0     0   -90.0   49.865  122.220   3566.0    578.1
     1     1    21     3    16     2     0     0   -91.0   50.441  122.102   3684.3    567.9
     1     1    21     3    16     1     0     0   -92.0   51.046  122.022   3817.8    558.1
     1     1    21     3    16     0     0     0   -93.0   51.678  121.971   3962.6    548.0
     1     1    21     3    15    23     0     0   -94.0   52.304  121.942   4096.0    536.9
     1     1    21     3    15    22     0     0   -95.0   52.894  121.898   4195.5    527.4
     1     1    21     3    15    21     0     0   -96.0   53.455  121.790   4269.3    518.7
