     2     1
    CDC1    21    10     1     0     0
    CDC1    21    11     1     0     0
     1 BACKWARD OMEGA   
  2021    11     3    18   37.500  127.000   500.0
     1 PRESSURE
     1     1    21    11     3    18     0     0     0.0   37.500  127.000    500.0    940.3
     1     1    21    11     3    17     0     0    -1.0   37.560  126.759    494.9    941.4
     1     1    21    11     3    16     0     0    -2.0   37.599  126.524    490.2    942.9
     1     1    21    11     3    15     0     0    -3.0   37.620  126.296    486.5    944.4
     1     1    21    11     3    14     0     0    -4.0   37.625  126.074    484.4    946.0
     1     1    21    11     3    13     0     0    -5.0   37.617  125.857    484.3    947.6
     1     1    21    11     3    12     0     0    -6.0   37.598  125.645    486.9    948.9
     1     1    21    11     3    11     0     0    -7.0   37.574  125.436    489.1    949.8
     1     1    21    11     3    10     0     0    -8.0   37.551  125.227    488.3    951.3
     1     1    21    11     3     9     0     0    -9.0   37.530  125.019    483.8    953.2
     1     1    21    11     3     8     0     0   -10.0   37.508  124.815    475.5    954.9
     1     1    21    11     3     7     0     0   -11.0   37.486  124.617    464.0    956.9
     1     1    21    11     3     6     0     0   -12.0   37.463  124.424    449.5    959.1
     1     1    21    11     3     5     0     0   -13.0   37.443  124.233    435.7    962.1
     1     1    21    11     3     4     0     0   -14.0   37.428  124.041    425.4    964.3
     1     1    21    11     3     3     0     0   -15.0   37.419  123.848    418.4    966.0
     1     1    21    11     3     2     0     0   -16.0   37.415  123.653    414.7    967.2
     1     1    21    11     3     1     0     0   -17.0   37.417  123.455    414.0    968.1
     1     1    21    11     3     0     0     0   -18.0   37.424  123.252    416.3    968.5
     1     1    21    11     2    23     0     0   -19.0   37.432  123.047    419.9    968.4
     1     1    21    11     2    22     0     0   -20.0   37.434  122.840    423.4    968.6
     1     1    21    11     2    21     0     0   -21.0   37.430  122.631    426.6    968.9
     1     1    21    11     2    20     0     0   -22.0   37.419  122.420    429.5    969.2
     1     1    21    11     2    19     0     0   -23.0   37.400  122.207    432.1    969.2
     1     1    21    11     2    18     0     0   -24.0   37.375  121.993    434.3    969.2
     1     1    21    11     2    17     0     0   -25.0   37.346  121.781    438.3    969.2
     1     1    21    11     2    16     0     0   -26.0   37.316  121.577    446.2    968.4
     1     1    21    11     2    15     0     0   -27.0   37.282  121.384    457.7    967.1
     1     1    21    11     2    14     0     0   -28.0   37.244  121.202    472.6    965.5
     1     1    21    11     2    13     0     0   -29.0   37.200  121.032    491.0    963.4
     1     1    21    11     2    12     0     0   -30.0   37.149  120.877    513.2    961.0
     1     1    21    11     2    11     0     0   -31.0   37.097  120.731    538.5    958.0
     1     1    21    11     2    10     0     0   -32.0   37.048  120.592    566.5    955.0
     1     1    21    11     2     9     0     0   -33.0   37.003  120.460    597.2    951.7
     1     1    21    11     2     8     0     0   -34.0   36.960  120.335    630.6    948.3
     1     1    21    11     2     7     0     0   -35.0   36.920  120.220    666.8    943.9
     1     1    21    11     2     6     0     0   -36.0   36.885  120.112    705.7    939.2
     1     1    21    11     2     5     0     0   -37.0   36.857  120.013    747.1    934.4
     1     1    21    11     2     4     0     0   -38.0   36.842  119.919    790.1    929.6
     1     1    21    11     2     3     0     0   -39.0   36.839  119.829    834.6    924.8
     1     1    21    11     2     2     0     0   -40.0   36.848  119.742    880.6    920.1
     1     1    21    11     2     1     0     0   -41.0   36.868  119.656    927.6    915.4
     1     1    21    11     2     0     0     0   -42.0   36.900  119.568    975.3    910.1
     1     1    21    11     1    23     0     0   -43.0   36.944  119.472   1021.8    904.9
     1     1    21    11     1    22     0     0   -44.0   36.999  119.365   1065.6    900.3
     1     1    21    11     1    21     0     0   -45.0   37.061  119.245   1106.6    896.2
     1     1    21    11     1    20     0     0   -46.0   37.131  119.115   1144.6    892.4
     1     1    21    11     1    19     0     0   -47.0   37.207  118.974   1179.7    889.1
     1     1    21    11     1    18     0     0   -48.0   37.286  118.822   1212.0    886.1
     1     1    21    11     1    17     0     0   -49.0   37.366  118.666   1243.8    883.4
     1     1    21    11     1    16     0     0   -50.0   37.444  118.512   1276.4    880.3
     1     1    21    11     1    15     0     0   -51.0   37.520  118.362   1310.0    876.7
     1     1    21    11     1    14     0     0   -52.0   37.594  118.218   1344.3    871.7
     1     1    21    11     1    13     0     0   -53.0   37.666  118.081   1379.7    866.5
     1     1    21    11     1    12     0     0   -54.0   37.738  117.952   1416.6    861.2
     1     1    21    11     1    11     0     0   -55.0   37.808  117.822   1455.0    855.7
     1     1    21    11     1    10     0     0   -56.0   37.875  117.680   1495.5    850.1
     1     1    21    11     1     9     0     0   -57.0   37.940  117.527   1538.3    844.3
     1     1    21    11     1     8     0     0   -58.0   38.002  117.360   1582.1    836.5
     1     1    21    11     1     7     0     0   -59.0   38.062  117.175   1627.4    828.0
     1     1    21    11     1     6     0     0   -60.0   38.118  116.972   1674.3    819.3
     1     1    21    11     1     5     0     0   -61.0   38.175  116.755   1717.9    809.6
     1     1    21    11     1     4     0     0   -62.0   38.233  116.531   1754.9    800.8
     1     1    21    11     1     3     0     0   -63.0   38.293  116.301   1784.7    792.7
     1     1    21    11     1     2     0     0   -64.0   38.353  116.066   1807.2    785.2
     1     1    21    11     1     1     0     0   -65.0   38.414  115.826   1822.5    778.5
     1     1    21    11     1     0     0     0   -66.0   38.474  115.583   1830.7    772.4
     1     1    21    10    31    23     0     0   -67.0   38.528  115.336   1833.6    767.3
     1     1    21    10    31    22     0     0   -68.0   38.567  115.081   1832.0    762.8
     1     1    21    10    31    21     0     0   -69.0   38.594  114.820   1825.4    758.2
     1     1    21    10    31    20     0     0   -70.0   38.611  114.554   1814.0    753.9
     1     1    21    10    31    19     0     0   -71.0   38.618  114.282   1797.7    750.2
     1     1    21    10    31    18     0     0   -72.0   38.614  114.006   1776.0    747.1
     1     1    21    10    31    17     0     0   -73.0   38.607  113.730   1753.8    744.5
     1     1    21    10    31    16     0     0   -74.0   38.602  113.459   1736.6    740.9
     1     1    21    10    31    15     0     0   -75.0   38.602  113.190   1725.7    736.7
     1     1    21    10    31    14     0     0   -76.0   38.604  112.926   1722.1    731.9
     1     1    21    10    31    13     0     0   -77.0   38.611  112.664   1726.8    726.3
     1     1    21    10    31    12     0     0   -78.0   38.621  112.406   1741.7    720.8
     1     1    21    10    31    11     0     0   -79.0   38.642  112.149   1762.9    715.8
     1     1    21    10    31    10     0     0   -80.0   38.678  111.886   1784.0    711.1
     1     1    21    10    31     9     0     0   -81.0   38.730  111.620   1805.8    706.3
     1     1    21    10    31     8     0     0   -82.0   38.798  111.350   1828.8    701.3
     1     1    21    10    31     7     0     0   -83.0   38.883  111.076   1854.0    696.2
     1     1    21    10    31     6     0     0   -84.0   38.986  110.798   1882.3    690.8
     1     1    21    10    31     5     0     0   -85.0   39.103  110.519   1915.3    685.0
     1     1    21    10    31     4     0     0   -86.0   39.228  110.240   1955.1    678.7
     1     1    21    10    31     3     0     0   -87.0   39.363  109.961   2002.5    672.2
     1     1    21    10    31     2     0     0   -88.0   39.506  109.682   2059.1    666.8
     1     1    21    10    31     1     0     0   -89.0   39.660  109.401   2122.6    660.9
     1     1    21    10    31     0     0     0   -90.0   39.825  109.113   2192.8    654.4
     1     1    21    10    30    23     0     0   -91.0   40.000  108.801   2265.9    647.9
     1     1    21    10    30    22     0     0   -92.0   40.182  108.461   2337.8    644.0
     1     1    21    10    30    21     0     0   -93.0   40.364  108.106   2406.8    640.1
     1     1    21    10    30    20     0     0   -94.0   40.548  107.738   2474.8    636.0
     1     1    21    10    30    19     0     0   -95.0   40.729  107.364   2543.5    631.8
     1     1    21    10    30    18     0     0   -96.0   40.907  106.991   2613.2    627.7
