     2     1
    CDC1    21     3     1     0     0
    CDC1    21     4     1     0     0
     1 BACKWARD OMEGA   
  2021     4    11    12   37.500  127.000   500.0
     1 PRESSURE
     1     1    21     4    11    12     0     0     0.0   37.500  127.000    500.0    949.0
     1     1    21     4    11    11     0     0    -1.0   37.389  127.054    510.3    948.3
     1     1    21     4    11    10     0     0    -2.0   37.269  127.102    525.4    946.8
     1     1    21     4    11     9     0     0    -3.0   37.140  127.146    545.5    944.9
     1     1    21     4    11     8     0     0    -4.0   37.002  127.190    571.0    942.4
     1     1    21     4    11     7     0     0    -5.0   36.856  127.234    602.2    939.4
     1     1    21     4    11     6     0     0    -6.0   36.703  127.284    639.5    935.6
     1     1    21     4    11     5     0     0    -7.0   36.556  127.348    679.7    930.5
     1     1    21     4    11     4     0     0    -8.0   36.425  127.432    720.2    925.7
     1     1    21     4    11     3     0     0    -9.0   36.312  127.533    761.3    921.2
     1     1    21     4    11     2     0     0   -10.0   36.219  127.651    803.2    917.0
     1     1    21     4    11     1     0     0   -11.0   36.149  127.782    845.8    912.8
     1     1    21     4    11     0     0     0   -12.0   36.103  127.923    889.3    908.6
     1     1    21     4    10    23     0     0   -13.0   36.076  128.059    933.4    903.8
     1     1    21     4    10    22     0     0   -14.0   36.062  128.173    977.1    898.6
     1     1    21     4    10    21     0     0   -15.0   36.058  128.266   1020.2    893.5
     1     1    21     4    10    20     0     0   -16.0   36.064  128.335   1062.3    888.7
     1     1    21     4    10    19     0     0   -17.0   36.077  128.380   1103.4    884.0
     1     1    21     4    10    18     0     0   -18.0   36.097  128.399   1143.3    879.5
     1     1    21     4    10    17     0     0   -19.0   36.123  128.405   1181.7    875.3
     1     1    21     4    10    16     0     0   -20.0   36.154  128.408   1219.2    871.3
     1     1    21     4    10    15     0     0   -21.0   36.190  128.409   1255.7    867.4
     1     1    21     4    10    14     0     0   -22.0   36.230  128.406   1291.2    863.7
     1     1    21     4    10    13     0     0   -23.0   36.275  128.400   1326.1    859.7
     1     1    21     4    10    12     0     0   -24.0   36.324  128.388   1360.4    855.8
     1     1    21     4    10    11     0     0   -25.0   36.376  128.369   1394.6    852.1
     1     1    21     4    10    10     0     0   -26.0   36.429  128.340   1428.1    848.4
     1     1    21     4    10     9     0     0   -27.0   36.484  128.301   1460.8    844.8
     1     1    21     4    10     8     0     0   -28.0   36.541  128.252   1492.4    841.3
     1     1    21     4    10     7     0     0   -29.0   36.599  128.192   1522.4    838.0
     1     1    21     4    10     6     0     0   -30.0   36.658  128.120   1550.2    834.9
     1     1    21     4    10     5     0     0   -31.0   36.723  128.040   1578.0    832.2
     1     1    21     4    10     4     0     0   -32.0   36.796  127.958   1607.7    829.0
     1     1    21     4    10     3     0     0   -33.0   36.878  127.872   1639.5    825.6
     1     1    21     4    10     2     0     0   -34.0   36.969  127.781   1673.3    822.1
     1     1    21     4    10     1     0     0   -35.0   37.070  127.687   1709.1    818.3
     1     1    21     4    10     0     0     0   -36.0   37.181  127.588   1746.8    814.1
     1     1    21     4     9    23     0     0   -37.0   37.298  127.481   1783.9    809.1
     1     1    21     4     9    22     0     0   -38.0   37.418  127.366   1818.9    805.3
     1     1    21     4     9    21     0     0   -39.0   37.539  127.243   1849.7    801.5
     1     1    21     4     9    20     0     0   -40.0   37.660  127.112   1875.6    797.3
     1     1    21     4     9    19     0     0   -41.0   37.782  126.974   1896.9    793.7
     1     1    21     4     9    18     0     0   -42.0   37.904  126.826   1913.2    790.7
     1     1    21     4     9    17     0     0   -43.0   38.024  126.675   1927.9    788.7
     1     1    21     4     9    16     0     0   -44.0   38.139  126.527   1943.9    786.3
     1     1    21     4     9    15     0     0   -45.0   38.251  126.383   1962.2    783.8
     1     1    21     4     9    14     0     0   -46.0   38.359  126.245   1983.3    781.1
     1     1    21     4     9    13     0     0   -47.0   38.464  126.114   2007.8    778.0
     1     1    21     4     9    12     0     0   -48.0   38.565  125.990   2036.1    774.7
     1     1    21     4     9    11     0     0   -49.0   38.667  125.873   2067.7    770.9
     1     1    21     4     9    10     0     0   -50.0   38.771  125.761   2103.8    766.7
     1     1    21     4     9     9     0     0   -51.0   38.878  125.653   2143.8    762.1
     1     1    21     4     9     8     0     0   -52.0   38.989  125.550   2187.3    757.1
     1     1    21     4     9     7     0     0   -53.0   39.105  125.451   2234.2    751.6
     1     1    21     4     9     6     0     0   -54.0   39.226  125.355   2284.2    745.7
     1     1    21     4     9     5     0     0   -55.0   39.364  125.260   2336.2    739.6
     1     1    21     4     9     4     0     0   -56.0   39.527  125.160   2387.8    733.4
     1     1    21     4     9     3     0     0   -57.0   39.716  125.057   2438.9    727.2
     1     1    21     4     9     2     0     0   -58.0   39.930  124.950   2489.5    720.9
     1     1    21     4     9     1     0     0   -59.0   40.168  124.844   2540.3    715.8
     1     1    21     4     9     0     0     0   -60.0   40.428  124.744   2589.5    711.1
     1     1    21     4     8    23     0     0   -61.0   40.705  124.641   2636.0    706.5
     1     1    21     4     8    22     0     0   -62.0   40.994  124.523   2681.8    702.0
     1     1    21     4     8    21     0     0   -63.0   41.293  124.388   2725.8    697.7
     1     1    21     4     8    20     0     0   -64.0   41.604  124.237   2767.6    693.6
     1     1    21     4     8    19     0     0   -65.0   41.924  124.068   2806.5    689.8
     1     1    21     4     8    18     0     0   -66.0   42.252  123.879   2842.1    686.4
     1     1    21     4     8    17     0     0   -67.0   42.590  123.689   2877.1    684.3
     1     1    21     4     8    16     0     0   -68.0   42.940  123.516   2911.4    684.1
     1     1    21     4     8    15     0     0   -69.0   43.302  123.360   2943.1    683.7
     1     1    21     4     8    14     0     0   -70.0   43.677  123.221   2971.4    683.0
     1     1    21     4     8    13     0     0   -71.0   44.067  123.101   2995.2    682.4
     1     1    21     4     8    12     0     0   -72.0   44.471  122.999   3013.4    682.0
     1     1    21     4     8    11     0     0   -73.0   44.889  122.899   3031.3    681.8
     1     1    21     4     8    10     0     0   -74.0   45.321  122.779   3044.0    677.2
     1     1    21     4     8     9     0     0   -75.0   45.767  122.637   3059.8    670.2
     1     1    21     4     8     8     0     0   -76.0   46.229  122.475   3082.5    661.8
     1     1    21     4     8     7     0     0   -77.0   46.708  122.294   3113.0    651.2
     1     1    21     4     8     6     0     0   -78.0   47.204  122.098   3155.7    639.8
     1     1    21     4     8     5     0     0   -79.0   47.717  121.899   3203.3    628.3
     1     1    21     4     8     4     0     0   -80.0   48.238  121.719   3243.7    620.0
     1     1    21     4     8     3     0     0   -81.0   48.764  121.564   3275.6    613.3
     1     1    21     4     8     2     0     0   -82.0   49.296  121.432   3299.5    607.7
     1     1    21     4     8     1     0     0   -83.0   49.833  121.323   3315.9    603.2
     1     1    21     4     8     0     0     0   -84.0   50.379  121.230   3327.0    601.6
     1     1    21     4     7    23     0     0   -85.0   50.920  121.141   3334.2    601.7
     1     1    21     4     7    22     0     0   -86.0   51.448  121.044   3339.7    601.4
     1     1    21     4     7    21     0     0   -87.0   51.965  120.938   3343.6    601.1
     1     1    21     4     7    20     0     0   -88.0   52.471  120.820   3345.5    600.9
     1     1    21     4     7    19     0     0   -89.0   52.973  120.672   3339.6    598.1
     1     1    21     4     7    18     0     0   -90.0   53.477  120.475   3330.2    595.1
     1     1    21     4     7    17     0     0   -91.0   53.993  120.243   3319.8    592.5
     1     1    21     4     7    16     0     0   -92.0   54.532  119.987   3304.5    589.5
     1     1    21     4     7    15     0     0   -93.0   55.088  119.704   3286.1    587.7
     1     1    21     4     7    14     0     0   -94.0   55.651  119.380   3268.7    589.6
     1     1    21     4     7    13     0     0   -95.0   56.211  119.002   3242.6    591.8
     1     1    21     4     7    12     0     0   -96.0   56.763  118.565   3201.4    595.3
