     2     1
    CDC1    20    12     1     0     0
    CDC1    21     1     1     0     0
     1 BACKWARD OMEGA   
  2021     1    18     6   37.500  127.000   500.0
     1 PRESSURE
     1     1    21     1    18     6     0     0     0.0   37.500  127.000    500.0    934.4
     1     1    21     1    18     5     0     0    -1.0   37.712  126.514    510.5    933.6
     1     1    21     1    18     4     0     0    -2.0   37.908  126.081    520.5    932.5
     1     1    21     1    18     3     0     0    -3.0   38.079  125.693    527.4    931.8
     1     1    21     1    18     2     0     0    -4.0   38.222  125.343    528.6    931.8
     1     1    21     1    18     1     0     0    -5.0   38.330  125.027    522.0    932.9
     1     1    21     1    18     0     0     0    -6.0   38.399  124.739    507.2    935.2
     1     1    21     1    17    23     0     0    -7.0   38.447  124.463    490.2    939.4
     1     1    21     1    17    22     0     0    -8.0   38.492  124.185    476.5    942.7
     1     1    21     1    17    21     0     0    -9.0   38.531  123.903    465.8    945.7
     1     1    21     1    17    20     0     0   -10.0   38.561  123.615    457.7    948.6
     1     1    21     1    17    19     0     0   -11.0   38.579  123.318    451.9    951.4
     1     1    21     1    17    18     0     0   -12.0   38.580  123.012    448.0    954.1
     1     1    21     1    17    17     0     0   -13.0   38.565  122.700    443.5    957.2
     1     1    21     1    17    16     0     0   -14.0   38.535  122.387    435.6    960.4
     1     1    21     1    17    15     0     0   -15.0   38.491  122.073    425.7    962.5
     1     1    21     1    17    14     0     0   -16.0   38.432  121.756    414.7    964.7
     1     1    21     1    17    13     0     0   -17.0   38.354  121.438    402.5    967.2
     1     1    21     1    17    12     0     0   -18.0   38.258  121.121    388.7    970.0
     1     1    21     1    17    11     0     0   -19.0   38.155  120.803    378.1    972.7
     1     1    21     1    17    10     0     0   -20.0   38.064  120.479    375.8    973.9
     1     1    21     1    17     9     0     0   -21.0   37.984  120.143    381.7    974.2
     1     1    21     1    17     8     0     0   -22.0   37.918  119.791    396.2    972.7
     1     1    21     1    17     7     0     0   -23.0   37.872  119.419    420.3    969.3
     1     1    21     1    17     6     0     0   -24.0   37.851  119.024    454.4    964.5
     1     1    21     1    17     5     0     0   -25.0   37.851  118.620    494.4    958.5
     1     1    21     1    17     4     0     0   -26.0   37.867  118.226    535.4    952.8
     1     1    21     1    17     3     0     0   -27.0   37.895  117.843    576.5    946.9
     1     1    21     1    17     2     0     0   -28.0   37.930  117.473    616.7    940.6
     1     1    21     1    17     1     0     0   -29.0   37.970  117.114    653.9    929.3
     1     1    21     1    17     0     0     0   -30.0   38.012  116.765    688.9    918.4
     1     1    21     1    16    23     0     0   -31.0   38.078  116.412    726.9    907.3
     1     1    21     1    16    22     0     0   -32.0   38.191  116.038    774.1    893.0
     1     1    21     1    16    21     0     0   -33.0   38.352  115.632    831.0    876.0
     1     1    21     1    16    20     0     0   -34.0   38.561  115.185    898.1    856.0
     1     1    21     1    16    19     0     0   -35.0   38.817  114.684    975.3    831.0
     1     1    21     1    16    18     0     0   -36.0   39.117  114.119   1062.3    803.4
     1     1    21     1    16    17     0     0   -37.0   39.445  113.502   1151.9    774.8
     1     1    21     1    16    16     0     0   -38.0   39.788  112.851   1235.7    749.2
     1     1    21     1    16    15     0     0   -39.0   40.148  112.175   1313.9    731.5
     1     1    21     1    16    14     0     0   -40.0   40.514  111.495   1382.8    724.6
     1     1    21     1    16    13     0     0   -41.0   40.876  110.829   1436.5    721.6
     1     1    21     1    16    12     0     0   -42.0   41.230  110.189   1476.5    721.9
     1     1    21     1    16    11     0     0   -43.0   41.567  109.560   1504.4    722.9
     1     1    21     1    16    10     0     0   -44.0   41.880  108.927   1524.3    722.8
     1     1    21     1    16     9     0     0   -45.0   42.174  108.290   1539.9    721.9
     1     1    21     1    16     8     0     0   -46.0   42.451  107.649   1555.8    719.7
     1     1    21     1    16     7     0     0   -47.0   42.721  107.014   1578.5    716.1
     1     1    21     1    16     6     0     0   -48.0   42.987  106.400   1613.1    711.0
     1     1    21     1    16     5     0     0   -49.0   43.263  105.823   1656.0    703.6
     1     1    21     1    16     4     0     0   -50.0   43.554  105.292   1701.3    695.7
     1     1    21     1    16     3     0     0   -51.0   43.864  104.803   1747.8    687.8
     1     1    21     1    16     2     0     0   -52.0   44.190  104.360   1795.0    679.3
     1     1    21     1    16     1     0     0   -53.0   44.534  103.967   1843.9    669.3
     1     1    21     1    16     0     0     0   -54.0   44.898  103.630   1898.4    657.6
     1     1    21     1    15    23     0     0   -55.0   45.269  103.326   1960.2    647.6
     1     1    21     1    15    22     0     0   -56.0   45.639  103.020   2021.3    638.5
     1     1    21     1    15    21     0     0   -57.0   46.010  102.711   2078.5    629.4
     1     1    21     1    15    20     0     0   -58.0   46.386  102.397   2129.2    619.7
     1     1    21     1    15    19     0     0   -59.0   46.769  102.082   2171.2    609.3
     1     1    21     1    15    18     0     0   -60.0   47.166  101.771   2204.7    599.0
     1     1    21     1    15    17     0     0   -61.0   47.579  101.480   2235.0    590.2
     1     1    21     1    15    16     0     0   -62.0   48.003  101.203   2269.9    585.0
     1     1    21     1    15    15     0     0   -63.0   48.432  100.925   2302.1    580.3
     1     1    21     1    15    14     0     0   -64.0   48.860  100.641   2329.3    576.2
     1     1    21     1    15    13     0     0   -65.0   49.283  100.348   2348.7    573.0
     1     1    21     1    15    12     0     0   -66.0   49.694  100.044   2357.3    570.7
     1     1    21     1    15    11     0     0   -67.0   50.104   99.719   2362.6    575.0
     1     1    21     1    15    10     0     0   -68.0   50.523   99.351   2363.2    580.9
     1     1    21     1    15     9     0     0   -69.0   50.953   98.931   2358.3    587.0
     1     1    21     1    15     8     0     0   -70.0   51.396   98.460   2348.7    593.3
     1     1    21     1    15     7     0     0   -71.0   51.852   97.940   2335.7    599.5
     1     1    21     1    15     6     0     0   -72.0   52.322   97.372   2322.9    606.8
     1     1    21     1    15     5     0     0   -73.0   52.777   96.759   2323.1    623.6
     1     1    21     1    15     4     0     0   -74.0   53.191   96.110   2328.0    640.8
     1     1    21     1    15     3     0     0   -75.0   53.572   95.432   2330.6    655.4
     1     1    21     1    15     2     0     0   -76.0   53.926   94.734   2330.4    667.1
     1     1    21     1    15     1     0     0   -77.0   54.263   94.030   2329.0    677.5
     1     1    21     1    15     0     0     0   -78.0   54.591   93.330   2328.2    687.7
     1     1    21     1    14    23     0     0   -79.0   54.903   92.638   2326.5    697.3
     1     1    21     1    14    22     0     0   -80.0   55.194   91.949   2324.2    706.4
     1     1    21     1    14    21     0     0   -81.0   55.469   91.252   2321.6    714.3
     1     1    21     1    14    20     0     0   -82.0   55.733   90.538   2319.9    721.4
     1     1    21     1    14    19     0     0   -83.0   55.993   89.800   2319.6    727.7
     1     1    21     1    14    18     0     0   -84.0   56.253   89.034   2320.0    733.4
     1     1    21     1    14    17     0     0   -85.0   56.527   88.265   2317.1    739.2
     1     1    21     1    14    16     0     0   -86.0   56.820   87.512   2307.0    745.8
     1     1    21     1    14    15     0     0   -87.0   57.126   86.766   2287.1    751.1
     1     1    21     1    14    14     0     0   -88.0   57.444   86.020   2260.4    757.3
     1     1    21     1    14    13     0     0   -89.0   57.775   85.274   2227.1    761.9
     1     1    21     1    14    12     0     0   -90.0   58.124   84.521   2190.1    765.6
     1     1    21     1    14    11     0     0   -91.0   58.488   83.748   2154.8    769.0
     1     1    21     1    14    10     0     0   -92.0   58.863   82.956   2127.1    772.4
     1     1    21     1    14     9     0     0   -93.0   59.248   82.150   2107.1    775.3
     1     1    21     1    14     8     0     0   -94.0   59.637   81.333   2094.4    777.0
     1     1    21     1    14     7     0     0   -95.0   60.029   80.510   2088.9    777.9
     1     1    21     1    14     6     0     0   -96.0   60.427   79.685   2086.7    774.7
