     2     1
    CDC1    21     2     1     0     0
    CDC1    21     3     1     0     0
     1 BACKWARD OMEGA   
  2021     3    19     3   37.500  127.000   500.0
     1 PRESSURE
     1     1    21     3    19     3     0     0     0.0   37.500  127.000    500.0    940.5
     1     1    21     3    19     2     0     0    -1.0   37.446  127.113    509.6    939.2
     1     1    21     3    19     1     0     0    -2.0   37.393  127.243    518.5    937.9
     1     1    21     3    19     0     0     0    -3.0   37.341  127.389    526.6    936.6
     1     1    21     3    18    23     0     0    -4.0   37.285  127.542    535.4    935.4
     1     1    21     3    18    22     0     0    -5.0   37.224  127.691    545.7    934.8
     1     1    21     3    18    21     0     0    -6.0   37.159  127.838    557.6    934.0
     1     1    21     3    18    20     0     0    -7.0   37.090  127.983    571.2    933.0
     1     1    21     3    18    19     0     0    -8.0   37.018  128.126    586.5    931.7
     1     1    21     3    18    18     0     0    -9.0   36.943  128.269    603.6    930.1
     1     1    21     3    18    17     0     0   -10.0   36.874  128.407    620.4    928.4
     1     1    21     3    18    16     0     0   -11.0   36.822  128.538    634.6    926.9
     1     1    21     3    18    15     0     0   -12.0   36.788  128.659    645.5    925.8
     1     1    21     3    18    14     0     0   -13.0   36.769  128.770    652.6    925.1
     1     1    21     3    18    13     0     0   -14.0   36.766  128.871    656.0    925.0
     1     1    21     3    18    12     0     0   -15.0   36.778  128.964    655.4    925.3
     1     1    21     3    18    11     0     0   -16.0   36.797  129.056    653.7    926.1
     1     1    21     3    18    10     0     0   -17.0   36.810  129.151    653.3    926.3
     1     1    21     3    18     9     0     0   -18.0   36.816  129.250    654.3    926.4
     1     1    21     3    18     8     0     0   -19.0   36.816  129.349    656.4    926.3
     1     1    21     3    18     7     0     0   -20.0   36.808  129.450    659.5    926.0
     1     1    21     3    18     6     0     0   -21.0   36.793  129.550    663.7    925.5
     1     1    21     3    18     5     0     0   -22.0   36.775  129.653    669.6    925.1
     1     1    21     3    18     4     0     0   -23.0   36.760  129.761    678.8    924.2
     1     1    21     3    18     3     0     0   -24.0   36.747  129.873    691.4    922.9
     1     1    21     3    18     2     0     0   -25.0   36.739  129.989    707.7    921.2
     1     1    21     3    18     1     0     0   -26.0   36.736  130.107    728.0    919.6
     1     1    21     3    18     0     0     0   -27.0   36.740  130.226    751.8    917.8
     1     1    21     3    17    23     0     0   -28.0   36.751  130.338    778.3    915.5
     1     1    21     3    17    22     0     0   -29.0   36.768  130.435    804.8    913.4
     1     1    21     3    17    21     0     0   -30.0   36.793  130.518    831.9    911.1
     1     1    21     3    17    20     0     0   -31.0   36.826  130.587    859.7    908.8
     1     1    21     3    17    19     0     0   -32.0   36.865  130.643    888.0    906.4
     1     1    21     3    17    18     0     0   -33.0   36.913  130.685    917.0    903.9
     1     1    21     3    17    17     0     0   -34.0   36.967  130.716    945.6    901.1
     1     1    21     3    17    16     0     0   -35.0   37.027  130.740    972.3    898.4
     1     1    21     3    17    15     0     0   -36.0   37.094  130.755    997.1    896.0
     1     1    21     3    17    14     0     0   -37.0   37.167  130.763   1020.0    893.8
     1     1    21     3    17    13     0     0   -38.0   37.248  130.764   1041.0    891.9
     1     1    21     3    17    12     0     0   -39.0   37.335  130.759   1060.0    890.2
     1     1    21     3    17    11     0     0   -40.0   37.434  130.752   1080.4    888.5
     1     1    21     3    17    10     0     0   -41.0   37.550  130.741   1106.0    885.3
     1     1    21     3    17     9     0     0   -42.0   37.685  130.725   1136.4    880.8
     1     1    21     3    17     8     0     0   -43.0   37.841  130.700   1172.0    875.5
     1     1    21     3    17     7     0     0   -44.0   38.019  130.664   1213.1    869.4
     1     1    21     3    17     6     0     0   -45.0   38.220  130.614   1260.1    862.5
     1     1    21     3    17     5     0     0   -46.0   38.438  130.539   1313.2    854.5
     1     1    21     3    17     4     0     0   -47.0   38.668  130.424   1373.7    844.8
     1     1    21     3    17     3     0     0   -48.0   38.908  130.269   1442.3    833.6
     1     1    21     3    17     2     0     0   -49.0   39.158  130.072   1519.2    820.9
     1     1    21     3    17     1     0     0   -50.0   39.421  129.835   1605.2    807.4
     1     1    21     3    17     0     0     0   -51.0   39.694  129.557   1699.3    793.0
     1     1    21     3    16    23     0     0   -52.0   39.986  129.243   1794.4    776.6
     1     1    21     3    16    22     0     0   -53.0   40.305  128.900   1882.0    760.8
     1     1    21     3    16    21     0     0   -54.0   40.646  128.529   1959.8    746.4
     1     1    21     3    16    20     0     0   -55.0   41.012  128.133   2027.8    733.4
     1     1    21     3    16    19     0     0   -56.0   41.401  127.713   2086.9    721.6
     1     1    21     3    16    18     0     0   -57.0   41.813  127.269   2142.4    714.3
     1     1    21     3    16    17     0     0   -58.0   42.238  126.800   2204.4    711.2
     1     1    21     3    16    16     0     0   -59.0   42.666  126.302   2278.8    709.7
     1     1    21     3    16    15     0     0   -60.0   43.089  125.793   2364.0    711.9
     1     1    21     3    16    14     0     0   -61.0   43.506  125.290   2452.6    713.8
     1     1    21     3    16    13     0     0   -62.0   43.923  124.801   2539.9    713.6
     1     1    21     3    16    12     0     0   -63.0   44.340  124.330   2619.3    710.4
     1     1    21     3    16    11     0     0   -64.0   44.760  123.862   2686.6    706.4
     1     1    21     3    16    10     0     0   -65.0   45.184  123.389   2736.7    700.4
     1     1    21     3    16     9     0     0   -66.0   45.609  122.915   2774.6    691.0
     1     1    21     3    16     8     0     0   -67.0   46.035  122.441   2808.8    680.2
     1     1    21     3    16     7     0     0   -68.0   46.454  121.960   2838.6    666.0
     1     1    21     3    16     6     0     0   -69.0   46.853  121.468   2870.6    653.3
     1     1    21     3    16     5     0     0   -70.0   47.244  120.982   2911.1    641.3
     1     1    21     3    16     4     0     0   -71.0   47.651  120.528   2968.9    629.6
     1     1    21     3    16     3     0     0   -72.0   48.083  120.118   3048.5    618.5
     1     1    21     3    16     2     0     0   -73.0   48.546  119.760   3154.4    608.7
     1     1    21     3    16     1     0     0   -74.0   49.041  119.449   3285.0    598.6
     1     1    21     3    16     0     0     0   -75.0   49.571  119.170   3439.5    586.9
     1     1    21     3    15    23     0     0   -76.0   50.120  118.897   3601.9    573.4
     1     1    21     3    15    22     0     0   -77.0   50.668  118.607   3752.3    562.1
     1     1    21     3    15    21     0     0   -78.0   51.212  118.295   3889.0    552.1
     1     1    21     3    15    20     0     0   -79.0   51.757  117.962   4014.5    542.7
     1     1    21     3    15    19     0     0   -80.0   52.304  117.608   4131.7    533.7
     1     1    21     3    15    18     0     0   -81.0   52.850  117.210   4235.7    521.6
     1     1    21     3    15    17     0     0   -82.0   53.376  116.737   4337.1    507.7
     1     1    21     3    15    16     0     0   -83.0   53.877  116.180   4440.8    493.7
     1     1    21     3    15    15     0     0   -84.0   54.361  115.532   4549.9    479.2
     1     1    21     3    15    14     0     0   -85.0   54.837  114.783   4663.4    464.2
     1     1    21     3    15    13     0     0   -86.0   55.309  113.924   4792.2    453.5
     1     1    21     3    15    12     0     0   -87.0   55.784  112.941   4928.4    446.1
     1     1    21     3    15    11     0     0   -88.0   56.254  111.841   5068.4    442.1
     1     1    21     3    15    10     0     0   -89.0   56.702  110.649   5198.6    440.9
     1     1    21     3    15     9     0     0   -90.0   57.125  109.385   5310.7    441.7
     1     1    21     3    15     8     0     0   -91.0   57.515  108.070   5392.2    443.8
     1     1    21     3    15     7     0     0   -92.0   57.867  106.720   5442.4    448.6
     1     1    21     3    15     6     0     0   -93.0   58.180  105.351   5447.1    454.5
     1     1    21     3    15     5     0     0   -94.0   58.461  103.968   5421.8    460.6
     1     1    21     3    15     4     0     0   -95.0   58.722  102.563   5390.8    464.2
     1     1    21     3    15     3     0     0   -96.0   58.967  101.139   5366.7    467.7
