     2     1
    CDC1    21     6     1     0     0
    CDC1    21     7     1     0     0
     1 BACKWARD OMEGA   
  2021     7    26    18   37.500  127.000   500.0
     1 PRESSURE
     1     1    21     7    26    18     0     0     0.0   37.500  127.000    500.0    929.7
     1     1    21     7    26    17     0     0    -1.0   37.458  127.071    486.3    931.3
     1     1    21     7    26    16     0     0    -2.0   37.418  127.147    478.0    931.9
     1     1    21     7    26    15     0     0    -3.0   37.379  127.228    474.8    932.0
     1     1    21     7    26    14     0     0    -4.0   37.342  127.313    476.9    931.5
     1     1    21     7    26    13     0     0    -5.0   37.306  127.402    484.1    930.5
     1     1    21     7    26    12     0     0    -6.0   37.273  127.494    496.7    929.0
     1     1    21     7    26    11     0     0    -7.0   37.240  127.592    512.5    927.3
     1     1    21     7    26    10     0     0    -8.0   37.207  127.698    529.0    926.0
     1     1    21     7    26     9     0     0    -9.0   37.173  127.812    546.1    924.6
     1     1    21     7    26     8     0     0   -10.0   37.138  127.932    563.5    923.2
     1     1    21     7    26     7     0     0   -11.0   37.101  128.057    581.3    921.9
     1     1    21     7    26     6     0     0   -12.0   37.062  128.189    599.3    920.5
     1     1    21     7    26     5     0     0   -13.0   37.018  128.319    617.0    919.2
     1     1    21     7    26     4     0     0   -14.0   36.967  128.444    634.3    917.8
     1     1    21     7    26     3     0     0   -15.0   36.908  128.562    651.2    916.3
     1     1    21     7    26     2     0     0   -16.0   36.842  128.675    667.7    914.8
     1     1    21     7    26     1     0     0   -17.0   36.766  128.784    683.9    913.3
     1     1    21     7    26     0     0     0   -18.0   36.681  128.890    699.8    911.9
     1     1    21     7    25    23     0     0   -19.0   36.586  128.993    715.8    910.3
     1     1    21     7    25    22     0     0   -20.0   36.484  129.096    732.5    908.6
     1     1    21     7    25    21     0     0   -21.0   36.375  129.202    749.5    906.8
     1     1    21     7    25    20     0     0   -22.0   36.258  129.311    767.0    905.0
     1     1    21     7    25    19     0     0   -23.0   36.135  129.425    784.7    903.1
     1     1    21     7    25    18     0     0   -24.0   36.005  129.546    802.8    901.1
     1     1    21     7    25    17     0     0   -25.0   35.871  129.683    821.6    898.8
     1     1    21     7    25    16     0     0   -26.0   35.736  129.842    842.7    896.2
     1     1    21     7    25    15     0     0   -27.0   35.602  130.019    865.8    893.4
     1     1    21     7    25    14     0     0   -28.0   35.468  130.216    890.5    891.1
     1     1    21     7    25    13     0     0   -29.0   35.337  130.431    915.7    888.9
     1     1    21     7    25    12     0     0   -30.0   35.211  130.663    941.0    886.4
     1     1    21     7    25    11     0     0   -31.0   35.091  130.900    963.0    883.8
     1     1    21     7    25    10     0     0   -32.0   34.978  131.137    979.1    882.2
     1     1    21     7    25     9     0     0   -33.0   34.874  131.370    988.9    882.0
     1     1    21     7    25     8     0     0   -34.0   34.780  131.600    992.3    882.4
     1     1    21     7    25     7     0     0   -35.0   34.698  131.828    989.6    883.4
     1     1    21     7    25     6     0     0   -36.0   34.629  132.054    981.2    884.9
     1     1    21     7    25     5     0     0   -37.0   34.574  132.275    972.7    887.2
     1     1    21     7    25     4     0     0   -38.0   34.526  132.488    969.9    888.2
     1     1    21     7    25     3     0     0   -39.0   34.484  132.693    973.2    887.8
     1     1    21     7    25     2     0     0   -40.0   34.444  132.894    983.2    886.6
     1     1    21     7    25     1     0     0   -41.0   34.406  133.090    999.8    884.7
     1     1    21     7    25     0     0     0   -42.0   34.371  133.281   1022.8    882.2
     1     1    21     7    24    23     0     0   -43.0   34.339  133.469   1049.1    878.9
     1     1    21     7    24    22     0     0   -44.0   34.311  133.661   1074.9    876.0
     1     1    21     7    24    21     0     0   -45.0   34.286  133.857   1099.9    873.1
     1     1    21     7    24    20     0     0   -46.0   34.264  134.056   1124.1    870.4
     1     1    21     7    24    19     0     0   -47.0   34.247  134.261   1146.9    867.9
     1     1    21     7    24    18     0     0   -48.0   34.233  134.471   1168.4    865.5
     1     1    21     7    24    17     0     0   -49.0   34.224  134.681   1188.7    863.4
     1     1    21     7    24    16     0     0   -50.0   34.220  134.884   1208.2    861.4
     1     1    21     7    24    15     0     0   -51.0   34.219  135.079   1227.2    859.4
     1     1    21     7    24    14     0     0   -52.0   34.218  135.267   1246.0    857.1
     1     1    21     7    24    13     0     0   -53.0   34.216  135.449   1265.0    854.8
     1     1    21     7    24    12     0     0   -54.0   34.214  135.622   1284.3    852.6
     1     1    21     7    24    11     0     0   -55.0   34.213  135.792   1301.3    850.0
     1     1    21     7    24    10     0     0   -56.0   34.217  135.963   1313.5    848.1
     1     1    21     7    24     9     0     0   -57.0   34.224  136.133   1320.8    846.6
     1     1    21     7    24     8     0     0   -58.0   34.235  136.303   1323.2    845.6
     1     1    21     7    24     7     0     0   -59.0   34.249  136.473   1320.6    845.0
     1     1    21     7    24     6     0     0   -60.0   34.266  136.643   1313.0    844.9
     1     1    21     7    24     5     0     0   -61.0   34.283  136.811   1302.7    845.7
     1     1    21     7    24     4     0     0   -62.0   34.298  136.974   1290.3    846.5
     1     1    21     7    24     3     0     0   -63.0   34.311  137.133   1276.4    847.4
     1     1    21     7    24     2     0     0   -64.0   34.322  137.287   1261.2    848.5
     1     1    21     7    24     1     0     0   -65.0   34.332  137.436   1244.8    849.8
     1     1    21     7    24     0     0     0   -66.0   34.340  137.580   1227.7    851.8
     1     1    21     7    23    23     0     0   -67.0   34.346  137.725   1212.9    853.8
     1     1    21     7    23    22     0     0   -68.0   34.349  137.876   1203.6    855.2
     1     1    21     7    23    21     0     0   -69.0   34.349  138.031   1199.4    856.1
     1     1    21     7    23    20     0     0   -70.0   34.344  138.190   1200.5    856.7
     1     1    21     7    23    19     0     0   -71.0   34.336  138.352   1207.1    856.8
     1     1    21     7    23    18     0     0   -72.0   34.322  138.515   1219.3    856.4
     1     1    21     7    23    17     0     0   -73.0   34.302  138.674   1233.3    855.6
     1     1    21     7    23    16     0     0   -74.0   34.278  138.825   1246.1    855.3
     1     1    21     7    23    15     0     0   -75.0   34.248  138.967   1256.6    855.2
     1     1    21     7    23    14     0     0   -76.0   34.214  139.102   1264.3    855.4
     1     1    21     7    23    13     0     0   -77.0   34.176  139.231   1268.8    855.9
     1     1    21     7    23    12     0     0   -78.0   34.133  139.355   1269.6    856.8
     1     1    21     7    23    11     0     0   -79.0   34.086  139.474   1267.8    858.0
     1     1    21     7    23    10     0     0   -80.0   34.036  139.587   1264.0    859.3
     1     1    21     7    23     9     0     0   -81.0   33.981  139.696   1258.5    860.7
     1     1    21     7    23     8     0     0   -82.0   33.923  139.800   1251.2    862.3
     1     1    21     7    23     7     0     0   -83.0   33.861  139.899   1242.1    864.0
     1     1    21     7    23     6     0     0   -84.0   33.795  139.993   1231.4    865.9
     1     1    21     7    23     5     0     0   -85.0   33.729  140.090   1220.0    868.3
     1     1    21     7    23     4     0     0   -86.0   33.668  140.197   1209.5    870.5
     1     1    21     7    23     3     0     0   -87.0   33.611  140.314   1199.9    872.5
     1     1    21     7    23     2     0     0   -88.0   33.559  140.439   1191.2    874.4
     1     1    21     7    23     1     0     0   -89.0   33.513  140.572   1183.4    876.2
     1     1    21     7    23     0     0     0   -90.0   33.473  140.712   1176.5    877.8
     1     1    21     7    22    23     0     0   -91.0   33.433  140.855   1173.2    879.2
     1     1    21     7    22    22     0     0   -92.0   33.387  140.997   1175.8    879.8
     1     1    21     7    22    21     0     0   -93.0   33.335  141.137   1184.6    879.6
     1     1    21     7    22    20     0     0   -94.0   33.277  141.276   1199.8    878.8
     1     1    21     7    22    19     0     0   -95.0   33.214  141.412   1221.7    877.3
     1     1    21     7    22    18     0     0   -96.0   33.145  141.546   1250.6    875.1
