     2     1
    CDC1    21     1     1     0     0
    CDC1    21     2     1     0     0
     1 BACKWARD OMEGA   
  2021     2    23     9   37.500  127.000   500.0
     1 PRESSURE
     1     1    21     2    23     9     0     0     0.0   37.500  127.000    500.0    942.6
     1     1    21     2    23     8     0     0    -1.0   37.666  126.996    551.5    934.3
     1     1    21     2    23     7     0     0    -2.0   37.844  126.984    606.1    925.3
     1     1    21     2    23     6     0     0    -3.0   38.040  126.956    663.1    915.5
     1     1    21     2    23     5     0     0    -4.0   38.260  126.898    724.6    905.2
     1     1    21     2    23     4     0     0    -5.0   38.509  126.806    793.1    894.0
     1     1    21     2    23     3     0     0    -6.0   38.787  126.684    868.3    882.3
     1     1    21     2    23     2     0     0    -7.0   39.096  126.530    949.9    869.8
     1     1    21     2    23     1     0     0    -8.0   39.439  126.336   1037.4    856.1
     1     1    21     2    23     0     0     0    -9.0   39.817  126.096   1129.7    842.2
     1     1    21     2    22    23     0     0   -10.0   40.229  125.807   1224.4    829.9
     1     1    21     2    22    22     0     0   -11.0   40.668  125.473   1319.0    820.1
     1     1    21     2    22    21     0     0   -12.0   41.123  125.099   1413.3    811.2
     1     1    21     2    22    20     0     0   -13.0   41.587  124.689   1508.0    802.8
     1     1    21     2    22    19     0     0   -14.0   42.051  124.250   1603.1    794.6
     1     1    21     2    22    18     0     0   -15.0   42.510  123.785   1701.2    786.4
     1     1    21     2    22    17     0     0   -16.0   42.955  123.304   1803.7    781.3
     1     1    21     2    22    16     0     0   -17.0   43.383  122.819   1901.5    774.8
     1     1    21     2    22    15     0     0   -18.0   43.799  122.333   1988.6    764.3
     1     1    21     2    22    14     0     0   -19.0   44.208  121.840   2058.7    747.8
     1     1    21     2    22    13     0     0   -20.0   44.619  121.343   2113.4    732.0
     1     1    21     2    22    12     0     0   -21.0   45.039  120.847   2149.7    717.1
     1     1    21     2    22    11     0     0   -22.0   45.478  120.338   2178.8    702.4
     1     1    21     2    22    10     0     0   -23.0   45.938  119.793   2215.1    688.6
     1     1    21     2    22     9     0     0   -24.0   46.407  119.216   2259.8    679.0
     1     1    21     2    22     8     0     0   -25.0   46.874  118.610   2309.0    672.2
     1     1    21     2    22     7     0     0   -26.0   47.331  117.980   2360.4    668.3
     1     1    21     2    22     6     0     0   -27.0   47.772  117.330   2410.9    666.1
     1     1    21     2    22     5     0     0   -28.0   48.207  116.677   2458.8    664.1
     1     1    21     2    22     4     0     0   -29.0   48.653  116.034   2505.4    661.7
     1     1    21     2    22     3     0     0   -30.0   49.106  115.397   2553.3    658.6
     1     1    21     2    22     2     0     0   -31.0   49.562  114.759   2602.0    651.8
     1     1    21     2    22     1     0     0   -32.0   50.015  114.103   2651.8    638.6
     1     1    21     2    22     0     0     0   -33.0   50.457  113.414   2710.4    623.0
     1     1    21     2    21    23     0     0   -34.0   50.885  112.710   2775.5    607.5
     1     1    21     2    21    22     0     0   -35.0   51.302  112.023   2842.8    597.9
     1     1    21     2    21    21     0     0   -36.0   51.711  111.357   2905.1    592.8
     1     1    21     2    21    20     0     0   -37.0   52.110  110.708   2957.5    590.8
     1     1    21     2    21    19     0     0   -38.0   52.498  110.064   2999.1    591.5
     1     1    21     2    21    18     0     0   -39.0   52.866  109.416   3030.5    595.0
     1     1    21     2    21    17     0     0   -40.0   53.214  108.759   3063.2    599.7
     1     1    21     2    21    16     0     0   -41.0   53.549  108.091   3106.9    603.1
     1     1    21     2    21    15     0     0   -42.0   53.869  107.410   3161.7    605.4
     1     1    21     2    21    14     0     0   -43.0   54.175  106.713   3223.5    604.6
     1     1    21     2    21    13     0     0   -44.0   54.467  105.999   3297.3    604.5
     1     1    21     2    21    12     0     0   -45.0   54.745  105.263   3382.3    604.9
     1     1    21     2    21    11     0     0   -46.0   55.018  104.499   3458.7    601.2
     1     1    21     2    21    10     0     0   -47.0   55.288  103.714   3515.6    596.0
     1     1    21     2    21     9     0     0   -48.0   55.553  102.910   3562.6    593.0
     1     1    21     2    21     8     0     0   -49.0   55.806  102.087   3598.0    589.8
     1     1    21     2    21     7     0     0   -50.0   56.043  101.246   3624.9    587.0
     1     1    21     2    21     6     0     0   -51.0   56.258  100.386   3650.3    586.1
     1     1    21     2    21     5     0     0   -52.0   56.452   99.514   3676.1    585.5
     1     1    21     2    21     4     0     0   -53.0   56.624   98.642   3706.8    585.0
     1     1    21     2    21     3     0     0   -54.0   56.780   97.773   3740.7    584.7
     1     1    21     2    21     2     0     0   -55.0   56.922   96.910   3776.0    584.1
     1     1    21     2    21     1     0     0   -56.0   57.057   96.058   3811.5    583.1
     1     1    21     2    21     0     0     0   -57.0   57.192   95.218   3848.1    581.7
     1     1    21     2    20    23     0     0   -58.0   57.324   94.390   3883.8    580.4
     1     1    21     2    20    22     0     0   -59.0   57.449   93.577   3914.4    579.0
     1     1    21     2    20    21     0     0   -60.0   57.568   92.778   3939.0    576.7
     1     1    21     2    20    20     0     0   -61.0   57.682   91.996   3963.0    574.9
     1     1    21     2    20    19     0     0   -62.0   57.791   91.230   3987.7    573.9
     1     1    21     2    20    18     0     0   -63.0   57.900   90.478   4013.2    572.8
     1     1    21     2    20    17     0     0   -64.0   58.009   89.727   4035.7    571.5
     1     1    21     2    20    16     0     0   -65.0   58.116   88.964   4050.7    571.8
     1     1    21     2    20    15     0     0   -66.0   58.214   88.190   4055.2    573.2
     1     1    21     2    20    14     0     0   -67.0   58.305   87.406   4048.5    575.5
     1     1    21     2    20    13     0     0   -68.0   58.384   86.613   4030.0    578.4
     1     1    21     2    20    12     0     0   -69.0   58.451   85.812   4003.3    582.1
     1     1    21     2    20    11     0     0   -70.0   58.513   85.015   3974.9    586.3
     1     1    21     2    20    10     0     0   -71.0   58.573   84.236   3950.3    588.6
     1     1    21     2    20     9     0     0   -72.0   58.632   83.477   3931.1    590.5
     1     1    21     2    20     8     0     0   -73.0   58.692   82.735   3916.3    592.2
     1     1    21     2    20     7     0     0   -74.0   58.755   82.011   3903.5    593.1
     1     1    21     2    20     6     0     0   -75.0   58.823   81.304   3892.6    593.6
     1     1    21     2    20     5     0     0   -76.0   58.895   80.604   3885.5    593.7
     1     1    21     2    20     4     0     0   -77.0   58.971   79.902   3884.1    593.3
     1     1    21     2    20     3     0     0   -78.0   59.050   79.205   3886.5    592.1
     1     1    21     2    20     2     0     0   -79.0   59.133   78.520   3893.2    590.5
     1     1    21     2    20     1     0     0   -80.0   59.221   77.848   3903.3    588.5
     1     1    21     2    20     0     0     0   -81.0   59.314   77.191   3915.7    586.2
     1     1    21     2    19    23     0     0   -82.0   59.411   76.573   3925.3    583.5
     1     1    21     2    19    22     0     0   -83.0   59.513   76.013   3932.4    581.3
     1     1    21     2    19    21     0     0   -84.0   59.628   75.512   3934.4    579.6
     1     1    21     2    19    20     0     0   -85.0   59.759   75.071   3930.7    578.2
     1     1    21     2    19    19     0     0   -86.0   59.911   74.694   3921.8    577.9
     1     1    21     2    19    18     0     0   -87.0   60.085   74.379   3907.8    578.6
     1     1    21     2    19    17     0     0   -88.0   60.270   74.092   3897.6    580.3
     1     1    21     2    19    16     0     0   -89.0   60.455   73.809   3896.1    580.7
     1     1    21     2    19    15     0     0   -90.0   60.643   73.532   3904.2    580.3
     1     1    21     2    19    14     0     0   -91.0   60.834   73.262   3921.7    579.3
     1     1    21     2    19    13     0     0   -92.0   61.029   73.001   3949.0    577.5
     1     1    21     2    19    12     0     0   -93.0   61.229   72.750   3986.2    574.9
     1     1    21     2    19    11     0     0   -94.0   61.437   72.522   4027.4    572.0
     1     1    21     2    19    10     0     0   -95.0   61.653   72.329   4063.4    570.2
     1     1    21     2    19     9     0     0   -96.0   61.880   72.170   4095.3    568.7
