     2     1
    CDC1    21     1     1     0     0
    CDC1    21     2     1     0     0
     1 BACKWARD OMEGA   
  2021     2    27     0   37.500  127.000   500.0
     1 PRESSURE
     1     1    21     2    27     0     0     0     0.0   37.500  127.000    500.0    948.6
     1     1    21     2    26    23     0     0    -1.0   37.484  127.309    537.9    942.7
     1     1    21     2    26    22     0     0    -2.0   37.484  127.612    580.7    937.1
     1     1    21     2    26    21     0     0    -3.0   37.502  127.903    627.4    932.9
     1     1    21     2    26    20     0     0    -4.0   37.539  128.178    676.9    926.9
     1     1    21     2    26    19     0     0    -5.0   37.597  128.433    730.0    920.3
     1     1    21     2    26    18     0     0    -6.0   37.671  128.665    787.6    913.2
     1     1    21     2    26    17     0     0    -7.0   37.767  128.869    848.9    905.6
     1     1    21     2    26    16     0     0    -8.0   37.885  129.040    912.3    897.9
     1     1    21     2    26    15     0     0    -9.0   38.027  129.180    977.4    889.2
     1     1    21     2    26    14     0     0   -10.0   38.191  129.289   1043.8    880.1
     1     1    21     2    26    13     0     0   -11.0   38.378  129.368   1110.8    870.9
     1     1    21     2    26    12     0     0   -12.0   38.586  129.415   1177.4    861.6
     1     1    21     2    26    11     0     0   -13.0   38.809  129.427   1244.2    852.1
     1     1    21     2    26    10     0     0   -14.0   39.044  129.395   1314.2    841.7
     1     1    21     2    26     9     0     0   -15.0   39.299  129.311   1388.9    829.9
     1     1    21     2    26     8     0     0   -16.0   39.582  129.168   1470.1    816.6
     1     1    21     2    26     7     0     0   -17.0   39.899  128.961   1560.0    801.7
     1     1    21     2    26     6     0     0   -18.0   40.259  128.693   1661.3    784.9
     1     1    21     2    26     5     0     0   -19.0   40.658  128.370   1770.1    766.5
     1     1    21     2    26     4     0     0   -20.0   41.085  127.986   1880.7    748.7
     1     1    21     2    26     3     0     0   -21.0   41.533  127.532   1995.4    730.8
     1     1    21     2    26     2     0     0   -22.0   41.987  127.012   2120.3    720.4
     1     1    21     2    26     1     0     0   -23.0   42.439  126.452   2249.0    711.3
     1     1    21     2    26     0     0     0   -24.0   42.897  125.885   2389.4    707.9
     1     1    21     2    25    23     0     0   -25.0   43.351  125.320   2525.8    705.5
     1     1    21     2    25    22     0     0   -26.0   43.784  124.741   2637.7    703.6
     1     1    21     2    25    21     0     0   -27.0   44.192  124.134   2718.9    700.3
     1     1    21     2    25    20     0     0   -28.0   44.583  123.499   2772.1    697.3
     1     1    21     2    25    19     0     0   -29.0   44.963  122.838   2799.2    694.6
     1     1    21     2    25    18     0     0   -30.0   45.350  122.162   2797.7    683.9
     1     1    21     2    25    17     0     0   -31.0   45.763  121.465   2785.9    669.5
     1     1    21     2    25    16     0     0   -32.0   46.206  120.728   2766.9    656.1
     1     1    21     2    25    15     0     0   -33.0   46.674  119.946   2741.6    645.0
     1     1    21     2    25    14     0     0   -34.0   47.149  119.132   2723.9    643.4
     1     1    21     2    25    13     0     0   -35.0   47.620  118.311   2717.6    644.8
     1     1    21     2    25    12     0     0   -36.0   48.101  117.505   2734.2    645.9
     1     1    21     2    25    11     0     0   -37.0   48.578  116.701   2770.8    644.3
     1     1    21     2    25    10     0     0   -38.0   49.033  115.877   2812.4    641.9
     1     1    21     2    25     9     0     0   -39.0   49.477  115.016   2854.2    638.8
     1     1    21     2    25     8     0     0   -40.0   49.927  114.098   2880.7    624.5
     1     1    21     2    25     7     0     0   -41.0   50.408  113.115   2915.7    607.8
     1     1    21     2    25     6     0     0   -42.0   50.939  112.071   2980.2    593.4
     1     1    21     2    25     5     0     0   -43.0   51.500  110.978   3074.0    583.7
     1     1    21     2    25     4     0     0   -44.0   52.056  109.832   3176.8    580.1
     1     1    21     2    25     3     0     0   -45.0   52.582  108.635   3286.4    588.4
     1     1    21     2    25     2     0     0   -46.0   53.061  107.403   3365.7    593.8
     1     1    21     2    25     1     0     0   -47.0   53.509  106.131   3418.0    594.5
     1     1    21     2    25     0     0     0   -48.0   53.950  104.805   3467.3    597.1
     1     1    21     2    24    23     0     0   -49.0   54.381  103.419   3501.1    590.6
     1     1    21     2    24    22     0     0   -50.0   54.780  101.962   3540.4    586.9
     1     1    21     2    24    21     0     0   -51.0   55.125  100.432   3563.8    580.3
     1     1    21     2    24    20     0     0   -52.0   55.391   98.866   3575.9    575.8
     1     1    21     2    24    19     0     0   -53.0   55.561   97.314   3572.7    574.8
     1     1    21     2    24    18     0     0   -54.0   55.638   95.809   3555.6    579.2
     1     1    21     2    24    17     0     0   -55.0   55.637   94.360   3522.8    586.1
     1     1    21     2    24    16     0     0   -56.0   55.578   92.963   3480.5    594.8
     1     1    21     2    24    15     0     0   -57.0   55.474   91.637   3428.3    604.9
     1     1    21     2    24    14     0     0   -58.0   55.336   90.401   3364.7    616.5
     1     1    21     2    24    13     0     0   -59.0   55.178   89.268   3286.5    628.4
     1     1    21     2    24    12     0     0   -60.0   55.009   88.248   3193.7    640.8
     1     1    21     2    24    11     0     0   -61.0   54.813   87.330   3087.9    650.5
     1     1    21     2    24    10     0     0   -62.0   54.576   86.492   2983.0    657.5
     1     1    21     2    24     9     0     0   -63.0   54.303   85.720   2880.5    665.9
     1     1    21     2    24     8     0     0   -64.0   53.996   85.000   2778.3    676.3
     1     1    21     2    24     7     0     0   -65.0   53.666   84.318   2673.8    687.5
     1     1    21     2    24     6     0     0   -66.0   53.322   83.665   2570.1    701.4
     1     1    21     2    24     5     0     0   -67.0   52.970   83.046   2472.5    718.4
     1     1    21     2    24     4     0     0   -68.0   52.607   82.474   2386.5    736.3
     1     1    21     2    24     3     0     0   -69.0   52.232   81.944   2296.0    742.6
     1     1    21     2    24     2     0     0   -70.0   51.845   81.439   2208.7    745.2
     1     1    21     2    24     1     0     0   -71.0   51.441   80.949   2124.1    747.1
     1     1    21     2    24     0     0     0   -72.0   51.015   80.462   2039.3    748.7
     1     1    21     2    23    23     0     0   -73.0   50.575   79.961   1959.0    750.5
     1     1    21     2    23    22     0     0   -74.0   50.127   79.432   1882.1    746.7
     1     1    21     2    23    21     0     0   -75.0   49.673   78.894   1817.7    748.7
     1     1    21     2    23    20     0     0   -76.0   49.224   78.384   1765.0    753.1
     1     1    21     2    23    19     0     0   -77.0   48.782   77.915   1720.2    757.8
     1     1    21     2    23    18     0     0   -78.0   48.349   77.492   1681.0    763.1
     1     1    21     2    23    17     0     0   -79.0   47.926   77.087   1648.1    768.7
     1     1    21     2    23    16     0     0   -80.0   47.513   76.666   1625.2    773.8
     1     1    21     2    23    15     0     0   -81.0   47.112   76.234   1608.2    775.2
     1     1    21     2    23    14     0     0   -82.0   46.726   75.799   1599.1    777.6
     1     1    21     2    23    13     0     0   -83.0   46.353   75.364   1596.5    781.1
     1     1    21     2    23    12     0     0   -84.0   45.991   74.933   1598.2    784.7
     1     1    21     2    23    11     0     0   -85.0   45.640   74.505   1600.6    785.3
     1     1    21     2    23    10     0     0   -86.0   45.295   74.082   1606.0    786.2
     1     1    21     2    23     9     0     0   -87.0   44.955   73.669   1611.9    785.1
     1     1    21     2    23     8     0     0   -88.0   44.612   73.250   1606.1    770.5
     1     1    21     2    23     7     0     0   -89.0   44.259   72.809   1596.9    758.5
     1     1    21     2    23     6     0     0   -90.0   43.894   72.351   1585.4    749.2
     1     1    21     2    23     5     0     0   -91.0   43.532   71.876   1574.0    744.6
     1     1    21     2    23     4     0     0   -92.0   43.188   71.394   1565.4    744.5
     1     1    21     2    23     3     0     0   -93.0   42.863   70.924   1560.0    748.0
     1     1    21     2    23     2     0     0   -94.0   42.556   70.482   1559.0    754.0
     1     1    21     2    23     1     0     0   -95.0   42.265   70.066   1554.4    755.2
     1     1    21     2    23     0     0     0   -96.0   41.989   69.669   1542.7    753.5
