     2     1
    CDC1    21     4     1     0     0
    CDC1    21     5     1     0     0
     1 BACKWARD OMEGA   
  2021     5    25    21   37.500  127.000   500.0
     1 PRESSURE
     1     1    21     5    25    21     0     0     0.0   37.500  127.000    500.0    932.6
     1     1    21     5    25    20     0     0    -1.0   37.323  126.780    492.4    935.3
     1     1    21     5    25    19     0     0    -2.0   37.168  126.556    489.9    937.1
     1     1    21     5    25    18     0     0    -3.0   37.035  126.325    491.2    938.4
     1     1    21     5    25    17     0     0    -4.0   36.919  126.089    496.3    939.0
     1     1    21     5    25    16     0     0    -5.0   36.816  125.848    505.9    939.2
     1     1    21     5    25    15     0     0    -6.0   36.727  125.603    520.4    938.8
     1     1    21     5    25    14     0     0    -7.0   36.653  125.356    540.2    938.0
     1     1    21     5    25    13     0     0    -8.0   36.594  125.109    566.1    936.5
     1     1    21     5    25    12     0     0    -9.0   36.554  124.861    598.9    933.8
     1     1    21     5    25    11     0     0   -10.0   36.537  124.602    633.3    930.1
     1     1    21     5    25    10     0     0   -11.0   36.546  124.320    663.3    927.1
     1     1    21     5    25     9     0     0   -12.0   36.584  124.022    690.2    924.6
     1     1    21     5    25     8     0     0   -13.0   36.651  123.714    715.3    922.5
     1     1    21     5    25     7     0     0   -14.0   36.750  123.400    740.6    920.5
     1     1    21     5    25     6     0     0   -15.0   36.884  123.086    768.2    918.4
     1     1    21     5    25     5     0     0   -16.0   37.038  122.760    796.0    915.4
     1     1    21     5    25     4     0     0   -17.0   37.198  122.409    823.4    913.0
     1     1    21     5    25     3     0     0   -18.0   37.365  122.032    852.5    910.1
     1     1    21     5    25     2     0     0   -19.0   37.542  121.633    886.3    907.0
     1     1    21     5    25     1     0     0   -20.0   37.737  121.222    928.6    902.2
     1     1    21     5    25     0     0     0   -21.0   37.957  120.803    985.3    895.5
     1     1    21     5    24    23     0     0   -22.0   38.189  120.371   1050.7    885.8
     1     1    21     5    24    22     0     0   -23.0   38.423  119.927   1115.3    876.7
     1     1    21     5    24    21     0     0   -24.0   38.663  119.472   1179.3    865.0
     1     1    21     5    24    20     0     0   -25.0   38.917  119.008   1247.6    852.2
     1     1    21     5    24    19     0     0   -26.0   39.199  118.538   1328.2    836.6
     1     1    21     5    24    18     0     0   -27.0   39.514  118.060   1431.2    816.5
     1     1    21     5    24    17     0     0   -28.0   39.830  117.567   1552.8    792.0
     1     1    21     5    24    16     0     0   -29.0   40.122  117.041   1671.8    764.4
     1     1    21     5    24    15     0     0   -30.0   40.402  116.472   1776.8    737.9
     1     1    21     5    24    14     0     0   -31.0   40.684  115.867   1865.3    714.6
     1     1    21     5    24    13     0     0   -32.0   40.972  115.244   1937.4    694.4
     1     1    21     5    24    12     0     0   -33.0   41.264  114.620   1998.2    680.2
     1     1    21     5    24    11     0     0   -34.0   41.550  113.996   2050.4    671.2
     1     1    21     5    24    10     0     0   -35.0   41.825  113.368   2094.3    665.3
     1     1    21     5    24     9     0     0   -36.0   42.093  112.743   2127.6    662.7
     1     1    21     5    24     8     0     0   -37.0   42.354  112.133   2149.1    663.5
     1     1    21     5    24     7     0     0   -38.0   42.607  111.541   2159.2    666.7
     1     1    21     5    24     6     0     0   -39.0   42.858  110.970   2162.1    670.2
     1     1    21     5    24     5     0     0   -40.0   43.109  110.418   2166.9    673.2
     1     1    21     5    24     4     0     0   -41.0   43.364  109.884   2178.0    673.0
     1     1    21     5    24     3     0     0   -42.0   43.624  109.368   2189.0    669.6
     1     1    21     5    24     2     0     0   -43.0   43.894  108.874   2200.9    666.0
     1     1    21     5    24     1     0     0   -44.0   44.173  108.410   2213.3    662.2
     1     1    21     5    24     0     0     0   -45.0   44.461  107.983   2226.6    658.2
     1     1    21     5    23    23     0     0   -46.0   44.755  107.585   2238.5    654.4
     1     1    21     5    23    22     0     0   -47.0   45.054  107.196   2246.8    651.3
     1     1    21     5    23    21     0     0   -48.0   45.359  106.804   2250.7    648.1
     1     1    21     5    23    20     0     0   -49.0   45.664  106.403   2253.1    645.7
     1     1    21     5    23    19     0     0   -50.0   45.963  105.993   2255.2    644.0
     1     1    21     5    23    18     0     0   -51.0   46.250  105.574   2258.2    643.0
     1     1    21     5    23    17     0     0   -52.0   46.535  105.153   2269.0    642.7
     1     1    21     5    23    16     0     0   -53.0   46.837  104.733   2288.7    638.8
     1     1    21     5    23    15     0     0   -54.0   47.163  104.314   2315.0    632.3
     1     1    21     5    23    14     0     0   -55.0   47.518  103.896   2346.6    625.0
     1     1    21     5    23    13     0     0   -56.0   47.897  103.484   2380.8    619.5
     1     1    21     5    23    12     0     0   -57.0   48.291  103.085   2410.5    614.4
     1     1    21     5    23    11     0     0   -58.0   48.683  102.707   2432.0    609.1
     1     1    21     5    23    10     0     0   -59.0   49.063  102.354   2444.7    604.3
     1     1    21     5    23     9     0     0   -60.0   49.436  102.023   2448.8    600.3
     1     1    21     5    23     8     0     0   -61.0   49.809  101.714   2445.3    597.5
     1     1    21     5    23     7     0     0   -62.0   50.181  101.420   2437.1    596.9
     1     1    21     5    23     6     0     0   -63.0   50.549  101.139   2427.3    597.6
     1     1    21     5    23     5     0     0   -64.0   50.917  100.865   2418.1    598.2
     1     1    21     5    23     4     0     0   -65.0   51.284  100.593   2410.9    598.0
     1     1    21     5    23     3     0     0   -66.0   51.645  100.315   2405.3    597.2
     1     1    21     5    23     2     0     0   -67.0   51.994  100.026   2401.0    595.5
     1     1    21     5    23     1     0     0   -68.0   52.330   99.726   2404.4    598.2
     1     1    21     5    23     0     0     0   -69.0   52.649   99.417   2412.8    604.4
     1     1    21     5    22    23     0     0   -70.0   52.942   99.109   2426.0    613.9
     1     1    21     5    22    22     0     0   -71.0   53.200   98.811   2438.6    621.5
     1     1    21     5    22    21     0     0   -72.0   53.426   98.521   2450.7    627.7
     1     1    21     5    22    20     0     0   -73.0   53.618   98.239   2462.1    632.5
     1     1    21     5    22    19     0     0   -74.0   53.777   97.964   2472.8    636.0
     1     1    21     5    22    18     0     0   -75.0   53.903   97.697   2482.6    638.4
     1     1    21     5    22    17     0     0   -76.0   54.015   97.424   2489.4    640.8
     1     1    21     5    22    16     0     0   -77.0   54.131   97.136   2492.3    645.8
     1     1    21     5    22    15     0     0   -78.0   54.251   96.832   2489.7    651.1
     1     1    21     5    22    14     0     0   -79.0   54.375   96.510   2483.5    656.5
     1     1    21     5    22    13     0     0   -80.0   54.501   96.165   2475.6    661.9
     1     1    21     5    22    12     0     0   -81.0   54.629   95.795   2468.4    666.9
     1     1    21     5    22    11     0     0   -82.0   54.756   95.412   2461.7    671.1
     1     1    21     5    22    10     0     0   -83.0   54.877   95.030   2456.4    674.5
     1     1    21     5    22     9     0     0   -84.0   54.990   94.649   2451.9    678.7
     1     1    21     5    22     8     0     0   -85.0   55.095   94.275   2445.8    683.5
     1     1    21     5    22     7     0     0   -86.0   55.188   93.910   2436.8    688.1
     1     1    21     5    22     6     0     0   -87.0   55.266   93.554   2424.2    692.5
     1     1    21     5    22     5     0     0   -88.0   55.329   93.197   2409.7    696.9
     1     1    21     5    22     4     0     0   -89.0   55.383   92.827   2399.1    700.6
     1     1    21     5    22     3     0     0   -90.0   55.424   92.440   2391.9    703.7
     1     1    21     5    22     2     0     0   -91.0   55.455   92.038   2388.8    706.8
     1     1    21     5    22     1     0     0   -92.0   55.478   91.621   2389.3    709.6
     1     1    21     5    22     0     0     0   -93.0   55.489   91.188   2393.3    712.0
     1     1    21     5    21    23     0     0   -94.0   55.500   90.765   2398.8    714.3
     1     1    21     5    21    22     0     0   -95.0   55.525   90.376   2404.7    716.6
     1     1    21     5    21    21     0     0   -96.0   55.561   90.021   2410.8    718.7
