     2     1
    CDC1    21    10     1     0     0
    CDC1    21    11     1     0     0
     1 BACKWARD OMEGA   
  2021    11    18     6   37.500  127.000   500.0
     1 PRESSURE
     1     1    21    11    18     6     0     0     0.0   37.500  127.000    500.0    936.9
     1     1    21    11    18     5     0     0    -1.0   37.358  126.668    520.1    937.6
     1     1    21    11    18     4     0     0    -2.0   37.232  126.345    539.7    938.3
     1     1    21    11    18     3     0     0    -3.0   37.122  126.031    559.2    938.8
     1     1    21    11    18     2     0     0    -4.0   37.029  125.726    579.2    939.1
     1     1    21    11    18     1     0     0    -5.0   36.953  125.430    599.9    939.2
     1     1    21    11    18     0     0     0    -6.0   36.895  125.143    621.9    939.0
     1     1    21    11    17    23     0     0    -7.0   36.848  124.858    640.3    937.2
     1     1    21    11    17    22     0     0    -8.0   36.803  124.564    650.7    936.5
     1     1    21    11    17    21     0     0    -9.0   36.759  124.259    653.1    936.6
     1     1    21    11    17    20     0     0   -10.0   36.716  123.945    647.3    937.8
     1     1    21    11    17    19     0     0   -11.0   36.673  123.621    633.5    939.9
     1     1    21    11    17    18     0     0   -12.0   36.628  123.286    611.8    942.8
     1     1    21    11    17    17     0     0   -13.0   36.572  122.962    587.4    946.8
     1     1    21    11    17    16     0     0   -14.0   36.498  122.665    564.9    950.0
     1     1    21    11    17    15     0     0   -15.0   36.406  122.397    545.0    952.8
     1     1    21    11    17    14     0     0   -16.0   36.300  122.159    528.9    954.7
     1     1    21    11    17    13     0     0   -17.0   36.182  121.947    517.2    955.9
     1     1    21    11    17    12     0     0   -18.0   36.054  121.763    509.7    956.6
     1     1    21    11    17    11     0     0   -19.0   35.919  121.595    505.4    956.6
     1     1    21    11    17    10     0     0   -20.0   35.781  121.432    503.5    956.4
     1     1    21    11    17     9     0     0   -21.0   35.638  121.274    503.8    955.9
     1     1    21    11    17     8     0     0   -22.0   35.491  121.121    506.2    955.1
     1     1    21    11    17     7     0     0   -23.0   35.340  120.974    510.4    954.1
     1     1    21    11    17     6     0     0   -24.0   35.184  120.831    516.3    952.8
     1     1    21    11    17     5     0     0   -25.0   35.027  120.701    524.1    951.6
     1     1    21    11    17     4     0     0   -26.0   34.877  120.589    533.8    950.8
     1     1    21    11    17     3     0     0   -27.0   34.735  120.499    544.9    950.0
     1     1    21    11    17     2     0     0   -28.0   34.602  120.430    557.3    949.0
     1     1    21    11    17     1     0     0   -29.0   34.479  120.383    570.8    948.0
     1     1    21    11    17     0     0     0   -30.0   34.365  120.358    585.6    946.9
     1     1    21    11    16    23     0     0   -31.0   34.260  120.347    601.0    945.6
     1     1    21    11    16    22     0     0   -32.0   34.160  120.343    616.2    944.3
     1     1    21    11    16    21     0     0   -33.0   34.065  120.346    631.3    943.1
     1     1    21    11    16    20     0     0   -34.0   33.974  120.356    645.8    941.7
     1     1    21    11    16    19     0     0   -35.0   33.886  120.371    659.6    940.4
     1     1    21    11    16    18     0     0   -36.0   33.800  120.393    672.6    939.2
     1     1    21    11    16    17     0     0   -37.0   33.723  120.426    686.1    937.9
     1     1    21    11    16    16     0     0   -38.0   33.664  120.476    702.1    936.3
     1     1    21    11    16    15     0     0   -39.0   33.623  120.540    720.7    934.3
     1     1    21    11    16    14     0     0   -40.0   33.599  120.617    742.3    932.0
     1     1    21    11    16    13     0     0   -41.0   33.593  120.702    767.4    929.4
     1     1    21    11    16    12     0     0   -42.0   33.603  120.796    796.4    926.4
     1     1    21    11    16    11     0     0   -43.0   33.624  120.888    827.2    923.1
     1     1    21    11    16    10     0     0   -44.0   33.647  120.974    857.6    920.1
     1     1    21    11    16     9     0     0   -45.0   33.675  121.053    887.5    917.2
     1     1    21    11    16     8     0     0   -46.0   33.706  121.125    916.7    914.3
     1     1    21    11    16     7     0     0   -47.0   33.742  121.192    945.2    911.4
     1     1    21    11    16     6     0     0   -48.0   33.782  121.254    972.7    908.2
     1     1    21    11    16     5     0     0   -49.0   33.828  121.314    998.7    905.1
     1     1    21    11    16     4     0     0   -50.0   33.878  121.377   1022.7    902.3
     1     1    21    11    16     3     0     0   -51.0   33.935  121.442   1044.6    899.7
     1     1    21    11    16     2     0     0   -52.0   33.997  121.510   1064.0    897.5
     1     1    21    11    16     1     0     0   -53.0   34.066  121.579   1080.9    895.5
     1     1    21    11    16     0     0     0   -54.0   34.143  121.650   1095.2    893.8
     1     1    21    11    15    23     0     0   -55.0   34.223  121.711   1107.4    892.5
     1     1    21    11    15    22     0     0   -56.0   34.301  121.751   1117.4    891.3
     1     1    21    11    15    21     0     0   -57.0   34.377  121.774   1125.4    890.2
     1     1    21    11    15    20     0     0   -58.0   34.451  121.779   1131.5    889.3
     1     1    21    11    15    19     0     0   -59.0   34.523  121.769   1135.5    888.6
     1     1    21    11    15    18     0     0   -60.0   34.591  121.743   1137.5    888.1
     1     1    21    11    15    17     0     0   -61.0   34.656  121.706   1138.5    887.5
     1     1    21    11    15    16     0     0   -62.0   34.715  121.659   1140.2    886.7
     1     1    21    11    15    15     0     0   -63.0   34.767  121.602   1142.2    885.9
     1     1    21    11    15    14     0     0   -64.0   34.812  121.536   1144.4    885.0
     1     1    21    11    15    13     0     0   -65.0   34.850  121.460   1146.5    884.2
     1     1    21    11    15    12     0     0   -66.0   34.881  121.375   1148.6    883.3
     1     1    21    11    15    11     0     0   -67.0   34.904  121.285   1150.6    882.9
     1     1    21    11    15    10     0     0   -68.0   34.919  121.196   1151.1    882.6
     1     1    21    11    15     9     0     0   -69.0   34.923  121.107   1150.4    882.5
     1     1    21    11    15     8     0     0   -70.0   34.916  121.019   1148.5    882.5
     1     1    21    11    15     7     0     0   -71.0   34.898  120.932   1145.1    882.7
     1     1    21    11    15     6     0     0   -72.0   34.867  120.847   1140.2    883.2
     1     1    21    11    15     5     0     0   -73.0   34.832  120.768   1136.0    883.8
     1     1    21    11    15     4     0     0   -74.0   34.801  120.695   1133.9    884.0
     1     1    21    11    15     3     0     0   -75.0   34.774  120.629   1134.0    884.0
     1     1    21    11    15     2     0     0   -76.0   34.752  120.568   1136.5    883.7
     1     1    21    11    15     1     0     0   -77.0   34.735  120.511   1141.4    883.2
     1     1    21    11    15     0     0     0   -78.0   34.724  120.457   1148.5    882.4
     1     1    21    11    14    23     0     0   -79.0   34.715  120.396   1154.0    881.2
     1     1    21    11    14    22     0     0   -80.0   34.705  120.318   1153.2    881.1
     1     1    21    11    14    21     0     0   -81.0   34.693  120.225   1146.2    881.7
     1     1    21    11    14    20     0     0   -82.0   34.680  120.116   1133.2    882.9
     1     1    21    11    14    19     0     0   -83.0   34.665  119.994   1114.1    884.7
     1     1    21    11    14    18     0     0   -84.0   34.649  119.856   1089.8    887.4
     1     1    21    11    14    17     0     0   -85.0   34.636  119.713   1063.2    890.1
     1     1    21    11    14    16     0     0   -86.0   34.631  119.577   1037.7    892.5
     1     1    21    11    14    15     0     0   -87.0   34.631  119.449   1012.9    894.8
     1     1    21    11    14    14     0     0   -88.0   34.634  119.327    989.1    897.1
     1     1    21    11    14    13     0     0   -89.0   34.640  119.212    966.2    899.4
     1     1    21    11    14    12     0     0   -90.0   34.647  119.103    944.6    901.5
     1     1    21    11    14    11     0     0   -91.0   34.655  118.985    926.9    903.9
     1     1    21    11    14    10     0     0   -92.0   34.664  118.846    915.4    905.1
     1     1    21    11    14     9     0     0   -93.0   34.675  118.686    910.6    905.7
     1     1    21    11    14     8     0     0   -94.0   34.691  118.503    912.5    905.7
     1     1    21    11    14     7     0     0   -95.0   34.711  118.298    921.8    904.9
     1     1    21    11    14     6     0     0   -96.0   34.737  118.071    938.9    903.4
