     2     1
    CDC1    21     2     1     0     0
    CDC1    21     3     1     0     0
     1 BACKWARD OMEGA   
  2021     3    19     6   37.500  127.000   500.0
     1 PRESSURE
     1     1    21     3    19     6     0     0     0.0   37.500  127.000    500.0    939.6
     1     1    21     3    19     5     0     0    -1.0   37.434  127.072    514.2    938.0
     1     1    21     3    19     4     0     0    -2.0   37.373  127.162    527.9    936.4
     1     1    21     3    19     3     0     0    -3.0   37.314  127.270    541.0    934.8
     1     1    21     3    19     2     0     0    -4.0   37.258  127.393    553.3    933.2
     1     1    21     3    19     1     0     0    -5.0   37.203  127.533    564.9    931.9
     1     1    21     3    19     0     0     0    -6.0   37.151  127.687    575.7    931.6
     1     1    21     3    18    23     0     0    -7.0   37.099  127.846    587.1    931.1
     1     1    21     3    18    22     0     0    -8.0   37.043  128.003    599.9    930.2
     1     1    21     3    18    21     0     0    -9.0   36.982  128.158    614.5    929.0
     1     1    21     3    18    20     0     0   -10.0   36.917  128.311    630.8    927.6
     1     1    21     3    18    19     0     0   -11.0   36.849  128.459    648.9    925.5
     1     1    21     3    18    18     0     0   -12.0   36.777  128.601    668.5    923.2
     1     1    21     3    18    17     0     0   -13.0   36.712  128.735    687.2    920.9
     1     1    21     3    18    16     0     0   -14.0   36.662  128.857    702.2    919.3
     1     1    21     3    18    15     0     0   -15.0   36.628  128.968    713.2    918.1
     1     1    21     3    18    14     0     0   -16.0   36.607  129.068    719.7    917.6
     1     1    21     3    18    13     0     0   -17.0   36.600  129.160    721.7    917.6
     1     1    21     3    18    12     0     0   -18.0   36.608  129.243    719.0    918.1
     1     1    21     3    18    11     0     0   -19.0   36.620  129.324    714.7    919.1
     1     1    21     3    18    10     0     0   -20.0   36.627  129.409    712.1    919.5
     1     1    21     3    18     9     0     0   -21.0   36.628  129.498    710.8    919.7
     1     1    21     3    18     8     0     0   -22.0   36.623  129.588    710.8    919.7
     1     1    21     3    18     7     0     0   -23.0   36.611  129.679    712.1    919.6
     1     1    21     3    18     6     0     0   -24.0   36.592  129.771    714.6    919.2
     1     1    21     3    18     5     0     0   -25.0   36.571  129.866    719.0    918.9
     1     1    21     3    18     4     0     0   -26.0   36.553  129.966    727.4    918.0
     1     1    21     3    18     3     0     0   -27.0   36.541  130.072    739.6    917.1
     1     1    21     3    18     2     0     0   -28.0   36.534  130.180    755.6    916.0
     1     1    21     3    18     1     0     0   -29.0   36.534  130.291    775.5    914.5
     1     1    21     3    18     0     0     0   -30.0   36.541  130.403    799.5    912.7
     1     1    21     3    17    23     0     0   -31.0   36.556  130.508    826.3    910.4
     1     1    21     3    17    22     0     0   -32.0   36.578  130.599    853.3    908.2
     1     1    21     3    17    21     0     0   -33.0   36.608  130.676    881.0    905.9
     1     1    21     3    17    20     0     0   -34.0   36.645  130.741    909.3    903.5
     1     1    21     3    17    19     0     0   -35.0   36.691  130.792    938.4    901.0
     1     1    21     3    17    18     0     0   -36.0   36.747  130.828    967.9    898.1
     1     1    21     3    17    17     0     0   -37.0   36.811  130.851    997.0    895.1
     1     1    21     3    17    16     0     0   -38.0   36.881  130.866   1024.3    892.5
     1     1    21     3    17    15     0     0   -39.0   36.958  130.873   1049.7    890.1
     1     1    21     3    17    14     0     0   -40.0   37.042  130.872   1073.4    887.9
     1     1    21     3    17    13     0     0   -41.0   37.132  130.865   1095.3    886.0
     1     1    21     3    17    12     0     0   -42.0   37.230  130.853   1115.2    884.3
     1     1    21     3    17    11     0     0   -43.0   37.340  130.836   1136.4    882.5
     1     1    21     3    17    10     0     0   -44.0   37.467  130.817   1163.1    879.9
     1     1    21     3    17     9     0     0   -45.0   37.613  130.792   1194.4    875.5
     1     1    21     3    17     8     0     0   -46.0   37.779  130.758   1230.8    870.2
     1     1    21     3    17     7     0     0   -47.0   37.968  130.712   1272.6    864.0
     1     1    21     3    17     6     0     0   -48.0   38.178  130.651   1320.6    856.8
     1     1    21     3    17     5     0     0   -49.0   38.404  130.561   1375.2    848.2
     1     1    21     3    17     4     0     0   -50.0   38.640  130.431   1437.8    838.2
     1     1    21     3    17     3     0     0   -51.0   38.887  130.259   1508.6    826.7
     1     1    21     3    17     2     0     0   -52.0   39.145  130.046   1588.1    813.6
     1     1    21     3    17     1     0     0   -53.0   39.413  129.792   1676.8    800.0
     1     1    21     3    17     0     0     0   -54.0   39.693  129.496   1773.6    784.9
     1     1    21     3    16    23     0     0   -55.0   39.993  129.162   1871.5    768.1
     1     1    21     3    16    22     0     0   -56.0   40.318  128.799   1961.2    752.1
     1     1    21     3    16    21     0     0   -57.0   40.665  128.409   2040.0    737.8
     1     1    21     3    16    20     0     0   -58.0   41.033  127.993   2108.3    724.9
     1     1    21     3    16    19     0     0   -59.0   41.424  127.552   2166.9    713.1
     1     1    21     3    16    18     0     0   -60.0   41.833  127.088   2224.2    708.5
     1     1    21     3    16    17     0     0   -61.0   42.249  126.597   2285.2    705.9
     1     1    21     3    16    16     0     0   -62.0   42.666  126.081   2358.5    704.9
     1     1    21     3    16    15     0     0   -63.0   43.080  125.557   2442.4    707.3
     1     1    21     3    16    14     0     0   -64.0   43.491  125.043   2529.6    709.4
     1     1    21     3    16    13     0     0   -65.0   43.899  124.544   2611.4    707.4
     1     1    21     3    16    12     0     0   -66.0   44.304  124.062   2685.0    704.4
     1     1    21     3    16    11     0     0   -67.0   44.711  123.583   2746.0    700.6
     1     1    21     3    16    10     0     0   -68.0   45.119  123.092   2791.4    695.4
     1     1    21     3    16     9     0     0   -69.0   45.527  122.597   2824.2    686.4
     1     1    21     3    16     8     0     0   -70.0   45.928  122.097   2849.0    672.9
     1     1    21     3    16     7     0     0   -71.0   46.312  121.584   2873.6    659.6
     1     1    21     3    16     6     0     0   -72.0   46.671  121.059   2900.6    647.6
     1     1    21     3    16     5     0     0   -73.0   47.019  120.540   2936.2    636.3
     1     1    21     3    16     4     0     0   -74.0   47.384  120.049   2988.7    624.8
     1     1    21     3    16     3     0     0   -75.0   47.772  119.596   3065.9    617.2
     1     1    21     3    16     2     0     0   -76.0   48.183  119.191   3161.2    609.9
     1     1    21     3    16     1     0     0   -77.0   48.619  118.828   3275.7    601.8
     1     1    21     3    16     0     0     0   -78.0   49.082  118.489   3411.7    592.2
     1     1    21     3    15    23     0     0   -79.0   49.562  118.149   3558.5    581.0
     1     1    21     3    15    22     0     0   -80.0   50.050  117.801   3704.7    571.5
     1     1    21     3    15    21     0     0   -81.0   50.546  117.439   3842.2    560.7
     1     1    21     3    15    20     0     0   -82.0   51.046  117.053   3966.9    549.1
     1     1    21     3    15    19     0     0   -83.0   51.546  116.646   4081.5    538.2
     1     1    21     3    15    18     0     0   -84.0   52.044  116.215   4189.1    527.6
     1     1    21     3    15    17     0     0   -85.0   52.532  115.760   4294.4    516.8
     1     1    21     3    15    16     0     0   -86.0   53.011  115.252   4395.8    503.4
     1     1    21     3    15    15     0     0   -87.0   53.485  114.656   4503.6    488.4
     1     1    21     3    15    14     0     0   -88.0   53.954  113.965   4614.9    473.2
     1     1    21     3    15    13     0     0   -89.0   54.421  113.168   4730.0    458.6
     1     1    21     3    15    12     0     0   -90.0   54.891  112.261   4852.8    446.0
     1     1    21     3    15    11     0     0   -91.0   55.346  111.256   4998.3    441.8
     1     1    21     3    15    10     0     0   -92.0   55.776  110.168   5127.6    440.6
     1     1    21     3    15     9     0     0   -93.0   56.176  109.016   5247.6    443.6
     1     1    21     3    15     8     0     0   -94.0   56.542  107.822   5335.7    447.4
     1     1    21     3    15     7     0     0   -95.0   56.869  106.603   5386.5    451.6
     1     1    21     3    15     6     0     0   -96.0   57.156  105.379   5400.7    457.1
