     2     1
    CDC1    20    12     1     0     0
    CDC1    21     1     1     0     0
     1 BACKWARD OMEGA   
  2021     1    17     6   37.500  127.000   500.0
     1 PRESSURE
     1     1    21     1    17     6     0     0     0.0   37.500  127.000    500.0    941.7
     1     1    21     1    17     5     0     0    -1.0   37.587  126.655    527.2    939.1
     1     1    21     1    17     4     0     0    -2.0   37.673  126.307    550.4    937.5
     1     1    21     1    17     3     0     0    -3.0   37.760  125.956    570.7    936.5
     1     1    21     1    17     2     0     0    -4.0   37.852  125.601    588.9    935.8
     1     1    21     1    17     1     0     0    -5.0   37.951  125.244    606.3    935.4
     1     1    21     1    17     0     0     0    -6.0   38.058  124.885    624.0    934.7
     1     1    21     1    16    23     0     0    -7.0   38.171  124.527    641.5    933.1
     1     1    21     1    16    22     0     0    -8.0   38.288  124.174    657.1    932.1
     1     1    21     1    16    21     0     0    -9.0   38.412  123.824    671.8    931.4
     1     1    21     1    16    20     0     0   -10.0   38.545  123.476    686.2    931.0
     1     1    21     1    16    19     0     0   -11.0   38.692  123.128    701.0    930.7
     1     1    21     1    16    18     0     0   -12.0   38.854  122.776    717.2    930.6
     1     1    21     1    16    17     0     0   -13.0   39.030  122.430    737.2    929.5
     1     1    21     1    16    16     0     0   -14.0   39.217  122.099    763.0    925.4
     1     1    21     1    16    15     0     0   -15.0   39.416  121.784    795.2    920.2
     1     1    21     1    16    14     0     0   -16.0   39.629  121.486    833.2    914.2
     1     1    21     1    16    13     0     0   -17.0   39.854  121.207    876.3    907.5
     1     1    21     1    16    12     0     0   -18.0   40.094  120.947    922.7    899.5
     1     1    21     1    16    11     0     0   -19.0   40.343  120.690    969.6    888.5
     1     1    21     1    16    10     0     0   -20.0   40.596  120.424   1016.7    876.7
     1     1    21     1    16     9     0     0   -21.0   40.851  120.152   1063.2    864.2
     1     1    21     1    16     8     0     0   -22.0   41.106  119.875   1108.7    849.8
     1     1    21     1    16     7     0     0   -23.0   41.361  119.594   1153.0    833.5
     1     1    21     1    16     6     0     0   -24.0   41.612  119.311   1196.6    817.1
     1     1    21     1    16     5     0     0   -25.0   41.865  119.017   1240.0    800.1
     1     1    21     1    16     4     0     0   -26.0   42.123  118.703   1283.7    781.6
     1     1    21     1    16     3     0     0   -27.0   42.387  118.369   1326.8    762.0
     1     1    21     1    16     2     0     0   -28.0   42.657  118.015   1371.7    745.8
     1     1    21     1    16     1     0     0   -29.0   42.937  117.641   1418.2    732.9
     1     1    21     1    16     0     0     0   -30.0   43.230  117.255   1466.5    724.1
     1     1    21     1    15    23     0     0   -31.0   43.530  116.853   1510.1    718.3
     1     1    21     1    15    22     0     0   -32.0   43.828  116.428   1544.2    715.0
     1     1    21     1    15    21     0     0   -33.0   44.126  115.989   1570.3    713.6
     1     1    21     1    15    20     0     0   -34.0   44.423  115.543   1590.8    713.7
     1     1    21     1    15    19     0     0   -35.0   44.723  115.099   1608.6    715.1
     1     1    21     1    15    18     0     0   -36.0   45.025  114.663   1627.8    718.7
     1     1    21     1    15    17     0     0   -37.0   45.317  114.239   1649.3    721.1
     1     1    21     1    15    16     0     0   -38.0   45.592  113.825   1672.2    721.3
     1     1    21     1    15    15     0     0   -39.0   45.855  113.422   1696.6    719.6
     1     1    21     1    15    14     0     0   -40.0   46.111  113.030   1721.8    716.5
     1     1    21     1    15    13     0     0   -41.0   46.366  112.652   1748.1    711.9
     1     1    21     1    15    12     0     0   -42.0   46.624  112.288   1774.1    705.2
     1     1    21     1    15    11     0     0   -43.0   46.888  111.933   1799.2    697.1
     1     1    21     1    15    10     0     0   -44.0   47.156  111.581   1823.8    688.5
     1     1    21     1    15     9     0     0   -45.0   47.427  111.235   1847.9    679.4
     1     1    21     1    15     8     0     0   -46.0   47.698  110.895   1874.1    671.9
     1     1    21     1    15     7     0     0   -47.0   47.968  110.555   1902.3    665.3
     1     1    21     1    15     6     0     0   -48.0   48.235  110.217   1931.7    659.0
     1     1    21     1    15     5     0     0   -49.0   48.506  109.882   1963.2    654.6
     1     1    21     1    15     4     0     0   -50.0   48.785  109.551   1996.9    653.8
     1     1    21     1    15     3     0     0   -51.0   49.075  109.228   2032.0    653.4
     1     1    21     1    15     2     0     0   -52.0   49.373  108.915   2070.2    653.2
     1     1    21     1    15     1     0     0   -53.0   49.680  108.615   2113.5    653.1
     1     1    21     1    15     0     0     0   -54.0   49.995  108.335   2164.6    652.5
     1     1    21     1    14    23     0     0   -55.0   50.312  108.047   2219.2    653.6
     1     1    21     1    14    22     0     0   -56.0   50.630  107.726   2268.5    656.7
     1     1    21     1    14    21     0     0   -57.0   50.952  107.376   2312.4    660.0
     1     1    21     1    14    20     0     0   -58.0   51.278  107.003   2350.8    662.4
     1     1    21     1    14    19     0     0   -59.0   51.612  106.614   2386.4    665.3
     1     1    21     1    14    18     0     0   -60.0   51.957  106.216   2420.0    668.5
     1     1    21     1    14    17     0     0   -61.0   52.313  105.794   2452.3    672.3
     1     1    21     1    14    16     0     0   -62.0   52.673  105.319   2476.8    674.8
     1     1    21     1    14    15     0     0   -63.0   53.028  104.779   2487.4    673.1
     1     1    21     1    14    14     0     0   -64.0   53.370  104.180   2484.4    668.1
     1     1    21     1    14    13     0     0   -65.0   53.703  103.535   2478.4    665.9
     1     1    21     1    14    12     0     0   -66.0   54.037  102.853   2472.3    666.8
     1     1    21     1    14    11     0     0   -67.0   54.368  102.150   2462.0    668.6
     1     1    21     1    14    10     0     0   -68.0   54.688  101.443   2445.3    671.3
     1     1    21     1    14     9     0     0   -69.0   54.996  100.735   2424.8    675.9
     1     1    21     1    14     8     0     0   -70.0   55.287  100.019   2395.0    677.3
     1     1    21     1    14     7     0     0   -71.0   55.549   99.291   2365.4    682.1
     1     1    21     1    14     6     0     0   -72.0   55.780   98.553   2334.9    687.5
     1     1    21     1    14     5     0     0   -73.0   55.994   97.808   2308.5    693.3
     1     1    21     1    14     4     0     0   -74.0   56.202   97.064   2292.2    699.5
     1     1    21     1    14     3     0     0   -75.0   56.405   96.333   2284.2    705.3
     1     1    21     1    14     2     0     0   -76.0   56.605   95.622   2283.1    709.9
     1     1    21     1    14     1     0     0   -77.0   56.802   94.940   2288.7    713.5
     1     1    21     1    14     0     0     0   -78.0   56.999   94.295   2300.4    716.2
     1     1    21     1    13    23     0     0   -79.0   57.190   93.679   2309.3    717.9
     1     1    21     1    13    22     0     0   -80.0   57.371   93.078   2307.9    720.8
     1     1    21     1    13    21     0     0   -81.0   57.544   92.487   2296.4    723.3
     1     1    21     1    13    20     0     0   -82.0   57.713   91.906   2276.3    726.3
     1     1    21     1    13    19     0     0   -83.0   57.883   91.332   2249.2    730.0
     1     1    21     1    13    18     0     0   -84.0   58.054   90.763   2216.7    734.2
     1     1    21     1    13    17     0     0   -85.0   58.226   90.214   2186.1    738.2
     1     1    21     1    13    16     0     0   -86.0   58.400   89.702   2165.3    740.8
     1     1    21     1    13    15     0     0   -87.0   58.574   89.229   2153.0    742.7
     1     1    21     1    13    14     0     0   -88.0   58.749   88.797   2147.9    743.7
     1     1    21     1    13    13     0     0   -89.0   58.923   88.405   2149.1    743.9
     1     1    21     1    13    12     0     0   -90.0   59.094   88.052   2155.7    743.4
     1     1    21     1    13    11     0     0   -91.0   59.269   87.745   2163.2    742.6
     1     1    21     1    13    10     0     0   -92.0   59.453   87.486   2167.0    742.4
     1     1    21     1    13     9     0     0   -93.0   59.647   87.275   2167.3    742.4
     1     1    21     1    13     8     0     0   -94.0   59.852   87.107   2164.5    742.6
     1     1    21     1    13     7     0     0   -95.0   60.067   86.977   2158.8    743.2
     1     1    21     1    13     6     0     0   -96.0   60.292   86.873   2150.0    744.5
