     2     1
    CDC1    21     7     1     0     0
    CDC1    21     8     1     0     0
     1 BACKWARD OMEGA   
  2021     8    12    18   37.500  127.000   500.0
     1 PRESSURE
     1     1    21     8    12    18     0     0     0.0   37.500  127.000    500.0    933.1
     1     1    21     8    12    17     0     0    -1.0   37.588  127.099    491.6    932.3
     1     1    21     8    12    16     0     0    -2.0   37.668  127.184    483.2    931.6
     1     1    21     8    12    15     0     0    -3.0   37.741  127.258    474.5    931.1
     1     1    21     8    12    14     0     0    -4.0   37.807  127.321    465.4    930.8
     1     1    21     8    12    13     0     0    -5.0   37.869  127.374    455.9    930.7
     1     1    21     8    12    12     0     0    -6.0   37.925  127.418    445.9    930.7
     1     1    21     8    12    11     0     0    -7.0   37.975  127.458    434.4    931.0
     1     1    21     8    12    10     0     0    -8.0   38.017  127.499    420.7    931.9
     1     1    21     8    12     9     0     0    -9.0   38.051  127.542    405.1    933.6
     1     1    21     8    12     8     0     0   -10.0   38.079  127.586    387.8    935.6
     1     1    21     8    12     7     0     0   -11.0   38.100  127.632    369.1    937.7
     1     1    21     8    12     6     0     0   -12.0   38.116  127.681    349.3    939.8
     1     1    21     8    12     5     0     0   -13.0   38.130  127.731    329.7    942.3
     1     1    21     8    12     4     0     0   -14.0   38.146  127.781    311.1    944.7
     1     1    21     8    12     3     0     0   -15.0   38.165  127.832    293.5    946.9
     1     1    21     8    12     2     0     0   -16.0   38.184  127.884    277.0    949.1
     1     1    21     8    12     1     0     0   -17.0   38.204  127.936    261.4    951.3
     1     1    21     8    12     0     0     0   -18.0   38.224  127.988    246.8    953.3
     1     1    21     8    11    23     0     0   -19.0   38.242  128.038    233.1    954.9
     1     1    21     8    11    22     0     0   -20.0   38.255  128.082    220.4    956.4
     1     1    21     8    11    21     0     0   -21.0   38.264  128.121    208.5    957.9
     1     1    21     8    11    20     0     0   -22.0   38.267  128.157    197.5    959.3
     1     1    21     8    11    19     0     0   -23.0   38.266  128.188    187.3    960.3
     1     1    21     8    11    18     0     0   -24.0   38.259  128.217    177.9    961.3
     1     1    21     8    11    17     0     0   -25.0   38.246  128.241    168.3    962.4
     1     1    21     8    11    16     0     0   -26.0   38.228  128.260    157.9    963.7
     1     1    21     8    11    15     0     0   -27.0   38.203  128.274    147.0    965.2
     1     1    21     8    11    14     0     0   -28.0   38.174  128.283    135.7    966.7
     1     1    21     8    11    13     0     0   -29.0   38.140  128.285    124.3    968.4
     1     1    21     8    11    12     0     0   -30.0   38.103  128.282    113.1    970.1
     1     1    21     8    11    11     0     0   -31.0   38.062  128.280    103.1    971.9
     1     1    21     8    11    10     0     0   -32.0   38.019  128.290     95.0    973.3
     1     1    21     8    11     9     0     0   -33.0   37.974  128.311     88.5    974.7
     1     1    21     8    11     8     0     0   -34.0   37.926  128.342     83.4    976.0
     1     1    21     8    11     7     0     0   -35.0   37.877  128.383     79.4    977.2
     1     1    21     8    11     6     0     0   -36.0   37.827  128.434     76.5    978.3
     1     1    21     8    11     5     0     0   -37.0   37.779  128.486     74.0    979.7
     1     1    21     8    11     4     0     0   -38.0   37.740  128.531     71.6    980.8
     1     1    21     8    11     3     0     0   -39.0   37.710  128.569     69.3    981.8
     1     1    21     8    11     2     0     0   -40.0   37.688  128.597     66.9    982.6
     1     1    21     8    11     1     0     0   -41.0   37.674  128.618     64.5    983.4
     1     1    21     8    11     0     0     0   -42.0   37.668  128.630     62.0    983.9
     1     1    21     8    10    23     0     0   -43.0   37.657  128.637     59.5    984.2
     1     1    21     8    10    22     0     0   -44.0   37.627  128.638     56.9    984.7
     1     1    21     8    10    21     0     0   -45.0   37.579  128.634     54.3    985.4
     1     1    21     8    10    20     0     0   -46.0   37.512  128.625     51.7    986.4
     1     1    21     8    10    19     0     0   -47.0   37.426  128.613     49.1    986.6
     1     1    21     8    10    18     0     0   -48.0   37.321  128.597     46.6    986.6
     1     1    21     8    10    17     0     0   -49.0   37.209  128.585     44.2    986.6
     1     1    21     8    10    16     0     0   -50.0   37.100  128.586     42.2    986.6
     1     1    21     8    10    15     0     0   -51.0   36.994  128.598     40.5    986.7
     1     1    21     8    10    14     0     0   -52.0   36.890  128.622     39.0    986.8
     1     1    21     8    10    13     0     0   -53.0   36.789  128.657     37.8    986.9
     1     1    21     8    10    12     0     0   -54.0   36.690  128.704     36.9    986.9
     1     1    21     8    10    11     0     0   -55.0   36.593  128.756     36.1    986.7
     1     1    21     8    10    10     0     0   -56.0   36.496  128.803     35.5    986.5
     1     1    21     8    10     9     0     0   -57.0   36.399  128.847     35.0    986.3
     1     1    21     8    10     8     0     0   -58.0   36.304  128.889     34.6    986.0
     1     1    21     8    10     7     0     0   -59.0   36.211  128.930     34.3    985.7
     1     1    21     8    10     6     0     0   -60.0   36.121  128.971     34.0    985.3
     1     1    21     8    10     5     0     0   -61.0   36.037  129.017     33.8    985.3
     1     1    21     8    10     4     0     0   -62.0   35.963  129.073     33.5    985.3
     1     1    21     8    10     3     0     0   -63.0   35.898  129.139     33.2    985.3
     1     1    21     8    10     2     0     0   -64.0   35.842  129.215     32.7    985.3
     1     1    21     8    10     1     0     0   -65.0   35.793  129.302     32.3    985.4
     1     1    21     8    10     0     0     0   -66.0   35.752  129.402     31.7    985.5
     1     1    21     8     9    23     0     0   -67.0   35.724  129.508     31.1    985.2
     1     1    21     8     9    22     0     0   -68.0   35.718  129.615     30.4    985.0
     1     1    21     8     9    21     0     0   -69.0   35.736  129.721     29.5    984.9
     1     1    21     8     9    20     0     0   -70.0   35.781  129.823     28.5    984.9
     1     1    21     8     9    19     0     0   -71.0   35.857  129.918     27.4    985.1
     1     1    21     8     9    18     0     0   -72.0   35.966  130.000     26.2    985.4
     1     1    21     8     9    17     0     0   -73.0   36.105  130.062     25.0    985.9
     1     1    21     8     9    16     0     0   -74.0   36.269  130.104     23.8    986.4
     1     1    21     8     9    15     0     0   -75.0   36.461  130.127     22.7    987.0
     1     1    21     8     9    14     0     0   -76.0   36.683  130.135     21.6    987.7
     1     1    21     8     9    13     0     0   -77.0   36.941  130.130     20.6    988.4
     1     1    21     8     9    12     0     0   -78.0   37.240  130.116     19.6    989.2
     1     1    21     8     9    11     0     0   -79.0   37.585  130.104     18.6    989.1
     1     1    21     8     9    10     0     0   -80.0   37.956  130.115     17.7    985.7
     1     1    21     8     9     9     0     0   -81.0   38.332  130.156     16.8    982.7
     1     1    21     8     9     8     0     0   -82.0   38.706  130.229     15.9    980.4
     1     1    21     8     9     7     0     0   -83.0   39.074  130.336     15.1    978.9
     1     1    21     8     9     6     0     0   -84.0   39.432  130.481     14.4    978.5
     1     1    21     8     9     5     0     0   -85.0   39.776  130.665     13.7    980.1
     1     1    21     8     9     4     0     0   -86.0   40.102  130.885     13.2    982.2
     1     1    21     8     9     3     0     0   -87.0   40.409  131.124     12.9    983.0
     1     1    21     8     9     2     0     0   -88.0   40.695  131.366     12.8    984.1
     1     1    21     8     9     1     0     0   -89.0   40.959  131.603     12.7    985.3
     1     1    21     8     9     0     0     0   -90.0   41.200  131.828     12.7    986.5
     1     1    21     8     8    23     0     0   -91.0   41.423  132.039     12.7    987.3
     1     1    21     8     8    22     0     0   -92.0   41.635  132.240     12.6    988.1
     1     1    21     8     8    21     0     0   -93.0   41.841  132.434     12.4    988.8
     1     1    21     8     8    20     0     0   -94.0   42.044  132.622     12.3    988.0
     1     1    21     8     8    19     0     0   -95.0   42.249  132.808     12.1    986.4
     1     1    21     8     8    18     0     0   -96.0   42.459  132.997     12.0    984.8
