     2     1
    CDC1    21     1     1     0     0
    CDC1    21     2     1     0     0
     1 BACKWARD OMEGA   
  2021     2     4    12   37.500  127.000   500.0
     1 PRESSURE
     1     1    21     2     4    12     0     0     0.0   37.500  127.000    500.0    942.4
     1     1    21     2     4    11     0     0    -1.0   37.503  126.676    500.4    944.9
     1     1    21     2     4    10     0     0    -2.0   37.497  126.345    503.4    947.1
     1     1    21     2     4     9     0     0    -3.0   37.482  126.009    508.7    949.0
     1     1    21     2     4     8     0     0    -4.0   37.459  125.669    516.3    950.7
     1     1    21     2     4     7     0     0    -5.0   37.427  125.325    525.9    952.1
     1     1    21     2     4     6     0     0    -6.0   37.386  124.978    537.4    953.3
     1     1    21     2     4     5     0     0    -7.0   37.354  124.649    552.5    952.9
     1     1    21     2     4     4     0     0    -8.0   37.346  124.353    572.5    951.6
     1     1    21     2     4     3     0     0    -9.0   37.365  124.092    597.6    949.6
     1     1    21     2     4     2     0     0   -10.0   37.412  123.863    628.3    946.9
     1     1    21     2     4     1     0     0   -11.0   37.488  123.665    664.9    942.9
     1     1    21     2     4     0     0     0   -12.0   37.598  123.495    708.3    937.0
     1     1    21     2     3    23     0     0   -13.0   37.744  123.319    756.9    929.8
     1     1    21     2     3    22     0     0   -14.0   37.925  123.109    809.7    922.8
     1     1    21     2     3    21     0     0   -15.0   38.142  122.867    867.6    915.8
     1     1    21     2     3    20     0     0   -16.0   38.397  122.599    932.5    908.7
     1     1    21     2     3    19     0     0   -17.0   38.693  122.301   1005.9    898.9
     1     1    21     2     3    18     0     0   -18.0   39.033  121.969   1089.4    886.9
     1     1    21     2     3    17     0     0   -19.0   39.400  121.594   1175.0    873.2
     1     1    21     2     3    16     0     0   -20.0   39.779  121.179   1256.6    861.4
     1     1    21     2     3    15     0     0   -21.0   40.179  120.728   1336.8    847.2
     1     1    21     2     3    14     0     0   -22.0   40.613  120.237   1416.6    828.1
     1     1    21     2     3    13     0     0   -23.0   41.091  119.695   1496.8    802.6
     1     1    21     2     3    12     0     0   -24.0   41.628  119.090   1582.6    770.1
     1     1    21     2     3    11     0     0   -25.0   42.218  118.401   1671.7    731.1
     1     1    21     2     3    10     0     0   -26.0   42.846  117.626   1765.9    696.8
     1     1    21     2     3     9     0     0   -27.0   43.495  116.807   1870.7    681.4
     1     1    21     2     3     8     0     0   -28.0   44.145  115.974   1970.3    673.2
     1     1    21     2     3     7     0     0   -29.0   44.814  115.130   2063.8    670.0
     1     1    21     2     3     6     0     0   -30.0   45.505  114.296   2149.4    670.6
     1     1    21     2     3     5     0     0   -31.0   46.200  113.493   2218.3    666.4
     1     1    21     2     3     4     0     0   -32.0   46.904  112.714   2276.2    656.7
     1     1    21     2     3     3     0     0   -33.0   47.626  111.948   2331.3    640.9
     1     1    21     2     3     2     0     0   -34.0   48.366  111.194   2401.5    626.2
     1     1    21     2     3     1     0     0   -35.0   49.131  110.452   2494.0    611.8
     1     1    21     2     3     0     0     0   -36.0   49.936  109.729   2619.3    600.8
     1     1    21     2     2    23     0     0   -37.0   50.755  109.038   2759.7    600.2
     1     1    21     2     2    22     0     0   -38.0   51.549  108.377   2866.3    607.7
     1     1    21     2     2    21     0     0   -39.0   52.310  107.737   2937.3    619.9
     1     1    21     2     2    20     0     0   -40.0   53.033  107.112   2959.5    624.0
     1     1    21     2     2    19     0     0   -41.0   53.721  106.503   2959.4    627.2
     1     1    21     2     2    18     0     0   -42.0   54.374  105.914   2958.5    633.2
     1     1    21     2     2    17     0     0   -43.0   54.999  105.332   2965.6    641.0
     1     1    21     2     2    16     0     0   -44.0   55.598  104.737   2972.6    642.8
     1     1    21     2     2    15     0     0   -45.0   56.176  104.132   2982.6    642.3
     1     1    21     2     2    14     0     0   -46.0   56.737  103.536   3000.3    643.0
     1     1    21     2     2    13     0     0   -47.0   57.288  102.969   3026.9    644.5
     1     1    21     2     2    12     0     0   -48.0   57.841  102.447   3058.8    643.6
     1     1    21     2     2    11     0     0   -49.0   58.394  101.947   3087.3    639.4
     1     1    21     2     2    10     0     0   -50.0   58.931  101.448   3108.8    635.8
     1     1    21     2     2     9     0     0   -51.0   59.454  100.950   3125.3    631.9
     1     1    21     2     2     8     0     0   -52.0   59.965  100.456   3139.6    627.5
     1     1    21     2     2     7     0     0   -53.0   60.463   99.967   3159.3    625.7
     1     1    21     2     2     6     0     0   -54.0   60.947   99.486   3182.6    624.5
     1     1    21     2     2     5     0     0   -55.0   61.418   99.020   3208.9    622.4
     1     1    21     2     2     4     0     0   -56.0   61.880   98.576   3236.2    619.8
     1     1    21     2     2     3     0     0   -57.0   62.332   98.152   3260.2    617.1
     1     1    21     2     2     2     0     0   -58.0   62.776   97.746   3277.5    614.6
     1     1    21     2     2     1     0     0   -59.0   63.210   97.351   3285.9    612.7
     1     1    21     2     2     0     0     0   -60.0   63.632   96.960   3283.3    612.2
     1     1    21     2     1    23     0     0   -61.0   64.038   96.560   3273.8    612.8
     1     1    21     2     1    22     0     0   -62.0   64.420   96.131   3263.6    612.8
     1     1    21     2     1    21     0     0   -63.0   64.775   95.669   3253.4    612.7
     1     1    21     2     1    20     0     0   -64.0   65.102   95.177   3244.8    612.2
     1     1    21     2     1    19     0     0   -65.0   65.400   94.661   3242.0    612.1
     1     1    21     2     1    18     0     0   -66.0   65.671   94.128   3245.0    612.3
     1     1    21     2     1    17     0     0   -67.0   65.927   93.587   3246.0    612.5
     1     1    21     2     1    16     0     0   -68.0   66.178   93.046   3237.9    614.0
     1     1    21     2     1    15     0     0   -69.0   66.423   92.498   3222.0    616.0
     1     1    21     2     1    14     0     0   -70.0   66.662   91.941   3201.4    619.9
     1     1    21     2     1    13     0     0   -71.0   66.894   91.373   3175.6    624.4
     1     1    21     2     1    12     0     0   -72.0   67.121   90.788   3145.9    629.3
     1     1    21     2     1    11     0     0   -73.0   67.330   90.203   3119.6    634.8
     1     1    21     2     1    10     0     0   -74.0   67.506   89.636   3103.7    639.3
     1     1    21     2     1     9     0     0   -75.0   67.646   89.098   3098.5    644.7
     1     1    21     2     1     8     0     0   -76.0   67.747   88.593   3098.9    649.0
     1     1    21     2     1     7     0     0   -77.0   67.810   88.113   3103.0    652.6
     1     1    21     2     1     6     0     0   -78.0   67.836   87.651   3109.2    655.7
     1     1    21     2     1     5     0     0   -79.0   67.844   87.189   3110.4    657.5
     1     1    21     2     1     4     0     0   -80.0   67.854   86.708   3106.4    660.2
     1     1    21     2     1     3     0     0   -81.0   67.863   86.213   3096.6    663.4
     1     1    21     2     1     2     0     0   -82.0   67.868   85.707   3081.3    667.1
     1     1    21     2     1     1     0     0   -83.0   67.866   85.194   3061.1    671.4
     1     1    21     2     1     0     0     0   -84.0   67.856   84.678   3035.2    675.2
     1     1    21     1    31    23     0     0   -85.0   67.826   84.139   3004.3    679.1
     1     1    21     1    31    22     0     0   -86.0   67.766   83.558   2971.2    683.2
     1     1    21     1    31    21     0     0   -87.0   67.675   82.935   2934.1    687.8
     1     1    21     1    31    20     0     0   -88.0   67.551   82.270   2891.9    692.4
     1     1    21     1    31    19     0     0   -89.0   67.396   81.565   2843.8    696.9
     1     1    21     1    31    18     0     0   -90.0   67.211   80.830   2790.3    702.1
     1     1    21     1    31    17     0     0   -91.0   67.012   80.094   2735.0    707.9
     1     1    21     1    31    16     0     0   -92.0   66.813   79.383   2680.8    712.5
     1     1    21     1    31    15     0     0   -93.0   66.613   78.700   2627.6    717.0
     1     1    21     1    31    14     0     0   -94.0   66.407   78.044   2573.8    721.7
     1     1    21     1    31    13     0     0   -95.0   66.191   77.413   2518.0    726.7
     1     1    21     1    31    12     0     0   -96.0   65.959   76.808   2460.2    732.5
