     2     1
    CDC1    20    12     1     0     0
    CDC1    21     1     1     0     0
     1 BACKWARD OMEGA   
  2021     1    21     6   37.500  127.000   500.0
     1 PRESSURE
     1     1    21     1    21     6     0     0     0.0   37.500  127.000    500.0    941.5
     1     1    21     1    21     5     0     0    -1.0   37.389  126.851    468.7    947.0
     1     1    21     1    21     4     0     0    -2.0   37.282  126.717    445.5    951.1
     1     1    21     1    21     3     0     0    -3.0   37.176  126.597    429.1    954.3
     1     1    21     1    21     2     0     0    -4.0   37.073  126.489    418.5    956.9
     1     1    21     1    21     1     0     0    -5.0   36.970  126.393    413.5    958.8
     1     1    21     1    21     0     0     0    -6.0   36.868  126.307    413.6    959.9
     1     1    21     1    20    23     0     0    -7.0   36.762  126.221    416.7    960.2
     1     1    21     1    20    22     0     0    -8.0   36.645  126.123    419.8    960.8
     1     1    21     1    20    21     0     0    -9.0   36.517  126.017    422.9    961.5
     1     1    21     1    20    20     0     0   -10.0   36.377  125.902    425.5    962.3
     1     1    21     1    20    19     0     0   -11.0   36.225  125.781    427.4    963.2
     1     1    21     1    20    18     0     0   -12.0   36.060  125.656    428.4    964.2
     1     1    21     1    20    17     0     0   -13.0   35.880  125.542    428.7    965.0
     1     1    21     1    20    16     0     0   -14.0   35.687  125.454    429.7    965.6
     1     1    21     1    20    15     0     0   -15.0   35.484  125.390    431.4    966.0
     1     1    21     1    20    14     0     0   -16.0   35.272  125.349    434.1    966.2
     1     1    21     1    20    13     0     0   -17.0   35.056  125.331    437.9    966.2
     1     1    21     1    20    12     0     0   -18.0   34.838  125.335    443.3    966.0
     1     1    21     1    20    11     0     0   -19.0   34.621  125.352    448.2    965.6
     1     1    21     1    20    10     0     0   -20.0   34.406  125.376    450.9    965.9
     1     1    21     1    20     9     0     0   -21.0   34.195  125.407    452.2    966.2
     1     1    21     1    20     8     0     0   -22.0   33.989  125.448    452.9    966.6
     1     1    21     1    20     7     0     0   -23.0   33.788  125.499    453.7    967.0
     1     1    21     1    20     6     0     0   -24.0   33.594  125.561    455.4    967.2
     1     1    21     1    20     5     0     0   -25.0   33.410  125.641    459.3    967.3
     1     1    21     1    20     4     0     0   -26.0   33.238  125.741    466.3    966.9
     1     1    21     1    20     3     0     0   -27.0   33.079  125.860    476.2    966.1
     1     1    21     1    20     2     0     0   -28.0   32.934  125.993    488.7    965.0
     1     1    21     1    20     1     0     0   -29.0   32.802  126.138    503.5    963.6
     1     1    21     1    20     0     0     0   -30.0   32.686  126.294    520.4    961.9
     1     1    21     1    19    23     0     0   -31.0   32.587  126.452    539.3    959.9
     1     1    21     1    19    22     0     0   -32.0   32.508  126.608    560.2    957.6
     1     1    21     1    19    21     0     0   -33.0   32.450  126.760    582.9    955.0
     1     1    21     1    19    20     0     0   -34.0   32.410  126.906    607.1    952.2
     1     1    21     1    19    19     0     0   -35.0   32.391  127.046    632.8    949.1
     1     1    21     1    19    18     0     0   -36.0   32.391  127.180    659.9    945.4
     1     1    21     1    19    17     0     0   -37.0   32.405  127.310    688.0    941.7
     1     1    21     1    19    16     0     0   -38.0   32.429  127.445    715.6    938.1
     1     1    21     1    19    15     0     0   -39.0   32.462  127.584    742.6    934.5
     1     1    21     1    19    14     0     0   -40.0   32.501  127.731    768.8    930.9
     1     1    21     1    19    13     0     0   -41.0   32.547  127.885    794.2    927.3
     1     1    21     1    19    12     0     0   -42.0   32.599  128.046    818.9    923.8
     1     1    21     1    19    11     0     0   -43.0   32.667  128.201    844.7    920.0
     1     1    21     1    19    10     0     0   -44.0   32.761  128.337    874.3    915.6
     1     1    21     1    19     9     0     0   -45.0   32.884  128.450    908.3    910.7
     1     1    21     1    19     8     0     0   -46.0   33.036  128.536    947.4    905.0
     1     1    21     1    19     7     0     0   -47.0   33.217  128.590    992.3    898.4
     1     1    21     1    19     6     0     0   -48.0   33.428  128.610   1044.1    891.0
     1     1    21     1    19     5     0     0   -49.0   33.662  128.588   1103.2    883.3
     1     1    21     1    19     4     0     0   -50.0   33.913  128.518   1169.6    875.0
     1     1    21     1    19     3     0     0   -51.0   34.181  128.398   1244.0    866.1
     1     1    21     1    19     2     0     0   -52.0   34.469  128.225   1327.1    856.2
     1     1    21     1    19     1     0     0   -53.0   34.776  127.991   1418.7    845.1
     1     1    21     1    19     0     0     0   -54.0   35.103  127.692   1518.9    833.6
     1     1    21     1    18    23     0     0   -55.0   35.439  127.347   1624.1    822.1
     1     1    21     1    18    22     0     0   -56.0   35.771  126.974   1729.5    811.8
     1     1    21     1    18    21     0     0   -57.0   36.103  126.569   1833.7    801.5
     1     1    21     1    18    20     0     0   -58.0   36.439  126.130   1936.0    792.0
     1     1    21     1    18    19     0     0   -59.0   36.783  125.659   2036.0    783.2
     1     1    21     1    18    18     0     0   -60.0   37.138  125.157   2132.4    775.5
     1     1    21     1    18    17     0     0   -61.0   37.517  124.611   2229.4    766.6
     1     1    21     1    18    16     0     0   -62.0   37.930  124.009   2332.8    753.0
     1     1    21     1    18    15     0     0   -63.0   38.375  123.363   2444.6    740.7
     1     1    21     1    18    14     0     0   -64.0   38.854  122.685   2565.4    729.7
     1     1    21     1    18    13     0     0   -65.0   39.367  121.980   2690.3    715.7
     1     1    21     1    18    12     0     0   -66.0   39.904  121.239   2817.0    699.5
     1     1    21     1    18    11     0     0   -67.0   40.451  120.455   2926.1    679.2
     1     1    21     1    18    10     0     0   -68.0   41.018  119.624   2999.8    655.6
     1     1    21     1    18     9     0     0   -69.0   41.629  118.735   3042.1    626.2
     1     1    21     1    18     8     0     0   -70.0   42.298  117.772   3060.0    593.7
     1     1    21     1    18     7     0     0   -71.0   43.001  116.762   3090.4    577.9
     1     1    21     1    18     6     0     0   -72.0   43.685  115.758   3123.8    574.1
     1     1    21     1    18     5     0     0   -73.0   44.348  114.768   3162.1    576.3
     1     1    21     1    18     4     0     0   -74.0   45.026  113.790   3222.0    581.3
     1     1    21     1    18     3     0     0   -75.0   45.733  112.842   3281.3    578.1
     1     1    21     1    18     2     0     0   -76.0   46.486  111.920   3324.4    566.4
     1     1    21     1    18     1     0     0   -77.0   47.289  110.994   3331.5    550.7
     1     1    21     1    18     0     0     0   -78.0   48.114  110.046   3298.6    542.0
     1     1    21     1    17    23     0     0   -79.0   48.909  109.116   3263.6    550.3
     1     1    21     1    17    22     0     0   -80.0   49.668  108.239   3232.0    561.0
     1     1    21     1    17    21     0     0   -81.0   50.410  107.410   3223.7    575.3
     1     1    21     1    17    20     0     0   -82.0   51.133  106.609   3237.8    587.1
     1     1    21     1    17    19     0     0   -83.0   51.835  105.806   3269.1    596.7
     1     1    21     1    17    18     0     0   -84.0   52.511  104.965   3302.4    604.8
     1     1    21     1    17    17     0     0   -85.0   53.151  104.063   3294.2    596.8
     1     1    21     1    17    16     0     0   -86.0   53.756  103.105   3282.1    596.4
     1     1    21     1    17    15     0     0   -87.0   54.330  102.104   3265.8    601.1
     1     1    21     1    17    14     0     0   -88.0   54.864  101.070   3236.3    608.2
     1     1    21     1    17    13     0     0   -89.0   55.351  100.016   3185.8    614.3
     1     1    21     1    17    12     0     0   -90.0   55.772   98.964   3126.4    623.6
     1     1    21     1    17    11     0     0   -91.0   56.112   97.917   3057.3    634.2
     1     1    21     1    17    10     0     0   -92.0   56.379   96.869   2987.0    646.2
     1     1    21     1    17     9     0     0   -93.0   56.585   95.829   2918.1    657.3
     1     1    21     1    17     8     0     0   -94.0   56.737   94.802   2852.4    667.0
     1     1    21     1    17     7     0     0   -95.0   56.839   93.800   2792.0    675.4
     1     1    21     1    17     6     0     0   -96.0   56.892   92.837   2736.2    682.5
