     2     1
    CDC1    20    12     1     0     0
    CDC1    21     1     1     0     0
     1 BACKWARD OMEGA   
  2021     1    22     3   37.500  127.000   500.0
     1 PRESSURE
     1     1    21     1    22     3     0     0     0.0   37.500  127.000    500.0    939.9
     1     1    21     1    22     2     0     0    -1.0   37.613  126.999    516.1    936.6
     1     1    21     1    22     1     0     0    -2.0   37.727  126.976    535.0    933.0
     1     1    21     1    22     0     0     0    -3.0   37.841  126.928    557.0    929.3
     1     1    21     1    21    23     0     0    -4.0   37.952  126.857    580.7    924.9
     1     1    21     1    21    22     0     0    -5.0   38.058  126.767    604.2    921.0
     1     1    21     1    21    21     0     0    -6.0   38.159  126.656    627.0    917.4
     1     1    21     1    21    20     0     0    -7.0   38.256  126.523    648.8    913.9
     1     1    21     1    21    19     0     0    -8.0   38.350  126.371    668.9    910.8
     1     1    21     1    21    18     0     0    -9.0   38.445  126.199    687.4    908.2
     1     1    21     1    21    17     0     0   -10.0   38.532  126.019    704.5    906.4
     1     1    21     1    21    16     0     0   -11.0   38.599  125.842    719.7    905.1
     1     1    21     1    21    15     0     0   -12.0   38.647  125.665    732.5    904.3
     1     1    21     1    21    14     0     0   -13.0   38.673  125.489    742.3    904.2
     1     1    21     1    21    13     0     0   -14.0   38.677  125.312    748.4    904.9
     1     1    21     1    21    12     0     0   -15.0   38.657  125.136    750.3    906.3
     1     1    21     1    21    11     0     0   -16.0   38.620  124.955    747.0    908.5
     1     1    21     1    21    10     0     0   -17.0   38.574  124.762    737.9    911.5
     1     1    21     1    21     9     0     0   -18.0   38.519  124.556    724.4    915.1
     1     1    21     1    21     8     0     0   -19.0   38.453  124.338    707.6    919.2
     1     1    21     1    21     7     0     0   -20.0   38.376  124.109    688.4    923.7
     1     1    21     1    21     6     0     0   -21.0   38.286  123.869    667.8    928.4
     1     1    21     1    21     5     0     0   -22.0   38.186  123.644    649.3    933.3
     1     1    21     1    21     4     0     0   -23.0   38.080  123.459    634.6    937.1
     1     1    21     1    21     3     0     0   -24.0   37.969  123.312    622.1    940.2
     1     1    21     1    21     2     0     0   -25.0   37.853  123.204    610.9    942.9
     1     1    21     1    21     1     0     0   -26.0   37.732  123.131    600.5    945.5
     1     1    21     1    21     0     0     0   -27.0   37.607  123.093    590.6    947.9
     1     1    21     1    20    23     0     0   -28.0   37.480  123.062    580.2    949.9
     1     1    21     1    20    22     0     0   -29.0   37.349  123.015    568.2    951.5
     1     1    21     1    20    21     0     0   -30.0   37.213  122.957    554.7    953.2
     1     1    21     1    20    20     0     0   -31.0   37.070  122.887    539.9    955.1
     1     1    21     1    20    19     0     0   -32.0   36.918  122.810    523.9    957.1
     1     1    21     1    20    18     0     0   -33.0   36.756  122.726    506.7    959.2
     1     1    21     1    20    17     0     0   -34.0   36.578  122.649    489.8    961.3
     1     1    21     1    20    16     0     0   -35.0   36.380  122.591    474.5    963.0
     1     1    21     1    20    15     0     0   -36.0   36.165  122.551    460.7    964.5
     1     1    21     1    20    14     0     0   -37.0   35.935  122.526    448.1    965.8
     1     1    21     1    20    13     0     0   -38.0   35.693  122.516    436.6    967.0
     1     1    21     1    20    12     0     0   -39.0   35.442  122.521    426.0    968.1
     1     1    21     1    20    11     0     0   -40.0   35.187  122.533    414.7    969.4
     1     1    21     1    20    10     0     0   -41.0   34.933  122.552    401.3    971.6
     1     1    21     1    20     9     0     0   -42.0   34.684  122.582    386.9    974.9
     1     1    21     1    20     8     0     0   -43.0   34.441  122.629    372.4    977.8
     1     1    21     1    20     7     0     0   -44.0   34.205  122.689    358.3    980.5
     1     1    21     1    20     6     0     0   -45.0   33.974  122.764    345.1    982.9
     1     1    21     1    20     5     0     0   -46.0   33.749  122.859    335.0    985.0
     1     1    21     1    20     4     0     0   -47.0   33.530  122.979    329.9    986.4
     1     1    21     1    20     3     0     0   -48.0   33.317  123.120    329.5    987.1
     1     1    21     1    20     2     0     0   -49.0   33.113  123.280    333.4    987.4
     1     1    21     1    20     1     0     0   -50.0   32.917  123.456    341.3    987.1
     1     1    21     1    20     0     0     0   -51.0   32.732  123.647    352.7    986.4
     1     1    21     1    19    23     0     0   -52.0   32.559  123.849    366.7    985.3
     1     1    21     1    19    22     0     0   -53.0   32.401  124.057    381.8    983.5
     1     1    21     1    19    21     0     0   -54.0   32.261  124.268    397.8    981.0
     1     1    21     1    19    20     0     0   -55.0   32.138  124.479    414.8    978.5
     1     1    21     1    19    19     0     0   -56.0   32.034  124.689    433.1    975.9
     1     1    21     1    19    18     0     0   -57.0   31.948  124.898    453.0    973.2
     1     1    21     1    19    17     0     0   -58.0   31.882  125.100    473.9    970.4
     1     1    21     1    19    16     0     0   -59.0   31.836  125.293    494.9    967.6
     1     1    21     1    19    15     0     0   -60.0   31.806  125.478    515.9    965.0
     1     1    21     1    19    14     0     0   -61.0   31.793  125.655    536.7    962.6
     1     1    21     1    19    13     0     0   -62.0   31.793  125.827    557.1    960.2
     1     1    21     1    19    12     0     0   -63.0   31.807  125.995    577.1    957.9
     1     1    21     1    19    11     0     0   -64.0   31.835  126.160    597.3    955.4
     1     1    21     1    19    10     0     0   -65.0   31.880  126.324    618.7    952.7
     1     1    21     1    19     9     0     0   -66.0   31.943  126.485    641.6    949.6
     1     1    21     1    19     8     0     0   -67.0   32.027  126.639    666.2    946.0
     1     1    21     1    19     7     0     0   -68.0   32.134  126.785    692.9    942.2
     1     1    21     1    19     6     0     0   -69.0   32.266  126.920    722.3    938.0
     1     1    21     1    19     5     0     0   -70.0   32.424  127.035    755.2    933.6
     1     1    21     1    19     4     0     0   -71.0   32.606  127.120    793.6    928.3
     1     1    21     1    19     3     0     0   -72.0   32.811  127.171    838.4    922.2
     1     1    21     1    19     2     0     0   -73.0   33.036  127.186    890.8    915.3
     1     1    21     1    19     1     0     0   -74.0   33.282  127.163    951.6    907.5
     1     1    21     1    19     0     0     0   -75.0   33.549  127.095   1021.4    898.1
     1     1    21     1    18    23     0     0   -76.0   33.829  126.989   1098.4    887.8
     1     1    21     1    18    22     0     0   -77.0   34.113  126.853   1179.9    877.8
     1     1    21     1    18    21     0     0   -78.0   34.399  126.688   1265.8    867.7
     1     1    21     1    18    20     0     0   -79.0   34.686  126.490   1355.0    857.2
     1     1    21     1    18    19     0     0   -80.0   34.971  126.255   1445.5    846.8
     1     1    21     1    18    18     0     0   -81.0   35.256  125.989   1536.2    837.3
     1     1    21     1    18    17     0     0   -82.0   35.555  125.676   1629.4    828.2
     1     1    21     1    18    16     0     0   -83.0   35.887  125.301   1730.9    818.6
     1     1    21     1    18    15     0     0   -84.0   36.255  124.866   1841.5    807.2
     1     1    21     1    18    14     0     0   -85.0   36.659  124.373   1960.5    794.3
     1     1    21     1    18    13     0     0   -86.0   37.100  123.823   2089.0    781.6
     1     1    21     1    18    12     0     0   -87.0   37.581  123.222   2229.0    768.3
     1     1    21     1    18    11     0     0   -88.0   38.089  122.584   2368.9    752.0
     1     1    21     1    18    10     0     0   -89.0   38.607  121.923   2499.7    736.1
     1     1    21     1    18     9     0     0   -90.0   39.144  121.246   2622.3    720.5
     1     1    21     1    18     8     0     0   -91.0   39.726  120.556   2738.3    705.1
     1     1    21     1    18     7     0     0   -92.0   40.385  119.846   2840.7    683.7
     1     1    21     1    18     6     0     0   -93.0   41.132  119.086   2918.6    651.0
     1     1    21     1    18     5     0     0   -94.0   41.944  118.229   2975.6    613.9
     1     1    21     1    18     4     0     0   -95.0   42.809  117.266   3037.3    581.5
     1     1    21     1    18     3     0     0   -96.0   43.712  116.275   3151.7    570.6
