     2     1
    CDC1    21     4     1     0     0
    CDC1    21     5     1     0     0
     1 BACKWARD OMEGA   
  2021     5     4    12   37.500  127.000   500.0
     1 PRESSURE
     1     1    21     5     4    12     0     0     0.0   37.500  127.000    500.0    927.9
     1     1    21     5     4    11     0     0    -1.0   37.357  126.955    473.6    931.9
     1     1    21     5     4    10     0     0    -2.0   37.198  126.900    448.6    936.0
     1     1    21     5     4     9     0     0    -3.0   37.020  126.839    424.7    940.0
     1     1    21     5     4     8     0     0    -4.0   36.818  126.775    401.7    944.1
     1     1    21     5     4     7     0     0    -5.0   36.588  126.714    379.2    948.2
     1     1    21     5     4     6     0     0    -6.0   36.324  126.661    357.0    951.8
     1     1    21     5     4     5     0     0    -7.0   36.033  126.617    335.0    955.5
     1     1    21     5     4     4     0     0    -8.0   35.731  126.577    314.1    959.1
     1     1    21     5     4     3     0     0    -9.0   35.419  126.539    294.4    962.7
     1     1    21     5     4     2     0     0   -10.0   35.098  126.502    276.0    966.3
     1     1    21     5     4     1     0     0   -11.0   34.772  126.465    259.5    970.3
     1     1    21     5     4     0     0     0   -12.0   34.447  126.430    245.0    974.5
     1     1    21     5     3    23     0     0   -13.0   34.124  126.405    232.7    977.9
     1     1    21     5     3    22     0     0   -14.0   33.804  126.394    223.0    980.9
     1     1    21     5     3    21     0     0   -15.0   33.484  126.397    216.1    983.5
     1     1    21     5     3    20     0     0   -16.0   33.161  126.410    212.5    985.6
     1     1    21     5     3    19     0     0   -17.0   32.833  126.431    212.6    987.2
     1     1    21     5     3    18     0     0   -18.0   32.497  126.458    216.7    988.3
     1     1    21     5     3    17     0     0   -19.0   32.162  126.489    222.8    987.9
     1     1    21     5     3    16     0     0   -20.0   31.835  126.528    228.5    988.0
     1     1    21     5     3    15     0     0   -21.0   31.519  126.573    234.4    988.1
     1     1    21     5     3    14     0     0   -22.0   31.211  126.628    240.6    988.2
     1     1    21     5     3    13     0     0   -23.0   30.912  126.692    247.4    988.2
     1     1    21     5     3    12     0     0   -24.0   30.622  126.767    255.0    988.3
     1     1    21     5     3    11     0     0   -25.0   30.343  126.847    262.6    988.0
     1     1    21     5     3    10     0     0   -26.0   30.076  126.927    268.9    987.9
     1     1    21     5     3     9     0     0   -27.0   29.826  127.007    272.7    987.6
     1     1    21     5     3     8     0     0   -28.0   29.597  127.086    273.0    987.4
     1     1    21     5     3     7     0     0   -29.0   29.390  127.165    269.4    987.7
     1     1    21     5     3     6     0     0   -30.0   29.204  127.244    261.1    988.5
     1     1    21     5     3     5     0     0   -31.0   29.043  127.329    251.4    990.3
     1     1    21     5     3     4     0     0   -32.0   28.909  127.424    243.9    991.5
     1     1    21     5     3     3     0     0   -33.0   28.802  127.530    239.2    992.2
     1     1    21     5     3     2     0     0   -34.0   28.720  127.644    237.8    992.4
     1     1    21     5     3     1     0     0   -35.0   28.664  127.767    240.0    992.2
     1     1    21     5     3     0     0     0   -36.0   28.630  127.897    245.8    991.5
     1     1    21     5     2    23     0     0   -37.0   28.623  128.031    255.7    989.8
     1     1    21     5     2    22     0     0   -38.0   28.645  128.163    270.6    987.6
     1     1    21     5     2    21     0     0   -39.0   28.696  128.290    290.5    984.9
     1     1    21     5     2    20     0     0   -40.0   28.774  128.411    316.1    981.7
     1     1    21     5     2    19     0     0   -41.0   28.880  128.523    347.6    978.1
     1     1    21     5     2    18     0     0   -42.0   29.011  128.625    385.4    974.0
     1     1    21     5     2    17     0     0   -43.0   29.161  128.704    428.0    968.6
     1     1    21     5     2    16     0     0   -44.0   29.322  128.751    473.4    963.4
     1     1    21     5     2    15     0     0   -45.0   29.494  128.763    522.2    958.1
     1     1    21     5     2    14     0     0   -46.0   29.678  128.742    575.0    952.7
     1     1    21     5     2    13     0     0   -47.0   29.875  128.688    632.7    947.0
     1     1    21     5     2    12     0     0   -48.0   30.086  128.600    696.1    939.3
     1     1    21     5     2    11     0     0   -49.0   30.308  128.487    763.9    930.4
     1     1    21     5     2    10     0     0   -50.0   30.536  128.361    834.6    921.9
     1     1    21     5     2     9     0     0   -51.0   30.770  128.222    909.3    913.3
     1     1    21     5     2     8     0     0   -52.0   31.011  128.068    989.1    903.8
     1     1    21     5     2     7     0     0   -53.0   31.257  127.894   1075.1    893.6
     1     1    21     5     2     6     0     0   -54.0   31.506  127.700   1168.6    883.1
     1     1    21     5     2     5     0     0   -55.0   31.755  127.478   1265.1    872.1
     1     1    21     5     2     4     0     0   -56.0   32.007  127.218   1359.3    861.1
     1     1    21     5     2     3     0     0   -57.0   32.268  126.918   1451.4    850.6
     1     1    21     5     2     2     0     0   -58.0   32.541  126.579   1543.1    840.7
     1     1    21     5     2     1     0     0   -59.0   32.824  126.215   1635.0    830.9
     1     1    21     5     2     0     0     0   -60.0   33.119  125.837   1729.5    821.7
     1     1    21     5     1    23     0     0   -61.0   33.421  125.450   1826.2    811.2
     1     1    21     5     1    22     0     0   -62.0   33.726  125.051   1919.0    801.7
     1     1    21     5     1    21     0     0   -63.0   34.039  124.638   2002.9    792.5
     1     1    21     5     1    20     0     0   -64.0   34.366  124.213   2073.8    784.5
     1     1    21     5     1    19     0     0   -65.0   34.709  123.773   2127.1    778.1
     1     1    21     5     1    18     0     0   -66.0   35.073  123.323   2159.5    774.0
     1     1    21     5     1    17     0     0   -67.0   35.450  122.895   2184.4    773.5
     1     1    21     5     1    16     0     0   -68.0   35.833  122.502   2214.6    771.2
     1     1    21     5     1    15     0     0   -69.0   36.221  122.136   2247.9    767.6
     1     1    21     5     1    14     0     0   -70.0   36.609  121.788   2283.4    764.0
     1     1    21     5     1    13     0     0   -71.0   36.998  121.449   2318.3    760.8
     1     1    21     5     1    12     0     0   -72.0   37.386  121.115   2350.2    758.2
     1     1    21     5     1    11     0     0   -73.0   37.767  120.793   2378.7    754.7
     1     1    21     5     1    10     0     0   -74.0   38.132  120.489   2407.7    749.9
     1     1    21     5     1     9     0     0   -75.0   38.481  120.197   2434.1    745.0
     1     1    21     5     1     8     0     0   -76.0   38.812  119.913   2452.7    740.1
     1     1    21     5     1     7     0     0   -77.0   39.129  119.634   2457.6    734.7
     1     1    21     5     1     6     0     0   -78.0   39.434  119.357   2445.1    730.2
     1     1    21     5     1     5     0     0   -79.0   39.738  119.093   2423.1    727.0
     1     1    21     5     1     4     0     0   -80.0   40.050  118.848   2405.3    721.4
     1     1    21     5     1     3     0     0   -81.0   40.370  118.613   2392.2    712.5
     1     1    21     5     1     2     0     0   -82.0   40.696  118.378   2389.5    701.7
     1     1    21     5     1     1     0     0   -83.0   41.032  118.134   2395.4    689.2
     1     1    21     5     1     0     0     0   -84.0   41.382  117.871   2407.7    674.9
     1     1    21     4    30    23     0     0   -85.0   41.743  117.593   2424.2    659.5
     1     1    21     4    30    22     0     0   -86.0   42.113  117.301   2443.5    644.7
     1     1    21     4    30    21     0     0   -87.0   42.495  116.989   2458.1    631.5
     1     1    21     4    30    20     0     0   -88.0   42.881  116.668   2478.0    629.5
     1     1    21     4    30    19     0     0   -89.0   43.257  116.348   2489.5    628.6
     1     1    21     4    30    18     0     0   -90.0   43.620  116.021   2485.3    629.5
     1     1    21     4    30    17     0     0   -91.0   43.970  115.689   2472.4    633.3
     1     1    21     4    30    16     0     0   -92.0   44.307  115.353   2458.1    636.8
     1     1    21     4    30    15     0     0   -93.0   44.632  115.001   2441.2    641.3
     1     1    21     4    30    14     0     0   -94.0   44.943  114.626   2421.5    648.1
     1     1    21     4    30    13     0     0   -95.0   45.244  114.233   2399.3    654.6
     1     1    21     4    30    12     0     0   -96.0   45.540  113.831   2380.6    658.9
