     2     1
    CDC1    21     8     1     0     0
    CDC1    21     9     1     0     0
     1 BACKWARD OMEGA   
  2021     9    25     3   37.500  127.000   500.0
     1 PRESSURE
     1     1    21     9    25     3     0     0     0.0   37.500  127.000    500.0    946.5
     1     1    21     9    25     2     0     0    -1.0   37.468  127.227    502.5    945.6
     1     1    21     9    25     1     0     0    -2.0   37.442  127.444    509.5    943.9
     1     1    21     9    25     0     0     0    -3.0   37.419  127.653    520.8    943.2
     1     1    21     9    24    23     0     0    -4.0   37.391  127.862    532.8    942.1
     1     1    21     9    24    22     0     0    -5.0   37.353  128.081    542.5    941.7
     1     1    21     9    24    21     0     0    -6.0   37.306  128.312    550.0    941.4
     1     1    21     9    24    20     0     0    -7.0   37.252  128.557    555.1    941.4
     1     1    21     9    24    19     0     0    -8.0   37.193  128.821    558.1    941.6
     1     1    21     9    24    18     0     0    -9.0   37.131  129.104    559.0    942.0
     1     1    21     9    24    17     0     0   -10.0   37.084  129.398    560.4    942.9
     1     1    21     9    24    16     0     0   -11.0   37.066  129.689    563.6    943.4
     1     1    21     9    24    15     0     0   -12.0   37.075  129.975    568.6    943.8
     1     1    21     9    24    14     0     0   -13.0   37.109  130.251    575.2    945.1
     1     1    21     9    24    13     0     0   -14.0   37.166  130.515    583.0    946.5
     1     1    21     9    24    12     0     0   -15.0   37.244  130.765    592.0    947.8
     1     1    21     9    24    11     0     0   -16.0   37.336  131.002    599.7    948.9
     1     1    21     9    24    10     0     0   -17.0   37.438  131.225    603.3    950.8
     1     1    21     9    24     9     0     0   -18.0   37.549  131.432    602.0    952.8
     1     1    21     9    24     8     0     0   -19.0   37.669  131.625    595.6    954.8
     1     1    21     9    24     7     0     0   -20.0   37.796  131.804    584.0    957.5
     1     1    21     9    24     6     0     0   -21.0   37.930  131.970    566.9    960.8
     1     1    21     9    24     5     0     0   -22.0   38.067  132.130    545.8    964.6
     1     1    21     9    24     4     0     0   -23.0   38.201  132.288    523.4    968.7
     1     1    21     9    24     3     0     0   -24.0   38.334  132.446    500.4    973.0
     1     1    21     9    24     2     0     0   -25.0   38.468  132.604    477.9    975.9
     1     1    21     9    24     1     0     0   -26.0   38.606  132.761    456.9    978.1
     1     1    21     9    24     0     0     0   -27.0   38.749  132.917    438.3    980.2
     1     1    21     9    23    23     0     0   -28.0   38.902  133.063    421.8    982.0
     1     1    21     9    23    22     0     0   -29.0   39.065  133.191    407.0    983.9
     1     1    21     9    23    21     0     0   -30.0   39.239  133.301    393.5    985.8
     1     1    21     9    23    20     0     0   -31.0   39.421  133.393    381.0    987.6
     1     1    21     9    23    19     0     0   -32.0   39.611  133.469    369.4    989.3
     1     1    21     9    23    18     0     0   -33.0   39.808  133.530    358.2    991.1
     1     1    21     9    23    17     0     0   -34.0   40.008  133.577    348.8    992.8
     1     1    21     9    23    16     0     0   -35.0   40.209  133.613    342.4    990.6
     1     1    21     9    23    15     0     0   -36.0   40.409  133.641    340.0    987.9
     1     1    21     9    23    14     0     0   -37.0   40.611  133.661    341.1    984.7
     1     1    21     9    23    13     0     0   -38.0   40.817  133.676    345.7    981.1
     1     1    21     9    23    12     0     0   -39.0   41.029  133.687    353.4    977.1
     1     1    21     9    23    11     0     0   -40.0   41.247  133.695    363.0    972.4
     1     1    21     9    23    10     0     0   -41.0   41.471  133.701    373.3    967.7
     1     1    21     9    23     9     0     0   -42.0   41.702  133.706    383.4    962.8
     1     1    21     9    23     8     0     0   -43.0   41.944  133.714    392.7    957.7
     1     1    21     9    23     7     0     0   -44.0   42.199  133.726    400.6    952.5
     1     1    21     9    23     6     0     0   -45.0   42.468  133.746    406.1    947.5
     1     1    21     9    23     5     0     0   -46.0   42.733  133.771    408.7    945.2
     1     1    21     9    23     4     0     0   -47.0   42.970  133.794    407.2    943.9
     1     1    21     9    23     3     0     0   -48.0   43.184  133.817    401.7    943.1
     1     1    21     9    23     2     0     0   -49.0   43.376  133.841    392.3    942.9
     1     1    21     9    23     1     0     0   -50.0   43.549  133.868    379.1    943.2
     1     1    21     9    23     0     0     0   -51.0   43.706  133.896    362.1    943.6
     1     1    21     9    22    23     0     0   -52.0   43.847  133.932    344.5    944.4
     1     1    21     9    22    22     0     0   -53.0   43.972  133.981    328.7    944.9
     1     1    21     9    22    21     0     0   -54.0   44.080  134.044    314.4    945.3
     1     1    21     9    22    20     0     0   -55.0   44.171  134.117    301.2    945.8
     1     1    21     9    22    19     0     0   -56.0   44.243  134.199    289.0    946.4
     1     1    21     9    22    18     0     0   -57.0   44.298  134.288    277.5    947.0
     1     1    21     9    22    17     0     0   -58.0   44.339  134.373    266.8    948.1
     1     1    21     9    22    16     0     0   -59.0   44.372  134.444    257.1    949.2
     1     1    21     9    22    15     0     0   -60.0   44.398  134.502    248.3    950.1
     1     1    21     9    22    14     0     0   -61.0   44.416  134.548    240.5    951.0
     1     1    21     9    22    13     0     0   -62.0   44.426  134.580    233.7    951.8
     1     1    21     9    22    12     0     0   -63.0   44.426  134.598    227.9    952.5
     1     1    21     9    22    11     0     0   -64.0   44.411  134.601    222.6    952.6
     1     1    21     9    22    10     0     0   -65.0   44.373  134.585    217.6    952.8
     1     1    21     9    22     9     0     0   -66.0   44.310  134.548    213.0    953.2
     1     1    21     9    22     8     0     0   -67.0   44.222  134.490    208.7    953.5
     1     1    21     9    22     7     0     0   -68.0   44.108  134.413    204.9    954.0
     1     1    21     9    22     6     0     0   -69.0   43.967  134.315    201.8    954.4
     1     1    21     9    22     5     0     0   -70.0   43.805  134.205    198.7    955.5
     1     1    21     9    22     4     0     0   -71.0   43.631  134.091    194.7    956.6
     1     1    21     9    22     3     0     0   -72.0   43.446  133.972    190.3    957.8
     1     1    21     9    22     2     0     0   -73.0   43.255  133.849    185.5    958.9
     1     1    21     9    22     1     0     0   -74.0   43.059  133.723    180.6    960.0
     1     1    21     9    22     0     0     0   -75.0   42.862  133.594    175.8    960.9
     1     1    21     9    21    23     0     0   -76.0   42.658  133.454    171.4    961.5
     1     1    21     9    21    22     0     0   -77.0   42.438  133.289    167.7    962.4
     1     1    21     9    21    21     0     0   -78.0   42.204  133.097    165.0    964.6
     1     1    21     9    21    20     0     0   -79.0   41.957  132.881    163.8    966.9
     1     1    21     9    21    19     0     0   -80.0   41.701  132.641    164.2    969.3
     1     1    21     9    21    18     0     0   -81.0   41.435  132.377    166.5    970.2
     1     1    21     9    21    17     0     0   -82.0   41.168  132.103    168.7    969.1
     1     1    21     9    21    16     0     0   -83.0   40.910  131.835    168.8    968.2
     1     1    21     9    21    15     0     0   -84.0   40.664  131.574    166.4    967.4
     1     1    21     9    21    14     0     0   -85.0   40.432  131.321    161.8    966.7
     1     1    21     9    21    13     0     0   -86.0   40.219  131.074    155.4    966.1
     1     1    21     9    21    12     0     0   -87.0   40.030  130.836    148.0    965.4
     1     1    21     9    21    11     0     0   -88.0   39.841  130.598    140.2    963.4
     1     1    21     9    21    10     0     0   -89.0   39.625  130.353    132.6    961.5
     1     1    21     9    21     9     0     0   -90.0   39.378  130.100    124.9    960.0
     1     1    21     9    21     8     0     0   -91.0   39.099  129.840    117.2    960.4
     1     1    21     9    21     7     0     0   -92.0   38.789  129.574    109.3    962.2
     1     1    21     9    21     6     0     0   -93.0   38.458  129.306    101.2    965.0
     1     1    21     9    21     5     0     0   -94.0   38.132  129.055     94.2    968.9
     1     1    21     9    21     4     0     0   -95.0   37.831  128.839     89.2    972.6
     1     1    21     9    21     3     0     0   -96.0   37.551  128.650     86.4    976.3
