     2     1
    CDC1    21     5     1     0     0
    CDC1    21     6     1     0     0
     1 BACKWARD OMEGA   
  2021     6     6     0   37.500  127.000   500.0
     1 PRESSURE
     1     1    21     6     6     0     0     0     0.0   37.500  127.000    500.0    929.2
     1     1    21     6     5    23     0     0    -1.0   37.398  126.828    489.7    931.3
     1     1    21     6     5    22     0     0    -2.0   37.293  126.644    481.2    933.1
     1     1    21     6     5    21     0     0    -3.0   37.184  126.448    474.0    934.9
     1     1    21     6     5    20     0     0    -4.0   37.070  126.241    467.5    936.7
     1     1    21     6     5    19     0     0    -5.0   36.952  126.024    461.3    938.4
     1     1    21     6     5    18     0     0    -6.0   36.829  125.797    455.1    940.2
     1     1    21     6     5    17     0     0    -7.0   36.697  125.570    447.6    942.0
     1     1    21     6     5    16     0     0    -8.0   36.554  125.352    437.8    944.3
     1     1    21     6     5    15     0     0    -9.0   36.400  125.145    426.4    946.7
     1     1    21     6     5    14     0     0   -10.0   36.238  124.950    414.0    949.1
     1     1    21     6     5    13     0     0   -11.0   36.069  124.766    401.5    951.0
     1     1    21     6     5    12     0     0   -12.0   35.896  124.594    390.0    952.7
     1     1    21     6     5    11     0     0   -13.0   35.721  124.431    379.4    954.2
     1     1    21     6     5    10     0     0   -14.0   35.547  124.273    369.3    955.5
     1     1    21     6     5     9     0     0   -15.0   35.375  124.118    359.5    956.7
     1     1    21     6     5     8     0     0   -16.0   35.203  123.969    349.6    958.0
     1     1    21     6     5     7     0     0   -17.0   35.033  123.823    339.4    959.3
     1     1    21     6     5     6     0     0   -18.0   34.866  123.683    328.3    960.9
     1     1    21     6     5     5     0     0   -19.0   34.708  123.545    316.8    962.9
     1     1    21     6     5     4     0     0   -20.0   34.561  123.400    306.2    964.7
     1     1    21     6     5     3     0     0   -21.0   34.427  123.249    296.8    966.3
     1     1    21     6     5     2     0     0   -22.0   34.305  123.089    288.7    967.9
     1     1    21     6     5     1     0     0   -23.0   34.195  122.921    282.4    969.3
     1     1    21     6     5     0     0     0   -24.0   34.096  122.743    278.1    970.4
     1     1    21     6     4    23     0     0   -25.0   33.995  122.554    274.4    971.1
     1     1    21     6     4    22     0     0   -26.0   33.876  122.353    269.7    971.6
     1     1    21     6     4    21     0     0   -27.0   33.742  122.142    264.5    971.9
     1     1    21     6     4    20     0     0   -28.0   33.593  121.919    258.9    972.1
     1     1    21     6     4    19     0     0   -29.0   33.431  121.685    253.1    972.4
     1     1    21     6     4    18     0     0   -30.0   33.254  121.440    247.4    972.5
     1     1    21     6     4    17     0     0   -31.0   33.074  121.200    242.6    972.9
     1     1    21     6     4    16     0     0   -32.0   32.899  120.979    238.9    973.0
     1     1    21     6     4    15     0     0   -33.0   32.727  120.776    236.3    973.1
     1     1    21     6     4    14     0     0   -34.0   32.559  120.592    234.4    973.1
     1     1    21     6     4    13     0     0   -35.0   32.394  120.426    233.0    972.1
     1     1    21     6     4    12     0     0   -36.0   32.233  120.280    231.9    970.4
     1     1    21     6     4    11     0     0   -37.0   32.083  120.144    231.1    968.7
     1     1    21     6     4    10     0     0   -38.0   31.947  120.008    230.9    967.0
     1     1    21     6     4     9     0     0   -39.0   31.828  119.874    231.0    965.7
     1     1    21     6     4     8     0     0   -40.0   31.726  119.743    231.0    964.6
     1     1    21     6     4     7     0     0   -41.0   31.642  119.615    230.9    963.6
     1     1    21     6     4     6     0     0   -42.0   31.575  119.490    230.4    962.8
     1     1    21     6     4     5     0     0   -43.0   31.528  119.367    230.4    962.3
     1     1    21     6     4     4     0     0   -44.0   31.499  119.247    231.7    961.7
     1     1    21     6     4     3     0     0   -45.0   31.488  119.130    234.5    961.1
     1     1    21     6     4     2     0     0   -46.0   31.494  119.017    238.7    960.4
     1     1    21     6     4     1     0     0   -47.0   31.515  118.906    244.8    959.8
     1     1    21     6     4     0     0     0   -48.0   31.551  118.800    253.0    959.0
     1     1    21     6     3    23     0     0   -49.0   31.598  118.697    261.5    958.1
     1     1    21     6     3    22     0     0   -50.0   31.651  118.598    268.1    957.7
     1     1    21     6     3    21     0     0   -51.0   31.710  118.504    272.9    957.6
     1     1    21     6     3    20     0     0   -52.0   31.772  118.412    276.0    957.8
     1     1    21     6     3    19     0     0   -53.0   31.835  118.323    277.3    958.2
     1     1    21     6     3    18     0     0   -54.0   31.898  118.237    277.2    958.8
     1     1    21     6     3    17     0     0   -55.0   31.976  118.160    277.0    959.4
     1     1    21     6     3    16     0     0   -56.0   32.084  118.097    278.0    960.1
     1     1    21     6     3    15     0     0   -57.0   32.225  118.050    280.6    961.1
     1     1    21     6     3    14     0     0   -58.0   32.400  118.018    285.0    962.3
     1     1    21     6     3    13     0     0   -59.0   32.610  118.001    291.2    962.7
     1     1    21     6     3    12     0     0   -60.0   32.854  118.000    299.3    961.9
     1     1    21     6     3    11     0     0   -61.0   33.109  117.992    308.0    960.5
     1     1    21     6     3    10     0     0   -62.0   33.357  117.959    315.9    959.5
     1     1    21     6     3     9     0     0   -63.0   33.600  117.906    322.9    958.6
     1     1    21     6     3     8     0     0   -64.0   33.839  117.833    328.6    958.1
     1     1    21     6     3     7     0     0   -65.0   34.077  117.746    333.0    957.9
     1     1    21     6     3     6     0     0   -66.0   34.317  117.645    336.0    958.0
     1     1    21     6     3     5     0     0   -67.0   34.547  117.554    339.2    958.5
     1     1    21     6     3     4     0     0   -68.0   34.760  117.492    343.5    958.6
     1     1    21     6     3     3     0     0   -69.0   34.960  117.462    348.6    958.5
     1     1    21     6     3     2     0     0   -70.0   35.148  117.462    355.1    958.3
     1     1    21     6     3     1     0     0   -71.0   35.329  117.490    364.1    957.9
     1     1    21     6     3     0     0     0   -72.0   35.503  117.544    376.1    957.2
     1     1    21     6     2    23     0     0   -73.0   35.664  117.606    389.4    955.8
     1     1    21     6     2    22     0     0   -74.0   35.803  117.661    401.5    954.5
     1     1    21     6     2    21     0     0   -75.0   35.920  117.713    411.5    953.4
     1     1    21     6     2    20     0     0   -76.0   36.014  117.762    418.5    952.7
     1     1    21     6     2    19     0     0   -77.0   36.083  117.810    422.0    952.4
     1     1    21     6     2    18     0     0   -78.0   36.128  117.859    421.6    952.4
     1     1    21     6     2    17     0     0   -79.0   36.145  117.911    419.7    952.8
     1     1    21     6     2    16     0     0   -80.0   36.133  117.970    418.8    952.6
     1     1    21     6     2    15     0     0   -81.0   36.089  118.037    418.4    952.3
     1     1    21     6     2    14     0     0   -82.0   36.012  118.112    418.4    951.9
     1     1    21     6     2    13     0     0   -83.0   35.903  118.201    418.5    951.3
     1     1    21     6     2    12     0     0   -84.0   35.758  118.306    418.7    950.7
     1     1    21     6     2    11     0     0   -85.0   35.587  118.423    417.8    950.1
     1     1    21     6     2    10     0     0   -86.0   35.398  118.542    415.3    949.9
     1     1    21     6     2     9     0     0   -87.0   35.191  118.664    411.2    949.9
     1     1    21     6     2     8     0     0   -88.0   34.970  118.788    405.7    950.0
     1     1    21     6     2     7     0     0   -89.0   34.740  118.906    398.6    951.0
     1     1    21     6     2     6     0     0   -90.0   34.505  119.015    389.2    952.4
     1     1    21     6     2     5     0     0   -91.0   34.271  119.119    379.7    954.1
     1     1    21     6     2     4     0     0   -92.0   34.041  119.223    371.9    955.3
     1     1    21     6     2     3     0     0   -93.0   33.815  119.329    365.9    956.4
     1     1    21     6     2     2     0     0   -94.0   33.593  119.439    361.5    957.4
     1     1    21     6     2     1     0     0   -95.0   33.377  119.555    358.7    958.3
     1     1    21     6     2     0     0     0   -96.0   33.166  119.677    357.6    959.1
