     2     1
    CDC1    21     9     1     0     0
    CDC1    21    10     1     0     0
     1 BACKWARD OMEGA   
  2021    10    15     0   37.500  127.000   500.0
     1 PRESSURE
     1     1    21    10    15     0     0     0     0.0   37.500  127.000    500.0    941.7
     1     1    21    10    14    23     0     0    -1.0   37.682  127.113    507.3    937.7
     1     1    21    10    14    22     0     0    -2.0   37.870  127.194    519.6    932.8
     1     1    21    10    14    21     0     0    -3.0   38.066  127.245    537.5    927.3
     1     1    21    10    14    20     0     0    -4.0   38.274  127.271    561.6    921.2
     1     1    21    10    14    19     0     0    -5.0   38.498  127.272    592.7    914.3
     1     1    21    10    14    18     0     0    -6.0   38.739  127.251    631.3    906.5
     1     1    21    10    14    17     0     0    -7.0   38.985  127.205    674.9    897.5
     1     1    21    10    14    16     0     0    -8.0   39.220  127.133    720.1    889.3
     1     1    21    10    14    15     0     0    -9.0   39.449  127.038    765.8    881.6
     1     1    21    10    14    14     0     0   -10.0   39.674  126.921    811.1    874.4
     1     1    21    10    14    13     0     0   -11.0   39.896  126.785    855.1    867.7
     1     1    21    10    14    12     0     0   -12.0   40.118  126.632    896.8    862.7
     1     1    21    10    14    11     0     0   -13.0   40.333  126.460    935.4    858.9
     1     1    21    10    14    10     0     0   -14.0   40.532  126.267    970.7    855.7
     1     1    21    10    14     9     0     0   -15.0   40.717  126.051   1002.9    853.4
     1     1    21    10    14     8     0     0   -16.0   40.891  125.816   1032.2    851.8
     1     1    21    10    14     7     0     0   -17.0   41.055  125.561   1058.9    851.0
     1     1    21    10    14     6     0     0   -18.0   41.214  125.289   1083.1    850.8
     1     1    21    10    14     5     0     0   -19.0   41.369  125.016   1101.5    851.3
     1     1    21    10    14     4     0     0   -20.0   41.521  124.756   1110.7    852.5
     1     1    21    10    14     3     0     0   -21.0   41.670  124.509   1112.1    854.3
     1     1    21    10    14     2     0     0   -22.0   41.817  124.274   1107.2    856.4
     1     1    21    10    14     1     0     0   -23.0   41.966  124.051   1097.2    858.9
     1     1    21    10    14     0     0     0   -24.0   42.119  123.840   1083.8    861.5
     1     1    21    10    13    23     0     0   -25.0   42.269  123.626   1072.7    864.0
     1     1    21    10    13    22     0     0   -26.0   42.410  123.393   1069.6    865.4
     1     1    21    10    13    21     0     0   -27.0   42.542  123.139   1073.9    866.6
     1     1    21    10    13    20     0     0   -28.0   42.668  122.863   1085.1    867.8
     1     1    21    10    13    19     0     0   -29.0   42.790  122.563   1102.3    868.4
     1     1    21    10    13    18     0     0   -30.0   42.911  122.239   1121.7    862.6
     1     1    21    10    13    17     0     0   -31.0   43.028  121.899   1144.0    854.6
     1     1    21    10    13    16     0     0   -32.0   43.136  121.553   1170.7    846.0
     1     1    21    10    13    15     0     0   -33.0   43.236  121.192   1201.9    836.6
     1     1    21    10    13    14     0     0   -34.0   43.334  120.812   1238.0    826.2
     1     1    21    10    13    13     0     0   -35.0   43.433  120.407   1279.8    814.8
     1     1    21    10    13    12     0     0   -36.0   43.542  119.971   1328.3    801.5
     1     1    21    10    13    11     0     0   -37.0   43.649  119.505   1377.0    786.7
     1     1    21    10    13    10     0     0   -38.0   43.743  119.011   1419.9    773.1
     1     1    21    10    13     9     0     0   -39.0   43.823  118.485   1457.6    759.8
     1     1    21    10    13     8     0     0   -40.0   43.894  117.922   1491.3    746.6
     1     1    21    10    13     7     0     0   -41.0   43.959  117.319   1523.7    735.7
     1     1    21    10    13     6     0     0   -42.0   44.016  116.686   1557.9    731.1
     1     1    21    10    13     5     0     0   -43.0   44.066  116.063   1586.9    727.2
     1     1    21    10    13     4     0     0   -44.0   44.108  115.477   1608.1    724.3
     1     1    21    10    13     3     0     0   -45.0   44.140  114.922   1620.6    722.8
     1     1    21    10    13     2     0     0   -46.0   44.159  114.396   1624.9    725.1
     1     1    21    10    13     1     0     0   -47.0   44.165  113.896   1618.7    728.1
     1     1    21    10    13     0     0     0   -48.0   44.162  113.416   1603.5    731.8
     1     1    21    10    12    23     0     0   -49.0   44.142  112.949   1584.8    736.1
     1     1    21    10    12    22     0     0   -50.0   44.097  112.490   1567.9    739.4
     1     1    21    10    12    21     0     0   -51.0   44.021  112.037   1550.3    740.3
     1     1    21    10    12    20     0     0   -52.0   43.914  111.590   1533.0    741.1
     1     1    21    10    12    19     0     0   -53.0   43.774  111.149   1515.2    742.1
     1     1    21    10    12    18     0     0   -54.0   43.602  110.710   1496.1    743.5
     1     1    21    10    12    17     0     0   -55.0   43.414  110.283   1475.0    745.6
     1     1    21    10    12    16     0     0   -56.0   43.229  109.879   1449.8    747.6
     1     1    21    10    12    15     0     0   -57.0   43.048  109.496   1419.4    748.2
     1     1    21    10    12    14     0     0   -58.0   42.873  109.136   1384.5    749.4
     1     1    21    10    12    13     0     0   -59.0   42.704  108.798   1344.1    751.3
     1     1    21    10    12    12     0     0   -60.0   42.540  108.483   1297.7    754.1
     1     1    21    10    12    11     0     0   -61.0   42.368  108.193   1248.5    756.7
     1     1    21    10    12    10     0     0   -62.0   42.176  107.927   1201.9    758.4
     1     1    21    10    12     9     0     0   -63.0   41.964  107.687   1156.8    760.0
     1     1    21    10    12     8     0     0   -64.0   41.732  107.472   1112.5    762.0
     1     1    21    10    12     7     0     0   -65.0   41.483  107.284   1069.0    764.6
     1     1    21    10    12     6     0     0   -66.0   41.221  107.124   1025.4    767.3
     1     1    21    10    12     5     0     0   -67.0   40.967  106.997    981.6    770.5
     1     1    21    10    12     4     0     0   -68.0   40.738  106.906    937.4    774.0
     1     1    21    10    12     3     0     0   -69.0   40.533  106.852    893.4    777.6
     1     1    21    10    12     2     0     0   -70.0   40.347  106.832    849.8    780.9
     1     1    21    10    12     1     0     0   -71.0   40.178  106.847    806.8    784.1
     1     1    21    10    12     0     0     0   -72.0   40.025  106.894    764.8    787.3
     1     1    21    10    11    23     0     0   -73.0   39.863  106.963    726.7    790.5
     1     1    21    10    11    22     0     0   -74.0   39.670  107.039    695.9    792.9
     1     1    21    10    11    21     0     0   -75.0   39.446  107.120    672.2    794.7
     1     1    21    10    11    20     0     0   -76.0   39.191  107.205    655.4    796.1
     1     1    21    10    11    19     0     0   -77.0   38.905  107.291    645.0    797.1
     1     1    21    10    11    18     0     0   -78.0   38.589  107.377    640.9    797.7
     1     1    21    10    11    17     0     0   -79.0   38.275  107.467    640.2    798.3
     1     1    21    10    11    16     0     0   -80.0   37.995  107.565    639.7    799.2
     1     1    21    10    11    15     0     0   -81.0   37.751  107.672    639.2    800.0
     1     1    21    10    11    14     0     0   -82.0   37.541  107.788    639.0    800.8
     1     1    21    10    11    13     0     0   -83.0   37.365  107.912    638.5    802.0
     1     1    21    10    11    12     0     0   -84.0   37.223  108.044    637.7    803.3
     1     1    21    10    11    11     0     0   -85.0   37.089  108.170    637.0    804.6
     1     1    21    10    11    10     0     0   -86.0   36.938  108.278    636.4    806.2
     1     1    21    10    11     9     0     0   -87.0   36.771  108.371    635.5    807.9
     1     1    21    10    11     8     0     0   -88.0   36.589  108.449    633.9    809.9
     1     1    21    10    11     7     0     0   -89.0   36.393  108.514    631.4    812.2
     1     1    21    10    11     6     0     0   -90.0   36.181  108.568    627.5    814.8
     1     1    21    10    11     5     0     0   -91.0   35.977  108.629    621.9    817.4
     1     1    21    10    11     4     0     0   -92.0   35.802  108.716    615.0    820.4
     1     1    21    10    11     3     0     0   -93.0   35.658  108.832    607.6    823.7
     1     1    21    10    11     2     0     0   -94.0   35.545  108.979    600.0    827.2
     1     1    21    10    11     1     0     0   -95.0   35.464  109.159    592.6    830.8
     1     1    21    10    11     0     0     0   -96.0   35.414  109.374    585.4    834.5
