     2     1
    CDC1    21     7     1     0     0
    CDC1    21     8     1     0     0
     1 BACKWARD OMEGA   
  2021     8     7     0   37.500  127.000   500.0
     1 PRESSURE
     1     1    21     8     7     0     0     0     0.0   37.500  127.000    500.0    929.7
     1     1    21     8     6    23     0     0    -1.0   37.540  126.967    494.1    930.2
     1     1    21     8     6    22     0     0    -2.0   37.585  126.940    491.0    930.0
     1     1    21     8     6    21     0     0    -3.0   37.633  126.918    490.7    929.5
     1     1    21     8     6    20     0     0    -4.0   37.685  126.901    493.2    928.6
     1     1    21     8     6    19     0     0    -5.0   37.741  126.887    498.5    927.3
     1     1    21     8     6    18     0     0    -6.0   37.799  126.876    506.8    925.6
     1     1    21     8     6    17     0     0    -7.0   37.852  126.865    515.9    923.7
     1     1    21     8     6    16     0     0    -8.0   37.892  126.852    524.2    922.3
     1     1    21     8     6    15     0     0    -9.0   37.920  126.837    531.6    921.2
     1     1    21     8     6    14     0     0   -10.0   37.937  126.820    538.0    920.4
     1     1    21     8     6    13     0     0   -11.0   37.941  126.803    543.6    919.8
     1     1    21     8     6    12     0     0   -12.0   37.934  126.784    548.2    919.5
     1     1    21     8     6    11     0     0   -13.0   37.921  126.762    551.4    919.3
     1     1    21     8     6    10     0     0   -14.0   37.906  126.732    552.9    919.4
     1     1    21     8     6     9     0     0   -15.0   37.891  126.696    552.4    919.8
     1     1    21     8     6     8     0     0   -16.0   37.874  126.652    549.9    920.4
     1     1    21     8     6     7     0     0   -17.0   37.857  126.600    545.3    921.3
     1     1    21     8     6     6     0     0   -18.0   37.839  126.539    538.6    922.5
     1     1    21     8     6     5     0     0   -19.0   37.817  126.475    531.4    924.4
     1     1    21     8     6     4     0     0   -20.0   37.787  126.411    525.1    926.2
     1     1    21     8     6     3     0     0   -21.0   37.747  126.350    519.9    928.0
     1     1    21     8     6     2     0     0   -22.0   37.698  126.290    515.7    929.8
     1     1    21     8     6     1     0     0   -23.0   37.638  126.234    512.5    931.6
     1     1    21     8     6     0     0     0   -24.0   37.568  126.182    510.5    933.4
     1     1    21     8     5    23     0     0   -25.0   37.492  126.124    507.7    934.9
     1     1    21     8     5    22     0     0   -26.0   37.417  126.047    501.1    936.3
     1     1    21     8     5    21     0     0   -27.0   37.342  125.955    491.4    938.0
     1     1    21     8     5    20     0     0   -28.0   37.267  125.849    478.9    940.2
     1     1    21     8     5    19     0     0   -29.0   37.192  125.728    463.9    942.7
     1     1    21     8     5    18     0     0   -30.0   37.115  125.595    446.8    945.4
     1     1    21     8     5    17     0     0   -31.0   37.037  125.460    431.0    948.4
     1     1    21     8     5    16     0     0   -32.0   36.956  125.333    419.0    950.5
     1     1    21     8     5    15     0     0   -33.0   36.871  125.212    410.5    952.2
     1     1    21     8     5    14     0     0   -34.0   36.782  125.100    405.4    953.5
     1     1    21     8     5    13     0     0   -35.0   36.688  124.994    403.5    954.3
     1     1    21     8     5    12     0     0   -36.0   36.590  124.895    404.7    954.4
     1     1    21     8     5    11     0     0   -37.0   36.486  124.808    407.3    954.2
     1     1    21     8     5    10     0     0   -38.0   36.377  124.735    410.3    954.1
     1     1    21     8     5     9     0     0   -39.0   36.263  124.676    413.5    953.9
     1     1    21     8     5     8     0     0   -40.0   36.145  124.631    416.9    953.7
     1     1    21     8     5     7     0     0   -41.0   36.023  124.601    420.6    953.5
     1     1    21     8     5     6     0     0   -42.0   35.899  124.586    424.6    953.2
     1     1    21     8     5     5     0     0   -43.0   35.773  124.585    428.8    952.9
     1     1    21     8     5     4     0     0   -44.0   35.644  124.595    432.7    952.7
     1     1    21     8     5     3     0     0   -45.0   35.513  124.617    436.3    952.6
     1     1    21     8     5     2     0     0   -46.0   35.380  124.649    439.6    952.5
     1     1    21     8     5     1     0     0   -47.0   35.243  124.691    442.6    952.5
     1     1    21     8     5     0     0     0   -48.0   35.103  124.743    445.1    952.6
     1     1    21     8     4    23     0     0   -49.0   34.959  124.800    447.6    952.7
     1     1    21     8     4    22     0     0   -50.0   34.813  124.861    450.1    952.8
     1     1    21     8     4    21     0     0   -51.0   34.666  124.928    452.4    952.8
     1     1    21     8     4    20     0     0   -52.0   34.520  125.005    454.7    952.9
     1     1    21     8     4    19     0     0   -53.0   34.373  125.091    456.9    952.6
     1     1    21     8     4    18     0     0   -54.0   34.225  125.188    459.1    952.4
     1     1    21     8     4    17     0     0   -55.0   34.078  125.301    462.7    952.0
     1     1    21     8     4    16     0     0   -56.0   33.934  125.432    468.8    951.2
     1     1    21     8     4    15     0     0   -57.0   33.791  125.581    477.2    950.2
     1     1    21     8     4    14     0     0   -58.0   33.647  125.747    487.4    948.9
     1     1    21     8     4    13     0     0   -59.0   33.501  125.929    499.3    947.5
     1     1    21     8     4    12     0     0   -60.0   33.349  126.129    512.4    946.0
     1     1    21     8     4    11     0     0   -61.0   33.194  126.346    524.7    944.5
     1     1    21     8     4    10     0     0   -62.0   33.037  126.581    534.6    943.5
     1     1    21     8     4     9     0     0   -63.0   32.879  126.831    542.9    942.9
     1     1    21     8     4     8     0     0   -64.0   32.718  127.096    550.4    942.4
     1     1    21     8     4     7     0     0   -65.0   32.556  127.377    558.0    942.0
     1     1    21     8     4     6     0     0   -66.0   32.394  127.669    565.8    941.0
     1     1    21     8     4     5     0     0   -67.0   32.237  127.965    573.7    939.8
     1     1    21     8     4     4     0     0   -68.0   32.087  128.259    582.2    938.6
     1     1    21     8     4     3     0     0   -69.0   31.945  128.548    591.1    937.5
     1     1    21     8     4     2     0     0   -70.0   31.809  128.831    600.2    936.5
     1     1    21     8     4     1     0     0   -71.0   31.681  129.105    609.6    935.6
     1     1    21     8     4     0     0     0   -72.0   31.559  129.370    619.3    934.8
     1     1    21     8     3    23     0     0   -73.0   31.433  129.630    628.5    933.8
     1     1    21     8     3    22     0     0   -74.0   31.292  129.896    636.6    932.9
     1     1    21     8     3    21     0     0   -75.0   31.138  130.169    643.7    932.3
     1     1    21     8     3    20     0     0   -76.0   30.970  130.447    650.2    931.9
     1     1    21     8     3    19     0     0   -77.0   30.791  130.731    656.6    931.4
     1     1    21     8     3    18     0     0   -78.0   30.598  131.017    663.4    930.8
     1     1    21     8     3    17     0     0   -79.0   30.407  131.311    671.4    930.2
     1     1    21     8     3    16     0     0   -80.0   30.232  131.616    682.0    929.3
     1     1    21     8     3    15     0     0   -81.0   30.073  131.930    695.4    928.1
     1     1    21     8     3    14     0     0   -82.0   29.932  132.252    711.9    926.3
     1     1    21     8     3    13     0     0   -83.0   29.810  132.578    731.7    924.3
     1     1    21     8     3    12     0     0   -84.0   29.706  132.911    754.7    922.8
     1     1    21     8     3    11     0     0   -85.0   29.613  133.245    777.7    921.0
     1     1    21     8     3    10     0     0   -86.0   29.525  133.567    797.6    919.6
     1     1    21     8     3     9     0     0   -87.0   29.444  133.879    814.1    918.7
     1     1    21     8     3     8     0     0   -88.0   29.370  134.179    826.7    918.0
     1     1    21     8     3     7     0     0   -89.0   29.302  134.469    835.0    917.8
     1     1    21     8     3     6     0     0   -90.0   29.242  134.746    838.6    918.0
     1     1    21     8     3     5     0     0   -91.0   29.185  135.015    838.2    918.6
     1     1    21     8     3     4     0     0   -92.0   29.127  135.283    835.9    918.5
     1     1    21     8     3     3     0     0   -93.0   29.065  135.553    832.2    918.6
     1     1    21     8     3     2     0     0   -94.0   28.998  135.826    827.5    918.8
     1     1    21     8     3     1     0     0   -95.0   28.926  136.103    822.1    919.0
     1     1    21     8     3     0     0     0   -96.0   28.848  136.384    816.5    919.3
