     2     1
    CDC1    21     5     1     0     0
    CDC1    21     6     1     0     0
     1 BACKWARD OMEGA   
  2021     6    12     9   37.500  127.000   500.0
     1 PRESSURE
     1     1    21     6    12     9     0     0     0.0   37.500  127.000    500.0    935.1
     1     1    21     6    12     8     0     0    -1.0   37.511  126.984    517.4    933.4
     1     1    21     6    12     7     0     0    -2.0   37.513  126.962    535.7    931.7
     1     1    21     6    12     6     0     0    -3.0   37.507  126.935    554.8    930.1
     1     1    21     6    12     5     0     0    -4.0   37.498  126.911    576.2    928.8
     1     1    21     6    12     4     0     0    -5.0   37.493  126.899    600.5    926.8
     1     1    21     6    12     3     0     0    -6.0   37.493  126.898    628.4    924.5
     1     1    21     6    12     2     0     0    -7.0   37.499  126.910    659.6    921.1
     1     1    21     6    12     1     0     0    -8.0   37.513  126.935    693.4    917.4
     1     1    21     6    12     0     0     0    -9.0   37.536  126.970    729.9    913.2
     1     1    21     6    11    23     0     0   -10.0   37.566  126.997    765.6    908.1
     1     1    21     6    11    22     0     0   -11.0   37.603  127.001    798.0    903.8
     1     1    21     6    11    21     0     0   -12.0   37.646  126.979    827.0    900.0
     1     1    21     6    11    20     0     0   -13.0   37.695  126.932    852.5    896.7
     1     1    21     6    11    19     0     0   -14.0   37.752  126.861    874.8    893.8
     1     1    21     6    11    18     0     0   -15.0   37.816  126.765    894.3    891.4
     1     1    21     6    11    17     0     0   -16.0   37.882  126.653    912.7    889.3
     1     1    21     6    11    16     0     0   -17.0   37.948  126.532    931.6    887.0
     1     1    21     6    11    15     0     0   -18.0   38.013  126.405    951.5    884.6
     1     1    21     6    11    14     0     0   -19.0   38.078  126.275    972.5    882.0
     1     1    21     6    11    13     0     0   -20.0   38.143  126.144    995.0    879.3
     1     1    21     6    11    12     0     0   -21.0   38.211  126.013   1019.4    876.5
     1     1    21     6    11    11     0     0   -22.0   38.280  125.877   1045.2    873.4
     1     1    21     6    11    10     0     0   -23.0   38.351  125.727   1071.5    870.5
     1     1    21     6    11     9     0     0   -24.0   38.428  125.563   1098.6    867.6
     1     1    21     6    11     8     0     0   -25.0   38.515  125.384   1126.4    864.7
     1     1    21     6    11     7     0     0   -26.0   38.614  125.190   1155.3    861.7
     1     1    21     6    11     6     0     0   -27.0   38.732  124.980   1185.4    858.5
     1     1    21     6    11     5     0     0   -28.0   38.861  124.763   1212.6    855.0
     1     1    21     6    11     4     0     0   -29.0   38.994  124.550   1233.7    852.6
     1     1    21     6    11     3     0     0   -30.0   39.130  124.343   1249.4    850.7
     1     1    21     6    11     2     0     0   -31.0   39.273  124.146   1260.7    849.3
     1     1    21     6    11     1     0     0   -32.0   39.424  123.962   1268.6    848.2
     1     1    21     6    11     0     0     0   -33.0   39.585  123.793   1274.0    847.2
     1     1    21     6    10    23     0     0   -34.0   39.734  123.637   1276.0    846.9
     1     1    21     6    10    22     0     0   -35.0   39.847  123.485   1273.5    847.7
     1     1    21     6    10    21     0     0   -36.0   39.925  123.334   1266.3    849.3
     1     1    21     6    10    20     0     0   -37.0   39.966  123.183   1254.6    851.7
     1     1    21     6    10    19     0     0   -38.0   39.970  123.029   1238.6    854.9
     1     1    21     6    10    18     0     0   -39.0   39.938  122.869   1218.6    858.7
     1     1    21     6    10    17     0     0   -40.0   39.883  122.715   1197.4    863.1
     1     1    21     6    10    16     0     0   -41.0   39.819  122.585   1175.8    866.8
     1     1    21     6    10    15     0     0   -42.0   39.743  122.479   1153.2    870.2
     1     1    21     6    10    14     0     0   -43.0   39.653  122.398   1128.9    872.9
     1     1    21     6    10    13     0     0   -44.0   39.547  122.343   1102.7    876.0
     1     1    21     6    10    12     0     0   -45.0   39.424  122.317   1074.3    879.4
     1     1    21     6    10    11     0     0   -46.0   39.284  122.305   1045.9    883.6
     1     1    21     6    10    10     0     0   -47.0   39.130  122.292   1018.6    887.6
     1     1    21     6    10     9     0     0   -48.0   38.961  122.278    992.9    891.5
     1     1    21     6    10     8     0     0   -49.0   38.779  122.261    968.9    895.3
     1     1    21     6    10     7     0     0   -50.0   38.582  122.242    946.7    899.0
     1     1    21     6    10     6     0     0   -51.0   38.371  122.219    926.6    902.5
     1     1    21     6    10     5     0     0   -52.0   38.157  122.195    905.9    905.0
     1     1    21     6    10     4     0     0   -53.0   37.949  122.171    882.6    908.2
     1     1    21     6    10     3     0     0   -54.0   37.750  122.147    856.3    911.7
     1     1    21     6    10     2     0     0   -55.0   37.558  122.124    827.2    915.6
     1     1    21     6    10     1     0     0   -56.0   37.373  122.102    795.6    919.1
     1     1    21     6    10     0     0     0   -57.0   37.192  122.079    762.7    922.5
     1     1    21     6     9    23     0     0   -58.0   37.004  122.061    729.7    926.0
     1     1    21     6     9    22     0     0   -59.0   36.797  122.054    698.3    929.3
     1     1    21     6     9    21     0     0   -60.0   36.570  122.059    668.2    932.6
     1     1    21     6     9    20     0     0   -61.0   36.320  122.078    639.6    935.8
     1     1    21     6     9    19     0     0   -62.0   36.049  122.114    612.4    938.6
     1     1    21     6     9    18     0     0   -63.0   35.756  122.168    586.9    941.2
     1     1    21     6     9    17     0     0   -64.0   35.453  122.245    566.5    943.5
     1     1    21     6     9    16     0     0   -65.0   35.152  122.344    554.5    944.6
     1     1    21     6     9    15     0     0   -66.0   34.854  122.463    550.7    945.6
     1     1    21     6     9    14     0     0   -67.0   34.565  122.598    554.5    946.3
     1     1    21     6     9    13     0     0   -68.0   34.290  122.745    565.4    946.1
     1     1    21     6     9    12     0     0   -69.0   34.031  122.902    583.5    945.2
     1     1    21     6     9    11     0     0   -70.0   33.783  123.060    603.9    943.7
     1     1    21     6     9    10     0     0   -71.0   33.542  123.212    622.0    942.8
     1     1    21     6     9     9     0     0   -72.0   33.306  123.357    637.7    941.9
     1     1    21     6     9     8     0     0   -73.0   33.074  123.495    650.6    941.0
     1     1    21     6     9     7     0     0   -74.0   32.846  123.624    660.6    940.4
     1     1    21     6     9     6     0     0   -75.0   32.621  123.744    667.6    940.1
     1     1    21     6     9     5     0     0   -76.0   32.395  123.856    673.7    939.5
     1     1    21     6     9     4     0     0   -77.0   32.167  123.960    682.2    937.8
     1     1    21     6     9     3     0     0   -78.0   31.938  124.058    692.9    936.0
     1     1    21     6     9     2     0     0   -79.0   31.708  124.150    706.0    934.0
     1     1    21     6     9     1     0     0   -80.0   31.478  124.237    721.6    931.8
     1     1    21     6     9     0     0     0   -81.0   31.247  124.321    739.6    929.5
     1     1    21     6     8    23     0     0   -82.0   31.012  124.403    756.3    926.7
     1     1    21     6     8    22     0     0   -83.0   30.773  124.482    768.2    924.7
     1     1    21     6     8    21     0     0   -84.0   30.529  124.558    774.7    923.4
     1     1    21     6     8    20     0     0   -85.0   30.281  124.629    775.7    922.6
     1     1    21     6     8    19     0     0   -86.0   30.029  124.697    771.0    922.5
     1     1    21     6     8    18     0     0   -87.0   29.775  124.760    760.6    923.7
     1     1    21     6     8    17     0     0   -88.0   29.524  124.821    747.3    926.2
     1     1    21     6     8    16     0     0   -89.0   29.282  124.878    733.7    928.3
     1     1    21     6     8    15     0     0   -90.0   29.047  124.931    720.2    930.5
     1     1    21     6     8    14     0     0   -91.0   28.817  124.983    706.9    932.7
     1     1    21     6     8    13     0     0   -92.0   28.592  125.033    694.1    934.8
     1     1    21     6     8    12     0     0   -93.0   28.370  125.084    682.1    936.7
     1     1    21     6     8    11     0     0   -94.0   28.149  125.133    670.6    938.2
     1     1    21     6     8    10     0     0   -95.0   27.930  125.177    660.7    939.5
     1     1    21     6     8     9     0     0   -96.0   27.712  125.215    652.4    940.6
