     2     1
    CDC1    21     7     1     0     0
    CDC1    21     8     1     0     0
     1 BACKWARD OMEGA   
  2021     8    22     9   37.500  127.000   500.0
     1 PRESSURE
     1     1    21     8    22     9     0     0     0.0   37.500  127.000    500.0    934.1
     1     1    21     8    22     8     0     0    -1.0   37.449  126.773    486.7    937.0
     1     1    21     8    22     7     0     0    -2.0   37.397  126.549    476.3    939.5
     1     1    21     8    22     6     0     0    -3.0   37.347  126.329    468.1    941.6
     1     1    21     8    22     5     0     0    -4.0   37.305  126.114    461.3    943.2
     1     1    21     8    22     4     0     0    -5.0   37.273  125.907    455.1    944.9
     1     1    21     8    22     3     0     0    -6.0   37.254  125.705    449.2    946.4
     1     1    21     8    22     2     0     0    -7.0   37.249  125.507    443.8    947.8
     1     1    21     8    22     1     0     0    -8.0   37.259  125.313    438.7    949.2
     1     1    21     8    22     0     0     0    -9.0   37.285  125.120    434.1    950.5
     1     1    21     8    21    23     0     0   -10.0   37.317  124.916    431.1    951.8
     1     1    21     8    21    22     0     0   -11.0   37.342  124.690    429.5    952.7
     1     1    21     8    21    21     0     0   -12.0   37.358  124.445    430.0    953.4
     1     1    21     8    21    20     0     0   -13.0   37.367  124.181    432.6    953.9
     1     1    21     8    21    19     0     0   -14.0   37.370  123.900    437.7    954.2
     1     1    21     8    21    18     0     0   -15.0   37.368  123.602    445.7    954.3
     1     1    21     8    21    17     0     0   -16.0   37.378  123.305    454.5    953.3
     1     1    21     8    21    16     0     0   -17.0   37.421  123.026    462.0    952.7
     1     1    21     8    21    15     0     0   -18.0   37.500  122.762    468.9    952.2
     1     1    21     8    21    14     0     0   -19.0   37.620  122.514    475.9    951.1
     1     1    21     8    21    13     0     0   -20.0   37.775  122.285    483.2    949.1
     1     1    21     8    21    12     0     0   -21.0   37.961  122.079    491.0    946.8
     1     1    21     8    21    11     0     0   -22.0   38.158  121.897    496.7    944.7
     1     1    21     8    21    10     0     0   -23.0   38.344  121.737    498.0    943.3
     1     1    21     8    21     9     0     0   -24.0   38.521  121.598    495.4    942.4
     1     1    21     8    21     8     0     0   -25.0   38.689  121.476    489.3    942.0
     1     1    21     8    21     7     0     0   -26.0   38.850  121.370    480.0    941.9
     1     1    21     8    21     6     0     0   -27.0   39.005  121.277    468.0    942.1
     1     1    21     8    21     5     0     0   -28.0   39.157  121.202    455.3    942.8
     1     1    21     8    21     4     0     0   -29.0   39.311  121.148    443.9    943.2
     1     1    21     8    21     3     0     0   -30.0   39.468  121.114    433.5    943.4
     1     1    21     8    21     2     0     0   -31.0   39.625  121.099    424.3    943.5
     1     1    21     8    21     1     0     0   -32.0   39.783  121.104    415.9    943.6
     1     1    21     8    21     0     0     0   -33.0   39.940  121.129    408.4    943.6
     1     1    21     8    20    23     0     0   -34.0   40.069  121.161    400.6    943.5
     1     1    21     8    20    22     0     0   -35.0   40.143  121.180    391.5    944.1
     1     1    21     8    20    21     0     0   -36.0   40.163  121.187    381.1    945.5
     1     1    21     8    20    20     0     0   -37.0   40.132  121.180    369.4    947.4
     1     1    21     8    20    19     0     0   -38.0   40.049  121.163    356.2    950.2
     1     1    21     8    20    18     0     0   -39.0   39.917  121.135    341.3    953.2
     1     1    21     8    20    17     0     0   -40.0   39.763  121.110    325.8    955.5
     1     1    21     8    20    16     0     0   -41.0   39.615  121.098    311.2    957.8
     1     1    21     8    20    15     0     0   -42.0   39.469  121.100    297.5    960.1
     1     1    21     8    20    14     0     0   -43.0   39.325  121.117    284.8    962.4
     1     1    21     8    20    13     0     0   -44.0   39.182  121.150    273.2    964.6
     1     1    21     8    20    12     0     0   -45.0   39.038  121.198    263.0    966.8
     1     1    21     8    20    11     0     0   -46.0   38.892  121.252    253.6    969.1
     1     1    21     8    20    10     0     0   -47.0   38.743  121.301    244.5    971.3
     1     1    21     8    20     9     0     0   -48.0   38.593  121.347    235.3    973.4
     1     1    21     8    20     8     0     0   -49.0   38.441  121.389    225.8    975.6
     1     1    21     8    20     7     0     0   -50.0   38.287  121.428    215.8    977.8
     1     1    21     8    20     6     0     0   -51.0   38.132  121.463    204.9    980.1
     1     1    21     8    20     5     0     0   -52.0   37.975  121.501    194.0    982.3
     1     1    21     8    20     4     0     0   -53.0   37.813  121.548    184.1    984.2
     1     1    21     8    20     3     0     0   -54.0   37.644  121.605    175.5    985.9
     1     1    21     8    20     2     0     0   -55.0   37.469  121.672    168.3    987.3
     1     1    21     8    20     1     0     0   -56.0   37.287  121.748    162.8    987.6
     1     1    21     8    20     0     0     0   -57.0   37.097  121.832    158.9    987.8
     1     1    21     8    19    23     0     0   -58.0   36.897  121.915    155.9    987.7
     1     1    21     8    19    22     0     0   -59.0   36.685  121.992    153.1    987.7
     1     1    21     8    19    21     0     0   -60.0   36.464  122.061    150.6    987.8
     1     1    21     8    19    20     0     0   -61.0   36.234  122.124    148.3    987.8
     1     1    21     8    19    19     0     0   -62.0   35.999  122.178    146.3    987.8
     1     1    21     8    19    18     0     0   -63.0   35.759  122.224    144.4    987.9
     1     1    21     8    19    17     0     0   -64.0   35.527  122.271    142.1    988.1
     1     1    21     8    19    16     0     0   -65.0   35.315  122.328    139.1    988.5
     1     1    21     8    19    15     0     0   -66.0   35.121  122.393    136.0    989.0
     1     1    21     8    19    14     0     0   -67.0   34.945  122.466    132.9    989.9
     1     1    21     8    19    13     0     0   -68.0   34.787  122.545    130.1    991.1
     1     1    21     8    19    12     0     0   -69.0   34.648  122.630    127.5    992.1
     1     1    21     8    19    11     0     0   -70.0   34.525  122.714    124.4    992.9
     1     1    21     8    19    10     0     0   -71.0   34.414  122.791    120.0    993.8
     1     1    21     8    19     9     0     0   -72.0   34.313  122.862    114.3    994.8
     1     1    21     8    19     8     0     0   -73.0   34.221  122.926    107.5    996.0
     1     1    21     8    19     7     0     0   -74.0   34.137  122.983     99.5    997.3
     1     1    21     8    19     6     0     0   -75.0   34.060  123.032     90.6    998.7
     1     1    21     8    19     5     0     0   -76.0   33.988  123.077     82.9   1000.4
     1     1    21     8    19     4     0     0   -77.0   33.920  123.119     78.2   1001.3
     1     1    21     8    19     3     0     0   -78.0   33.857  123.159     76.3   1001.8
     1     1    21     8    19     2     0     0   -79.0   33.799  123.197     77.1   1002.0
     1     1    21     8    19     1     0     0   -80.0   33.747  123.232     80.5   1001.7
     1     1    21     8    19     0     0     0   -81.0   33.702  123.265     86.5   1001.0
     1     1    21     8    18    23     0     0   -82.0   33.661  123.298     94.4    999.8
     1     1    21     8    18    22     0     0   -83.0   33.623  123.332    103.6    998.4
     1     1    21     8    18    21     0     0   -84.0   33.587  123.365    114.0    997.0
     1     1    21     8    18    20     0     0   -85.0   33.554  123.398    125.8    995.5
     1     1    21     8    18    19     0     0   -86.0   33.523  123.432    138.8    993.9
     1     1    21     8    18    18     0     0   -87.0   33.494  123.465    153.2    992.2
     1     1    21     8    18    17     0     0   -88.0   33.473  123.499    167.7    990.5
     1     1    21     8    18    16     0     0   -89.0   33.466  123.538    181.0    989.0
     1     1    21     8    18    15     0     0   -90.0   33.472  123.581    193.0    987.6
     1     1    21     8    18    14     0     0   -91.0   33.492  123.628    203.7    986.2
     1     1    21     8    18    13     0     0   -92.0   33.526  123.680    213.0    984.7
     1     1    21     8    18    12     0     0   -93.0   33.573  123.737    220.7    983.3
     1     1    21     8    18    11     0     0   -94.0   33.634  123.793    226.7    982.3
     1     1    21     8    18    10     0     0   -95.0   33.707  123.845    230.6    981.5
     1     1    21     8    18     9     0     0   -96.0   33.789  123.893    232.6    981.0
