     2     1
    CDC1    20    12     1     0     0
    CDC1    21     1     1     0     0
     1 BACKWARD OMEGA   
  2021     1    21    12   37.500  127.000   500.0
     1 PRESSURE
     1     1    21     1    21    12     0     0     0.0   37.500  127.000    500.0    940.6
     1     1    21     1    21    11     0     0    -1.0   37.385  126.850    493.2    942.2
     1     1    21     1    21    10     0     0    -2.0   37.272  126.706    480.5    944.9
     1     1    21     1    21     9     0     0    -3.0   37.158  126.569    462.4    948.1
     1     1    21     1    21     8     0     0    -4.0   37.043  126.440    439.8    951.8
     1     1    21     1    21     7     0     0    -5.0   36.926  126.318    413.6    956.0
     1     1    21     1    21     6     0     0    -6.0   36.804  126.205    384.5    960.6
     1     1    21     1    21     5     0     0    -7.0   36.681  126.105    357.2    965.2
     1     1    21     1    21     4     0     0    -8.0   36.560  126.023    335.3    968.7
     1     1    21     1    21     3     0     0    -9.0   36.439  125.957    318.3    971.7
     1     1    21     1    21     2     0     0   -10.0   36.319  125.906    306.0    974.1
     1     1    21     1    21     1     0     0   -11.0   36.198  125.870    298.3    976.0
     1     1    21     1    21     0     0     0   -12.0   36.078  125.845    295.1    977.3
     1     1    21     1    20    23     0     0   -13.0   35.953  125.820    294.7    977.8
     1     1    21     1    20    22     0     0   -14.0   35.818  125.786    294.6    978.4
     1     1    21     1    20    21     0     0   -15.0   35.671  125.745    294.8    979.1
     1     1    21     1    20    20     0     0   -16.0   35.513  125.697    295.0    979.8
     1     1    21     1    20    19     0     0   -17.0   35.341  125.646    295.0    980.6
     1     1    21     1    20    18     0     0   -18.0   35.155  125.593    294.5    981.4
     1     1    21     1    20    17     0     0   -19.0   34.959  125.552    294.1    982.1
     1     1    21     1    20    16     0     0   -20.0   34.761  125.538    295.0    982.6
     1     1    21     1    20    15     0     0   -21.0   34.564  125.551    297.6    982.8
     1     1    21     1    20    14     0     0   -22.0   34.369  125.586    301.9    982.7
     1     1    21     1    20    13     0     0   -23.0   34.177  125.643    308.0    982.4
     1     1    21     1    20    12     0     0   -24.0   33.988  125.718    315.9    981.8
     1     1    21     1    20    11     0     0   -25.0   33.803  125.804    324.3    981.1
     1     1    21     1    20    10     0     0   -26.0   33.624  125.894    332.0    980.6
     1     1    21     1    20     9     0     0   -27.0   33.453  125.988    339.6    980.1
     1     1    21     1    20     8     0     0   -28.0   33.290  126.088    347.6    979.6
     1     1    21     1    20     7     0     0   -29.0   33.136  126.196    356.6    978.9
     1     1    21     1    20     6     0     0   -30.0   32.991  126.312    366.8    978.0
     1     1    21     1    20     5     0     0   -31.0   32.858  126.438    378.9    977.3
     1     1    21     1    20     4     0     0   -32.0   32.738  126.576    393.0    976.0
     1     1    21     1    20     3     0     0   -33.0   32.630  126.721    408.7    974.3
     1     1    21     1    20     2     0     0   -34.0   32.536  126.874    425.9    972.5
     1     1    21     1    20     1     0     0   -35.0   32.456  127.031    444.1    970.4
     1     1    21     1    20     0     0     0   -36.0   32.390  127.190    462.9    968.2
     1     1    21     1    19    23     0     0   -37.0   32.342  127.347    482.5    965.7
     1     1    21     1    19    22     0     0   -38.0   32.312  127.496    503.2    963.1
     1     1    21     1    19    21     0     0   -39.0   32.300  127.638    524.7    960.1
     1     1    21     1    19    20     0     0   -40.0   32.304  127.771    547.1    957.1
     1     1    21     1    19    19     0     0   -41.0   32.324  127.898    570.1    953.9
     1     1    21     1    19    18     0     0   -42.0   32.359  128.019    593.4    950.7
     1     1    21     1    19    17     0     0   -43.0   32.405  128.141    617.0    947.7
     1     1    21     1    19    16     0     0   -44.0   32.454  128.271    640.6    944.4
     1     1    21     1    19    15     0     0   -45.0   32.507  128.412    664.3    940.9
     1     1    21     1    19    14     0     0   -46.0   32.564  128.561    688.2    937.3
     1     1    21     1    19    13     0     0   -47.0   32.623  128.720    712.3    933.7
     1     1    21     1    19    12     0     0   -48.0   32.685  128.887    736.7    930.1
     1     1    21     1    19    11     0     0   -49.0   32.764  129.048    762.9    925.9
     1     1    21     1    19    10     0     0   -50.0   32.873  129.184    793.6    921.1
     1     1    21     1    19     9     0     0   -51.0   33.011  129.292    829.3    915.7
     1     1    21     1    19     8     0     0   -52.0   33.181  129.369    870.7    909.8
     1     1    21     1    19     7     0     0   -53.0   33.381  129.413    918.7    903.3
     1     1    21     1    19     6     0     0   -54.0   33.612  129.422    974.7    895.5
     1     1    21     1    19     5     0     0   -55.0   33.864  129.387   1038.2    886.9
     1     1    21     1    19     4     0     0   -56.0   34.129  129.304   1108.3    878.1
     1     1    21     1    19     3     0     0   -57.0   34.406  129.172   1185.5    868.8
     1     1    21     1    19     2     0     0   -58.0   34.697  128.988   1270.7    859.0
     1     1    21     1    19     1     0     0   -59.0   35.006  128.745   1363.9    847.9
     1     1    21     1    19     0     0     0   -60.0   35.329  128.445   1463.8    837.2
     1     1    21     1    18    23     0     0   -61.0   35.661  128.106   1567.7    825.8
     1     1    21     1    18    22     0     0   -62.0   36.000  127.735   1675.0    813.9
     1     1    21     1    18    21     0     0   -63.0   36.349  127.326   1785.5    801.7
     1     1    21     1    18    20     0     0   -64.0   36.710  126.876   1897.9    790.8
     1     1    21     1    18    19     0     0   -65.0   37.084  126.386   2009.9    780.6
     1     1    21     1    18    18     0     0   -66.0   37.476  125.855   2120.6    771.3
     1     1    21     1    18    17     0     0   -67.0   37.899  125.279   2229.2    758.2
     1     1    21     1    18    16     0     0   -68.0   38.367  124.647   2347.6    743.2
     1     1    21     1    18    15     0     0   -69.0   38.875  123.967   2476.7    728.7
     1     1    21     1    18    14     0     0   -70.0   39.424  123.252   2617.8    715.7
     1     1    21     1    18    13     0     0   -71.0   40.022  122.508   2772.9    704.1
     1     1    21     1    18    12     0     0   -72.0   40.650  121.726   2914.3    682.1
     1     1    21     1    18    11     0     0   -73.0   41.281  120.890   3028.0    658.7
     1     1    21     1    18    10     0     0   -74.0   41.939  119.993   3107.4    634.2
     1     1    21     1    18     9     0     0   -75.0   42.648  119.026   3152.1    602.5
     1     1    21     1    18     8     0     0   -76.0   43.390  118.009   3195.6    580.5
     1     1    21     1    18     7     0     0   -77.0   44.143  116.972   3243.0    568.3
     1     1    21     1    18     6     0     0   -78.0   44.875  115.930   3294.0    566.5
     1     1    21     1    18     5     0     0   -79.0   45.579  114.915   3346.6    570.3
     1     1    21     1    18     4     0     0   -80.0   46.289  113.957   3397.7    569.5
     1     1    21     1    18     3     0     0   -81.0   47.039  113.036   3440.1    561.7
     1     1    21     1    18     2     0     0   -82.0   47.844  112.127   3459.8    549.4
     1     1    21     1    18     1     0     0   -83.0   48.682  111.223   3454.4    540.1
     1     1    21     1    18     0     0     0   -84.0   49.516  110.319   3412.2    536.0
     1     1    21     1    17    23     0     0   -85.0   50.317  109.430   3371.1    546.3
     1     1    21     1    17    22     0     0   -86.0   51.075  108.580   3357.6    563.2
     1     1    21     1    17    21     0     0   -87.0   51.798  107.766   3368.1    579.6
     1     1    21     1    17    20     0     0   -88.0   52.498  106.965   3389.6    592.1
     1     1    21     1    17    19     0     0   -89.0   53.172  106.140   3398.6    593.8
     1     1    21     1    17    18     0     0   -90.0   53.805  105.256   3410.1    599.5
     1     1    21     1    17    17     0     0   -91.0   54.391  104.317   3401.4    601.7
     1     1    21     1    17    16     0     0   -92.0   54.940  103.333   3384.8    607.7
     1     1    21     1    17    15     0     0   -93.0   55.456  102.330   3353.4    611.9
     1     1    21     1    17    14     0     0   -94.0   55.933  101.330   3312.2    614.4
     1     1    21     1    17    13     0     0   -95.0   56.364  100.336   3270.2    621.3
     1     1    21     1    17    12     0     0   -96.0   56.738   99.345   3223.3    631.3
