     2     1
    CDC1    21    10     1     0     0
    CDC1    21    11     1     0     0
     1 BACKWARD OMEGA   
  2021    11    10    21   37.500  127.000   500.0
     1 PRESSURE
     1     1    21    11    10    21     0     0     0.0   37.500  127.000    500.0    931.0
     1     1    21    11    10    20     0     0    -1.0   37.676  126.609    512.7    929.2
     1     1    21    11    10    19     0     0    -2.0   37.879  126.231    525.8    927.1
     1     1    21    11    10    18     0     0    -3.0   38.107  125.867    539.4    924.7
     1     1    21    11    10    17     0     0    -4.0   38.358  125.515    554.2    921.5
     1     1    21    11    10    16     0     0    -5.0   38.625  125.174    571.4    917.9
     1     1    21    11    10    15     0     0    -6.0   38.906  124.841    591.7    914.2
     1     1    21    11    10    14     0     0    -7.0   39.198  124.513    616.1    910.7
     1     1    21    11    10    13     0     0    -8.0   39.500  124.184    645.1    906.9
     1     1    21    11    10    12     0     0    -9.0   39.810  123.853    678.2    903.4
     1     1    21    11    10    11     0     0   -10.0   40.133  123.519    714.8    900.1
     1     1    21    11    10    10     0     0   -11.0   40.479  123.187    753.3    896.8
     1     1    21    11    10     9     0     0   -12.0   40.850  122.862    793.5    893.2
     1     1    21    11    10     8     0     0   -13.0   41.251  122.544    837.0    888.7
     1     1    21    11    10     7     0     0   -14.0   41.689  122.230    884.9    877.9
     1     1    21    11    10     6     0     0   -15.0   42.171  121.920    940.4    863.6
     1     1    21    11    10     5     0     0   -16.0   42.696  121.615    998.5    848.0
     1     1    21    11    10     4     0     0   -17.0   43.249  121.321   1048.6    836.4
     1     1    21    11    10     3     0     0   -18.0   43.823  121.040   1085.8    826.1
     1     1    21    11    10     2     0     0   -19.0   44.422  120.774   1109.1    816.7
     1     1    21    11    10     1     0     0   -20.0   45.048  120.525   1117.1    808.4
     1     1    21    11    10     0     0     0   -21.0   45.692  120.302   1110.8    801.0
     1     1    21    11     9    23     0     0   -22.0   46.338  120.104   1097.7    796.3
     1     1    21    11     9    22     0     0   -23.0   46.977  119.921   1082.3    793.3
     1     1    21    11     9    21     0     0   -24.0   47.600  119.752   1066.1    793.2
     1     1    21    11     9    20     0     0   -25.0   48.198  119.600   1052.7    794.9
     1     1    21    11     9    19     0     0   -26.0   48.767  119.462   1043.4    796.3
     1     1    21    11     9    18     0     0   -27.0   49.307  119.328   1036.4    797.9
     1     1    21    11     9    17     0     0   -28.0   49.824  119.215   1031.2    800.1
     1     1    21    11     9    16     0     0   -29.0   50.327  119.143   1028.9    802.1
     1     1    21    11     9    15     0     0   -30.0   50.811  119.104   1032.0    803.0
     1     1    21    11     9    14     0     0   -31.0   51.271  119.085   1040.5    803.2
     1     1    21    11     9    13     0     0   -32.0   51.705  119.076   1053.9    802.7
     1     1    21    11     9    12     0     0   -33.0   52.109  119.067   1071.8    801.8
     1     1    21    11     9    11     0     0   -34.0   52.483  119.052   1094.0    799.9
     1     1    21    11     9    10     0     0   -35.0   52.830  119.017   1117.8    794.1
     1     1    21    11     9     9     0     0   -36.0   53.152  118.943   1142.6    788.5
     1     1    21    11     9     8     0     0   -37.0   53.452  118.822   1168.6    783.1
     1     1    21    11     9     7     0     0   -38.0   53.731  118.647   1195.3    777.7
     1     1    21    11     9     6     0     0   -39.0   53.993  118.409   1222.1    772.3
     1     1    21    11     9     5     0     0   -40.0   54.242  118.112   1248.4    766.7
     1     1    21    11     9     4     0     0   -41.0   54.484  117.767   1275.3    760.7
     1     1    21    11     9     3     0     0   -42.0   54.719  117.380   1303.6    754.0
     1     1    21    11     9     2     0     0   -43.0   54.949  116.956   1334.1    746.4
     1     1    21    11     9     1     0     0   -44.0   55.174  116.500   1367.4    741.2
     1     1    21    11     9     0     0     0   -45.0   55.392  116.013   1399.5    737.2
     1     1    21    11     8    23     0     0   -46.0   55.599  115.479   1425.9    733.4
     1     1    21    11     8    22     0     0   -47.0   55.797  114.890   1443.5    731.1
     1     1    21    11     8    21     0     0   -48.0   55.989  114.250   1454.1    730.7
     1     1    21    11     8    20     0     0   -49.0   56.180  113.567   1459.2    731.4
     1     1    21    11     8    19     0     0   -50.0   56.375  112.846   1460.0    733.1
     1     1    21    11     8    18     0     0   -51.0   56.574  112.090   1460.3    737.7
     1     1    21    11     8    17     0     0   -52.0   56.769  111.288   1456.2    743.7
     1     1    21    11     8    16     0     0   -53.0   56.951  110.432   1443.1    751.0
     1     1    21    11     8    15     0     0   -54.0   57.125  109.530   1422.9    760.4
     1     1    21    11     8    14     0     0   -55.0   57.291  108.588   1396.9    770.8
     1     1    21    11     8    13     0     0   -56.0   57.456  107.612   1366.1    780.6
     1     1    21    11     8    12     0     0   -57.0   57.627  106.612   1334.1    791.8
     1     1    21    11     8    11     0     0   -58.0   57.794  105.583   1305.4    802.4
     1     1    21    11     8    10     0     0   -59.0   57.946  104.512   1283.8    810.8
     1     1    21    11     8     9     0     0   -60.0   58.082  103.402   1268.0    817.8
     1     1    21    11     8     8     0     0   -61.0   58.199  102.254   1257.6    823.2
     1     1    21    11     8     7     0     0   -62.0   58.295  101.069   1252.6    827.4
     1     1    21    11     8     6     0     0   -63.0   58.367   99.847   1253.6    831.1
     1     1    21    11     8     5     0     0   -64.0   58.419   98.588   1256.9    833.4
     1     1    21    11     8     4     0     0   -65.0   58.458   97.293   1258.6    835.8
     1     1    21    11     8     3     0     0   -66.0   58.489   95.969   1256.7    835.7
     1     1    21    11     8     2     0     0   -67.0   58.518   94.625   1250.6    836.1
     1     1    21    11     8     1     0     0   -68.0   58.547   93.269   1238.6    836.2
     1     1    21    11     8     0     0     0   -69.0   58.579   91.910   1220.6    838.3
     1     1    21    11     7    23     0     0   -70.0   58.593   90.560   1197.3    842.8
     1     1    21    11     7    22     0     0   -71.0   58.569   89.237   1169.0    850.0
     1     1    21    11     7    21     0     0   -72.0   58.502   87.960   1135.9    859.2
     1     1    21    11     7    20     0     0   -73.0   58.391   86.737   1097.8    868.3
     1     1    21    11     7    19     0     0   -74.0   58.239   85.570   1056.1    877.3
     1     1    21    11     7    18     0     0   -75.0   58.051   84.451   1011.4    884.8
     1     1    21    11     7    17     0     0   -76.0   57.835   83.360    963.8    890.2
     1     1    21    11     7    16     0     0   -77.0   57.598   82.280    913.9    894.7
     1     1    21    11     7    15     0     0   -78.0   57.354   81.205    863.5    898.2
     1     1    21    11     7    14     0     0   -79.0   57.118   80.130    814.6    901.6
     1     1    21    11     7    13     0     0   -80.0   56.897   79.052    768.7    908.0
     1     1    21    11     7    12     0     0   -81.0   56.699   77.967    727.0    915.1
     1     1    21    11     7    11     0     0   -82.0   56.517   76.868    692.8    922.2
     1     1    21    11     7    10     0     0   -83.0   56.339   75.754    668.8    928.0
     1     1    21    11     7     9     0     0   -84.0   56.167   74.623    653.3    931.5
     1     1    21    11     7     8     0     0   -85.0   55.999   73.459    644.0    931.4
     1     1    21    11     7     7     0     0   -86.0   55.839   72.245    639.4    930.2
     1     1    21    11     7     6     0     0   -87.0   55.691   70.969    638.3    927.4
     1     1    21    11     7     5     0     0   -88.0   55.558   69.655    640.5    925.0
     1     1    21    11     7     4     0     0   -89.0   55.428   68.353    647.3    924.3
     1     1    21    11     7     3     0     0   -90.0   55.278   67.081    658.6    923.4
     1     1    21    11     7     2     0     0   -91.0   55.097   65.841    674.1    922.5
     1     1    21    11     7     1     0     0   -92.0   54.878   64.631    692.8    920.2
     1     1    21    11     7     0     0     0   -93.0   54.625   63.436    712.1    914.4
     1     1    21    11     6    23     0     0   -94.0   54.361   62.240    729.9    908.3
     1     1    21    11     6    22     0     0   -95.0   54.103   61.045    741.0    900.5
     1     1    21    11     6    21     0     0   -96.0   53.842   59.859    741.7    894.7
