     2     1
    CDC1    21    10     1     0     0
    CDC1    21    11     1     0     0
     1 BACKWARD OMEGA   
  2021    11    28    15   37.500  127.000   500.0
     1 PRESSURE
     1     1    21    11    28    15     0     0     0.0   37.500  127.000    500.0    950.1
     1     1    21    11    28    14     0     0    -1.0   37.427  126.838    511.6    949.9
     1     1    21    11    28    13     0     0    -2.0   37.351  126.702    521.4    950.0
     1     1    21    11    28    12     0     0    -3.0   37.273  126.592    529.8    950.1
     1     1    21    11    28    11     0     0    -4.0   37.191  126.491    537.9    950.1
     1     1    21    11    28    10     0     0    -5.0   37.108  126.384    546.1    950.1
     1     1    21    11    28     9     0     0    -6.0   37.023  126.270    554.4    950.1
     1     1    21    11    28     8     0     0    -7.0   36.938  126.151    562.4    950.1
     1     1    21    11    28     7     0     0    -8.0   36.856  126.026    570.1    950.2
     1     1    21    11    28     6     0     0    -9.0   36.776  125.895    577.1    950.4
     1     1    21    11    28     5     0     0   -10.0   36.697  125.773    584.2    950.8
     1     1    21    11    28     4     0     0   -11.0   36.617  125.673    592.5    951.0
     1     1    21    11    28     3     0     0   -12.0   36.534  125.595    602.4    950.8
     1     1    21    11    28     2     0     0   -13.0   36.449  125.538    614.2    950.4
     1     1    21    11    28     1     0     0   -14.0   36.360  125.502    628.3    949.6
     1     1    21    11    28     0     0     0   -15.0   36.269  125.485    645.0    948.2
     1     1    21    11    27    23     0     0   -16.0   36.181  125.484    665.1    945.8
     1     1    21    11    27    22     0     0   -17.0   36.102  125.493    689.2    942.8
     1     1    21    11    27    21     0     0   -18.0   36.031  125.513    717.5    939.3
     1     1    21    11    27    20     0     0   -19.0   35.969  125.543    750.2    935.3
     1     1    21    11    27    19     0     0   -20.0   35.918  125.583    787.5    930.7
     1     1    21    11    27    18     0     0   -21.0   35.877  125.631    829.7    925.6
     1     1    21    11    27    17     0     0   -22.0   35.847  125.687    874.6    920.3
     1     1    21    11    27    16     0     0   -23.0   35.833  125.751    920.3    915.2
     1     1    21    11    27    15     0     0   -24.0   35.834  125.820    966.2    909.5
     1     1    21    11    27    14     0     0   -25.0   35.854  125.893   1011.8    903.9
     1     1    21    11    27    13     0     0   -26.0   35.894  125.965   1056.7    898.4
     1     1    21    11    27    12     0     0   -27.0   35.953  126.036   1100.9    893.1
     1     1    21    11    27    11     0     0   -28.0   36.035  126.093   1145.0    887.7
     1     1    21    11    27    10     0     0   -29.0   36.142  126.125   1189.3    882.3
     1     1    21    11    27     9     0     0   -30.0   36.272  126.131   1234.1    877.1
     1     1    21    11    27     8     0     0   -31.0   36.424  126.107   1279.5    872.0
     1     1    21    11    27     7     0     0   -32.0   36.597  126.053   1325.5    866.6
     1     1    21    11    27     6     0     0   -33.0   36.787  125.966   1372.4    861.3
     1     1    21    11    27     5     0     0   -34.0   36.990  125.851   1423.5    856.2
     1     1    21    11    27     4     0     0   -35.0   37.201  125.713   1482.6    850.0
     1     1    21    11    27     3     0     0   -36.0   37.422  125.553   1550.2    843.2
     1     1    21    11    27     2     0     0   -37.0   37.652  125.373   1625.7    834.2
     1     1    21    11    27     1     0     0   -38.0   37.892  125.178   1709.4    823.6
     1     1    21    11    27     0     0     0   -39.0   38.145  124.969   1800.9    811.6
     1     1    21    11    26    23     0     0   -40.0   38.412  124.738   1894.8    799.2
     1     1    21    11    26    22     0     0   -41.0   38.693  124.478   1984.3    788.4
     1     1    21    11    26    21     0     0   -42.0   38.988  124.192   2069.2    778.7
     1     1    21    11    26    20     0     0   -43.0   39.295  123.879   2148.9    770.2
     1     1    21    11    26    19     0     0   -44.0   39.610  123.539   2222.8    763.1
     1     1    21    11    26    18     0     0   -45.0   39.931  123.169   2290.4    757.3
     1     1    21    11    26    17     0     0   -46.0   40.252  122.779   2354.0    753.3
     1     1    21    11    26    16     0     0   -47.0   40.575  122.383   2411.7    747.9
     1     1    21    11    26    15     0     0   -48.0   40.901  121.981   2460.7    738.8
     1     1    21    11    26    14     0     0   -49.0   41.235  121.575   2504.3    728.9
     1     1    21    11    26    13     0     0   -50.0   41.582  121.163   2542.3    718.1
     1     1    21    11    26    12     0     0   -51.0   41.948  120.746   2574.8    706.0
     1     1    21    11    26    11     0     0   -52.0   42.329  120.314   2601.9    692.2
     1     1    21    11    26    10     0     0   -53.0   42.715  119.860   2628.6    678.8
     1     1    21    11    26     9     0     0   -54.0   43.097  119.385   2654.2    666.1
     1     1    21    11    26     8     0     0   -55.0   43.474  118.887   2676.3    654.1
     1     1    21    11    26     7     0     0   -56.0   43.844  118.357   2691.0    643.3
     1     1    21    11    26     6     0     0   -57.0   44.210  117.790   2694.8    633.9
     1     1    21    11    26     5     0     0   -58.0   44.580  117.199   2698.5    630.1
     1     1    21    11    26     4     0     0   -59.0   44.959  116.604   2711.2    630.5
     1     1    21    11    26     3     0     0   -60.0   45.333  116.012   2732.9    632.4
     1     1    21    11    26     2     0     0   -61.0   45.699  115.426   2762.0    633.8
     1     1    21    11    26     1     0     0   -62.0   46.055  114.843   2797.2    634.4
     1     1    21    11    26     0     0     0   -63.0   46.404  114.261   2834.4    632.1
     1     1    21    11    25    23     0     0   -64.0   46.744  113.663   2872.4    627.2
     1     1    21    11    25    22     0     0   -65.0   47.077  113.031   2909.7    619.8
     1     1    21    11    25    21     0     0   -66.0   47.407  112.361   2944.1    609.9
     1     1    21    11    25    20     0     0   -67.0   47.736  111.662   2978.3    598.7
     1     1    21    11    25    19     0     0   -68.0   48.059  110.945   3018.1    588.1
     1     1    21    11    25    18     0     0   -69.0   48.374  110.209   3066.0    577.4
     1     1    21    11    25    17     0     0   -70.0   48.685  109.470   3131.5    572.4
     1     1    21    11    25    16     0     0   -71.0   48.992  108.746   3203.6    570.6
     1     1    21    11    25    15     0     0   -72.0   49.293  108.033   3278.5    569.5
     1     1    21    11    25    14     0     0   -73.0   49.589  107.325   3354.7    568.7
     1     1    21    11    25    13     0     0   -74.0   49.886  106.620   3427.6    566.5
     1     1    21    11    25    12     0     0   -75.0   50.183  105.912   3499.2    565.5
     1     1    21    11    25    11     0     0   -76.0   50.471  105.171   3571.8    565.5
     1     1    21    11    25    10     0     0   -77.0   50.749  104.371   3623.2    555.6
     1     1    21    11    25     9     0     0   -78.0   51.028  103.486   3661.6    542.3
     1     1    21    11    25     8     0     0   -79.0   51.309  102.495   3688.4    527.9
     1     1    21    11    25     7     0     0   -80.0   51.588  101.377   3699.7    513.4
     1     1    21    11    25     6     0     0   -81.0   51.861  100.109   3690.2    497.6
     1     1    21    11    25     5     0     0   -82.0   52.113   98.716   3714.5    499.8
     1     1    21    11    25     4     0     0   -83.0   52.326   97.245   3735.6    505.4
     1     1    21    11    25     3     0     0   -84.0   52.488   95.715   3771.6    522.3
     1     1    21    11    25     2     0     0   -85.0   52.595   94.139   3784.8    536.6
     1     1    21    11    25     1     0     0   -86.0   52.652   92.504   3781.4    547.4
     1     1    21    11    25     0     0     0   -87.0   52.677   90.787   3756.5    546.6
     1     1    21    11    24    23     0     0   -88.0   52.667   89.012   3737.5    548.2
     1     1    21    11    24    22     0     0   -89.0   52.604   87.235   3709.9    557.5
     1     1    21    11    24    21     0     0   -90.0   52.488   85.493   3682.2    581.1
     1     1    21    11    24    20     0     0   -91.0   52.336   83.827   3636.5    604.9
     1     1    21    11    24    19     0     0   -92.0   52.176   82.238   3589.4    626.8
     1     1    21    11    24    18     0     0   -93.0   52.034   80.697   3537.8    635.8
     1     1    21    11    24    17     0     0   -94.0   51.902   79.186   3497.3    637.2
     1     1    21    11    24    16     0     0   -95.0   51.756   77.699   3452.7    633.6
     1     1    21    11    24    15     0     0   -96.0   51.592   76.224   3403.3    629.7
