     3     1
    CDC1    21     9     1     0     0
    CDC1    21    10     1     0     0
    CDC1    21    11     1     0     0
     1 BACKWARD OMEGA   
  2021    10    31    21   37.500  127.000   500.0
     1 PRESSURE
     1     1    21    10    31    21     0     0     0.0   37.500  127.000    500.0    945.0
     1     1    21    10    31    20     0     0    -1.0   37.620  126.766    516.2    942.7
     1     1    21    10    31    19     0     0    -2.0   37.740  126.539    532.2    940.5
     1     1    21    10    31    18     0     0    -3.0   37.860  126.316    548.7    938.3
     1     1    21    10    31    17     0     0    -4.0   37.983  126.105    564.9    936.1
     1     1    21    10    31    16     0     0    -5.0   38.108  125.910    579.9    934.0
     1     1    21    10    31    15     0     0    -6.0   38.237  125.730    593.6    932.0
     1     1    21    10    31    14     0     0    -7.0   38.369  125.566    605.7    930.1
     1     1    21    10    31    13     0     0    -8.0   38.505  125.415    616.3    928.3
     1     1    21    10    31    12     0     0    -9.0   38.644  125.279    625.2    926.5
     1     1    21    10    31    11     0     0   -10.0   38.782  125.152    632.0    924.5
     1     1    21    10    31    10     0     0   -11.0   38.912  125.029    636.3    923.0
     1     1    21    10    31     9     0     0   -12.0   39.034  124.908    637.4    922.0
     1     1    21    10    31     8     0     0   -13.0   39.147  124.788    635.0    921.7
     1     1    21    10    31     7     0     0   -14.0   39.251  124.671    628.8    922.0
     1     1    21    10    31     6     0     0   -15.0   39.347  124.554    618.9    923.0
     1     1    21    10    31     5     0     0   -16.0   39.438  124.448    607.4    924.5
     1     1    21    10    31     4     0     0   -17.0   39.531  124.364    596.0    925.6
     1     1    21    10    31     3     0     0   -18.0   39.622  124.302    584.7    926.5
     1     1    21    10    31     2     0     0   -19.0   39.712  124.260    573.3    927.2
     1     1    21    10    31     1     0     0   -20.0   39.798  124.239    561.7    927.8
     1     1    21    10    31     0     0     0   -21.0   39.880  124.240    550.1    928.3
     1     1    21    10    30    23     0     0   -22.0   39.954  124.241    539.7    928.7
     1     1    21    10    30    22     0     0   -23.0   40.019  124.224    532.1    929.2
     1     1    21    10    30    21     0     0   -24.0   40.073  124.189    527.2    929.9
     1     1    21    10    30    20     0     0   -25.0   40.118  124.137    524.8    930.5
     1     1    21    10    30    19     0     0   -26.0   40.153  124.067    524.3    931.1
     1     1    21    10    30    18     0     0   -27.0   40.177  123.980    525.5    931.8
     1     1    21    10    30    17     0     0   -28.0   40.191  123.884    525.4    932.4
     1     1    21    10    30    16     0     0   -29.0   40.197  123.786    521.0    933.9
     1     1    21    10    30    15     0     0   -30.0   40.195  123.686    512.6    935.8
     1     1    21    10    30    14     0     0   -31.0   40.184  123.583    500.5    938.1
     1     1    21    10    30    13     0     0   -32.0   40.166  123.476    485.2    941.0
     1     1    21    10    30    12     0     0   -33.0   40.138  123.365    467.1    944.2
     1     1    21    10    30    11     0     0   -34.0   40.094  123.246    448.5    948.2
     1     1    21    10    30    10     0     0   -35.0   40.023  123.112    431.5    952.1
     1     1    21    10    30     9     0     0   -36.0   39.927  122.965    416.0    956.3
     1     1    21    10    30     8     0     0   -37.0   39.807  122.806    401.8    960.6
     1     1    21    10    30     7     0     0   -38.0   39.665  122.638    388.5    964.9
     1     1    21    10    30     6     0     0   -39.0   39.504  122.461    375.7    968.5
     1     1    21    10    30     5     0     0   -40.0   39.344  122.290    363.1    970.1
     1     1    21    10    30     4     0     0   -41.0   39.203  122.139    351.4    971.7
     1     1    21    10    30     3     0     0   -42.0   39.078  122.006    340.3    973.2
     1     1    21    10    30     2     0     0   -43.0   38.968  121.891    329.8    974.7
     1     1    21    10    30     1     0     0   -44.0   38.872  121.793    319.8    976.2
     1     1    21    10    30     0     0     0   -45.0   38.788  121.712    310.3    977.6
     1     1    21    10    29    23     0     0   -46.0   38.708  121.633    301.2    978.9
     1     1    21    10    29    22     0     0   -47.0   38.620  121.541    292.7    980.2
     1     1    21    10    29    21     0     0   -48.0   38.525  121.438    285.0    981.5
     1     1    21    10    29    20     0     0   -49.0   38.424  121.324    278.0    982.7
     1     1    21    10    29    19     0     0   -50.0   38.316  121.200    271.9    984.0
     1     1    21    10    29    18     0     0   -51.0   38.200  121.068    266.7    985.2
     1     1    21    10    29    17     0     0   -52.0   38.080  120.941    261.2    986.5
     1     1    21    10    29    16     0     0   -53.0   37.957  120.832    254.1    988.3
     1     1    21    10    29    15     0     0   -54.0   37.831  120.740    245.3    990.3
     1     1    21    10    29    14     0     0   -55.0   37.705  120.667    235.0    992.6
     1     1    21    10    29    13     0     0   -56.0   37.578  120.612    222.9    995.1
     1     1    21    10    29    12     0     0   -57.0   37.453  120.577    209.2    997.4
     1     1    21    10    29    11     0     0   -58.0   37.333  120.555    196.0    998.9
     1     1    21    10    29    10     0     0   -59.0   37.226  120.538    185.3    999.6
     1     1    21    10    29     9     0     0   -60.0   37.130  120.524    176.9   1000.2
     1     1    21    10    29     8     0     0   -61.0   37.045  120.510    170.3   1000.6
     1     1    21    10    29     7     0     0   -62.0   36.969  120.494    165.2   1000.9
     1     1    21    10    29     6     0     0   -63.0   36.903  120.476    161.3   1001.1
     1     1    21    10    29     5     0     0   -64.0   36.842  120.461    158.9   1001.6
     1     1    21    10    29     4     0     0   -65.0   36.784  120.456    157.8   1001.9
     1     1    21    10    29     3     0     0   -66.0   36.728  120.461    158.1   1002.0
     1     1    21    10    29     2     0     0   -67.0   36.673  120.476    159.9   1002.0
     1     1    21    10    29     1     0     0   -68.0   36.619  120.500    163.2   1001.9
     1     1    21    10    29     0     0     0   -69.0   36.565  120.535    168.1   1001.5
     1     1    21    10    28    23     0     0   -70.0   36.513  120.570    173.6   1000.5
     1     1    21    10    28    22     0     0   -71.0   36.468  120.595    178.6    999.8
     1     1    21    10    28    21     0     0   -72.0   36.428  120.610    182.9    999.1
     1     1    21    10    28    20     0     0   -73.0   36.393  120.615    186.5    998.5
     1     1    21    10    28    19     0     0   -74.0   36.365  120.609    189.1    998.0
     1     1    21    10    28    18     0     0   -75.0   36.342  120.592    190.8    997.6
     1     1    21    10    28    17     0     0   -76.0   36.322  120.576    191.6    997.5
     1     1    21    10    28    16     0     0   -77.0   36.303  120.575    191.5    997.4
     1     1    21    10    28    15     0     0   -78.0   36.284  120.589    190.4    997.5
     1     1    21    10    28    14     0     0   -79.0   36.266  120.620    188.5    997.7
     1     1    21    10    28    13     0     0   -80.0   36.249  120.666    186.0    997.9
     1     1    21    10    28    12     0     0   -81.0   36.235  120.727    182.8    998.3
     1     1    21    10    28    11     0     0   -82.0   36.227  120.794    180.0    998.7
     1     1    21    10    28    10     0     0   -83.0   36.226  120.857    178.1    998.9
     1     1    21    10    28     9     0     0   -84.0   36.233  120.915    177.0    999.1
     1     1    21    10    28     8     0     0   -85.0   36.247  120.968    176.7    999.3
     1     1    21    10    28     7     0     0   -86.0   36.268  121.016    176.9    999.4
     1     1    21    10    28     6     0     0   -87.0   36.295  121.059    177.6    999.5
     1     1    21    10    28     5     0     0   -88.0   36.328  121.098    178.5    999.7
     1     1    21    10    28     4     0     0   -89.0   36.368  121.131    179.1   1000.0
     1     1    21    10    28     3     0     0   -90.0   36.415  121.160    179.5   1000.3
     1     1    21    10    28     2     0     0   -91.0   36.467  121.183    179.6   1000.7
     1     1    21    10    28     1     0     0   -92.0   36.526  121.200    179.5   1001.1
     1     1    21    10    28     0     0     0   -93.0   36.591  121.212    179.1   1001.5
     1     1    21    10    27    23     0     0   -94.0   36.660  121.211    179.5   1001.4
     1     1    21    10    27    22     0     0   -95.0   36.733  121.193    181.6   1000.9
     1     1    21    10    27    21     0     0   -96.0   36.809  121.156    185.6   1000.3
