     2     1
    CDC1    21     1     1     0     0
    CDC1    21     2     1     0     0
     1 BACKWARD OMEGA   
  2021     2    14     3   37.500  127.000   500.0
     1 PRESSURE
     1     1    21     2    14     3     0     0     0.0   37.500  127.000    500.0    937.1
     1     1    21     2    14     2     0     0    -1.0   37.405  126.841    504.7    937.9
     1     1    21     2    14     1     0     0    -2.0   37.300  126.698    506.5    939.3
     1     1    21     2    14     0     0     0    -3.0   37.183  126.570    505.6    941.0
     1     1    21     2    13    23     0     0    -4.0   37.062  126.455    503.8    942.6
     1     1    21     2    13    22     0     0    -5.0   36.945  126.351    502.6    943.8
     1     1    21     2    13    21     0     0    -6.0   36.832  126.258    502.1    944.9
     1     1    21     2    13    20     0     0    -7.0   36.722  126.175    502.2    945.9
     1     1    21     2    13    19     0     0    -8.0   36.616  126.103    502.9    946.7
     1     1    21     2    13    18     0     0    -9.0   36.512  126.042    504.5    947.3
     1     1    21     2    13    17     0     0   -10.0   36.412  125.992    507.9    947.9
     1     1    21     2    13    16     0     0   -11.0   36.314  125.952    514.1    947.9
     1     1    21     2    13    15     0     0   -12.0   36.220  125.924    523.5    947.5
     1     1    21     2    13    14     0     0   -13.0   36.130  125.906    536.2    946.7
     1     1    21     2    13    13     0     0   -14.0   36.044  125.900    552.4    945.4
     1     1    21     2    13    12     0     0   -15.0   35.963  125.906    572.5    943.7
     1     1    21     2    13    11     0     0   -16.0   35.888  125.917    596.8    941.4
     1     1    21     2    13    10     0     0   -17.0   35.818  125.926    626.2    938.5
     1     1    21     2    13     9     0     0   -18.0   35.755  125.934    660.7    934.5
     1     1    21     2    13     8     0     0   -19.0   35.701  125.939    700.7    929.9
     1     1    21     2    13     7     0     0   -20.0   35.656  125.940    746.5    924.8
     1     1    21     2    13     6     0     0   -21.0   35.621  125.937    798.5    919.1
     1     1    21     2    13     5     0     0   -22.0   35.597  125.927    853.3    913.0
     1     1    21     2    13     4     0     0   -23.0   35.586  125.910    907.2    907.6
     1     1    21     2    13     3     0     0   -24.0   35.586  125.886    959.5    902.1
     1     1    21     2    13     2     0     0   -25.0   35.597  125.855   1009.7    896.6
     1     1    21     2    13     1     0     0   -26.0   35.618  125.818   1057.4    891.6
     1     1    21     2    13     0     0     0   -27.0   35.649  125.774   1102.2    887.0
     1     1    21     2    12    23     0     0   -28.0   35.684  125.723   1144.5    882.7
     1     1    21     2    12    22     0     0   -29.0   35.718  125.661   1183.5    878.8
     1     1    21     2    12    21     0     0   -30.0   35.753  125.590   1219.7    875.3
     1     1    21     2    12    20     0     0   -31.0   35.788  125.510   1253.0    872.2
     1     1    21     2    12    19     0     0   -32.0   35.824  125.422   1283.6    869.4
     1     1    21     2    12    18     0     0   -33.0   35.861  125.325   1311.5    866.8
     1     1    21     2    12    17     0     0   -34.0   35.897  125.226   1338.2    864.4
     1     1    21     2    12    16     0     0   -35.0   35.925  125.130   1364.9    861.9
     1     1    21     2    12    15     0     0   -36.0   35.946  125.038   1391.6    859.3
     1     1    21     2    12    14     0     0   -37.0   35.962  124.949   1418.1    856.6
     1     1    21     2    12    13     0     0   -38.0   35.971  124.865   1444.1    853.9
     1     1    21     2    12    12     0     0   -39.0   35.973  124.786   1469.4    851.2
     1     1    21     2    12    11     0     0   -40.0   35.973  124.706   1491.6    848.8
     1     1    21     2    12    10     0     0   -41.0   35.975  124.616   1507.2    847.3
     1     1    21     2    12     9     0     0   -42.0   35.979  124.519   1516.5    846.5
     1     1    21     2    12     8     0     0   -43.0   35.984  124.412   1519.9    846.3
     1     1    21     2    12     7     0     0   -44.0   35.991  124.296   1517.4    846.7
     1     1    21     2    12     6     0     0   -45.0   36.000  124.171   1509.3    847.7
     1     1    21     2    12     5     0     0   -46.0   36.005  124.040   1498.0    849.2
     1     1    21     2    12     4     0     0   -47.0   35.998  123.906   1485.2    850.6
     1     1    21     2    12     3     0     0   -48.0   35.982  123.771   1470.8    852.3
     1     1    21     2    12     2     0     0   -49.0   35.954  123.633   1454.6    854.2
     1     1    21     2    12     1     0     0   -50.0   35.915  123.491   1436.6    856.3
     1     1    21     2    12     0     0     0   -51.0   35.864  123.345   1416.5    858.7
     1     1    21     2    11    23     0     0   -52.0   35.802  123.190   1396.8    861.0
     1     1    21     2    11    22     0     0   -53.0   35.732  123.024   1381.9    862.4
     1     1    21     2    11    21     0     0   -54.0   35.651  122.848   1371.0    863.4
     1     1    21     2    11    20     0     0   -55.0   35.562  122.661   1364.1    863.9
     1     1    21     2    11    19     0     0   -56.0   35.464  122.467   1361.1    863.7
     1     1    21     2    11    18     0     0   -57.0   35.358  122.267   1362.0    862.7
     1     1    21     2    11    17     0     0   -58.0   35.241  122.080   1368.8    861.5
     1     1    21     2    11    16     0     0   -59.0   35.108  121.926   1384.2    859.3
     1     1    21     2    11    15     0     0   -60.0   34.960  121.808   1408.7    856.3
     1     1    21     2    11    14     0     0   -61.0   34.803  121.731   1442.2    852.9
     1     1    21     2    11    13     0     0   -62.0   34.638  121.700   1483.9    848.9
     1     1    21     2    11    12     0     0   -63.0   34.467  121.716   1534.1    844.1
     1     1    21     2    11    11     0     0   -64.0   34.306  121.771   1587.3    838.8
     1     1    21     2    11    10     0     0   -65.0   34.169  121.853   1637.6    834.5
     1     1    21     2    11     9     0     0   -66.0   34.056  121.958   1685.1    830.5
     1     1    21     2    11     8     0     0   -67.0   33.964  122.084   1729.7    826.9
     1     1    21     2    11     7     0     0   -68.0   33.892  122.228   1771.2    823.3
     1     1    21     2    11     6     0     0   -69.0   33.837  122.386   1809.0    820.3
     1     1    21     2    11     5     0     0   -70.0   33.791  122.553   1845.3    817.3
     1     1    21     2    11     4     0     0   -71.0   33.747  122.725   1882.8    813.5
     1     1    21     2    11     3     0     0   -72.0   33.705  122.899   1922.0    809.5
     1     1    21     2    11     2     0     0   -73.0   33.669  123.075   1963.6    805.4
     1     1    21     2    11     1     0     0   -74.0   33.639  123.250   2008.2    801.0
     1     1    21     2    11     0     0     0   -75.0   33.619  123.424   2056.3    796.3
     1     1    21     2    10    23     0     0   -76.0   33.611  123.595   2107.5    791.2
     1     1    21     2    10    22     0     0   -77.0   33.617  123.760   2159.5    786.2
     1     1    21     2    10    21     0     0   -78.0   33.639  123.916   2212.9    780.9
     1     1    21     2    10    20     0     0   -79.0   33.678  124.061   2267.7    775.3
     1     1    21     2    10    19     0     0   -80.0   33.738  124.194   2324.0    769.5
     1     1    21     2    10    18     0     0   -81.0   33.819  124.311   2381.9    763.6
     1     1    21     2    10    17     0     0   -82.0   33.932  124.397   2443.4    757.6
     1     1    21     2    10    16     0     0   -83.0   34.086  124.438   2510.0    751.0
     1     1    21     2    10    15     0     0   -84.0   34.282  124.432   2582.2    743.9
     1     1    21     2    10    14     0     0   -85.0   34.526  124.383   2660.5    736.3
     1     1    21     2    10    13     0     0   -86.0   34.822  124.292   2745.0    728.2
     1     1    21     2    10    12     0     0   -87.0   35.169  124.165   2836.9    719.2
     1     1    21     2    10    11     0     0   -88.0   35.544  123.988   2932.8    709.4
     1     1    21     2    10    10     0     0   -89.0   35.920  123.749   3029.7    700.2
     1     1    21     2    10     9     0     0   -90.0   36.298  123.447   3129.1    691.1
     1     1    21     2    10     8     0     0   -91.0   36.683  123.088   3234.8    681.9
     1     1    21     2    10     7     0     0   -92.0   37.082  122.679   3353.6    672.2
     1     1    21     2    10     6     0     0   -93.0   37.508  122.230   3494.6    660.6
     1     1    21     2    10     5     0     0   -94.0   37.953  121.762   3645.2    644.7
     1     1    21     2    10     4     0     0   -95.0   38.403  121.284   3788.1    630.3
     1     1    21     2    10     3     0     0   -96.0   38.871  120.795   3923.4    616.4
