     2     1
    CDC1    21     8     1     0     0
    CDC1    21     9     1     0     0
     1 BACKWARD OMEGA   
  2021     9    10     9   37.500  127.000   500.0
     1 PRESSURE
     1     1    21     9    10     9     0     0     0.0   37.500  127.000    500.0    936.7
     1     1    21     9    10     8     0     0    -1.0   37.439  126.839    500.4    937.5
     1     1    21     9    10     7     0     0    -2.0   37.364  126.685    499.0    938.6
     1     1    21     9    10     6     0     0    -3.0   37.275  126.536    496.2    939.8
     1     1    21     9    10     5     0     0    -4.0   37.181  126.403    493.2    941.3
     1     1    21     9    10     4     0     0    -5.0   37.090  126.292    490.9    942.4
     1     1    21     9    10     3     0     0    -6.0   37.002  126.202    489.3    943.3
     1     1    21     9    10     2     0     0    -7.0   36.915  126.131    488.6    944.0
     1     1    21     9    10     1     0     0    -8.0   36.830  126.077    488.7    944.5
     1     1    21     9    10     0     0     0    -9.0   36.747  126.040    489.6    944.8
     1     1    21     9     9    23     0     0   -10.0   36.658  126.003    489.1    945.1
     1     1    21     9     9    22     0     0   -11.0   36.554  125.955    484.5    946.1
     1     1    21     9     9    21     0     0   -12.0   36.436  125.897    476.1    947.7
     1     1    21     9     9    20     0     0   -13.0   36.304  125.830    463.9    949.8
     1     1    21     9     9    19     0     0   -14.0   36.158  125.756    448.2    952.3
     1     1    21     9     9    18     0     0   -15.0   35.997  125.679    429.0    955.4
     1     1    21     9     9    17     0     0   -16.0   35.831  125.613    410.3    958.5
     1     1    21     9     9    16     0     0   -17.0   35.666  125.568    396.1    960.6
     1     1    21     9     9    15     0     0   -18.0   35.504  125.545    386.4    962.0
     1     1    21     9     9    14     0     0   -19.0   35.344  125.539    381.3    962.7
     1     1    21     9     9    13     0     0   -20.0   35.188  125.549    380.9    962.8
     1     1    21     9     9    12     0     0   -21.0   35.036  125.574    385.5    962.3
     1     1    21     9     9    11     0     0   -22.0   34.895  125.602    391.7    961.3
     1     1    21     9     9    10     0     0   -23.0   34.768  125.626    396.7    960.8
     1     1    21     9     9     9     0     0   -24.0   34.657  125.647    400.3    960.5
     1     1    21     9     9     8     0     0   -25.0   34.563  125.665    402.8    960.3
     1     1    21     9     9     7     0     0   -26.0   34.484  125.680    404.1    960.2
     1     1    21     9     9     6     0     0   -27.0   34.422  125.695    404.1    960.2
     1     1    21     9     9     5     0     0   -28.0   34.369  125.712    404.7    960.7
     1     1    21     9     9     4     0     0   -29.0   34.320  125.736    407.5    960.6
     1     1    21     9     9     3     0     0   -30.0   34.275  125.766    412.5    960.2
     1     1    21     9     9     2     0     0   -31.0   34.235  125.802    419.5    959.5
     1     1    21     9     9     1     0     0   -32.0   34.198  125.843    428.5    958.6
     1     1    21     9     9     0     0     0   -33.0   34.167  125.889    439.2    957.5
     1     1    21     9     8    23     0     0   -34.0   34.144  125.933    451.5    955.9
     1     1    21     9     8    22     0     0   -35.0   34.131  125.968    464.9    954.3
     1     1    21     9     8    21     0     0   -36.0   34.127  125.993    479.5    952.5
     1     1    21     9     8    20     0     0   -37.0   34.131  126.009    495.4    950.6
     1     1    21     9     8    19     0     0   -38.0   34.143  126.015    512.5    948.7
     1     1    21     9     8    18     0     0   -39.0   34.161  126.010    531.0    946.6
     1     1    21     9     8    17     0     0   -40.0   34.187  125.997    551.4    944.2
     1     1    21     9     8    16     0     0   -41.0   34.222  125.979    574.8    941.5
     1     1    21     9     8    15     0     0   -42.0   34.265  125.957    601.3    938.5
     1     1    21     9     8    14     0     0   -43.0   34.318  125.929    631.4    935.2
     1     1    21     9     8    13     0     0   -44.0   34.380  125.897    665.2    930.9
     1     1    21     9     8    12     0     0   -45.0   34.454  125.860    703.2    926.2
     1     1    21     9     8    11     0     0   -46.0   34.540  125.819    742.8    921.4
     1     1    21     9     8    10     0     0   -47.0   34.640  125.774    780.9    917.2
     1     1    21     9     8     9     0     0   -48.0   34.754  125.723    817.6    913.2
     1     1    21     9     8     8     0     0   -49.0   34.881  125.664    852.8    909.5
     1     1    21     9     8     7     0     0   -50.0   35.020  125.598    886.5    906.1
     1     1    21     9     8     6     0     0   -51.0   35.169  125.524    918.0    903.0
     1     1    21     9     8     5     0     0   -52.0   35.323  125.436    949.9    900.1
     1     1    21     9     8     4     0     0   -53.0   35.479  125.335    984.9    896.5
     1     1    21     9     8     3     0     0   -54.0   35.640  125.223   1023.1    892.6
     1     1    21     9     8     2     0     0   -55.0   35.807  125.103   1064.5    888.5
     1     1    21     9     8     1     0     0   -56.0   35.982  124.978   1108.7    884.0
     1     1    21     9     8     0     0     0   -57.0   36.164  124.849   1154.9    879.0
     1     1    21     9     7    23     0     0   -58.0   36.353  124.712   1199.8    873.9
     1     1    21     9     7    22     0     0   -59.0   36.547  124.558   1239.8    869.7
     1     1    21     9     7    21     0     0   -60.0   36.749  124.389   1275.4    866.2
     1     1    21     9     7    20     0     0   -61.0   36.959  124.202   1306.9    863.0
     1     1    21     9     7    19     0     0   -62.0   37.177  123.995   1335.2    860.1
     1     1    21     9     7    18     0     0   -63.0   37.404  123.769   1361.2    857.6
     1     1    21     9     7    17     0     0   -64.0   37.632  123.532   1387.8    854.7
     1     1    21     9     7    16     0     0   -65.0   37.854  123.300   1417.1    851.1
     1     1    21     9     7    15     0     0   -66.0   38.070  123.077   1450.9    847.3
     1     1    21     9     7    14     0     0   -67.0   38.285  122.868   1489.7    843.3
     1     1    21     9     7    13     0     0   -68.0   38.504  122.677   1534.1    838.9
     1     1    21     9     7    12     0     0   -69.0   38.731  122.510   1584.5    834.1
     1     1    21     9     7    11     0     0   -70.0   38.955  122.361   1635.9    827.6
     1     1    21     9     7    10     0     0   -71.0   39.166  122.225   1684.4    821.9
     1     1    21     9     7     9     0     0   -72.0   39.366  122.099   1730.2    816.5
     1     1    21     9     7     8     0     0   -73.0   39.559  121.982   1773.4    811.2
     1     1    21     9     7     7     0     0   -74.0   39.747  121.874   1814.1    806.2
     1     1    21     9     7     6     0     0   -75.0   39.934  121.773   1852.5    801.5
     1     1    21     9     7     5     0     0   -76.0   40.121  121.671   1889.2    796.4
     1     1    21     9     7     4     0     0   -77.0   40.310  121.558   1926.5    790.8
     1     1    21     9     7     3     0     0   -78.0   40.503  121.434   1966.5    784.7
     1     1    21     9     7     2     0     0   -79.0   40.698  121.300   2011.2    777.9
     1     1    21     9     7     1     0     0   -80.0   40.895  121.155   2062.7    770.3
     1     1    21     9     7     0     0     0   -81.0   41.095  121.002   2123.5    761.5
     1     1    21     9     6    23     0     0   -82.0   41.283  120.842   2186.6    751.8
     1     1    21     9     6    22     0     0   -83.0   41.445  120.678   2245.8    742.9
     1     1    21     9     6    21     0     0   -84.0   41.586  120.510   2299.4    734.6
     1     1    21     9     6    20     0     0   -85.0   41.709  120.340   2346.1    727.0
     1     1    21     9     6    19     0     0   -86.0   41.815  120.170   2385.2    720.2
     1     1    21     9     6    18     0     0   -87.0   41.907  120.002   2415.8    714.3
     1     1    21     9     6    17     0     0   -88.0   41.993  119.836   2440.4    708.5
     1     1    21     9     6    16     0     0   -89.0   42.078  119.672   2461.8    702.4
     1     1    21     9     6    15     0     0   -90.0   42.164  119.505   2482.0    696.4
     1     1    21     9     6    14     0     0   -91.0   42.252  119.333   2502.2    690.2
     1     1    21     9     6    13     0     0   -92.0   42.341  119.153   2523.5    683.6
     1     1    21     9     6    12     0     0   -93.0   42.433  118.959   2547.6    676.4
     1     1    21     9     6    11     0     0   -94.0   42.511  118.752   2566.2    668.8
     1     1    21     9     6    10     0     0   -95.0   42.559  118.540   2574.1    664.0
     1     1    21     9     6     9     0     0   -96.0   42.578  118.325   2567.9    660.4
