     2     1
    CDC1    21    10     1     0     0
    CDC1    21    11     1     0     0
     1 BACKWARD OMEGA   
  2021    11    29    15   37.500  127.000   500.0
     1 PRESSURE
     1     1    21    11    29    15     0     0     0.0   37.500  127.000    500.0    941.3
     1     1    21    11    29    14     0     0    -1.0   37.286  126.907    475.3    946.5
     1     1    21    11    29    13     0     0    -2.0   37.078  126.829    456.8    950.6
     1     1    21    11    29    12     0     0    -3.0   36.875  126.767    444.1    954.0
     1     1    21    11    29    11     0     0    -4.0   36.681  126.715    436.6    955.5
     1     1    21    11    29    10     0     0    -5.0   36.499  126.669    433.4    956.6
     1     1    21    11    29     9     0     0    -6.0   36.328  126.629    433.8    957.1
     1     1    21    11    29     8     0     0    -7.0   36.168  126.595    437.5    957.2
     1     1    21    11    29     7     0     0    -8.0   36.017  126.567    443.9    956.9
     1     1    21    11    29     6     0     0    -9.0   35.877  126.544    452.9    956.2
     1     1    21    11    29     5     0     0   -10.0   35.744  126.520    464.9    955.9
     1     1    21    11    29     4     0     0   -11.0   35.619  126.489    480.3    955.1
     1     1    21    11    29     3     0     0   -12.0   35.501  126.451    499.3    954.0
     1     1    21    11    29     2     0     0   -13.0   35.392  126.405    521.9    952.5
     1     1    21    11    29     1     0     0   -14.0   35.293  126.352    548.1    950.7
     1     1    21    11    29     0     0     0   -15.0   35.203  126.289    577.7    948.5
     1     1    21    11    28    23     0     0   -16.0   35.118  126.224    608.1    945.6
     1     1    21    11    28    22     0     0   -17.0   35.030  126.165    636.8    943.0
     1     1    21    11    28    21     0     0   -18.0   34.941  126.114    663.4    940.2
     1     1    21    11    28    20     0     0   -19.0   34.850  126.074    687.9    937.8
     1     1    21    11    28    19     0     0   -20.0   34.757  126.045    710.1    935.7
     1     1    21    11    28    18     0     0   -21.0   34.662  126.028    730.3    933.8
     1     1    21    11    28    17     0     0   -22.0   34.567  126.024    750.2    932.3
     1     1    21    11    28    16     0     0   -23.0   34.474  126.033    771.2    930.5
     1     1    21    11    28    15     0     0   -24.0   34.382  126.052    793.9    928.5
     1     1    21    11    28    14     0     0   -25.0   34.292  126.083    818.3    926.2
     1     1    21    11    28    13     0     0   -26.0   34.203  126.122    844.5    923.8
     1     1    21    11    28    12     0     0   -27.0   34.116  126.171    872.8    921.1
     1     1    21    11    28    11     0     0   -28.0   34.033  126.227    901.5    917.9
     1     1    21    11    28    10     0     0   -29.0   33.957  126.290    929.5    914.9
     1     1    21    11    28     9     0     0   -30.0   33.889  126.360    956.5    911.7
     1     1    21    11    28     8     0     0   -31.0   33.830  126.439    982.3    908.5
     1     1    21    11    28     7     0     0   -32.0   33.781  126.525   1007.2    905.5
     1     1    21    11    28     6     0     0   -33.0   33.743  126.621   1031.5    902.5
     1     1    21    11    28     5     0     0   -34.0   33.713  126.725   1057.7    900.0
     1     1    21    11    28     4     0     0   -35.0   33.690  126.835   1088.5    896.6
     1     1    21    11    28     3     0     0   -36.0   33.674  126.949   1123.4    892.7
     1     1    21    11    28     2     0     0   -37.0   33.669  127.067   1162.1    888.5
     1     1    21    11    28     1     0     0   -38.0   33.676  127.186   1204.4    883.8
     1     1    21    11    28     0     0     0   -39.0   33.698  127.305   1249.6    878.9
     1     1    21    11    27    23     0     0   -40.0   33.739  127.427   1298.5    873.2
     1     1    21    11    27    22     0     0   -41.0   33.801  127.554   1353.1    866.2
     1     1    21    11    27    21     0     0   -42.0   33.884  127.683   1413.9    858.7
     1     1    21    11    27    20     0     0   -43.0   33.988  127.811   1481.5    850.5
     1     1    21    11    27    19     0     0   -44.0   34.112  127.937   1557.2    841.6
     1     1    21    11    27    18     0     0   -45.0   34.258  128.056   1641.9    831.9
     1     1    21    11    27    17     0     0   -46.0   34.427  128.157   1731.3    821.6
     1     1    21    11    27    16     0     0   -47.0   34.616  128.224   1818.9    811.6
     1     1    21    11    27    15     0     0   -48.0   34.827  128.257   1905.0    802.1
     1     1    21    11    27    14     0     0   -49.0   35.058  128.254   1989.6    793.0
     1     1    21    11    27    13     0     0   -50.0   35.305  128.215   2072.4    784.8
     1     1    21    11    27    12     0     0   -51.0   35.567  128.141   2153.2    777.0
     1     1    21    11    27    11     0     0   -52.0   35.843  128.029   2233.9    768.5
     1     1    21    11    27    10     0     0   -53.0   36.134  127.873   2316.7    759.6
     1     1    21    11    27     9     0     0   -54.0   36.439  127.674   2400.9    750.5
     1     1    21    11    27     8     0     0   -55.0   36.756  127.431   2486.1    741.6
     1     1    21    11    27     7     0     0   -56.0   37.079  127.148   2572.6    733.9
     1     1    21    11    27     6     0     0   -57.0   37.405  126.828   2658.1    726.8
     1     1    21    11    27     5     0     0   -58.0   37.733  126.481   2744.1    717.9
     1     1    21    11    27     4     0     0   -59.0   38.066  126.116   2835.4    707.1
     1     1    21    11    27     3     0     0   -60.0   38.409  125.738   2931.6    696.1
     1     1    21    11    27     2     0     0   -61.0   38.767  125.344   3030.0    685.2
     1     1    21    11    27     1     0     0   -62.0   39.149  124.932   3128.0    674.6
     1     1    21    11    27     0     0     0   -63.0   39.557  124.505   3222.4    664.8
     1     1    21    11    26    23     0     0   -64.0   39.986  124.063   3308.1    656.9
     1     1    21    11    26    22     0     0   -65.0   40.418  123.605   3383.6    652.4
     1     1    21    11    26    21     0     0   -66.0   40.839  123.130   3446.1    648.8
     1     1    21    11    26    20     0     0   -67.0   41.246  122.633   3495.0    646.2
     1     1    21    11    26    19     0     0   -68.0   41.633  122.110   3519.7    639.7
     1     1    21    11    26    18     0     0   -69.0   41.998  121.562   3524.5    631.0
     1     1    21    11    26    17     0     0   -70.0   42.358  121.000   3518.9    622.2
     1     1    21    11    26    16     0     0   -71.0   42.730  120.433   3513.6    613.3
     1     1    21    11    26    15     0     0   -72.0   43.115  119.863   3509.8    604.3
     1     1    21    11    26    14     0     0   -73.0   43.517  119.297   3508.1    594.2
     1     1    21    11    26    13     0     0   -74.0   43.941  118.741   3514.4    584.5
     1     1    21    11    26    12     0     0   -75.0   44.393  118.186   3528.8    575.4
     1     1    21    11    26    11     0     0   -76.0   44.866  117.608   3543.5    566.3
     1     1    21    11    26    10     0     0   -77.0   45.329  116.997   3567.7    566.2
     1     1    21    11    26     9     0     0   -78.0   45.757  116.366   3589.2    568.5
     1     1    21    11    26     8     0     0   -79.0   46.146  115.716   3603.3    571.1
     1     1    21    11    26     7     0     0   -80.0   46.498  115.047   3610.3    574.2
     1     1    21    11    26     6     0     0   -81.0   46.815  114.363   3605.5    573.7
     1     1    21    11    26     5     0     0   -82.0   47.111  113.667   3603.8    570.9
     1     1    21    11    26     4     0     0   -83.0   47.400  112.959   3607.2    565.0
     1     1    21    11    26     3     0     0   -84.0   47.682  112.237   3615.5    557.1
     1     1    21    11    26     2     0     0   -85.0   47.959  111.508   3630.4    548.5
     1     1    21    11    26     1     0     0   -86.0   48.229  110.778   3651.7    540.1
     1     1    21    11    26     0     0     0   -87.0   48.492  110.043   3677.3    531.8
     1     1    21    11    25    23     0     0   -88.0   48.746  109.304   3724.6    530.3
     1     1    21    11    25    22     0     0   -89.0   48.989  108.563   3783.4    529.5
     1     1    21    11    25    21     0     0   -90.0   49.214  107.824   3855.3    528.4
     1     1    21    11    25    20     0     0   -91.0   49.421  107.090   3941.1    525.6
     1     1    21    11    25    19     0     0   -92.0   49.613  106.363   4043.1    520.8
     1     1    21    11    25    18     0     0   -93.0   49.788  105.644   4166.2    514.5
     1     1    21    11    25    17     0     0   -94.0   49.955  104.927   4298.1    505.8
     1     1    21    11    25    16     0     0   -95.0   50.136  104.188   4394.3    490.7
     1     1    21    11    25    15     0     0   -96.0   50.337  103.403   4471.9    476.9
