     2     1
    CDC1    21    10     1     0     0
    CDC1    21    11     1     0     0
     1 BACKWARD OMEGA   
  2021    11    20     0   37.500  127.000   500.0
     1 PRESSURE
     1     1    21    11    20     0     0     0     0.0   37.500  127.000    500.0    942.8
     1     1    21    11    19    23     0     0    -1.0   37.517  127.013    502.1    941.9
     1     1    21    11    19    22     0     0    -2.0   37.538  127.033    503.7    941.0
     1     1    21    11    19    21     0     0    -3.0   37.561  127.058    504.8    940.1
     1     1    21    11    19    20     0     0    -4.0   37.588  127.091    505.5    939.1
     1     1    21    11    19    19     0     0    -5.0   37.617  127.130    505.5    938.2
     1     1    21    11    19    18     0     0    -6.0   37.648  127.177    505.0    937.2
     1     1    21    11    19    17     0     0    -7.0   37.686  127.213    504.5    936.4
     1     1    21    11    19    16     0     0    -8.0   37.733  127.219    504.6    935.5
     1     1    21    11    19    15     0     0    -9.0   37.791  127.194    505.6    934.5
     1     1    21    11    19    14     0     0   -10.0   37.858  127.141    507.8    933.4
     1     1    21    11    19    13     0     0   -11.0   37.935  127.060    511.5    932.2
     1     1    21    11    19    12     0     0   -12.0   38.021  126.953    517.1    930.8
     1     1    21    11    19    11     0     0   -13.0   38.114  126.833    527.5    928.9
     1     1    21    11    19    10     0     0   -14.0   38.214  126.712    545.7    925.9
     1     1    21    11    19     9     0     0   -15.0   38.325  126.591    571.7    921.9
     1     1    21    11    19     8     0     0   -16.0   38.449  126.468    606.0    917.0
     1     1    21    11    19     7     0     0   -17.0   38.590  126.341    649.0    910.7
     1     1    21    11    19     6     0     0   -18.0   38.753  126.207    700.5    902.8
     1     1    21    11    19     5     0     0   -19.0   38.927  126.051    758.2    894.6
     1     1    21    11    19     4     0     0   -20.0   39.101  125.867    819.3    886.8
     1     1    21    11    19     3     0     0   -21.0   39.273  125.653    883.8    879.3
     1     1    21    11    19     2     0     0   -22.0   39.441  125.410    950.9    871.7
     1     1    21    11    19     1     0     0   -23.0   39.605  125.139   1019.6    863.9
     1     1    21    11    19     0     0     0   -24.0   39.764  124.841   1088.4    857.1
     1     1    21    11    18    23     0     0   -25.0   39.924  124.511   1153.7    851.2
     1     1    21    11    18    22     0     0   -26.0   40.090  124.147   1211.9    847.6
     1     1    21    11    18    21     0     0   -27.0   40.268  123.756   1263.9    845.5
     1     1    21    11    18    20     0     0   -28.0   40.463  123.344   1312.1    843.6
     1     1    21    11    18    19     0     0   -29.0   40.684  122.911   1360.3    841.5
     1     1    21    11    18    18     0     0   -30.0   40.939  122.454   1413.4    838.2
     1     1    21    11    18    17     0     0   -31.0   41.205  121.975   1459.5    825.9
     1     1    21    11    18    16     0     0   -32.0   41.459  121.482   1492.4    815.0
     1     1    21    11    18    15     0     0   -33.0   41.708  120.967   1513.7    804.0
     1     1    21    11    18    14     0     0   -34.0   41.962  120.423   1525.7    792.2
     1     1    21    11    18    13     0     0   -35.0   42.229  119.841   1530.7    777.8
     1     1    21    11    18    12     0     0   -36.0   42.512  119.214   1534.9    758.6
     1     1    21    11    18    11     0     0   -37.0   42.799  118.557   1553.0    742.2
     1     1    21    11    18    10     0     0   -38.0   43.077  117.883   1586.9    724.7
     1     1    21    11    18     9     0     0   -39.0   43.345  117.195   1635.0    711.3
     1     1    21    11    18     8     0     0   -40.0   43.604  116.504   1695.0    703.5
     1     1    21    11    18     7     0     0   -41.0   43.862  115.809   1761.2    696.7
     1     1    21    11    18     6     0     0   -42.0   44.129  115.104   1834.0    690.9
     1     1    21    11    18     5     0     0   -43.0   44.414  114.392   1913.6    688.8
     1     1    21    11    18     4     0     0   -44.0   44.721  113.673   1998.7    687.2
     1     1    21    11    18     3     0     0   -45.0   45.046  112.937   2086.1    685.0
     1     1    21    11    18     2     0     0   -46.0   45.381  112.173   2166.3    676.1
     1     1    21    11    18     1     0     0   -47.0   45.722  111.371   2239.6    663.1
     1     1    21    11    18     0     0     0   -48.0   46.074  110.525   2314.8    648.1
     1     1    21    11    17    23     0     0   -49.0   46.430  109.640   2395.6    631.7
     1     1    21    11    17    22     0     0   -50.0   46.778  108.733   2483.6    618.5
     1     1    21    11    17    21     0     0   -51.0   47.116  107.806   2567.6    608.0
     1     1    21    11    17    20     0     0   -52.0   47.444  106.861   2641.6    600.8
     1     1    21    11    17    19     0     0   -53.0   47.761  105.916   2705.0    599.4
     1     1    21    11    17    18     0     0   -54.0   48.069  104.987   2754.5    599.6
     1     1    21    11    17    17     0     0   -55.0   48.380  104.051   2784.1    588.3
     1     1    21    11    17    16     0     0   -56.0   48.697  103.070   2822.1    573.7
     1     1    21    11    17    15     0     0   -57.0   49.019  102.024   2866.1    556.7
     1     1    21    11    17    14     0     0   -58.0   49.348  100.895   2915.5    538.4
     1     1    21    11    17    13     0     0   -59.0   49.691   99.673   2979.4    524.9
     1     1    21    11    17    12     0     0   -60.0   50.046   98.397   3076.1    528.5
     1     1    21    11    17    11     0     0   -61.0   50.383   97.123   3167.9    533.7
     1     1    21    11    17    10     0     0   -62.0   50.671   95.875   3257.6    544.2
     1     1    21    11    17     9     0     0   -63.0   50.906   94.643   3329.0    550.4
     1     1    21    11    17     8     0     0   -64.0   51.095   93.391   3373.2    546.6
     1     1    21    11    17     7     0     0   -65.0   51.249   92.096   3413.6    541.2
     1     1    21    11    17     6     0     0   -66.0   51.373   90.745   3445.4    529.1
     1     1    21    11    17     5     0     0   -67.0   51.463   89.335   3493.4    522.7
     1     1    21    11    17     4     0     0   -68.0   51.510   87.889   3546.9    523.6
     1     1    21    11    17     3     0     0   -69.0   51.512   86.460   3618.0    536.9
     1     1    21    11    17     2     0     0   -70.0   51.476   85.088   3686.8    554.2
     1     1    21    11    17     1     0     0   -71.0   51.411   83.783   3741.7    570.4
     1     1    21    11    17     0     0     0   -72.0   51.326   82.547   3787.1    586.4
     1     1    21    11    16    23     0     0   -73.0   51.226   81.364   3795.9    590.4
     1     1    21    11    16    22     0     0   -74.0   51.109   80.220   3797.8    594.4
     1     1    21    11    16    21     0     0   -75.0   50.985   79.104   3787.2    592.1
     1     1    21    11    16    20     0     0   -76.0   50.858   78.007   3780.4    587.5
     1     1    21    11    16    19     0     0   -77.0   50.735   76.928   3784.7    582.8
     1     1    21    11    16    18     0     0   -78.0   50.621   75.875   3800.7    578.2
     1     1    21    11    16    17     0     0   -79.0   50.515   74.838   3820.1    573.7
     1     1    21    11    16    16     0     0   -80.0   50.414   73.812   3833.7    573.2
     1     1    21    11    16    15     0     0   -81.0   50.322   72.806   3836.2    574.2
     1     1    21    11    16    14     0     0   -82.0   50.243   71.824   3830.3    577.3
     1     1    21    11    16    13     0     0   -83.0   50.182   70.875   3817.7    581.6
     1     1    21    11    16    12     0     0   -84.0   50.144   69.965   3801.2    586.1
     1     1    21    11    16    11     0     0   -85.0   50.122   69.130   3790.9    591.6
     1     1    21    11    16    10     0     0   -86.0   50.105   68.388   3788.7    595.3
     1     1    21    11    16     9     0     0   -87.0   50.089   67.720   3794.5    598.0
     1     1    21    11    16     8     0     0   -88.0   50.069   67.111   3805.5    598.9
     1     1    21    11    16     7     0     0   -89.0   50.044   66.546   3821.8    598.6
     1     1    21    11    16     6     0     0   -90.0   50.011   66.015   3843.7    597.7
     1     1    21    11    16     5     0     0   -91.0   49.973   65.498   3865.2    596.3
     1     1    21    11    16     4     0     0   -92.0   49.938   64.983   3882.0    595.7
     1     1    21    11    16     3     0     0   -93.0   49.904   64.468   3890.1    594.3
     1     1    21    11    16     2     0     0   -94.0   49.872   63.950   3892.4    593.5
     1     1    21    11    16     1     0     0   -95.0   49.841   63.424   3889.9    593.0
     1     1    21    11    16     0     0     0   -96.0   49.812   62.882   3883.6    592.9
