     2     1
    CDC1    21     1     1     0     0
    CDC1    21     2     1     0     0
     1 BACKWARD OMEGA   
  2021     2    25    12   37.500  127.000   500.0
     1 PRESSURE
     1     1    21     2    25    12     0     0     0.0   37.500  127.000    500.0    942.4
     1     1    21     2    25    11     0     0    -1.0   37.561  127.191    550.2    935.2
     1     1    21     2    25    10     0     0    -2.0   37.637  127.360    609.5    926.5
     1     1    21     2    25     9     0     0    -3.0   37.729  127.498    676.9    916.1
     1     1    21     2    25     8     0     0    -4.0   37.835  127.595    749.6    905.9
     1     1    21     2    25     7     0     0    -5.0   37.960  127.651    825.7    895.6
     1     1    21     2    25     6     0     0    -6.0   38.108  127.669    904.8    884.9
     1     1    21     2    25     5     0     0    -7.0   38.268  127.651    984.6    873.3
     1     1    21     2    25     4     0     0    -8.0   38.424  127.597   1062.4    862.0
     1     1    21     2    25     3     0     0    -9.0   38.578  127.502   1138.0    850.9
     1     1    21     2    25     2     0     0   -10.0   38.730  127.364   1211.7    841.8
     1     1    21     2    25     1     0     0   -11.0   38.877  127.186   1281.7    833.7
     1     1    21     2    25     0     0     0   -12.0   39.018  126.965   1346.8    825.8
     1     1    21     2    24    23     0     0   -13.0   39.154  126.711   1406.0    818.8
     1     1    21     2    24    22     0     0   -14.0   39.291  126.429   1459.6    813.0
     1     1    21     2    24    21     0     0   -15.0   39.432  126.124   1509.0    808.0
     1     1    21     2    24    20     0     0   -16.0   39.577  125.799   1555.2    803.7
     1     1    21     2    24    19     0     0   -17.0   39.731  125.454   1599.8    799.9
     1     1    21     2    24    18     0     0   -18.0   39.898  125.090   1644.3    796.4
     1     1    21     2    24    17     0     0   -19.0   40.066  124.717   1687.7    793.8
     1     1    21     2    24    16     0     0   -20.0   40.221  124.346   1727.2    792.7
     1     1    21     2    24    15     0     0   -21.0   40.365  123.977   1761.4    792.2
     1     1    21     2    24    14     0     0   -22.0   40.499  123.606   1790.7    792.3
     1     1    21     2    24    13     0     0   -23.0   40.626  123.233   1815.4    793.0
     1     1    21     2    24    12     0     0   -24.0   40.748  122.856   1835.7    794.3
     1     1    21     2    24    11     0     0   -25.0   40.864  122.477   1854.5    795.3
     1     1    21     2    24    10     0     0   -26.0   40.973  122.097   1871.4    790.2
     1     1    21     2    24     9     0     0   -27.0   41.075  121.708   1889.2    784.6
     1     1    21     2    24     8     0     0   -28.0   41.169  121.306   1907.6    778.7
     1     1    21     2    24     7     0     0   -29.0   41.256  120.885   1925.9    772.5
     1     1    21     2    24     6     0     0   -30.0   41.335  120.440   1943.8    765.9
     1     1    21     2    24     5     0     0   -31.0   41.413  119.983   1961.0    758.8
     1     1    21     2    24     4     0     0   -32.0   41.499  119.526   1975.2    747.5
     1     1    21     2    24     3     0     0   -33.0   41.596  119.065   1990.2    735.5
     1     1    21     2    24     2     0     0   -34.0   41.704  118.596   2005.4    722.8
     1     1    21     2    24     1     0     0   -35.0   41.823  118.113   2019.7    709.3
     1     1    21     2    24     0     0     0   -36.0   41.954  117.614   2032.0    695.0
     1     1    21     2    23    23     0     0   -37.0   42.091  117.091   2045.8    683.9
     1     1    21     2    23    22     0     0   -38.0   42.230  116.544   2058.3    674.2
     1     1    21     2    23    21     0     0   -39.0   42.374  115.973   2067.6    665.3
     1     1    21     2    23    20     0     0   -40.0   42.522  115.377   2072.1    657.7
     1     1    21     2    23    19     0     0   -41.0   42.670  114.766   2074.9    657.4
     1     1    21     2    23    18     0     0   -42.0   42.815  114.152   2072.9    662.6
     1     1    21     2    23    17     0     0   -43.0   42.966  113.545   2066.9    668.7
     1     1    21     2    23    16     0     0   -44.0   43.130  112.951   2063.9    674.1
     1     1    21     2    23    15     0     0   -45.0   43.298  112.367   2064.0    678.7
     1     1    21     2    23    14     0     0   -46.0   43.465  111.791   2067.3    681.1
     1     1    21     2    23    13     0     0   -47.0   43.628  111.217   2075.8    682.5
     1     1    21     2    23    12     0     0   -48.0   43.786  110.636   2090.1    682.7
     1     1    21     2    23    11     0     0   -49.0   43.936  110.038   2112.6    681.9
     1     1    21     2    23    10     0     0   -50.0   44.078  109.415   2140.7    676.1
     1     1    21     2    23     9     0     0   -51.0   44.212  108.758   2178.4    668.7
     1     1    21     2    23     8     0     0   -52.0   44.337  108.062   2225.6    660.0
     1     1    21     2    23     7     0     0   -53.0   44.450  107.325   2281.6    650.4
     1     1    21     2    23     6     0     0   -54.0   44.548  106.558   2346.1    640.6
     1     1    21     2    23     5     0     0   -55.0   44.643  105.764   2413.2    630.4
     1     1    21     2    23     4     0     0   -56.0   44.751  104.932   2475.5    620.5
     1     1    21     2    23     3     0     0   -57.0   44.874  104.064   2529.6    609.9
     1     1    21     2    23     2     0     0   -58.0   45.011  103.164   2573.3    598.9
     1     1    21     2    23     1     0     0   -59.0   45.159  102.237   2603.6    588.2
     1     1    21     2    23     0     0     0   -60.0   45.318  101.293   2616.7    576.3
     1     1    21     2    22    23     0     0   -61.0   45.481  100.339   2622.3    564.4
     1     1    21     2    22    22     0     0   -62.0   45.637   99.378   2628.4    556.4
     1     1    21     2    22    21     0     0   -63.0   45.777   98.404   2632.4    551.5
     1     1    21     2    22    20     0     0   -64.0   45.891   97.412   2628.9    548.5
     1     1    21     2    22    19     0     0   -65.0   45.974   96.411   2636.2    557.2
     1     1    21     2    22    18     0     0   -66.0   46.027   95.407   2641.9    566.0
     1     1    21     2    22    17     0     0   -67.0   46.069   94.411   2664.7    575.9
     1     1    21     2    22    16     0     0   -68.0   46.117   93.436   2712.0    582.5
     1     1    21     2    22    15     0     0   -69.0   46.159   92.482   2765.6    587.9
     1     1    21     2    22    14     0     0   -70.0   46.187   91.543   2800.3    590.3
     1     1    21     2    22    13     0     0   -71.0   46.190   90.620   2805.1    595.6
     1     1    21     2    22    12     0     0   -72.0   46.160   89.728   2768.6    605.1
     1     1    21     2    22    11     0     0   -73.0   46.108   88.873   2708.6    619.0
     1     1    21     2    22    10     0     0   -74.0   46.042   88.049   2646.1    631.0
     1     1    21     2    22     9     0     0   -75.0   45.959   87.271   2580.7    642.1
     1     1    21     2    22     8     0     0   -76.0   45.857   86.540   2513.1    650.5
     1     1    21     2    22     7     0     0   -77.0   45.732   85.859   2444.8    657.3
     1     1    21     2    22     6     0     0   -78.0   45.582   85.241   2371.8    662.7
     1     1    21     2    22     5     0     0   -79.0   45.435   84.664   2291.9    665.7
     1     1    21     2    22     4     0     0   -80.0   45.315   84.090   2206.8    667.1
     1     1    21     2    22     3     0     0   -81.0   45.217   83.508   2115.6    668.3
     1     1    21     2    22     2     0     0   -82.0   45.138   82.916   2015.4    669.4
     1     1    21     2    22     1     0     0   -83.0   45.073   82.317   1907.1    673.4
     1     1    21     2    22     0     0     0   -84.0   45.022   81.721   1796.5    683.5
     1     1    21     2    21    23     0     0   -85.0   44.974   81.149   1696.1    694.3
     1     1    21     2    21    22     0     0   -86.0   44.915   80.605   1617.7    700.5
     1     1    21     2    21    21     0     0   -87.0   44.843   80.087   1560.7    703.4
     1     1    21     2    21    20     0     0   -88.0   44.759   79.599   1528.4    710.1
     1     1    21     2    21    19     0     0   -89.0   44.664   79.147   1513.4    715.1
     1     1    21     2    21    18     0     0   -90.0   44.560   78.734   1510.1    717.6
     1     1    21     2    21    17     0     0   -91.0   44.449   78.332   1511.8    718.1
     1     1    21     2    21    16     0     0   -92.0   44.336   77.914   1514.2    718.9
     1     1    21     2    21    15     0     0   -93.0   44.226   77.482   1520.6    719.5
     1     1    21     2    21    14     0     0   -94.0   44.125   77.029   1532.7    719.6
     1     1    21     2    21    13     0     0   -95.0   44.036   76.553   1550.9    720.0
     1     1    21     2    21    12     0     0   -96.0   43.961   76.058   1574.3    721.0
