     2     1
    CDC1    21     5     1     0     0
    CDC1    21     6     1     0     0
     1 BACKWARD OMEGA   
  2021     6    16     6   37.500  127.000   500.0
     1 PRESSURE
     1     1    21     6    16     6     0     0     0.0   37.500  127.000    500.0    928.9
     1     1    21     6    16     5     0     0    -1.0   37.612  127.361    523.1    923.0
     1     1    21     6    16     4     0     0    -2.0   37.729  127.750    544.8    919.5
     1     1    21     6    16     3     0     0    -3.0   37.848  128.161    563.7    918.1
     1     1    21     6    16     2     0     0    -4.0   37.971  128.588    579.1    917.3
     1     1    21     6    16     1     0     0    -5.0   38.100  129.027    590.6    917.0
     1     1    21     6    16     0     0     0    -6.0   38.239  129.473    598.3    917.3
     1     1    21     6    15    23     0     0    -7.0   38.373  129.913    603.9    918.3
     1     1    21     6    15    22     0     0    -8.0   38.489  130.330    609.4    921.4
     1     1    21     6    15    21     0     0    -9.0   38.586  130.718    615.3    925.0
     1     1    21     6    15    20     0     0   -10.0   38.668  131.077    621.7    928.6
     1     1    21     6    15    19     0     0   -11.0   38.737  131.406    628.8    932.0
     1     1    21     6    15    18     0     0   -12.0   38.795  131.709    636.6    935.0
     1     1    21     6    15    17     0     0   -13.0   38.848  131.983    643.2    937.6
     1     1    21     6    15    16     0     0   -14.0   38.900  132.230    647.3    940.6
     1     1    21     6    15    15     0     0   -15.0   38.950  132.451    648.6    943.6
     1     1    21     6    15    14     0     0   -16.0   38.995  132.649    646.6    944.5
     1     1    21     6    15    13     0     0   -17.0   39.034  132.827    642.4    944.9
     1     1    21     6    15    12     0     0   -18.0   39.066  132.986    636.0    945.6
     1     1    21     6    15    11     0     0   -19.0   39.096  133.139    628.5    946.4
     1     1    21     6    15    10     0     0   -20.0   39.134  133.294    621.2    946.9
     1     1    21     6    15     9     0     0   -21.0   39.178  133.453    614.2    947.5
     1     1    21     6    15     8     0     0   -22.0   39.232  133.615    607.4    948.2
     1     1    21     6    15     7     0     0   -23.0   39.294  133.783    601.1    948.9
     1     1    21     6    15     6     0     0   -24.0   39.367  133.959    595.2    949.7
     1     1    21     6    15     5     0     0   -25.0   39.443  134.136    590.5    951.0
     1     1    21     6    15     4     0     0   -26.0   39.514  134.307    587.2    952.2
     1     1    21     6    15     3     0     0   -27.0   39.580  134.474    585.2    953.3
     1     1    21     6    15     2     0     0   -28.0   39.640  134.636    584.8    954.4
     1     1    21     6    15     1     0     0   -29.0   39.693  134.793    585.8    955.3
     1     1    21     6    15     0     0     0   -30.0   39.740  134.947    588.3    956.1
     1     1    21     6    14    23     0     0   -31.0   39.779  135.092    592.1    955.3
     1     1    21     6    14    22     0     0   -32.0   39.809  135.227    597.7    953.7
     1     1    21     6    14    21     0     0   -33.0   39.831  135.350    605.2    951.9
     1     1    21     6    14    20     0     0   -34.0   39.844  135.462    614.6    950.0
     1     1    21     6    14    19     0     0   -35.0   39.850  135.562    626.0    947.9
     1     1    21     6    14    18     0     0   -36.0   39.849  135.650    639.4    945.5
     1     1    21     6    14    17     0     0   -37.0   39.845  135.731    653.1    943.0
     1     1    21     6    14    16     0     0   -38.0   39.843  135.808    665.4    940.9
     1     1    21     6    14    15     0     0   -39.0   39.844  135.882    676.3    939.1
     1     1    21     6    14    14     0     0   -40.0   39.846  135.953    685.6    937.6
     1     1    21     6    14    13     0     0   -41.0   39.850  136.022    693.4    936.2
     1     1    21     6    14    12     0     0   -42.0   39.854  136.088    699.7    935.1
     1     1    21     6    14    11     0     0   -43.0   39.862  136.152    706.2    934.1
     1     1    21     6    14    10     0     0   -44.0   39.878  136.215    714.3    932.8
     1     1    21     6    14     9     0     0   -45.0   39.900  136.276    724.0    931.4
     1     1    21     6    14     8     0     0   -46.0   39.930  136.337    735.4    930.0
     1     1    21     6    14     7     0     0   -47.0   39.967  136.396    748.3    928.6
     1     1    21     6    14     6     0     0   -48.0   40.012  136.456    762.7    926.9
     1     1    21     6    14     5     0     0   -49.0   40.054  136.518    778.8    924.5
     1     1    21     6    14     4     0     0   -50.0   40.082  136.587    798.0    921.7
     1     1    21     6    14     3     0     0   -51.0   40.097  136.663    819.8    918.8
     1     1    21     6    14     2     0     0   -52.0   40.098  136.747    844.2    915.6
     1     1    21     6    14     1     0     0   -53.0   40.086  136.839    871.3    912.2
     1     1    21     6    14     0     0     0   -54.0   40.060  136.940    901.1    908.5
     1     1    21     6    13    23     0     0   -55.0   40.029  137.039    931.5    904.8
     1     1    21     6    13    22     0     0   -56.0   39.999  137.124    958.7    901.4
     1     1    21     6    13    21     0     0   -57.0   39.972  137.195    982.8    898.0
     1     1    21     6    13    20     0     0   -58.0   39.947  137.251   1003.8    895.1
     1     1    21     6    13    19     0     0   -59.0   39.925  137.292   1021.5    892.8
     1     1    21     6    13    18     0     0   -60.0   39.906  137.318   1035.7    891.0
     1     1    21     6    13    17     0     0   -61.0   39.888  137.331   1047.6    889.5
     1     1    21     6    13    16     0     0   -62.0   39.869  137.333   1058.7    888.1
     1     1    21     6    13    15     0     0   -63.0   39.850  137.325   1068.9    886.8
     1     1    21     6    13    14     0     0   -64.0   39.831  137.307   1078.0    885.7
     1     1    21     6    13    13     0     0   -65.0   39.811  137.279   1086.1    884.8
     1     1    21     6    13    12     0     0   -66.0   39.789  137.243   1093.2    884.1
     1     1    21     6    13    11     0     0   -67.0   39.761  137.192   1102.6    883.8
     1     1    21     6    13    10     0     0   -68.0   39.720  137.123   1116.4    882.6
     1     1    21     6    13     9     0     0   -69.0   39.666  137.036   1134.8    881.0
     1     1    21     6    13     8     0     0   -70.0   39.601  136.933   1157.8    878.9
     1     1    21     6    13     7     0     0   -71.0   39.524  136.817   1185.4    876.3
     1     1    21     6    13     6     0     0   -72.0   39.437  136.688   1217.4    873.4
     1     1    21     6    13     5     0     0   -73.0   39.351  136.565   1249.1    869.8
     1     1    21     6    13     4     0     0   -74.0   39.279  136.461   1276.6    867.2
     1     1    21     6    13     3     0     0   -75.0   39.219  136.375   1299.7    865.0
     1     1    21     6    13     2     0     0   -76.0   39.172  136.306   1318.5    863.1
     1     1    21     6    13     1     0     0   -77.0   39.137  136.252   1333.1    861.6
     1     1    21     6    13     0     0     0   -78.0   39.114  136.212   1343.6    860.7
     1     1    21     6    12    23     0     0   -79.0   39.097  136.166   1350.4    860.3
     1     1    21     6    12    22     0     0   -80.0   39.077  136.094   1354.4    860.4
     1     1    21     6    12    21     0     0   -81.0   39.055  135.998   1355.4    861.0
     1     1    21     6    12    20     0     0   -82.0   39.029  135.877   1353.6    862.1
     1     1    21     6    12    19     0     0   -83.0   38.999  135.735   1349.1    863.7
     1     1    21     6    12    18     0     0   -84.0   38.964  135.571   1342.3    865.7
     1     1    21     6    12    17     0     0   -85.0   38.920  135.397   1334.2    867.9
     1     1    21     6    12    16     0     0   -86.0   38.864  135.222   1326.8    869.8
     1     1    21     6    12    15     0     0   -87.0   38.796  135.046   1319.7    871.5
     1     1    21     6    12    14     0     0   -88.0   38.716  134.872   1312.6    872.2
     1     1    21     6    12    13     0     0   -89.0   38.625  134.698   1305.7    872.6
     1     1    21     6    12    12     0     0   -90.0   38.524  134.527   1299.1    872.9
     1     1    21     6    12    11     0     0   -91.0   38.418  134.360   1293.5    873.4
     1     1    21     6    12    10     0     0   -92.0   38.309  134.200   1289.0    873.8
     1     1    21     6    12     9     0     0   -93.0   38.196  134.048   1285.4    874.1
     1     1    21     6    12     8     0     0   -94.0   38.077  133.905   1282.4    874.4
     1     1    21     6    12     7     0     0   -95.0   37.950  133.772   1279.6    874.7
     1     1    21     6    12     6     0     0   -96.0   37.814  133.651   1276.8    875.0
