     2     1
    CDC1    21     4     1     0     0
    CDC1    21     5     1     0     0
     1 BACKWARD OMEGA   
  2021     5    11     6   37.500  127.000   500.0
     1 PRESSURE
     1     1    21     5    11     6     0     0     0.0   37.500  127.000    500.0    936.8
     1     1    21     5    11     5     0     0    -1.0   37.415  127.310    512.1    934.1
     1     1    21     5    11     4     0     0    -2.0   37.337  127.627    525.0    932.3
     1     1    21     5    11     3     0     0    -3.0   37.274  127.944    539.2    932.1
     1     1    21     5    11     2     0     0    -4.0   37.228  128.258    555.0    931.6
     1     1    21     5    11     1     0     0    -5.0   37.200  128.565    573.3    930.7
     1     1    21     5    11     0     0     0    -6.0   37.188  128.865    595.0    929.6
     1     1    21     5    10    23     0     0    -7.0   37.190  129.138    620.0    927.8
     1     1    21     5    10    22     0     0    -8.0   37.199  129.367    647.5    925.3
     1     1    21     5    10    21     0     0    -9.0   37.216  129.551    677.0    922.2
     1     1    21     5    10    20     0     0   -10.0   37.238  129.693    708.0    918.9
     1     1    21     5    10    19     0     0   -11.0   37.266  129.796    740.2    915.5
     1     1    21     5    10    18     0     0   -12.0   37.298  129.863    773.0    911.9
     1     1    21     5    10    17     0     0   -13.0   37.333  129.905    803.7    908.3
     1     1    21     5    10    16     0     0   -14.0   37.367  129.930    829.6    905.4
     1     1    21     5    10    15     0     0   -15.0   37.402  129.938    850.3    903.1
     1     1    21     5    10    14     0     0   -16.0   37.437  129.929    865.6    901.2
     1     1    21     5    10    13     0     0   -17.0   37.472  129.905    875.0    900.0
     1     1    21     5    10    12     0     0   -18.0   37.508  129.866    878.5    899.1
     1     1    21     5    10    11     0     0   -19.0   37.540  129.810    879.7    899.0
     1     1    21     5    10    10     0     0   -20.0   37.566  129.737    881.8    898.3
     1     1    21     5    10     9     0     0   -21.0   37.586  129.646    885.1    897.6
     1     1    21     5    10     8     0     0   -22.0   37.597  129.535    889.6    896.6
     1     1    21     5    10     7     0     0   -23.0   37.598  129.405    895.4    895.6
     1     1    21     5    10     6     0     0   -24.0   37.588  129.255    902.6    894.5
     1     1    21     5    10     5     0     0   -25.0   37.578  129.093    915.3    893.1
     1     1    21     5    10     4     0     0   -26.0   37.582  128.931    937.7    890.2
     1     1    21     5    10     3     0     0   -27.0   37.599  128.767    970.3    885.8
     1     1    21     5    10     2     0     0   -28.0   37.631  128.604   1013.9    880.0
     1     1    21     5    10     1     0     0   -29.0   37.677  128.442   1069.6    872.9
     1     1    21     5    10     0     0     0   -30.0   37.739  128.284   1138.4    864.3
     1     1    21     5     9    23     0     0   -31.0   37.821  128.116   1210.5    853.9
     1     1    21     5     9    22     0     0   -32.0   37.926  127.929   1274.7    844.9
     1     1    21     5     9    21     0     0   -33.0   38.056  127.716   1329.2    835.9
     1     1    21     5     9    20     0     0   -34.0   38.214  127.471   1373.3    827.7
     1     1    21     5     9    19     0     0   -35.0   38.394  127.197   1407.9    822.7
     1     1    21     5     9    18     0     0   -36.0   38.593  126.896   1432.4    819.0
     1     1    21     5     9    17     0     0   -37.0   38.800  126.572   1459.7    816.2
     1     1    21     5     9    16     0     0   -38.0   39.002  126.228   1502.2    811.2
     1     1    21     5     9    15     0     0   -39.0   39.199  125.869   1559.4    805.3
     1     1    21     5     9    14     0     0   -40.0   39.392  125.498   1631.6    798.3
     1     1    21     5     9    13     0     0   -41.0   39.581  125.117   1719.4    790.2
     1     1    21     5     9    12     0     0   -42.0   39.766  124.727   1821.1    780.9
     1     1    21     5     9    11     0     0   -43.0   39.952  124.328   1927.3    771.6
     1     1    21     5     9    10     0     0   -44.0   40.148  123.924   2031.2    764.5
     1     1    21     5     9     9     0     0   -45.0   40.353  123.518   2132.2    758.0
     1     1    21     5     9     8     0     0   -46.0   40.565  123.111   2231.5    751.4
     1     1    21     5     9     7     0     0   -47.0   40.784  122.700   2331.4    744.5
     1     1    21     5     9     6     0     0   -48.0   41.008  122.280   2429.6    734.3
     1     1    21     5     9     5     0     0   -49.0   41.240  121.850   2520.0    720.9
     1     1    21     5     9     4     0     0   -50.0   41.481  121.417   2597.8    708.1
     1     1    21     5     9     3     0     0   -51.0   41.733  120.979   2662.1    695.6
     1     1    21     5     9     2     0     0   -52.0   41.997  120.538   2712.0    683.3
     1     1    21     5     9     1     0     0   -53.0   42.276  120.096   2746.3    671.1
     1     1    21     5     9     0     0     0   -54.0   42.576  119.650   2761.1    657.7
     1     1    21     5     8    23     0     0   -55.0   42.888  119.187   2768.6    647.6
     1     1    21     5     8    22     0     0   -56.0   43.194  118.699   2780.9    637.1
     1     1    21     5     8    21     0     0   -57.0   43.493  118.188   2798.5    626.7
     1     1    21     5     8    20     0     0   -58.0   43.779  117.653   2823.8    616.0
     1     1    21     5     8    19     0     0   -59.0   44.055  117.096   2864.2    609.9
     1     1    21     5     8    18     0     0   -60.0   44.322  116.519   2912.6    606.1
     1     1    21     5     8    17     0     0   -61.0   44.590  115.935   2953.5    603.2
     1     1    21     5     8    16     0     0   -62.0   44.862  115.365   2979.5    603.3
     1     1    21     5     8    15     0     0   -63.0   45.135  114.814   2993.4    605.8
     1     1    21     5     8    14     0     0   -64.0   45.412  114.287   2998.6    609.0
     1     1    21     5     8    13     0     0   -65.0   45.695  113.782   2998.6    611.0
     1     1    21     5     8    12     0     0   -66.0   45.983  113.297   2997.7    611.5
     1     1    21     5     8    11     0     0   -67.0   46.275  112.822   3003.7    610.2
     1     1    21     5     8    10     0     0   -68.0   46.568  112.346   3020.1    605.4
     1     1    21     5     8     9     0     0   -69.0   46.867  111.863   3040.3    598.0
     1     1    21     5     8     8     0     0   -70.0   47.171  111.369   3061.0    589.4
     1     1    21     5     8     7     0     0   -71.0   47.479  110.864   3077.0    580.1
     1     1    21     5     8     6     0     0   -72.0   47.792  110.358   3091.1    573.8
     1     1    21     5     8     5     0     0   -73.0   48.118  109.873   3098.2    570.2
     1     1    21     5     8     4     0     0   -74.0   48.464  109.423   3098.4    572.5
     1     1    21     5     8     3     0     0   -75.0   48.820  109.001   3085.7    576.5
     1     1    21     5     8     2     0     0   -76.0   49.179  108.599   3061.6    581.9
     1     1    21     5     8     1     0     0   -77.0   49.536  108.204   3028.2    588.7
     1     1    21     5     8     0     0     0   -78.0   49.885  107.806   2987.6    596.5
     1     1    21     5     7    23     0     0   -79.0   50.219  107.423   2955.8    606.5
     1     1    21     5     7    22     0     0   -80.0   50.535  107.081   2938.8    613.4
     1     1    21     5     7    21     0     0   -81.0   50.829  106.779   2934.3    618.8
     1     1    21     5     7    20     0     0   -82.0   51.097  106.520   2937.4    623.2
     1     1    21     5     7    19     0     0   -83.0   51.336  106.308   2944.8    626.7
     1     1    21     5     7    18     0     0   -84.0   51.542  106.143   2953.8    629.4
     1     1    21     5     7    17     0     0   -85.0   51.747  106.001   2970.9    632.1
     1     1    21     5     7    16     0     0   -86.0   51.980  105.851   3003.6    633.4
     1     1    21     5     7    15     0     0   -87.0   52.240  105.691   3052.1    633.9
     1     1    21     5     7    14     0     0   -88.0   52.526  105.521   3116.3    633.1
     1     1    21     5     7    13     0     0   -89.0   52.841  105.328   3192.8    628.8
     1     1    21     5     7    12     0     0   -90.0   53.184  105.103   3287.8    623.9
     1     1    21     5     7    11     0     0   -91.0   53.543  104.861   3378.8    615.3
     1     1    21     5     7    10     0     0   -92.0   53.900  104.633   3453.1    609.3
     1     1    21     5     7     9     0     0   -93.0   54.252  104.425   3514.1    605.5
     1     1    21     5     7     8     0     0   -94.0   54.594  104.248   3563.7    603.7
     1     1    21     5     7     7     0     0   -95.0   54.921  104.109   3603.5    603.2
     1     1    21     5     7     6     0     0   -96.0   55.235  104.014   3631.1    601.6
