     2     1
    CDC1    21     6     1     0     0
    CDC1    21     7     1     0     0
     1 BACKWARD OMEGA   
  2021     7     9    12   37.500  127.000   500.0
     1 PRESSURE
     1     1    21     7     9    12     0     0     0.0   37.500  127.000    500.0    929.9
     1     1    21     7     9    11     0     0    -1.0   37.419  126.925    488.7    931.7
     1     1    21     7     9    10     0     0    -2.0   37.342  126.853    475.8    933.8
     1     1    21     7     9     9     0     0    -3.0   37.269  126.785    461.7    936.0
     1     1    21     7     9     8     0     0    -4.0   37.200  126.719    446.9    938.3
     1     1    21     7     9     7     0     0    -5.0   37.135  126.655    431.5    940.6
     1     1    21     7     9     6     0     0    -6.0   37.074  126.593    415.9    943.0
     1     1    21     7     9     5     0     0    -7.0   37.021  126.536    400.2    945.3
     1     1    21     7     9     4     0     0    -8.0   36.976  126.487    384.2    947.6
     1     1    21     7     9     3     0     0    -9.0   36.941  126.447    368.0    949.5
     1     1    21     7     9     2     0     0   -10.0   36.916  126.416    351.5    951.4
     1     1    21     7     9     1     0     0   -11.0   36.902  126.395    334.7    953.2
     1     1    21     7     9     0     0     0   -12.0   36.897  126.384    317.6    955.1
     1     1    21     7     8    23     0     0   -13.0   36.893  126.380    301.1    956.9
     1     1    21     7     8    22     0     0   -14.0   36.877  126.378    285.9    958.5
     1     1    21     7     8    21     0     0   -15.0   36.850  126.376    271.8    960.0
     1     1    21     7     8    20     0     0   -16.0   36.812  126.376    258.9    961.5
     1     1    21     7     8    19     0     0   -17.0   36.763  126.375    246.9    962.9
     1     1    21     7     8    18     0     0   -18.0   36.703  126.372    235.7    964.3
     1     1    21     7     8    17     0     0   -19.0   36.643  126.366    225.2    965.6
     1     1    21     7     8    16     0     0   -20.0   36.590  126.356    215.3    967.0
     1     1    21     7     8    15     0     0   -21.0   36.545  126.341    206.0    968.3
     1     1    21     7     8    14     0     0   -22.0   36.508  126.323    197.2    969.4
     1     1    21     7     8    13     0     0   -23.0   36.478  126.303    188.9    970.3
     1     1    21     7     8    12     0     0   -24.0   36.456  126.282    180.9    971.2
     1     1    21     7     8    11     0     0   -25.0   36.436  126.258    173.5    972.3
     1     1    21     7     8    10     0     0   -26.0   36.416  126.232    166.6    973.4
     1     1    21     7     8     9     0     0   -27.0   36.394  126.203    160.3    974.4
     1     1    21     7     8     8     0     0   -28.0   36.372  126.171    154.6    975.4
     1     1    21     7     8     7     0     0   -29.0   36.349  126.136    149.4    976.4
     1     1    21     7     8     6     0     0   -30.0   36.325  126.097    144.9    977.3
     1     1    21     7     8     5     0     0   -31.0   36.304  126.056    141.1    978.0
     1     1    21     7     8     4     0     0   -32.0   36.289  126.019    138.3    978.5
     1     1    21     7     8     3     0     0   -33.0   36.281  125.985    136.4    978.9
     1     1    21     7     8     2     0     0   -34.0   36.280  125.956    135.3    979.2
     1     1    21     7     8     1     0     0   -35.0   36.285  125.931    134.9    979.4
     1     1    21     7     8     0     0     0   -36.0   36.298  125.912    135.3    979.4
     1     1    21     7     7    23     0     0   -37.0   36.313  125.893    135.9    979.2
     1     1    21     7     7    22     0     0   -38.0   36.324  125.870    136.5    979.1
     1     1    21     7     7    21     0     0   -39.0   36.332  125.842    137.1    979.0
     1     1    21     7     7    20     0     0   -40.0   36.336  125.809    137.7    978.9
     1     1    21     7     7    19     0     0   -41.0   36.339  125.770    138.3    978.9
     1     1    21     7     7    18     0     0   -42.0   36.338  125.726    138.9    978.9
     1     1    21     7     7    17     0     0   -43.0   36.335  125.682    139.4    979.2
     1     1    21     7     7    16     0     0   -44.0   36.326  125.644    139.6    979.6
     1     1    21     7     7    15     0     0   -45.0   36.312  125.612    139.6    979.9
     1     1    21     7     7    14     0     0   -46.0   36.292  125.586    139.3    980.3
     1     1    21     7     7    13     0     0   -47.0   36.267  125.566    138.8    980.6
     1     1    21     7     7    12     0     0   -48.0   36.235  125.552    138.0    981.0
     1     1    21     7     7    11     0     0   -49.0   36.197  125.540    136.6    981.4
     1     1    21     7     7    10     0     0   -50.0   36.152  125.527    133.9    982.0
     1     1    21     7     7     9     0     0   -51.0   36.099  125.511    130.1    982.7
     1     1    21     7     7     8     0     0   -52.0   36.038  125.493    125.1    983.6
     1     1    21     7     7     7     0     0   -53.0   35.968  125.472    119.0    984.7
     1     1    21     7     7     6     0     0   -54.0   35.890  125.450    111.8    986.0
     1     1    21     7     7     5     0     0   -55.0   35.803  125.429    105.4    987.4
     1     1    21     7     7     4     0     0   -56.0   35.710  125.415    101.8    988.2
     1     1    21     7     7     3     0     0   -57.0   35.609  125.405    101.1    988.7
     1     1    21     7     7     2     0     0   -58.0   35.500  125.399    103.4    988.8
     1     1    21     7     7     1     0     0   -59.0   35.381  125.396    108.9    988.5
     1     1    21     7     7     0     0     0   -60.0   35.253  125.395    117.8    987.9
     1     1    21     7     6    23     0     0   -61.0   35.115  125.381    127.9    986.7
     1     1    21     7     6    22     0     0   -62.0   34.967  125.344    136.6    986.1
     1     1    21     7     6    21     0     0   -63.0   34.808  125.287    143.5    986.0
     1     1    21     7     6    20     0     0   -64.0   34.635  125.213    148.5    986.2
     1     1    21     7     6    19     0     0   -65.0   34.446  125.125    151.5    986.7
     1     1    21     7     6    18     0     0   -66.0   34.241  125.025    152.9    987.4
     1     1    21     7     6    17     0     0   -67.0   34.021  124.926    153.3    988.1
     1     1    21     7     6    16     0     0   -68.0   33.794  124.838    153.5    988.7
     1     1    21     7     6    15     0     0   -69.0   33.561  124.761    154.1    989.3
     1     1    21     7     6    14     0     0   -70.0   33.324  124.696    155.4    989.8
     1     1    21     7     6    13     0     0   -71.0   33.085  124.644    157.8    990.2
     1     1    21     7     6    12     0     0   -72.0   32.846  124.606    161.7    990.5
     1     1    21     7     6    11     0     0   -73.0   32.608  124.570    166.4    990.4
     1     1    21     7     6    10     0     0   -74.0   32.372  124.525    170.8    989.9
     1     1    21     7     6     9     0     0   -75.0   32.138  124.473    174.3    989.2
     1     1    21     7     6     8     0     0   -76.0   31.904  124.415    176.3    988.6
     1     1    21     7     6     7     0     0   -77.0   31.667  124.353    175.9    988.4
     1     1    21     7     6     6     0     0   -78.0   31.426  124.289    172.6    988.4
     1     1    21     7     6     5     0     0   -79.0   31.172  124.224    166.6    988.8
     1     1    21     7     6     4     0     0   -80.0   30.901  124.161    158.3    989.4
     1     1    21     7     6     3     0     0   -81.0   30.613  124.101    147.8    990.1
     1     1    21     7     6     2     0     0   -82.0   30.308  124.046    134.9    991.1
     1     1    21     7     6     1     0     0   -83.0   29.989  123.999    119.2    992.4
     1     1    21     7     6     0     0     0   -84.0   29.662  123.968    101.2    994.9
     1     1    21     7     5    23     0     0   -85.0   29.335  123.958     84.4    997.9
     1     1    21     7     5    22     0     0   -86.0   29.009  123.969     72.2    999.8
     1     1    21     7     5    21     0     0   -87.0   28.683  124.000     64.2   1001.0
     1     1    21     7     5    20     0     0   -88.0   28.357  124.051     60.1   1001.9
     1     1    21     7     5    19     0     0   -89.0   28.035  124.123     59.2   1002.6
     1     1    21     7     5    18     0     0   -90.0   27.718  124.216     61.1   1003.2
     1     1    21     7     5    17     0     0   -91.0   27.411  124.330     64.6   1003.4
     1     1    21     7     5    16     0     0   -92.0   27.119  124.462     68.1   1003.4
     1     1    21     7     5    15     0     0   -93.0   26.842  124.610     71.6   1003.5
     1     1    21     7     5    14     0     0   -94.0   26.579  124.775     75.4   1003.7
     1     1    21     7     5    13     0     0   -95.0   26.331  124.957     79.6   1003.8
     1     1    21     7     5    12     0     0   -96.0   26.097  125.155     84.9   1003.1
