     2     1
    CDC1    21     9     1     0     0
    CDC1    21    10     1     0     0
     1 BACKWARD OMEGA   
  2021    10     1     3   37.500  127.000   500.0
     1 PRESSURE
     1     1    21    10     1     3     0     0     0.0   37.500  127.000    500.0    932.4
     1     1    21    10     1     2     0     0    -1.0   37.534  126.986    493.4    933.2
     1     1    21    10     1     1     0     0    -2.0   37.585  126.979    489.2    933.2
     1     1    21    10     1     0     0     0    -3.0   37.653  126.978    487.5    932.7
     1     1    21     9    30    23     0     0    -4.0   37.726  126.973    486.9    931.5
     1     1    21     9    30    22     0     0    -5.0   37.791  126.954    485.6    930.7
     1     1    21     9    30    21     0     0    -6.0   37.847  126.922    483.7    930.3
     1     1    21     9    30    20     0     0    -7.0   37.896  126.875    481.0    930.1
     1     1    21     9    30    19     0     0    -8.0   37.938  126.815    477.5    930.2
     1     1    21     9    30    18     0     0    -9.0   37.972  126.741    473.1    930.5
     1     1    21     9    30    17     0     0   -10.0   37.999  126.664    469.5    931.4
     1     1    21     9    30    16     0     0   -11.0   38.018  126.593    467.8    932.0
     1     1    21     9    30    15     0     0   -12.0   38.028  126.531    468.2    932.4
     1     1    21     9    30    14     0     0   -13.0   38.030  126.477    470.7    932.6
     1     1    21     9    30    13     0     0   -14.0   38.023  126.432    475.5    932.7
     1     1    21     9    30    12     0     0   -15.0   38.007  126.396    482.5    932.6
     1     1    21     9    30    11     0     0   -16.0   37.991  126.371    490.0    931.8
     1     1    21     9    30    10     0     0   -17.0   37.984  126.356    496.4    931.1
     1     1    21     9    30     9     0     0   -18.0   37.985  126.351    501.4    930.4
     1     1    21     9    30     8     0     0   -19.0   37.997  126.357    505.1    929.6
     1     1    21     9    30     7     0     0   -20.0   38.018  126.372    507.4    928.8
     1     1    21     9    30     6     0     0   -21.0   38.048  126.398    508.2    928.0
     1     1    21     9    30     5     0     0   -22.0   38.089  126.432    509.5    927.4
     1     1    21     9    30     4     0     0   -23.0   38.143  126.472    512.8    926.2
     1     1    21     9    30     3     0     0   -24.0   38.209  126.518    518.6    924.6
     1     1    21     9    30     2     0     0   -25.0   38.287  126.569    527.5    922.4
     1     1    21     9    30     1     0     0   -26.0   38.377  126.625    540.0    919.6
     1     1    21     9    30     0     0     0   -27.0   38.480  126.685    557.0    916.2
     1     1    21     9    29    23     0     0   -28.0   38.598  126.739    577.6    911.6
     1     1    21     9    29    22     0     0   -29.0   38.737  126.777    600.8    906.8
     1     1    21     9    29    21     0     0   -30.0   38.898  126.797    627.0    901.5
     1     1    21     9    29    20     0     0   -31.0   39.083  126.798    656.5    895.2
     1     1    21     9    29    19     0     0   -32.0   39.294  126.777    689.8    888.3
     1     1    21     9    29    18     0     0   -33.0   39.533  126.734    727.3    881.0
     1     1    21     9    29    17     0     0   -34.0   39.785  126.666    770.6    873.2
     1     1    21     9    29    16     0     0   -35.0   40.033  126.573    821.2    865.4
     1     1    21     9    29    15     0     0   -36.0   40.270  126.453    879.6    859.0
     1     1    21     9    29    14     0     0   -37.0   40.494  126.310    944.9    852.2
     1     1    21     9    29    13     0     0   -38.0   40.705  126.147   1017.7    844.6
     1     1    21     9    29    12     0     0   -39.0   40.905  125.969   1098.8    836.7
     1     1    21     9    29    11     0     0   -40.0   41.089  125.775   1179.8    828.7
     1     1    21     9    29    10     0     0   -41.0   41.253  125.564   1249.6    823.3
     1     1    21     9    29     9     0     0   -42.0   41.401  125.340   1307.9    819.1
     1     1    21     9    29     8     0     0   -43.0   41.536  125.104   1354.3    816.3
     1     1    21     9    29     7     0     0   -44.0   41.661  124.860   1387.9    814.9
     1     1    21     9    29     6     0     0   -45.0   41.776  124.613   1407.8    814.7
     1     1    21     9    29     5     0     0   -46.0   41.884  124.374   1418.2    815.8
     1     1    21     9    29     4     0     0   -47.0   41.985  124.155   1423.1    816.6
     1     1    21     9    29     3     0     0   -48.0   42.081  123.955   1422.0    817.9
     1     1    21     9    29     2     0     0   -49.0   42.173  123.776   1414.0    819.5
     1     1    21     9    29     1     0     0   -50.0   42.263  123.619   1398.7    821.7
     1     1    21     9    29     0     0     0   -51.0   42.352  123.486   1375.4    824.4
     1     1    21     9    28    23     0     0   -52.0   42.437  123.359   1346.7    828.3
     1     1    21     9    28    22     0     0   -53.0   42.515  123.221   1314.2    832.4
     1     1    21     9    28    21     0     0   -54.0   42.589  123.070   1279.1    837.5
     1     1    21     9    28    20     0     0   -55.0   42.659  122.900   1241.9    842.6
     1     1    21     9    28    19     0     0   -56.0   42.725  122.710   1203.4    847.7
     1     1    21     9    28    18     0     0   -57.0   42.787  122.499   1164.1    853.0
     1     1    21     9    28    17     0     0   -58.0   42.828  122.271   1127.6    853.6
     1     1    21     9    28    16     0     0   -59.0   42.830  122.029   1101.5    852.3
     1     1    21     9    28    15     0     0   -60.0   42.796  121.776   1083.3    850.1
     1     1    21     9    28    14     0     0   -61.0   42.726  121.511   1071.7    847.2
     1     1    21     9    28    13     0     0   -62.0   42.624  121.236   1065.4    843.7
     1     1    21     9    28    12     0     0   -63.0   42.491  120.952   1063.5    840.1
     1     1    21     9    28    11     0     0   -64.0   42.340  120.663   1066.3    838.6
     1     1    21     9    28    10     0     0   -65.0   42.182  120.371   1072.0    837.4
     1     1    21     9    28     9     0     0   -66.0   42.018  120.079   1082.0    836.4
     1     1    21     9    28     8     0     0   -67.0   41.850  119.787   1095.7    833.5
     1     1    21     9    28     7     0     0   -68.0   41.684  119.497   1114.0    829.8
     1     1    21     9    28     6     0     0   -69.0   41.520  119.212   1137.9    825.9
     1     1    21     9    28     5     0     0   -70.0   41.371  118.936   1165.3    821.4
     1     1    21     9    28     4     0     0   -71.0   41.243  118.672   1193.9    817.1
     1     1    21     9    28     3     0     0   -72.0   41.134  118.421   1223.0    812.8
     1     1    21     9    28     2     0     0   -73.0   41.040  118.182   1252.3    808.5
     1     1    21     9    28     1     0     0   -74.0   40.961  117.956   1281.4    804.0
     1     1    21     9    28     0     0     0   -75.0   40.894  117.742   1309.8    799.5
     1     1    21     9    27    23     0     0   -76.0   40.831  117.538   1340.7    795.3
     1     1    21     9    27    22     0     0   -77.0   40.764  117.343   1376.6    790.7
     1     1    21     9    27    21     0     0   -78.0   40.692  117.158   1416.4    786.1
     1     1    21     9    27    20     0     0   -79.0   40.613  116.985   1459.9    781.5
     1     1    21     9    27    19     0     0   -80.0   40.527  116.825   1507.0    776.8
     1     1    21     9    27    18     0     0   -81.0   40.434  116.680   1557.8    772.1
     1     1    21     9    27    17     0     0   -82.0   40.353  116.556   1611.7    767.1
     1     1    21     9    27    16     0     0   -83.0   40.302  116.453   1669.4    761.6
     1     1    21     9    27    15     0     0   -84.0   40.282  116.367   1732.4    754.8
     1     1    21     9    27    14     0     0   -85.0   40.296  116.290   1802.2    746.9
     1     1    21     9    27    13     0     0   -86.0   40.343  116.218   1880.3    737.8
     1     1    21     9    27    12     0     0   -87.0   40.424  116.143   1968.4    727.3
     1     1    21     9    27    11     0     0   -88.0   40.527  116.043   2063.9    715.5
     1     1    21     9    27    10     0     0   -89.0   40.635  115.895   2160.2    703.2
     1     1    21     9    27     9     0     0   -90.0   40.745  115.696   2257.0    690.0
     1     1    21     9    27     8     0     0   -91.0   40.855  115.442   2352.7    676.6
     1     1    21     9    27     7     0     0   -92.0   40.966  115.131   2445.5    663.2
     1     1    21     9    27     6     0     0   -93.0   41.076  114.763   2533.9    651.4
     1     1    21     9    27     5     0     0   -94.0   41.187  114.349   2614.2    641.5
     1     1    21     9    27     4     0     0   -95.0   41.300  113.900   2688.6    632.6
     1     1    21     9    27     3     0     0   -96.0   41.415  113.418   2758.7    625.0
