     2     1
    CDC1    20    12     1     0     0
    CDC1    21     1     1     0     0
     1 BACKWARD OMEGA   
  2021     1     3     9   37.500  127.000   500.0
     1 PRESSURE
     1     1    21     1     3     9     0     0     0.0   37.500  127.000    500.0    948.6
     1     1    21     1     3     8     0     0    -1.0   37.605  126.719    542.1    943.5
     1     1    21     1     3     7     0     0    -2.0   37.712  126.414    582.1    939.2
     1     1    21     1     3     6     0     0    -3.0   37.820  126.085    620.0    935.5
     1     1    21     1     3     5     0     0    -4.0   37.932  125.747    658.7    931.8
     1     1    21     1     3     4     0     0    -5.0   38.047  125.410    701.3    927.2
     1     1    21     1     3     3     0     0    -6.0   38.166  125.074    748.3    922.4
     1     1    21     1     3     2     0     0    -7.0   38.289  124.737    799.8    916.6
     1     1    21     1     3     1     0     0    -8.0   38.414  124.399    856.1    910.5
     1     1    21     1     3     0     0     0    -9.0   38.541  124.058    917.4    904.3
     1     1    21     1     2    23     0     0   -10.0   38.674  123.701    979.2    897.1
     1     1    21     1     2    22     0     0   -11.0   38.813  123.325   1037.3    891.4
     1     1    21     1     2    21     0     0   -12.0   38.955  122.933   1091.3    887.0
     1     1    21     1     2    20     0     0   -13.0   39.098  122.527   1141.4    883.8
     1     1    21     1     2    19     0     0   -14.0   39.242  122.112   1187.1    878.1
     1     1    21     1     2    18     0     0   -15.0   39.386  121.688   1230.6    872.2
     1     1    21     1     2    17     0     0   -16.0   39.533  121.263   1273.8    866.2
     1     1    21     1     2    16     0     0   -17.0   39.688  120.842   1318.4    859.5
     1     1    21     1     2    15     0     0   -18.0   39.854  120.420   1364.9    852.3
     1     1    21     1     2    14     0     0   -19.0   40.034  119.990   1413.1    844.1
     1     1    21     1     2    13     0     0   -20.0   40.231  119.545   1458.3    827.6
     1     1    21     1     2    12     0     0   -21.0   40.444  119.075   1504.2    810.0
     1     1    21     1     2    11     0     0   -22.0   40.667  118.568   1547.1    790.8
     1     1    21     1     2    10     0     0   -23.0   40.890  118.012   1583.1    771.3
     1     1    21     1     2     9     0     0   -24.0   41.117  117.405   1612.8    751.1
     1     1    21     1     2     8     0     0   -25.0   41.353  116.747   1639.0    732.8
     1     1    21     1     2     7     0     0   -26.0   41.604  116.040   1663.2    715.4
     1     1    21     1     2     6     0     0   -27.0   41.874  115.281   1687.7    698.6
     1     1    21     1     2     5     0     0   -28.0   42.153  114.490   1721.4    689.1
     1     1    21     1     2     4     0     0   -29.0   42.425  113.693   1766.2    685.4
     1     1    21     1     2     3     0     0   -30.0   42.685  112.909   1817.8    686.6
     1     1    21     1     2     2     0     0   -31.0   42.932  112.160   1868.7    687.3
     1     1    21     1     2     1     0     0   -32.0   43.167  111.452   1914.8    686.4
     1     1    21     1     2     0     0     0   -33.0   43.393  110.787   1955.7    684.9
     1     1    21     1     1    23     0     0   -34.0   43.618  110.141   1989.7    683.2
     1     1    21     1     1    22     0     0   -35.0   43.844  109.486   2013.6    678.5
     1     1    21     1     1    21     0     0   -36.0   44.069  108.810   2033.7    672.9
     1     1    21     1     1    20     0     0   -37.0   44.296  108.109   2055.5    666.6
     1     1    21     1     1    19     0     0   -38.0   44.525  107.376   2083.5    659.5
     1     1    21     1     1    18     0     0   -39.0   44.757  106.608   2121.5    651.7
     1     1    21     1     1    17     0     0   -40.0   44.988  105.833   2164.5    642.5
     1     1    21     1     1    16     0     0   -41.0   45.218  105.085   2204.6    635.1
     1     1    21     1     1    15     0     0   -42.0   45.445  104.373   2237.7    626.9
     1     1    21     1     1    14     0     0   -43.0   45.669  103.694   2265.1    618.5
     1     1    21     1     1    13     0     0   -44.0   45.893  103.045   2289.0    610.0
     1     1    21     1     1    12     0     0   -45.0   46.120  102.418   2311.0    600.9
     1     1    21     1     1    11     0     0   -46.0   46.350  101.794   2334.7    589.4
     1     1    21     1     1    10     0     0   -47.0   46.582  101.151   2365.7    575.9
     1     1    21     1     1     9     0     0   -48.0   46.814  100.484   2402.0    560.8
     1     1    21     1     1     8     0     0   -49.0   47.046   99.789   2443.9    546.9
     1     1    21     1     1     7     0     0   -50.0   47.273   99.073   2491.9    538.6
     1     1    21     1     1     6     0     0   -51.0   47.490   98.336   2533.2    531.1
     1     1    21     1     1     5     0     0   -52.0   47.697   97.589   2574.0    529.5
     1     1    21     1     1     4     0     0   -53.0   47.887   96.859   2619.1    536.0
     1     1    21     1     1     3     0     0   -54.0   48.055   96.151   2656.6    543.7
     1     1    21     1     1     2     0     0   -55.0   48.201   95.457   2685.1    551.8
     1     1    21     1     1     1     0     0   -56.0   48.324   94.766   2701.8    558.5
     1     1    21     1     1     0     0     0   -57.0   48.424   94.064   2702.2    561.6
     1     1    20    12    31    23     0     0   -58.0   48.501   93.356   2695.0    564.8
     1     1    20    12    31    22     0     0   -59.0   48.554   92.644   2686.7    567.0
     1     1    20    12    31    21     0     0   -60.0   48.588   91.915   2674.8    564.8
     1     1    20    12    31    20     0     0   -61.0   48.609   91.155   2665.0    561.0
     1     1    20    12    31    19     0     0   -62.0   48.615   90.350   2659.0    556.6
     1     1    20    12    31    18     0     0   -63.0   48.608   89.499   2665.1    557.4
     1     1    20    12    31    17     0     0   -64.0   48.609   88.602   2670.6    562.1
     1     1    20    12    31    16     0     0   -65.0   48.626   87.662   2659.1    569.0
     1     1    20    12    31    15     0     0   -66.0   48.656   86.696   2648.4    587.4
     1     1    20    12    31    14     0     0   -67.0   48.697   85.725   2632.9    608.5
     1     1    20    12    31    13     0     0   -68.0   48.740   84.751   2612.7    629.4
     1     1    20    12    31    12     0     0   -69.0   48.784   83.774   2589.5    648.0
     1     1    20    12    31    11     0     0   -70.0   48.837   82.806   2569.9    666.0
     1     1    20    12    31    10     0     0   -71.0   48.913   81.850   2541.2    676.4
     1     1    20    12    31     9     0     0   -72.0   49.032   80.899   2507.0    683.8
     1     1    20    12    31     8     0     0   -73.0   49.205   79.947   2473.4    691.6
     1     1    20    12    31     7     0     0   -74.0   49.435   78.991   2436.9    694.6
     1     1    20    12    31     6     0     0   -75.0   49.727   78.024   2406.4    696.0
     1     1    20    12    31     5     0     0   -76.0   50.065   77.049   2384.7    697.0
     1     1    20    12    31     4     0     0   -77.0   50.419   76.111   2377.0    703.5
     1     1    20    12    31     3     0     0   -78.0   50.791   75.230   2372.2    709.0
     1     1    20    12    31     2     0     0   -79.0   51.188   74.396   2369.8    715.2
     1     1    20    12    31     1     0     0   -80.0   51.612   73.601   2367.1    720.4
     1     1    20    12    31     0     0     0   -81.0   52.080   72.826   2364.4    723.8
     1     1    20    12    30    23     0     0   -82.0   52.579   72.056   2365.3    726.8
     1     1    20    12    30    22     0     0   -83.0   53.074   71.314   2371.6    729.2
     1     1    20    12    30    21     0     0   -84.0   53.565   70.617   2387.0    729.9
     1     1    20    12    30    20     0     0   -85.0   54.063   69.959   2412.3    729.2
     1     1    20    12    30    19     0     0   -86.0   54.566   69.335   2446.9    728.0
     1     1    20    12    30    18     0     0   -87.0   55.074   68.743   2487.4    725.6
     1     1    20    12    30    17     0     0   -88.0   55.579   68.187   2526.9    722.5
     1     1    20    12    30    16     0     0   -89.0   56.076   67.665   2559.3    720.9
     1     1    20    12    30    15     0     0   -90.0   56.565   67.175   2585.5    719.8
     1     1    20    12    30    14     0     0   -91.0   57.046   66.711   2607.0    719.0
     1     1    20    12    30    13     0     0   -92.0   57.524   66.266   2626.6    718.1
     1     1    20    12    30    12     0     0   -93.0   58.004   65.839   2643.1    716.4
     1     1    20    12    30    11     0     0   -94.0   58.481   65.446   2655.7    714.9
     1     1    20    12    30    10     0     0   -95.0   58.952   65.102   2665.4    713.6
     1     1    20    12    30     9     0     0   -96.0   59.415   64.810   2670.5    712.2
