     2     1
    CDC1    21     6     1     0     0
    CDC1    21     7     1     0     0
     1 BACKWARD OMEGA   
  2021     7     6    21   37.500  127.000   500.0
     1 PRESSURE
     1     1    21     7     6    21     0     0     0.0   37.500  127.000    500.0    932.5
     1     1    21     7     6    20     0     0    -1.0   37.449  126.939    488.5    934.0
     1     1    21     7     6    19     0     0    -2.0   37.407  126.857    475.0    936.0
     1     1    21     7     6    18     0     0    -3.0   37.374  126.754    459.6    938.3
     1     1    21     7     6    17     0     0    -4.0   37.342  126.646    443.3    940.9
     1     1    21     7     6    16     0     0    -5.0   37.303  126.543    426.1    943.6
     1     1    21     7     6    15     0     0    -6.0   37.257  126.445    408.6    946.3
     1     1    21     7     6    14     0     0    -7.0   37.205  126.352    391.0    949.1
     1     1    21     7     6    13     0     0    -8.0   37.144  126.264    373.5    951.6
     1     1    21     7     6    12     0     0    -9.0   37.077  126.179    356.3    953.9
     1     1    21     7     6    11     0     0   -10.0   37.007  126.098    341.2    955.9
     1     1    21     7     6    10     0     0   -11.0   36.939  126.017    329.8    957.4
     1     1    21     7     6     9     0     0   -12.0   36.874  125.934    321.7    958.5
     1     1    21     7     6     8     0     0   -13.0   36.812  125.850    316.6    959.4
     1     1    21     7     6     7     0     0   -14.0   36.755  125.762    314.4    960.0
     1     1    21     7     6     6     0     0   -15.0   36.703  125.670    314.9    960.2
     1     1    21     7     6     5     0     0   -16.0   36.657  125.582    316.4    960.7
     1     1    21     7     6     4     0     0   -17.0   36.619  125.505    317.1    961.2
     1     1    21     7     6     3     0     0   -18.0   36.588  125.439    316.8    961.8
     1     1    21     7     6     2     0     0   -19.0   36.563  125.386    315.7    962.4
     1     1    21     7     6     1     0     0   -20.0   36.545  125.344    313.5    963.1
     1     1    21     7     6     0     0     0   -21.0   36.533  125.315    310.4    963.7
     1     1    21     7     5    23     0     0   -22.0   36.521  125.290    307.0    964.4
     1     1    21     7     5    22     0     0   -23.0   36.503  125.261    303.8    964.9
     1     1    21     7     5    21     0     0   -24.0   36.479  125.228    300.9    965.5
     1     1    21     7     5    20     0     0   -25.0   36.447  125.189    298.2    966.0
     1     1    21     7     5    19     0     0   -26.0   36.409  125.145    295.9    966.6
     1     1    21     7     5    18     0     0   -27.0   36.363  125.095    294.0    967.2
     1     1    21     7     5    17     0     0   -28.0   36.307  125.047    292.3    967.5
     1     1    21     7     5    16     0     0   -29.0   36.239  125.009    290.7    967.8
     1     1    21     7     5    15     0     0   -30.0   36.158  124.979    289.0    968.0
     1     1    21     7     5    14     0     0   -31.0   36.063  124.958    286.9    968.3
     1     1    21     7     5    13     0     0   -32.0   35.954  124.945    284.3    968.6
     1     1    21     7     5    12     0     0   -33.0   35.832  124.942    280.8    968.9
     1     1    21     7     5    11     0     0   -34.0   35.698  124.942    278.8    970.0
     1     1    21     7     5    10     0     0   -35.0   35.553  124.940    279.9    970.5
     1     1    21     7     5     9     0     0   -36.0   35.397  124.937    284.7    970.6
     1     1    21     7     5     8     0     0   -37.0   35.233  124.937    293.5    970.3
     1     1    21     7     5     7     0     0   -38.0   35.059  124.943    306.8    969.5
     1     1    21     7     5     6     0     0   -39.0   34.877  124.955    324.6    968.3
     1     1    21     7     5     5     0     0   -40.0   34.688  124.970    345.1    966.5
     1     1    21     7     5     4     0     0   -41.0   34.493  124.982    366.5    964.8
     1     1    21     7     5     3     0     0   -42.0   34.293  124.991    388.8    963.0
     1     1    21     7     5     2     0     0   -43.0   34.086  124.995    411.5    960.6
     1     1    21     7     5     1     0     0   -44.0   33.873  124.991    434.3    958.4
     1     1    21     7     5     0     0     0   -45.0   33.653  124.979    457.0    956.2
     1     1    21     7     4    23     0     0   -46.0   33.425  124.952    475.9    954.1
     1     1    21     7     4    22     0     0   -47.0   33.185  124.910    487.9    953.3
     1     1    21     7     4    21     0     0   -48.0   32.933  124.858    493.2    953.3
     1     1    21     7     4    20     0     0   -49.0   32.666  124.802    492.4    954.0
     1     1    21     7     4    19     0     0   -50.0   32.385  124.748    486.3    955.1
     1     1    21     7     4    18     0     0   -51.0   32.088  124.695    476.1    956.2
     1     1    21     7     4    17     0     0   -52.0   31.785  124.641    466.5    957.2
     1     1    21     7     4    16     0     0   -53.0   31.487  124.585    461.5    957.3
     1     1    21     7     4    15     0     0   -54.0   31.194  124.528    460.5    956.8
     1     1    21     7     4    14     0     0   -55.0   30.908  124.470    463.2    955.9
     1     1    21     7     4    13     0     0   -56.0   30.630  124.413    469.6    954.6
     1     1    21     7     4    12     0     0   -57.0   30.362  124.356    479.6    952.9
     1     1    21     7     4    11     0     0   -58.0   30.097  124.299    489.1    951.0
     1     1    21     7     4    10     0     0   -59.0   29.830  124.245    494.2    950.5
     1     1    21     7     4     9     0     0   -60.0   29.564  124.197    495.1    950.7
     1     1    21     7     4     8     0     0   -61.0   29.299  124.158    491.8    951.3
     1     1    21     7     4     7     0     0   -62.0   29.034  124.128    484.2    952.4
     1     1    21     7     4     6     0     0   -63.0   28.769  124.106    472.2    953.9
     1     1    21     7     4     5     0     0   -64.0   28.504  124.084    459.0    956.1
     1     1    21     7     4     4     0     0   -65.0   28.243  124.051    448.1    957.6
     1     1    21     7     4     3     0     0   -66.0   27.986  124.007    439.7    958.9
     1     1    21     7     4     2     0     0   -67.0   27.733  123.954    434.4    959.8
     1     1    21     7     4     1     0     0   -68.0   27.482  123.891    432.3    960.2
     1     1    21     7     4     0     0     0   -69.0   27.239  123.822    434.0    959.7
     1     1    21     7     3    23     0     0   -70.0   26.993  123.755    439.3    958.2
     1     1    21     7     3    22     0     0   -71.0   26.737  123.700    448.3    956.5
     1     1    21     7     3    21     0     0   -72.0   26.469  123.657    461.0    954.4
     1     1    21     7     3    20     0     0   -73.0   26.190  123.628    477.3    952.1
     1     1    21     7     3    19     0     0   -74.0   25.902  123.616    497.7    949.5
     1     1    21     7     3    18     0     0   -75.0   25.604  123.626    522.6    946.6
     1     1    21     7     3    17     0     0   -76.0   25.305  123.654    551.8    943.6
     1     1    21     7     3    16     0     0   -77.0   25.014  123.697    585.2    940.3
     1     1    21     7     3    15     0     0   -78.0   24.733  123.756    621.4    936.5
     1     1    21     7     3    14     0     0   -79.0   24.465  123.826    658.8    932.2
     1     1    21     7     3    13     0     0   -80.0   24.211  123.906    696.9    927.9
     1     1    21     7     3    12     0     0   -81.0   23.970  123.994    735.6    923.7
     1     1    21     7     3    11     0     0   -82.0   23.742  124.086    773.1    919.4
     1     1    21     7     3    10     0     0   -83.0   23.527  124.185    807.6    915.7
     1     1    21     7     3     9     0     0   -84.0   23.323  124.292    838.0    912.5
     1     1    21     7     3     8     0     0   -85.0   23.129  124.408    863.1    909.9
     1     1    21     7     3     7     0     0   -86.0   22.944  124.536    882.1    908.0
     1     1    21     7     3     6     0     0   -87.0   22.768  124.676    894.0    906.9
     1     1    21     7     3     5     0     0   -88.0   22.595  124.832    900.7    906.6
     1     1    21     7     3     4     0     0   -89.0   22.421  125.006    904.9    906.6
     1     1    21     7     3     3     0     0   -90.0   22.245  125.195    906.5    907.1
     1     1    21     7     3     2     0     0   -91.0   22.066  125.395    906.2    907.8
     1     1    21     7     3     1     0     0   -92.0   21.884  125.608    904.3    908.6
     1     1    21     7     3     0     0     0   -93.0   21.698  125.834    901.7    909.4
     1     1    21     7     2    23     0     0   -94.0   21.510  126.070    898.6    910.4
     1     1    21     7     2    22     0     0   -95.0   21.324  126.310    894.7    911.5
     1     1    21     7     2    21     0     0   -96.0   21.140  126.556    890.2    912.6
