     2     1
    CDC1    21     1     1     0     0
    CDC1    21     2     1     0     0
     1 BACKWARD OMEGA   
  2021     2     7    21   37.500  127.000   500.0
     1 PRESSURE
     1     1    21     2     7    21     0     0     0.0   37.500  127.000    500.0    943.2
     1     1    21     2     7    20     0     0    -1.0   37.808  126.868    545.8    933.6
     1     1    21     2     7    19     0     0    -2.0   38.120  126.739    595.1    923.6
     1     1    21     2     7    18     0     0    -3.0   38.437  126.610    648.9    913.0
     1     1    21     2     7    17     0     0    -4.0   38.748  126.469    703.6    901.6
     1     1    21     2     7    16     0     0    -5.0   39.047  126.311    756.4    891.8
     1     1    21     2     7    15     0     0    -6.0   39.338  126.138    807.0    883.0
     1     1    21     2     7    14     0     0    -7.0   39.626  125.953    856.0    874.8
     1     1    21     2     7    13     0     0    -8.0   39.911  125.757    903.9    867.2
     1     1    21     2     7    12     0     0    -9.0   40.195  125.552    951.7    861.2
     1     1    21     2     7    11     0     0   -10.0   40.478  125.328    999.5    856.5
     1     1    21     2     7    10     0     0   -11.0   40.763  125.082   1046.8    852.4
     1     1    21     2     7     9     0     0   -12.0   41.051  124.817   1093.6    848.8
     1     1    21     2     7     8     0     0   -13.0   41.344  124.536   1139.8    845.5
     1     1    21     2     7     7     0     0   -14.0   41.646  124.244   1186.3    842.1
     1     1    21     2     7     6     0     0   -15.0   41.958  123.947   1233.8    838.5
     1     1    21     2     7     5     0     0   -16.0   42.276  123.652   1284.0    834.3
     1     1    21     2     7     4     0     0   -17.0   42.589  123.360   1338.0    829.7
     1     1    21     2     7     3     0     0   -18.0   42.895  123.067   1394.1    826.7
     1     1    21     2     7     2     0     0   -19.0   43.192  122.773   1449.5    823.0
     1     1    21     2     7     1     0     0   -20.0   43.482  122.476   1503.3    818.1
     1     1    21     2     7     0     0     0   -21.0   43.764  122.169   1552.2    807.0
     1     1    21     2     6    23     0     0   -22.0   44.054  121.835   1599.4    795.3
     1     1    21     2     6    22     0     0   -23.0   44.363  121.466   1643.6    782.8
     1     1    21     2     6    21     0     0   -24.0   44.688  121.059   1685.7    769.2
     1     1    21     2     6    20     0     0   -25.0   45.028  120.611   1726.4    753.9
     1     1    21     2     6    19     0     0   -26.0   45.379  120.125   1766.6    737.2
     1     1    21     2     6    18     0     0   -27.0   45.738  119.610   1809.6    724.5
     1     1    21     2     6    17     0     0   -28.0   46.094  119.091   1854.0    714.9
     1     1    21     2     6    16     0     0   -29.0   46.437  118.584   1898.9    707.6
     1     1    21     2     6    15     0     0   -30.0   46.771  118.087   1945.5    702.3
     1     1    21     2     6    14     0     0   -31.0   47.098  117.602   1994.8    698.9
     1     1    21     2     6    13     0     0   -32.0   47.421  117.132   2048.3    697.6
     1     1    21     2     6    12     0     0   -33.0   47.739  116.681   2102.3    695.0
     1     1    21     2     6    11     0     0   -34.0   48.053  116.243   2155.3    691.5
     1     1    21     2     6    10     0     0   -35.0   48.363  115.809   2205.1    688.0
     1     1    21     2     6     9     0     0   -36.0   48.670  115.376   2252.2    684.4
     1     1    21     2     6     8     0     0   -37.0   48.974  114.941   2296.6    679.9
     1     1    21     2     6     7     0     0   -38.0   49.279  114.501   2335.1    670.5
     1     1    21     2     6     6     0     0   -39.0   49.586  114.056   2375.0    660.6
     1     1    21     2     6     5     0     0   -40.0   49.897  113.611   2415.3    650.1
     1     1    21     2     6     4     0     0   -41.0   50.208  113.176   2449.9    640.1
     1     1    21     2     6     3     0     0   -42.0   50.517  112.756   2478.7    631.7
     1     1    21     2     6     2     0     0   -43.0   50.823  112.353   2504.3    625.6
     1     1    21     2     6     1     0     0   -44.0   51.128  111.968   2530.0    622.3
     1     1    21     2     6     0     0     0   -45.0   51.435  111.603   2556.3    620.0
     1     1    21     2     5    23     0     0   -46.0   51.743  111.247   2583.6    618.3
     1     1    21     2     5    22     0     0   -47.0   52.049  110.889   2612.7    617.2
     1     1    21     2     5    21     0     0   -48.0   52.353  110.530   2641.8    617.0
     1     1    21     2     5    20     0     0   -49.0   52.652  110.171   2667.2    615.6
     1     1    21     2     5    19     0     0   -50.0   52.942  109.809   2689.8    614.9
     1     1    21     2     5    18     0     0   -51.0   53.224  109.445   2711.9    616.3
     1     1    21     2     5    17     0     0   -52.0   53.499  109.075   2731.0    618.2
     1     1    21     2     5    16     0     0   -53.0   53.770  108.691   2747.7    620.5
     1     1    21     2     5    15     0     0   -54.0   54.037  108.291   2761.2    623.4
     1     1    21     2     5    14     0     0   -55.0   54.300  107.873   2771.8    626.8
     1     1    21     2     5    13     0     0   -56.0   54.561  107.436   2779.3    630.5
     1     1    21     2     5    12     0     0   -57.0   54.820  106.977   2783.3    634.0
     1     1    21     2     5    11     0     0   -58.0   55.076  106.496   2788.2    639.0
     1     1    21     2     5    10     0     0   -59.0   55.328  105.990   2790.7    644.5
     1     1    21     2     5     9     0     0   -60.0   55.573  105.456   2792.0    649.7
     1     1    21     2     5     8     0     0   -61.0   55.811  104.898   2791.2    653.8
     1     1    21     2     5     7     0     0   -62.0   56.039  104.320   2785.6    654.7
     1     1    21     2     5     6     0     0   -63.0   56.257  103.726   2780.8    656.3
     1     1    21     2     5     5     0     0   -64.0   56.466  103.111   2776.1    658.4
     1     1    21     2     5     4     0     0   -65.0   56.666  102.473   2773.9    660.8
     1     1    21     2     5     3     0     0   -66.0   56.858  101.813   2773.5    662.2
     1     1    21     2     5     2     0     0   -67.0   57.041  101.133   2779.1    664.3
     1     1    21     2     5     1     0     0   -68.0   57.213  100.434   2792.5    666.9
     1     1    21     2     5     0     0     0   -69.0   57.372   99.719   2814.4    669.0
     1     1    21     2     4    23     0     0   -70.0   57.518   99.005   2839.1    669.7
     1     1    21     2     4    22     0     0   -71.0   57.653   98.307   2852.3    668.6
     1     1    21     2     4    21     0     0   -72.0   57.783   97.625   2859.1    668.3
     1     1    21     2     4    20     0     0   -73.0   57.912   96.958   2856.6    667.3
     1     1    21     2     4    19     0     0   -74.0   58.046   96.307   2846.4    666.7
     1     1    21     2     4    18     0     0   -75.0   58.186   95.673   2829.4    666.8
     1     1    21     2     4    17     0     0   -76.0   58.333   95.037   2812.4    667.9
     1     1    21     2     4    16     0     0   -77.0   58.483   94.381   2800.7    667.9
     1     1    21     2     4    15     0     0   -78.0   58.636   93.713   2792.9    667.6
     1     1    21     2     4    14     0     0   -79.0   58.791   93.038   2787.3    667.3
     1     1    21     2     4    13     0     0   -80.0   58.947   92.365   2782.4    667.2
     1     1    21     2     4    12     0     0   -81.0   59.103   91.700   2776.5    668.0
     1     1    21     2     4    11     0     0   -82.0   59.255   91.050   2767.3    669.4
     1     1    21     2     4    10     0     0   -83.0   59.397   90.418   2755.3    671.0
     1     1    21     2     4     9     0     0   -84.0   59.528   89.801   2744.2    672.9
     1     1    21     2     4     8     0     0   -85.0   59.647   89.200   2737.3    675.1
     1     1    21     2     4     7     0     0   -86.0   59.753   88.613   2736.3    676.8
     1     1    21     2     4     6     0     0   -87.0   59.845   88.042   2743.6    677.6
     1     1    21     2     4     5     0     0   -88.0   59.936   87.475   2751.7    677.6
     1     1    21     2     4     4     0     0   -89.0   60.036   86.900   2753.6    679.4
     1     1    21     2     4     3     0     0   -90.0   60.145   86.307   2745.3    682.4
     1     1    21     2     4     2     0     0   -91.0   60.257   85.689   2723.9    686.8
     1     1    21     2     4     1     0     0   -92.0   60.368   85.044   2688.0    692.4
     1     1    21     2     4     0     0     0   -93.0   60.475   84.372   2637.4    698.9
     1     1    21     2     3    23     0     0   -94.0   60.585   83.699   2586.2    706.1
     1     1    21     2     3    22     0     0   -95.0   60.701   83.056   2546.8    710.8
     1     1    21     2     3    21     0     0   -96.0   60.822   82.444   2517.2    714.1
