     2     1
    CDC1    21    10     1     0     0
    CDC1    21    11     1     0     0
     1 BACKWARD OMEGA   
  2021    11    10    18   37.500  127.000   500.0
     1 PRESSURE
     1     1    21    11    10    18     0     0     0.0   37.500  127.000    500.0    930.9
     1     1    21    11    10    17     0     0    -1.0   37.706  126.609    515.6    928.0
     1     1    21    11    10    16     0     0    -2.0   37.931  126.230    533.2    924.6
     1     1    21    11    10    15     0     0    -3.0   38.175  125.862    552.7    920.9
     1     1    21    11    10    14     0     0    -4.0   38.436  125.505    574.3    917.0
     1     1    21    11    10    13     0     0    -5.0   38.713  125.156    597.8    912.9
     1     1    21    11    10    12     0     0    -6.0   39.005  124.812    624.2    908.8
     1     1    21    11    10    11     0     0    -7.0   39.308  124.460    654.4    904.4
     1     1    21    11    10    10     0     0    -8.0   39.626  124.098    688.8    900.2
     1     1    21    11    10     9     0     0    -9.0   39.962  123.731    728.6    896.1
     1     1    21    11    10     8     0     0   -10.0   40.322  123.371    773.3    892.4
     1     1    21    11    10     7     0     0   -11.0   40.708  123.023    821.3    888.2
     1     1    21    11    10     6     0     0   -12.0   41.125  122.689    874.3    883.0
     1     1    21    11    10     5     0     0   -13.0   41.575  122.369    929.9    874.4
     1     1    21    11    10     4     0     0   -14.0   42.059  122.066    982.8    860.6
     1     1    21    11    10     3     0     0   -15.0   42.584  121.778   1032.8    846.2
     1     1    21    11    10     2     0     0   -16.0   43.141  121.508   1075.5    836.1
     1     1    21    11    10     1     0     0   -17.0   43.719  121.259   1104.9    827.5
     1     1    21    11    10     0     0     0   -18.0   44.321  121.032   1119.4    820.1
     1     1    21    11     9    23     0     0   -19.0   44.943  120.819   1122.1    814.4
     1     1    21    11     9    22     0     0   -20.0   45.573  120.619   1117.5    807.3
     1     1    21    11     9    21     0     0   -21.0   46.202  120.438   1110.8    801.1
     1     1    21    11     9    20     0     0   -22.0   46.824  120.277   1102.3    796.0
     1     1    21    11     9    19     0     0   -23.0   47.437  120.134   1092.6    791.9
     1     1    21    11     9    18     0     0   -24.0   48.032  120.007   1084.2    790.5
     1     1    21    11     9    17     0     0   -25.0   48.605  119.913   1077.3    790.9
     1     1    21    11     9    16     0     0   -26.0   49.161  119.873   1069.7    791.9
     1     1    21    11     9    15     0     0   -27.0   49.702  119.888   1063.5    792.7
     1     1    21    11     9    14     0     0   -28.0   50.227  119.958   1061.4    793.5
     1     1    21    11     9    13     0     0   -29.0   50.733  120.066   1066.1    795.1
     1     1    21    11     9    12     0     0   -30.0   51.213  120.194   1077.8    796.4
     1     1    21    11     9    11     0     0   -31.0   51.659  120.328   1095.4    796.3
     1     1    21    11     9    10     0     0   -32.0   52.067  120.462   1119.2    795.7
     1     1    21    11     9     9     0     0   -33.0   52.440  120.597   1149.5    794.4
     1     1    21    11     9     8     0     0   -34.0   52.782  120.720   1183.7    789.6
     1     1    21    11     9     7     0     0   -35.0   53.096  120.810   1221.6    784.1
     1     1    21    11     9     6     0     0   -36.0   53.386  120.861   1263.5    778.5
     1     1    21    11     9     5     0     0   -37.0   53.664  120.870   1307.9    772.0
     1     1    21    11     9     4     0     0   -38.0   53.939  120.834   1355.1    765.4
     1     1    21    11     9     3     0     0   -39.0   54.213  120.753   1406.7    758.2
     1     1    21    11     9     2     0     0   -40.0   54.487  120.629   1464.6    750.3
     1     1    21    11     9     1     0     0   -41.0   54.764  120.464   1531.3    741.5
     1     1    21    11     9     0     0     0   -42.0   55.046  120.262   1609.1    731.9
     1     1    21    11     8    23     0     0   -43.0   55.320  120.001   1691.5    722.7
     1     1    21    11     8    22     0     0   -44.0   55.571  119.660   1764.2    715.1
     1     1    21    11     8    21     0     0   -45.0   55.803  119.245   1826.4    708.3
     1     1    21    11     8    20     0     0   -46.0   56.020  118.768   1877.9    702.3
     1     1    21    11     8    19     0     0   -47.0   56.227  118.240   1918.9    697.2
     1     1    21    11     8    18     0     0   -48.0   56.429  117.672   1950.2    692.8
     1     1    21    11     8    17     0     0   -49.0   56.632  117.060   1970.4    690.2
     1     1    21    11     8    16     0     0   -50.0   56.837  116.396   1975.4    689.8
     1     1    21    11     8    15     0     0   -51.0   57.042  115.685   1965.1    691.1
     1     1    21    11     8    14     0     0   -52.0   57.248  114.930   1939.6    694.2
     1     1    21    11     8    13     0     0   -53.0   57.451  114.135   1901.8    700.8
     1     1    21    11     8    12     0     0   -54.0   57.653  113.310   1854.6    710.0
     1     1    21    11     8    11     0     0   -55.0   57.852  112.451   1808.4    720.3
     1     1    21    11     8    10     0     0   -56.0   58.047  111.545   1773.5    730.5
     1     1    21    11     8     9     0     0   -57.0   58.241  110.603   1748.1    739.7
     1     1    21    11     8     8     0     0   -58.0   58.434  109.639   1730.1    748.4
     1     1    21    11     8     7     0     0   -59.0   58.627  108.663   1717.3    755.8
     1     1    21    11     8     6     0     0   -60.0   58.821  107.683   1707.9    762.3
     1     1    21    11     8     5     0     0   -61.0   59.005  106.687   1695.1    766.3
     1     1    21    11     8     4     0     0   -62.0   59.172  105.653   1676.1    769.3
     1     1    21    11     8     3     0     0   -63.0   59.329  104.580   1652.6    771.5
     1     1    21    11     8     2     0     0   -64.0   59.482  103.465   1626.4    772.9
     1     1    21    11     8     1     0     0   -65.0   59.639  102.309   1599.4    773.3
     1     1    21    11     8     0     0     0   -66.0   59.803  101.113   1574.8    775.6
     1     1    21    11     7    23     0     0   -67.0   59.955   99.873   1549.6    777.7
     1     1    21    11     7    22     0     0   -68.0   60.077   98.594   1524.1    783.8
     1     1    21    11     7    21     0     0   -69.0   60.173   97.284   1498.6    790.2
     1     1    21    11     7    20     0     0   -70.0   60.249   95.953   1474.6    796.4
     1     1    21    11     7    19     0     0   -71.0   60.312   94.609   1453.3    801.5
     1     1    21    11     7    18     0     0   -72.0   60.365   93.260   1435.0    804.5
     1     1    21    11     7    17     0     0   -73.0   60.399   91.917   1416.0    808.1
     1     1    21    11     7    16     0     0   -74.0   60.404   90.595   1389.8    812.9
     1     1    21    11     7    15     0     0   -75.0   60.376   89.302   1355.5    819.7
     1     1    21    11     7    14     0     0   -76.0   60.310   88.046   1312.8    828.5
     1     1    21    11     7    13     0     0   -77.0   60.201   86.834   1262.8    838.4
     1     1    21    11     7    12     0     0   -78.0   60.044   85.673   1207.6    849.4
     1     1    21    11     7    11     0     0   -79.0   59.846   84.550   1151.2    861.2
     1     1    21    11     7    10     0     0   -80.0   59.619   83.446   1098.2    871.0
     1     1    21    11     7     9     0     0   -81.0   59.368   82.354   1050.5    878.9
     1     1    21    11     7     8     0     0   -82.0   59.101   81.261   1008.4    883.5
     1     1    21    11     7     7     0     0   -83.0   58.824   80.157    973.3    886.9
     1     1    21    11     7     6     0     0   -84.0   58.536   79.037    944.8    889.9
     1     1    21    11     7     5     0     0   -85.0   58.255   77.914    921.5    893.3
     1     1    21    11     7     4     0     0   -86.0   57.996   76.804    902.8    896.7
     1     1    21    11     7     3     0     0   -87.0   57.764   75.709    888.0    900.5
     1     1    21    11     7     2     0     0   -88.0   57.558   74.630    876.7    904.2
     1     1    21    11     7     1     0     0   -89.0   57.373   73.570    868.1    905.7
     1     1    21    11     7     0     0     0   -90.0   57.204   72.525    862.5    906.4
     1     1    21    11     6    23     0     0   -91.0   57.044   71.473    859.5    905.6
     1     1    21    11     6    22     0     0   -92.0   56.893   70.388    860.1    904.1
     1     1    21    11     6    21     0     0   -93.0   56.755   69.270    866.0    903.1
     1     1    21    11     6    20     0     0   -94.0   56.632   68.124    877.4    902.2
     1     1    21    11     6    19     0     0   -95.0   56.526   66.954    893.5    900.7
     1     1    21    11     6    18     0     0   -96.0   56.434   65.766    912.1    899.0
