     2     1
    CDC1    21     3     1     0     0
    CDC1    21     4     1     0     0
     1 BACKWARD OMEGA   
  2021     4    22    18   37.500  127.000   500.0
     1 PRESSURE
     1     1    21     4    22    18     0     0     0.0   37.500  127.000    500.0    941.6
     1     1    21     4    22    17     0     0    -1.0   37.317  127.246    481.9    942.8
     1     1    21     4    22    16     0     0    -2.0   37.144  127.488    465.1    943.8
     1     1    21     4    22    15     0     0    -3.0   36.985  127.728    450.0    946.4
     1     1    21     4    22    14     0     0    -4.0   36.842  127.968    436.5    948.7
     1     1    21     4    22    13     0     0    -5.0   36.714  128.209    424.4    950.7
     1     1    21     4    22    12     0     0    -6.0   36.599  128.449    413.3    952.4
     1     1    21     4    22    11     0     0    -7.0   36.493  128.685    403.4    953.9
     1     1    21     4    22    10     0     0    -8.0   36.395  128.918    395.2    955.0
     1     1    21     4    22     9     0     0    -9.0   36.304  129.147    388.7    955.9
     1     1    21     4    22     8     0     0   -10.0   36.219  129.375    383.8    956.5
     1     1    21     4    22     7     0     0   -11.0   36.140  129.603    380.5    956.9
     1     1    21     4    22     6     0     0   -12.0   36.069  129.832    378.8    957.1
     1     1    21     4    22     5     0     0   -13.0   36.011  130.055    379.5    957.6
     1     1    21     4    22     4     0     0   -14.0   35.967  130.263    383.6    958.3
     1     1    21     4    22     3     0     0   -15.0   35.938  130.454    391.2    958.5
     1     1    21     4    22     2     0     0   -16.0   35.919  130.627    402.3    958.1
     1     1    21     4    22     1     0     0   -17.0   35.911  130.782    416.8    957.3
     1     1    21     4    22     0     0     0   -18.0   35.911  130.919    434.9    956.0
     1     1    21     4    21    23     0     0   -19.0   35.914  131.049    455.5    954.1
     1     1    21     4    21    22     0     0   -20.0   35.912  131.179    477.5    952.1
     1     1    21     4    21    21     0     0   -21.0   35.907  131.310    501.0    950.0
     1     1    21     4    21    20     0     0   -22.0   35.900  131.442    526.2    947.7
     1     1    21     4    21    19     0     0   -23.0   35.891  131.574    553.2    945.4
     1     1    21     4    21    18     0     0   -24.0   35.881  131.706    582.2    942.8
     1     1    21     4    21    17     0     0   -25.0   35.876  131.833    612.4    940.4
     1     1    21     4    21    16     0     0   -26.0   35.880  131.949    642.6    937.8
     1     1    21     4    21    15     0     0   -27.0   35.893  132.051    672.7    934.9
     1     1    21     4    21    14     0     0   -28.0   35.914  132.139    702.8    932.2
     1     1    21     4    21    13     0     0   -29.0   35.942  132.211    732.6    929.6
     1     1    21     4    21    12     0     0   -30.0   35.977  132.266    762.0    927.0
     1     1    21     4    21    11     0     0   -31.0   36.021  132.310    791.7    924.5
     1     1    21     4    21    10     0     0   -32.0   36.081  132.345    822.5    921.9
     1     1    21     4    21     9     0     0   -33.0   36.156  132.372    854.3    919.3
     1     1    21     4    21     8     0     0   -34.0   36.245  132.387    886.8    916.9
     1     1    21     4    21     7     0     0   -35.0   36.350  132.391    920.1    914.6
     1     1    21     4    21     6     0     0   -36.0   36.469  132.381    954.3    912.1
     1     1    21     4    21     5     0     0   -37.0   36.598  132.360    990.5    909.0
     1     1    21     4    21     4     0     0   -38.0   36.731  132.329   1030.4    905.5
     1     1    21     4    21     3     0     0   -39.0   36.868  132.286   1073.4    901.5
     1     1    21     4    21     2     0     0   -40.0   37.010  132.229   1119.2    897.1
     1     1    21     4    21     1     0     0   -41.0   37.156  132.155   1167.5    892.4
     1     1    21     4    21     0     0     0   -42.0   37.309  132.061   1217.6    887.5
     1     1    21     4    20    23     0     0   -43.0   37.470  131.948   1266.6    882.3
     1     1    21     4    20    22     0     0   -44.0   37.640  131.819   1310.2    876.6
     1     1    21     4    20    21     0     0   -45.0   37.815  131.679   1348.8    870.7
     1     1    21     4    20    20     0     0   -46.0   37.989  131.528   1382.3    865.0
     1     1    21     4    20    19     0     0   -47.0   38.160  131.366   1410.2    859.7
     1     1    21     4    20    18     0     0   -48.0   38.324  131.191   1432.1    854.7
     1     1    21     4    20    17     0     0   -49.0   38.481  130.999   1451.5    850.2
     1     1    21     4    20    16     0     0   -50.0   38.637  130.787   1470.9    844.9
     1     1    21     4    20    15     0     0   -51.0   38.794  130.558   1491.3    839.1
     1     1    21     4    20    14     0     0   -52.0   38.957  130.317   1513.7    832.7
     1     1    21     4    20    13     0     0   -53.0   39.129  130.070   1538.6    825.6
     1     1    21     4    20    12     0     0   -54.0   39.311  129.821   1567.5    818.8
     1     1    21     4    20    11     0     0   -55.0   39.498  129.569   1597.9    811.8
     1     1    21     4    20    10     0     0   -56.0   39.693  129.307   1625.3    804.9
     1     1    21     4    20     9     0     0   -57.0   39.898  129.030   1649.2    798.0
     1     1    21     4    20     8     0     0   -58.0   40.116  128.733   1668.9    791.0
     1     1    21     4    20     7     0     0   -59.0   40.353  128.412   1684.3    784.2
     1     1    21     4    20     6     0     0   -60.0   40.613  128.063   1694.4    777.6
     1     1    21     4    20     5     0     0   -61.0   40.898  127.691   1704.6    771.3
     1     1    21     4    20     4     0     0   -62.0   41.205  127.300   1725.4    766.8
     1     1    21     4    20     3     0     0   -63.0   41.522  126.892   1755.5    765.3
     1     1    21     4    20     2     0     0   -64.0   41.843  126.471   1790.8    764.0
     1     1    21     4    20     1     0     0   -65.0   42.160  126.036   1829.1    763.2
     1     1    21     4    20     0     0     0   -66.0   42.467  125.589   1868.2    763.1
     1     1    21     4    19    23     0     0   -67.0   42.757  125.144   1910.4    766.8
     1     1    21     4    19    22     0     0   -68.0   43.028  124.711   1954.7    768.4
     1     1    21     4    19    21     0     0   -69.0   43.290  124.292   2001.5    767.9
     1     1    21     4    19    20     0     0   -70.0   43.547  123.889   2052.1    766.2
     1     1    21     4    19    19     0     0   -71.0   43.808  123.502   2107.5    763.3
     1     1    21     4    19    18     0     0   -72.0   44.081  123.131   2169.3    759.3
     1     1    21     4    19    17     0     0   -73.0   44.367  122.760   2231.0    753.9
     1     1    21     4    19    16     0     0   -74.0   44.663  122.370   2282.2    747.1
     1     1    21     4    19    15     0     0   -75.0   44.970  121.943   2323.6    735.4
     1     1    21     4    19    14     0     0   -76.0   45.290  121.464   2360.4    720.2
     1     1    21     4    19    13     0     0   -77.0   45.628  120.927   2402.3    704.2
     1     1    21     4    19    12     0     0   -78.0   45.992  120.326   2457.1    687.3
     1     1    21     4    19    11     0     0   -79.0   46.374  119.664   2532.5    671.8
     1     1    21     4    19    10     0     0   -80.0   46.751  118.956   2623.1    659.8
     1     1    21     4    19     9     0     0   -81.0   47.120  118.210   2719.0    650.3
     1     1    21     4    19     8     0     0   -82.0   47.483  117.427   2813.9    644.0
     1     1    21     4    19     7     0     0   -83.0   47.827  116.618   2893.3    639.1
     1     1    21     4    19     6     0     0   -84.0   48.141  115.797   2946.9    636.1
     1     1    21     4    19     5     0     0   -85.0   48.426  114.976   2980.7    635.0
     1     1    21     4    19     4     0     0   -86.0   48.681  114.154   2997.1    624.4
     1     1    21     4    19     3     0     0   -87.0   48.902  113.315   3012.9    613.1
     1     1    21     4    19     2     0     0   -88.0   49.088  112.454   3028.4    601.6
     1     1    21     4    19     1     0     0   -89.0   49.242  111.574   3048.7    592.3
     1     1    21     4    19     0     0     0   -90.0   49.367  110.681   3068.9    583.0
     1     1    21     4    18    23     0     0   -91.0   49.464  109.782   3087.6    576.9
     1     1    21     4    18    22     0     0   -92.0   49.549  108.901   3112.5    579.7
     1     1    21     4    18    21     0     0   -93.0   49.628  108.043   3129.7    583.4
     1     1    21     4    18    20     0     0   -94.0   49.702  107.203   3137.3    587.0
     1     1    21     4    18    19     0     0   -95.0   49.778  106.367   3137.3    589.2
     1     1    21     4    18    18     0     0   -96.0   49.851  105.524   3135.1    591.2
