     2     1
    CDC1    21     9     1     0     0
    CDC1    21    10     1     0     0
     1 BACKWARD OMEGA   
  2021    10    25    12   37.500  127.000   500.0
     1 PRESSURE
     1     1    21    10    25    12     0     0     0.0   37.500  127.000    500.0    943.6
     1     1    21    10    25    11     0     0    -1.0   37.492  126.898    500.4    944.2
     1     1    21    10    25    10     0     0    -2.0   37.482  126.799    501.5    944.7
     1     1    21    10    25     9     0     0    -3.0   37.472  126.701    503.5    945.1
     1     1    21    10    25     8     0     0    -4.0   37.461  126.604    506.5    945.3
     1     1    21    10    25     7     0     0    -5.0   37.449  126.507    510.8    945.5
     1     1    21    10    25     6     0     0    -6.0   37.436  126.410    516.5    945.4
     1     1    21    10    25     5     0     0    -7.0   37.427  126.311    522.9    945.5
     1     1    21    10    25     4     0     0    -8.0   37.424  126.211    529.1    945.6
     1     1    21    10    25     3     0     0    -9.0   37.426  126.110    534.9    945.8
     1     1    21    10    25     2     0     0   -10.0   37.434  126.008    540.0    946.0
     1     1    21    10    25     1     0     0   -11.0   37.448  125.906    544.3    946.4
     1     1    21    10    25     0     0     0   -12.0   37.467  125.804    547.7    946.8
     1     1    21    10    24    23     0     0   -13.0   37.486  125.696    550.1    947.3
     1     1    21    10    24    22     0     0   -14.0   37.499  125.580    551.6    947.8
     1     1    21    10    24    21     0     0   -15.0   37.509  125.454    552.3    948.4
     1     1    21    10    24    20     0     0   -16.0   37.514  125.319    552.0    949.1
     1     1    21    10    24    19     0     0   -17.0   37.515  125.177    550.7    950.0
     1     1    21    10    24    18     0     0   -18.0   37.513  125.027    548.3    951.0
     1     1    21    10    24    17     0     0   -19.0   37.510  124.879    545.4    951.9
     1     1    21    10    24    16     0     0   -20.0   37.506  124.742    543.3    952.6
     1     1    21    10    24    15     0     0   -21.0   37.501  124.618    541.9    953.2
     1     1    21    10    24    14     0     0   -22.0   37.495  124.505    541.0    953.6
     1     1    21    10    24    13     0     0   -23.0   37.488  124.406    540.6    953.9
     1     1    21    10    24    12     0     0   -24.0   37.482  124.319    540.7    954.1
     1     1    21    10    24    11     0     0   -25.0   37.476  124.239    541.0    954.5
     1     1    21    10    24    10     0     0   -26.0   37.475  124.160    540.6    955.0
     1     1    21    10    24     9     0     0   -27.0   37.477  124.080    539.7    955.5
     1     1    21    10    24     8     0     0   -28.0   37.483  124.000    538.3    956.1
     1     1    21    10    24     7     0     0   -29.0   37.492  123.920    536.3    956.6
     1     1    21    10    24     6     0     0   -30.0   37.506  123.838    533.8    957.2
     1     1    21    10    24     5     0     0   -31.0   37.520  123.758    530.7    958.0
     1     1    21    10    24     4     0     0   -32.0   37.533  123.681    527.5    958.7
     1     1    21    10    24     3     0     0   -33.0   37.546  123.607    524.1    959.6
     1     1    21    10    24     2     0     0   -34.0   37.559  123.536    520.5    960.4
     1     1    21    10    24     1     0     0   -35.0   37.572  123.468    516.8    961.3
     1     1    21    10    24     0     0     0   -36.0   37.586  123.402    513.1    962.2
     1     1    21    10    23    23     0     0   -37.0   37.600  123.334    509.4    962.7
     1     1    21    10    23    22     0     0   -38.0   37.614  123.258    506.0    963.2
     1     1    21    10    23    21     0     0   -39.0   37.627  123.172    502.9    963.7
     1     1    21    10    23    20     0     0   -40.0   37.641  123.077    500.0    964.3
     1     1    21    10    23    19     0     0   -41.0   37.655  122.973    497.5    964.8
     1     1    21    10    23    18     0     0   -42.0   37.668  122.859    495.2    965.4
     1     1    21    10    23    17     0     0   -43.0   37.681  122.742    494.3    966.0
     1     1    21    10    23    16     0     0   -44.0   37.691  122.631    495.6    966.3
     1     1    21    10    23    15     0     0   -45.0   37.700  122.526    499.2    966.3
     1     1    21    10    23    14     0     0   -46.0   37.706  122.427    505.1    965.8
     1     1    21    10    23    13     0     0   -47.0   37.708  122.335    513.5    964.9
     1     1    21    10    23    12     0     0   -48.0   37.706  122.252    524.5    963.8
     1     1    21    10    23    11     0     0   -49.0   37.707  122.171    537.0    962.5
     1     1    21    10    23    10     0     0   -50.0   37.715  122.084    549.9    961.2
     1     1    21    10    23     9     0     0   -51.0   37.732  121.991    563.2    959.9
     1     1    21    10    23     8     0     0   -52.0   37.758  121.893    576.7    958.5
     1     1    21    10    23     7     0     0   -53.0   37.792  121.789    590.3    957.1
     1     1    21    10    23     6     0     0   -54.0   37.835  121.679    604.0    955.6
     1     1    21    10    23     5     0     0   -55.0   37.879  121.572    616.3    954.0
     1     1    21    10    23     4     0     0   -56.0   37.918  121.476    625.8    952.8
     1     1    21    10    23     3     0     0   -57.0   37.952  121.392    632.6    951.9
     1     1    21    10    23     2     0     0   -58.0   37.982  121.317    636.5    951.2
     1     1    21    10    23     1     0     0   -59.0   38.008  121.253    637.7    950.9
     1     1    21    10    23     0     0     0   -60.0   38.031  121.199    636.1    951.0
     1     1    21    10    22    23     0     0   -61.0   38.055  121.148    634.1    951.4
     1     1    21    10    22    22     0     0   -62.0   38.084  121.093    633.9    951.2
     1     1    21    10    22    21     0     0   -63.0   38.118  121.033    635.3    950.8
     1     1    21    10    22    20     0     0   -64.0   38.157  120.967    638.4    950.2
     1     1    21    10    22    19     0     0   -65.0   38.200  120.895    643.2    949.4
     1     1    21    10    22    18     0     0   -66.0   38.248  120.815    649.5    948.4
     1     1    21    10    22    17     0     0   -67.0   38.304  120.738    657.1    947.0
     1     1    21    10    22    16     0     0   -68.0   38.374  120.672    665.5    945.4
     1     1    21    10    22    15     0     0   -69.0   38.456  120.618    674.8    943.7
     1     1    21    10    22    14     0     0   -70.0   38.549  120.577    685.1    941.9
     1     1    21    10    22    13     0     0   -71.0   38.651  120.550    696.4    939.8
     1     1    21    10    22    12     0     0   -72.0   38.762  120.537    709.0    937.6
     1     1    21    10    22    11     0     0   -73.0   38.880  120.533    723.4    935.0
     1     1    21    10    22    10     0     0   -74.0   39.004  120.531    740.5    932.1
     1     1    21    10    22     9     0     0   -75.0   39.134  120.532    760.6    928.8
     1     1    21    10    22     8     0     0   -76.0   39.272  120.538    784.1    925.1
     1     1    21    10    22     7     0     0   -77.0   39.417  120.548    811.2    920.9
     1     1    21    10    22     6     0     0   -78.0   39.569  120.564    842.4    916.3
     1     1    21    10    22     5     0     0   -79.0   39.732  120.587    877.5    911.2
     1     1    21    10    22     4     0     0   -80.0   39.906  120.618    915.0    906.1
     1     1    21    10    22     3     0     0   -81.0   40.092  120.657    954.3    899.4
     1     1    21    10    22     2     0     0   -82.0   40.291  120.699    994.4    891.4
     1     1    21    10    22     1     0     0   -83.0   40.503  120.743   1035.0    883.3
     1     1    21    10    22     0     0     0   -84.0   40.729  120.790   1075.5    875.2
     1     1    21    10    21    23     0     0   -85.0   40.964  120.829   1115.0    867.0
     1     1    21    10    21    22     0     0   -86.0   41.206  120.853   1153.8    859.0
     1     1    21    10    21    21     0     0   -87.0   41.458  120.861   1192.2    850.9
     1     1    21    10    21    20     0     0   -88.0   41.718  120.856   1230.8    842.6
     1     1    21    10    21    19     0     0   -89.0   41.990  120.838   1270.5    833.9
     1     1    21    10    21    18     0     0   -90.0   42.272  120.809   1311.8    824.3
     1     1    21    10    21    17     0     0   -91.0   42.560  120.766   1353.9    815.0
     1     1    21    10    21    16     0     0   -92.0   42.846  120.709   1393.5    808.9
     1     1    21    10    21    15     0     0   -93.0   43.131  120.637   1429.5    803.0
     1     1    21    10    21    14     0     0   -94.0   43.414  120.556   1461.8    797.1
     1     1    21    10    21    13     0     0   -95.0   43.697  120.469   1490.3    791.4
     1     1    21    10    21    12     0     0   -96.0   43.981  120.379   1515.2    785.9
