     2     1
    CDC1    21     8     1     0     0
    CDC1    21     9     1     0     0
     1 BACKWARD OMEGA   
  2021     9    21    18   37.500  127.000   500.0
     1 PRESSURE
     1     1    21     9    21    18     0     0     0.0   37.500  127.000    500.0    929.3
     1     1    21     9    21    17     0     0    -1.0   37.455  126.532    507.6    931.4
     1     1    21     9    21    16     0     0    -2.0   37.408  126.100    514.2    933.3
     1     1    21     9    21    15     0     0    -3.0   37.356  125.699    520.1    934.8
     1     1    21     9    21    14     0     0    -4.0   37.298  125.324    525.9    936.0
     1     1    21     9    21    13     0     0    -5.0   37.233  124.970    532.0    936.9
     1     1    21     9    21    12     0     0    -6.0   37.158  124.635    539.1    936.6
     1     1    21     9    21    11     0     0    -7.0   37.071  124.307    545.0    936.6
     1     1    21     9    21    10     0     0    -8.0   36.972  123.973    546.4    937.2
     1     1    21     9    21     9     0     0    -9.0   36.861  123.634    544.2    938.1
     1     1    21     9    21     8     0     0   -10.0   36.738  123.291    538.8    939.1
     1     1    21     9    21     7     0     0   -11.0   36.606  122.942    531.0    940.3
     1     1    21     9    21     6     0     0   -12.0   36.462  122.586    521.6    941.5
     1     1    21     9    21     5     0     0   -13.0   36.318  122.229    515.0    942.6
     1     1    21     9    21     4     0     0   -14.0   36.187  121.870    514.4    942.3
     1     1    21     9    21     3     0     0   -15.0   36.070  121.506    519.7    941.2
     1     1    21     9    21     2     0     0   -16.0   35.967  121.131    530.7    939.3
     1     1    21     9    21     1     0     0   -17.0   35.880  120.739    547.2    936.7
     1     1    21     9    21     0     0     0   -18.0   35.810  120.323    569.3    933.5
     1     1    21     9    20    23     0     0   -19.0   35.761  119.875    597.2    930.1
     1     1    21     9    20    22     0     0   -20.0   35.730  119.394    630.4    927.2
     1     1    21     9    20    21     0     0   -21.0   35.713  118.886    670.1    923.0
     1     1    21     9    20    20     0     0   -22.0   35.709  118.356    717.1    918.2
     1     1    21     9    20    19     0     0   -23.0   35.715  117.806    773.6    912.5
     1     1    21     9    20    18     0     0   -24.0   35.733  117.239    839.9    904.1
     1     1    21     9    20    17     0     0   -25.0   35.770  116.682    911.4    892.4
     1     1    21     9    20    16     0     0   -26.0   35.840  116.158    984.5    880.5
     1     1    21     9    20    15     0     0   -27.0   35.947  115.664   1060.1    868.0
     1     1    21     9    20    14     0     0   -28.0   36.100  115.199   1139.0    854.9
     1     1    21     9    20    13     0     0   -29.0   36.302  114.757   1218.0    838.4
     1     1    21     9    20    12     0     0   -30.0   36.550  114.335   1293.3    819.5
     1     1    21     9    20    11     0     0   -31.0   36.836  113.933   1364.8    801.0
     1     1    21     9    20    10     0     0   -32.0   37.153  113.547   1432.2    782.5
     1     1    21     9    20     9     0     0   -33.0   37.499  113.171   1497.5    763.8
     1     1    21     9    20     8     0     0   -34.0   37.865  112.806   1560.4    745.3
     1     1    21     9    20     7     0     0   -35.0   38.237  112.457   1620.7    729.2
     1     1    21     9    20     6     0     0   -36.0   38.602  112.121   1677.3    717.0
     1     1    21     9    20     5     0     0   -37.0   38.951  111.810   1725.9    706.5
     1     1    21     9    20     4     0     0   -38.0   39.284  111.534   1769.3    697.7
     1     1    21     9    20     3     0     0   -39.0   39.602  111.289   1811.9    689.7
     1     1    21     9    20     2     0     0   -40.0   39.905  111.071   1857.4    682.2
     1     1    21     9    20     1     0     0   -41.0   40.188  110.881   1911.2    677.7
     1     1    21     9    20     0     0     0   -42.0   40.446  110.717   1972.7    674.2
     1     1    21     9    19    23     0     0   -43.0   40.675  110.572   2033.8    670.8
     1     1    21     9    19    22     0     0   -44.0   40.878  110.439   2086.6    668.8
     1     1    21     9    19    21     0     0   -45.0   41.061  110.319   2133.1    667.0
     1     1    21     9    19    20     0     0   -46.0   41.227  110.214   2174.7    665.6
     1     1    21     9    19    19     0     0   -47.0   41.379  110.128   2212.0    664.5
     1     1    21     9    19    18     0     0   -48.0   41.521  110.060   2245.9    663.6
     1     1    21     9    19    17     0     0   -49.0   41.652  110.011   2277.2    662.6
     1     1    21     9    19    16     0     0   -50.0   41.771  109.976   2306.1    661.5
     1     1    21     9    19    15     0     0   -51.0   41.879  109.956   2331.8    660.6
     1     1    21     9    19    14     0     0   -52.0   41.976  109.950   2354.0    659.9
     1     1    21     9    19    13     0     0   -53.0   42.062  109.957   2372.3    659.4
     1     1    21     9    19    12     0     0   -54.0   42.138  109.978   2386.4    659.3
     1     1    21     9    19    11     0     0   -55.0   42.200  110.001   2396.2    659.5
     1     1    21     9    19    10     0     0   -56.0   42.244  110.015   2403.9    659.5
     1     1    21     9    19     9     0     0   -57.0   42.272  110.020   2409.0    659.6
     1     1    21     9    19     8     0     0   -58.0   42.285  110.015   2411.8    659.8
     1     1    21     9    19     7     0     0   -59.0   42.285  109.999   2412.4    660.0
     1     1    21     9    19     6     0     0   -60.0   42.272  109.972   2410.6    660.2
     1     1    21     9    19     5     0     0   -61.0   42.254  109.943   2407.6    660.1
     1     1    21     9    19     4     0     0   -62.0   42.238  109.921   2403.0    660.1
     1     1    21     9    19     3     0     0   -63.0   42.223  109.908   2397.0    660.3
     1     1    21     9    19     2     0     0   -64.0   42.209  109.903   2389.4    660.6
     1     1    21     9    19     1     0     0   -65.0   42.196  109.908   2380.0    661.2
     1     1    21     9    19     0     0     0   -66.0   42.184  109.923   2368.6    661.9
     1     1    21     9    18    23     0     0   -67.0   42.173  109.945   2360.7    663.6
     1     1    21     9    18    22     0     0   -68.0   42.163  109.971   2358.1    664.4
     1     1    21     9    18    21     0     0   -69.0   42.156  110.000   2362.1    664.6
     1     1    21     9    18    20     0     0   -70.0   42.151  110.032   2372.7    664.2
     1     1    21     9    18    19     0     0   -71.0   42.147  110.066   2390.2    663.2
     1     1    21     9    18    18     0     0   -72.0   42.146  110.102   2414.7    661.6
     1     1    21     9    18    17     0     0   -73.0   42.151  110.138   2441.6    658.7
     1     1    21     9    18    16     0     0   -74.0   42.163  110.171   2467.4    656.5
     1     1    21     9    18    15     0     0   -75.0   42.184  110.201   2491.9    654.5
     1     1    21     9    18    14     0     0   -76.0   42.213  110.228   2515.5    652.7
     1     1    21     9    18    13     0     0   -77.0   42.252  110.250   2538.3    651.1
     1     1    21     9    18    12     0     0   -78.0   42.301  110.266   2560.6    649.7
     1     1    21     9    18    11     0     0   -79.0   42.344  110.261   2583.7    648.5
     1     1    21     9    18    10     0     0   -80.0   42.368  110.223   2606.1    647.2
     1     1    21     9    18     9     0     0   -81.0   42.373  110.152   2628.0    645.9
     1     1    21     9    18     8     0     0   -82.0   42.359  110.048   2649.0    644.6
     1     1    21     9    18     7     0     0   -83.0   42.327  109.914   2668.1    642.5
     1     1    21     9    18     6     0     0   -84.0   42.277  109.747   2685.1    640.0
     1     1    21     9    18     5     0     0   -85.0   42.223  109.573   2706.7    637.4
     1     1    21     9    18     4     0     0   -86.0   42.176  109.415   2739.0    633.7
     1     1    21     9    18     3     0     0   -87.0   42.135  109.271   2782.4    629.3
     1     1    21     9    18     2     0     0   -88.0   42.098  109.140   2836.9    624.2
     1     1    21     9    18     1     0     0   -89.0   42.064  109.020   2902.8    618.4
     1     1    21     9    18     0     0     0   -90.0   42.031  108.910   2980.2    611.8
     1     1    21     9    17    23     0     0   -91.0   42.006  108.804   3059.9    604.6
     1     1    21     9    17    22     0     0   -92.0   41.997  108.698   3133.1    598.9
     1     1    21     9    17    21     0     0   -93.0   42.005  108.593   3199.4    593.8
     1     1    21     9    17    20     0     0   -94.0   42.030  108.486   3258.7    589.2
     1     1    21     9    17    19     0     0   -95.0   42.069  108.376   3310.6    585.3
     1     1    21     9    17    18     0     0   -96.0   42.122  108.265   3354.7    582.1
