     2     1
    CDC1    21     1     1     0     0
    CDC1    21     2     1     0     0
     1 BACKWARD OMEGA   
  2021     2    18     9   37.500  127.000   500.0
     1 PRESSURE
     1     1    21     2    18     9     0     0     0.0   37.500  127.000    500.0    938.2
     1     1    21     2    18     8     0     0    -1.0   37.727  126.823    538.0    931.5
     1     1    21     2    18     7     0     0    -2.0   37.977  126.652    581.8    923.8
     1     1    21     2    18     6     0     0    -3.0   38.250  126.496    632.5    915.1
     1     1    21     2    18     5     0     0    -4.0   38.542  126.351    689.3    904.3
     1     1    21     2    18     4     0     0    -5.0   38.855  126.212    750.0    893.2
     1     1    21     2    18     3     0     0    -6.0   39.196  126.081    814.3    881.6
     1     1    21     2    18     2     0     0    -7.0   39.578  125.964    881.3    869.3
     1     1    21     2    18     1     0     0    -8.0   40.011  125.864    950.0    855.9
     1     1    21     2    18     0     0     0    -9.0   40.493  125.779   1019.1    845.7
     1     1    21     2    17    23     0     0   -10.0   41.004  125.697   1084.2    836.2
     1     1    21     2    17    22     0     0   -11.0   41.530  125.609   1144.9    827.8
     1     1    21     2    17    21     0     0   -12.0   42.074  125.518   1202.4    820.0
     1     1    21     2    17    20     0     0   -13.0   42.635  125.422   1259.0    814.9
     1     1    21     2    17    19     0     0   -14.0   43.202  125.316   1317.6    816.9
     1     1    21     2    17    18     0     0   -15.0   43.768  125.205   1375.9    819.1
     1     1    21     2    17    17     0     0   -16.0   44.327  125.099   1430.9    820.9
     1     1    21     2    17    16     0     0   -17.0   44.870  125.002   1477.6    823.6
     1     1    21     2    17    15     0     0   -18.0   45.398  124.920   1509.5    818.7
     1     1    21     2    17    14     0     0   -19.0   45.909  124.863   1530.6    812.6
     1     1    21     2    17    13     0     0   -20.0   46.411  124.840   1543.5    807.5
     1     1    21     2    17    12     0     0   -21.0   46.910  124.863   1549.5    803.4
     1     1    21     2    17    11     0     0   -22.0   47.408  124.930   1552.7    800.6
     1     1    21     2    17    10     0     0   -23.0   47.891  125.030   1553.1    797.8
     1     1    21     2    17     9     0     0   -24.0   48.350  125.155   1552.7    794.5
     1     1    21     2    17     8     0     0   -25.0   48.785  125.314   1552.4    791.6
     1     1    21     2    17     7     0     0   -26.0   49.196  125.517   1552.2    789.2
     1     1    21     2    17     6     0     0   -27.0   49.585  125.773   1552.0    787.4
     1     1    21     2    17     5     0     0   -28.0   49.955  126.087   1552.6    786.9
     1     1    21     2    17     4     0     0   -29.0   50.308  126.446   1554.2    789.0
     1     1    21     2    17     3     0     0   -30.0   50.642  126.842   1558.6    791.2
     1     1    21     2    17     2     0     0   -31.0   50.957  127.280   1566.7    793.1
     1     1    21     2    17     1     0     0   -32.0   51.256  127.765   1578.3    792.2
     1     1    21     2    17     0     0     0   -33.0   51.540  128.299   1594.9    788.0
     1     1    21     2    16    23     0     0   -34.0   51.811  128.887   1617.3    781.8
     1     1    21     2    16    22     0     0   -35.0   52.072  129.537   1642.9    774.6
     1     1    21     2    16    21     0     0   -36.0   52.328  130.259   1668.7    766.2
     1     1    21     2    16    20     0     0   -37.0   52.582  131.058   1689.8    755.9
     1     1    21     2    16    19     0     0   -38.0   52.835  131.925   1702.7    744.7
     1     1    21     2    16    18     0     0   -39.0   53.090  132.848   1709.2    738.0
     1     1    21     2    16    17     0     0   -40.0   53.339  133.813   1715.1    738.1
     1     1    21     2    16    16     0     0   -41.0   53.575  134.805   1720.4    739.7
     1     1    21     2    16    15     0     0   -42.0   53.810  135.820   1728.2    748.4
     1     1    21     2    16    14     0     0   -43.0   54.060  136.842   1735.8    759.9
     1     1    21     2    16    13     0     0   -44.0   54.328  137.864   1743.2    772.5
     1     1    21     2    16    12     0     0   -45.0   54.612  138.870   1751.7    785.0
     1     1    21     2    16    11     0     0   -46.0   54.915  139.837   1763.5    797.1
     1     1    21     2    16    10     0     0   -47.0   55.223  140.735   1773.5    799.6
     1     1    21     2    16     9     0     0   -48.0   55.521  141.549   1788.6    799.4
     1     1    21     2    16     8     0     0   -49.0   55.808  142.278   1811.4    798.9
     1     1    21     2    16     7     0     0   -50.0   56.081  142.919   1842.6    795.7
     1     1    21     2    16     6     0     0   -51.0   56.339  143.466   1885.0    791.1
     1     1    21     2    16     5     0     0   -52.0   56.571  143.901   1936.1    786.1
     1     1    21     2    16     4     0     0   -53.0   56.769  144.221   1988.2    781.5
     1     1    21     2    16     3     0     0   -54.0   56.939  144.442   2039.2    777.1
     1     1    21     2    16     2     0     0   -55.0   57.083  144.581   2087.0    772.9
     1     1    21     2    16     1     0     0   -56.0   57.203  144.651   2129.7    769.2
     1     1    21     2    16     0     0     0   -57.0   57.299  144.664   2166.2    765.8
     1     1    21     2    15    23     0     0   -58.0   57.377  144.665   2197.4    762.5
     1     1    21     2    15    22     0     0   -59.0   57.439  144.691   2225.9    759.3
     1     1    21     2    15    21     0     0   -60.0   57.484  144.749   2251.2    756.5
     1     1    21     2    15    20     0     0   -61.0   57.512  144.841   2272.9    753.8
     1     1    21     2    15    19     0     0   -62.0   57.523  144.967   2291.3    751.8
     1     1    21     2    15    18     0     0   -63.0   57.515  145.127   2306.4    750.4
     1     1    21     2    15    17     0     0   -64.0   57.502  145.307   2318.2    749.8
     1     1    21     2    15    16     0     0   -65.0   57.494  145.492   2324.9    749.5
     1     1    21     2    15    15     0     0   -66.0   57.493  145.683   2326.9    749.6
     1     1    21     2    15    14     0     0   -67.0   57.499  145.879   2323.9    750.3
     1     1    21     2    15    13     0     0   -68.0   57.515  146.081   2315.4    751.2
     1     1    21     2    15    12     0     0   -69.0   57.539  146.288   2301.5    752.4
     1     1    21     2    15    11     0     0   -70.0   57.566  146.499   2286.0    754.1
     1     1    21     2    15    10     0     0   -71.0   57.587  146.716   2270.5    755.6
     1     1    21     2    15     9     0     0   -72.0   57.605  146.939   2255.3    757.1
     1     1    21     2    15     8     0     0   -73.0   57.618  147.169   2240.2    758.8
     1     1    21     2    15     7     0     0   -74.0   57.629  147.404   2224.7    760.5
     1     1    21     2    15     6     0     0   -75.0   57.638  147.646   2208.4    762.0
     1     1    21     2    15     5     0     0   -76.0   57.648  147.893   2188.7    763.3
     1     1    21     2    15     4     0     0   -77.0   57.661  148.143   2164.3    765.3
     1     1    21     2    15     3     0     0   -78.0   57.678  148.396   2135.8    767.6
     1     1    21     2    15     2     0     0   -79.0   57.699  148.652   2103.9    770.2
     1     1    21     2    15     1     0     0   -80.0   57.725  148.909   2069.5    773.0
     1     1    21     2    15     0     0     0   -81.0   57.757  149.169   2033.4    775.9
     1     1    21     2    14    23     0     0   -82.0   57.790  149.425   2002.2    778.9
     1     1    21     2    14    22     0     0   -83.0   57.819  149.673   1980.7    780.4
     1     1    21     2    14    21     0     0   -84.0   57.845  149.912   1969.3    781.1
     1     1    21     2    14    20     0     0   -85.0   57.867  150.143   1967.8    780.5
     1     1    21     2    14    19     0     0   -86.0   57.885  150.364   1976.4    778.7
     1     1    21     2    14    18     0     0   -87.0   57.899  150.575   1995.5    776.0
     1     1    21     2    14    17     0     0   -88.0   57.921  150.772   2019.6    772.2
     1     1    21     2    14    16     0     0   -89.0   57.962  150.954   2042.1    768.7
     1     1    21     2    14    15     0     0   -90.0   58.023  151.119   2063.1    765.1
     1     1    21     2    14    14     0     0   -91.0   58.102  151.267   2082.4    761.4
     1     1    21     2    14    13     0     0   -92.0   58.201  151.397   2099.8    757.6
     1     1    21     2    14    12     0     0   -93.0   58.319  151.507   2115.4    753.6
     1     1    21     2    14    11     0     0   -94.0   58.442  151.605   2130.8    749.9
     1     1    21     2    14    10     0     0   -95.0   58.557  151.698   2148.2    746.0
     1     1    21     2    14     9     0     0   -96.0   58.663  151.786   2166.9    742.2
