     2     1
    CDC1    21     3     1     0     0
    CDC1    21     4     1     0     0
     1 BACKWARD OMEGA   
  2021     4     2     3   37.500  127.000   500.0
     1 PRESSURE
     1     1    21     4     2     3     0     0     0.0   37.500  127.000    500.0    942.6
     1     1    21     4     2     2     0     0    -1.0   37.354  127.266    515.7    940.2
     1     1    21     4     2     1     0     0    -2.0   37.194  127.567    533.1    937.8
     1     1    21     4     2     0     0     0    -3.0   37.023  127.898    553.0    937.0
     1     1    21     4     1    23     0     0    -4.0   36.848  128.251    574.2    935.3
     1     1    21     4     1    22     0     0    -5.0   36.671  128.619    596.1    933.4
     1     1    21     4     1    21     0     0    -6.0   36.491  129.006    618.1    931.4
     1     1    21     4     1    20     0     0    -7.0   36.308  129.412    639.8    928.8
     1     1    21     4     1    19     0     0    -8.0   36.122  129.834    660.7    925.9
     1     1    21     4     1    18     0     0    -9.0   35.932  130.271    680.3    923.9
     1     1    21     4     1    17     0     0   -10.0   35.755  130.703    697.5    922.8
     1     1    21     4     1    16     0     0   -11.0   35.610  131.114    710.7    922.0
     1     1    21     4     1    15     0     0   -12.0   35.497  131.511    719.9    921.6
     1     1    21     4     1    14     0     0   -13.0   35.421  131.897    724.6    921.9
     1     1    21     4     1    13     0     0   -14.0   35.382  132.274    724.8    922.9
     1     1    21     4     1    12     0     0   -15.0   35.379  132.646    720.2    923.7
     1     1    21     4     1    11     0     0   -16.0   35.400  133.006    714.2    923.4
     1     1    21     4     1    10     0     0   -17.0   35.433  133.344    710.8    922.5
     1     1    21     4     1     9     0     0   -18.0   35.480  133.654    708.9    921.6
     1     1    21     4     1     8     0     0   -19.0   35.544  133.934    707.6    920.9
     1     1    21     4     1     7     0     0   -20.0   35.628  134.178    706.5    920.4
     1     1    21     4     1     6     0     0   -21.0   35.732  134.382    705.2    920.2
     1     1    21     4     1     5     0     0   -22.0   35.852  134.567    706.0    920.5
     1     1    21     4     1     4     0     0   -23.0   35.981  134.752    711.1    920.0
     1     1    21     4     1     3     0     0   -24.0   36.118  134.938    720.8    918.8
     1     1    21     4     1     2     0     0   -25.0   36.261  135.124    735.4    916.5
     1     1    21     4     1     1     0     0   -26.0   36.404  135.311    755.3    913.1
     1     1    21     4     1     0     0     0   -27.0   36.546  135.498    780.9    908.9
     1     1    21     3    31    23     0     0   -28.0   36.683  135.666    809.1    903.7
     1     1    21     3    31    22     0     0   -29.0   36.815  135.802    835.4    899.3
     1     1    21     3    31    21     0     0   -30.0   36.943  135.910    858.7    895.5
     1     1    21     3    31    20     0     0   -31.0   37.066  135.994    878.0    892.3
     1     1    21     3    31    19     0     0   -32.0   37.186  136.055    892.4    890.0
     1     1    21     3    31    18     0     0   -33.0   37.302  136.097    901.4    888.5
     1     1    21     3    31    17     0     0   -34.0   37.413  136.131    907.0    887.9
     1     1    21     3    31    16     0     0   -35.0   37.515  136.164    912.4    887.2
     1     1    21     3    31    15     0     0   -36.0   37.608  136.197    918.1    887.2
     1     1    21     3    31    14     0     0   -37.0   37.692  136.229    924.0    887.1
     1     1    21     3    31    13     0     0   -38.0   37.766  136.260    930.5    886.8
     1     1    21     3    31    12     0     0   -39.0   37.830  136.289    937.6    886.3
     1     1    21     3    31    11     0     0   -40.0   37.888  136.312    945.7    885.4
     1     1    21     3    31    10     0     0   -41.0   37.943  136.322    955.1    884.5
     1     1    21     3    31     9     0     0   -42.0   37.997  136.319    965.8    883.6
     1     1    21     3    31     8     0     0   -43.0   38.048  136.304    978.0    882.7
     1     1    21     3    31     7     0     0   -44.0   38.097  136.276    991.5    881.7
     1     1    21     3    31     6     0     0   -45.0   38.142  136.236   1006.4    880.8
     1     1    21     3    31     5     0     0   -46.0   38.194  136.196   1020.8    880.3
     1     1    21     3    31     4     0     0   -47.0   38.262  136.170   1033.4    880.1
     1     1    21     3    31     3     0     0   -48.0   38.347  136.155   1044.2    880.3
     1     1    21     3    31     2     0     0   -49.0   38.450  136.152   1053.5    880.7
     1     1    21     3    31     1     0     0   -50.0   38.570  136.160   1061.1    881.3
     1     1    21     3    31     0     0     0   -51.0   38.708  136.179   1067.5    882.2
     1     1    21     3    30    23     0     0   -52.0   38.860  136.183   1075.7    883.1
     1     1    21     3    30    22     0     0   -53.0   39.021  136.148   1087.4    883.8
     1     1    21     3    30    21     0     0   -54.0   39.187  136.074   1101.3    884.7
     1     1    21     3    30    20     0     0   -55.0   39.357  135.962   1116.5    885.8
     1     1    21     3    30    19     0     0   -56.0   39.528  135.813   1132.5    887.2
     1     1    21     3    30    18     0     0   -57.0   39.697  135.628   1149.0    888.7
     1     1    21     3    30    17     0     0   -58.0   39.848  135.430   1161.1    889.9
     1     1    21     3    30    16     0     0   -59.0   39.968  135.241   1164.3    892.1
     1     1    21     3    30    15     0     0   -60.0   40.063  135.060   1159.3    893.6
     1     1    21     3    30    14     0     0   -61.0   40.138  134.888   1147.0    894.1
     1     1    21     3    30    13     0     0   -62.0   40.199  134.724   1128.8    894.7
     1     1    21     3    30    12     0     0   -63.0   40.250  134.566   1105.3    896.0
     1     1    21     3    30    11     0     0   -64.0   40.300  134.399   1083.3    897.9
     1     1    21     3    30    10     0     0   -65.0   40.359  134.201   1068.9    898.0
     1     1    21     3    30     9     0     0   -66.0   40.428  133.971   1062.8    897.0
     1     1    21     3    30     8     0     0   -67.0   40.508  133.711   1065.6    894.7
     1     1    21     3    30     7     0     0   -68.0   40.601  133.421   1078.3    891.0
     1     1    21     3    30     6     0     0   -69.0   40.707  133.103   1101.9    885.7
     1     1    21     3    30     5     0     0   -70.0   40.818  132.762   1132.4    878.9
     1     1    21     3    30     4     0     0   -71.0   40.924  132.401   1164.3    871.0
     1     1    21     3    30     3     0     0   -72.0   41.032  132.021   1197.9    859.2
     1     1    21     3    30     2     0     0   -73.0   41.148  131.624   1235.3    846.7
     1     1    21     3    30     1     0     0   -74.0   41.276  131.209   1276.4    833.6
     1     1    21     3    30     0     0     0   -75.0   41.424  130.775   1321.1    819.4
     1     1    21     3    29    23     0     0   -76.0   41.605  130.323   1368.5    804.0
     1     1    21     3    29    22     0     0   -77.0   41.824  129.857   1418.0    789.3
     1     1    21     3    29    21     0     0   -78.0   42.076  129.378   1467.5    777.9
     1     1    21     3    29    20     0     0   -79.0   42.360  128.889   1513.9    767.0
     1     1    21     3    29    19     0     0   -80.0   42.674  128.395   1557.8    760.0
     1     1    21     3    29    18     0     0   -81.0   43.018  127.900   1598.0    757.2
     1     1    21     3    29    17     0     0   -82.0   43.383  127.410   1637.5    757.9
     1     1    21     3    29    16     0     0   -83.0   43.752  126.929   1682.0    763.4
     1     1    21     3    29    15     0     0   -84.0   44.116  126.466   1725.0    768.5
     1     1    21     3    29    14     0     0   -85.0   44.478  126.025   1765.0    773.5
     1     1    21     3    29    13     0     0   -86.0   44.839  125.611   1801.1    778.4
     1     1    21     3    29    12     0     0   -87.0   45.200  125.228   1831.1    780.2
     1     1    21     3    29    11     0     0   -88.0   45.562  124.869   1855.7    776.9
     1     1    21     3    29    10     0     0   -89.0   45.925  124.522   1875.9    770.2
     1     1    21     3    29     9     0     0   -90.0   46.289  124.189   1895.1    763.0
     1     1    21     3    29     8     0     0   -91.0   46.658  123.873   1913.9    755.3
     1     1    21     3    29     7     0     0   -92.0   47.034  123.579   1932.8    746.9
     1     1    21     3    29     6     0     0   -93.0   47.420  123.313   1952.4    738.0
     1     1    21     3    29     5     0     0   -94.0   47.804  123.076   1972.2    730.2
     1     1    21     3    29     4     0     0   -95.0   48.171  122.863   1991.8    723.0
     1     1    21     3    29     3     0     0   -96.0   48.516  122.676   2011.9    716.0
