     2     1
    CDC1    21     7     1     0     0
    CDC1    21     8     1     0     0
     1 BACKWARD OMEGA   
  2021     8     7     6   37.500  127.000   500.0
     1 PRESSURE
     1     1    21     8     7     6     0     0     0.0   37.500  127.000    500.0    929.1
     1     1    21     8     7     5     0     0    -1.0   37.597  126.951    500.9    928.0
     1     1    21     8     7     4     0     0    -2.0   37.684  126.904    500.3    927.2
     1     1    21     8     7     3     0     0    -3.0   37.761  126.861    498.1    926.7
     1     1    21     8     7     2     0     0    -4.0   37.827  126.822    494.2    926.5
     1     1    21     8     7     1     0     0    -5.0   37.882  126.787    488.6    926.7
     1     1    21     8     7     0     0     0    -6.0   37.927  126.755    481.3    927.1
     1     1    21     8     6    23     0     0    -7.0   37.969  126.728    474.7    927.7
     1     1    21     8     6    22     0     0    -8.0   38.015  126.704    470.8    927.5
     1     1    21     8     6    21     0     0    -9.0   38.065  126.683    469.7    927.0
     1     1    21     8     6    20     0     0   -10.0   38.117  126.663    471.4    926.1
     1     1    21     8     6    19     0     0   -11.0   38.173  126.645    476.0    924.9
     1     1    21     8     6    18     0     0   -12.0   38.231  126.626    483.6    923.3
     1     1    21     8     6    17     0     0   -13.0   38.283  126.605    492.1    921.5
     1     1    21     8     6    16     0     0   -14.0   38.322  126.584    499.8    920.2
     1     1    21     8     6    15     0     0   -15.0   38.348  126.561    506.6    919.3
     1     1    21     8     6    14     0     0   -16.0   38.360  126.538    512.6    918.6
     1     1    21     8     6    13     0     0   -17.0   38.361  126.514    517.7    918.2
     1     1    21     8     6    12     0     0   -18.0   38.348  126.491    522.1    918.1
     1     1    21     8     6    11     0     0   -19.0   38.329  126.463    525.0    918.0
     1     1    21     8     6    10     0     0   -20.0   38.309  126.426    526.2    918.4
     1     1    21     8     6     9     0     0   -21.0   38.288  126.380    525.4    919.0
     1     1    21     8     6     8     0     0   -22.0   38.266  126.324    522.7    919.8
     1     1    21     8     6     7     0     0   -23.0   38.244  126.259    517.8    921.0
     1     1    21     8     6     6     0     0   -24.0   38.221  126.183    510.7    922.5
     1     1    21     8     6     5     0     0   -25.0   38.194  126.102    502.8    924.6
     1     1    21     8     6     4     0     0   -26.0   38.158  126.024    495.1    926.7
     1     1    21     8     6     3     0     0   -27.0   38.113  125.948    487.7    928.9
     1     1    21     8     6     2     0     0   -28.0   38.058  125.877    480.7    931.1
     1     1    21     8     6     1     0     0   -29.0   37.993  125.810    474.0    933.5
     1     1    21     8     6     0     0     0   -30.0   37.916  125.749    467.8    935.9
     1     1    21     8     5    23     0     0   -31.0   37.833  125.682    460.7    938.1
     1     1    21     8     5    22     0     0   -32.0   37.751  125.597    450.8    940.9
     1     1    21     8     5    21     0     0   -33.0   37.669  125.496    438.4    944.1
     1     1    21     8     5    20     0     0   -34.0   37.585  125.379    423.9    947.6
     1     1    21     8     5    19     0     0   -35.0   37.500  125.247    407.6    951.5
     1     1    21     8     5    18     0     0   -36.0   37.414  125.103    390.0    954.5
     1     1    21     8     5    17     0     0   -37.0   37.326  124.959    373.8    957.1
     1     1    21     8     5    16     0     0   -38.0   37.234  124.824    361.2    958.6
     1     1    21     8     5    15     0     0   -39.0   37.139  124.701    351.8    959.8
     1     1    21     8     5    14     0     0   -40.0   37.040  124.588    345.4    960.8
     1     1    21     8     5    13     0     0   -41.0   36.937  124.486    341.8    961.4
     1     1    21     8     5    12     0     0   -42.0   36.829  124.395    340.7    961.8
     1     1    21     8     5    11     0     0   -43.0   36.717  124.315    340.8    961.8
     1     1    21     8     5    10     0     0   -44.0   36.600  124.247    340.8    962.0
     1     1    21     8     5     9     0     0   -45.0   36.479  124.192    340.8    962.2
     1     1    21     8     5     8     0     0   -46.0   36.355  124.149    340.6    962.4
     1     1    21     8     5     7     0     0   -47.0   36.227  124.119    340.4    962.6
     1     1    21     8     5     6     0     0   -48.0   36.096  124.102    340.2    962.8
     1     1    21     8     5     5     0     0   -49.0   35.964  124.098    340.1    963.0
     1     1    21     8     5     4     0     0   -50.0   35.831  124.108    340.2    963.1
     1     1    21     8     5     3     0     0   -51.0   35.697  124.130    340.4    963.3
     1     1    21     8     5     2     0     0   -52.0   35.561  124.163    340.8    963.5
     1     1    21     8     5     1     0     0   -53.0   35.424  124.207    341.4    963.6
     1     1    21     8     5     0     0     0   -54.0   35.285  124.261    342.0    963.8
     1     1    21     8     4    23     0     0   -55.0   35.142  124.318    342.9    964.0
     1     1    21     8     4    22     0     0   -56.0   34.995  124.373    344.1    964.2
     1     1    21     8     4    21     0     0   -57.0   34.847  124.430    345.3    964.4
     1     1    21     8     4    20     0     0   -58.0   34.699  124.493    346.4    964.7
     1     1    21     8     4    19     0     0   -59.0   34.553  124.563    347.3    964.9
     1     1    21     8     4    18     0     0   -60.0   34.408  124.643    348.2    965.2
     1     1    21     8     4    17     0     0   -61.0   34.266  124.736    350.6    965.4
     1     1    21     8     4    16     0     0   -62.0   34.128  124.845    356.0    965.0
     1     1    21     8     4    15     0     0   -63.0   33.994  124.969    364.4    964.4
     1     1    21     8     4    14     0     0   -64.0   33.860  125.109    375.5    963.2
     1     1    21     8     4    13     0     0   -65.0   33.724  125.263    388.8    961.6
     1     1    21     8     4    12     0     0   -66.0   33.585  125.432    404.1    959.5
     1     1    21     8     4    11     0     0   -67.0   33.443  125.618    418.5    957.3
     1     1    21     8     4    10     0     0   -68.0   33.300  125.819    429.5    956.0
     1     1    21     8     4     9     0     0   -69.0   33.155  126.035    437.6    955.0
     1     1    21     8     4     8     0     0   -70.0   33.009  126.266    443.7    954.3
     1     1    21     8     4     7     0     0   -71.0   32.863  126.511    448.3    953.9
     1     1    21     8     4     6     0     0   -72.0   32.716  126.769    452.2    953.6
     1     1    21     8     4     5     0     0   -73.0   32.569  127.037    457.0    953.5
     1     1    21     8     4     4     0     0   -74.0   32.425  127.311    464.2    952.8
     1     1    21     8     4     3     0     0   -75.0   32.287  127.586    472.9    951.7
     1     1    21     8     4     2     0     0   -76.0   32.155  127.860    482.4    950.2
     1     1    21     8     4     1     0     0   -77.0   32.032  128.129    492.3    948.9
     1     1    21     8     4     0     0     0   -78.0   31.916  128.390    502.6    947.6
     1     1    21     8     3    23     0     0   -79.0   31.798  128.649    512.4    946.1
     1     1    21     8     3    22     0     0   -80.0   31.668  128.910    520.5    945.0
     1     1    21     8     3    21     0     0   -81.0   31.525  129.177    527.3    944.3
     1     1    21     8     3    20     0     0   -82.0   31.369  129.448    533.1    943.7
     1     1    21     8     3    19     0     0   -83.0   31.198  129.727    538.3    943.3
     1     1    21     8     3    18     0     0   -84.0   31.011  130.011    543.2    943.1
     1     1    21     8     3    17     0     0   -85.0   30.822  130.303    548.9    942.8
     1     1    21     8     3    16     0     0   -86.0   30.645  130.605    556.5    942.2
     1     1    21     8     3    15     0     0   -87.0   30.482  130.915    566.3    941.4
     1     1    21     8     3    14     0     0   -88.0   30.332  131.234    578.7    940.4
     1     1    21     8     3    13     0     0   -89.0   30.198  131.562    594.3    939.1
     1     1    21     8     3    12     0     0   -90.0   30.081  131.897    613.6    937.4
     1     1    21     8     3    11     0     0   -91.0   29.978  132.231    634.6    935.0
     1     1    21     8     3    10     0     0   -92.0   29.883  132.551    654.3    932.6
     1     1    21     8     3     9     0     0   -93.0   29.794  132.858    671.8    931.3
     1     1    21     8     3     8     0     0   -94.0   29.708  133.155    686.0    930.4
     1     1    21     8     3     7     0     0   -95.0   29.628  133.441    696.6    929.9
     1     1    21     8     3     6     0     0   -96.0   29.551  133.715    703.3    929.8
