     3     1
    CDC1    21     9     1     0     0
    CDC1    21    10     1     0     0
    CDC1    21    11     1     0     0
     1 BACKWARD OMEGA   
  2021    10    31     0   37.500  127.000   500.0
     1 PRESSURE
     1     1    21    10    31     0     0     0     0.0   37.500  127.000    500.0    946.5
     1     1    21    10    30    23     0     0    -1.0   37.534  126.943    512.1    945.0
     1     1    21    10    30    22     0     0    -2.0   37.570  126.866    527.0    943.1
     1     1    21    10    30    21     0     0    -3.0   37.608  126.770    544.6    941.0
     1     1    21    10    30    20     0     0    -4.0   37.646  126.653    565.0    938.7
     1     1    21    10    30    19     0     0    -5.0   37.686  126.516    588.1    936.3
     1     1    21    10    30    18     0     0    -6.0   37.725  126.358    613.6    933.9
     1     1    21    10    30    17     0     0    -7.0   37.758  126.194    639.2    931.2
     1     1    21    10    30    16     0     0    -8.0   37.779  126.040    662.7    928.9
     1     1    21    10    30    15     0     0    -9.0   37.789  125.895    684.1    927.0
     1     1    21    10    30    14     0     0   -10.0   37.789  125.757    703.6    925.5
     1     1    21    10    30    13     0     0   -11.0   37.779  125.627    721.4    924.2
     1     1    21    10    30    12     0     0   -12.0   37.761  125.504    737.8    923.3
     1     1    21    10    30    11     0     0   -13.0   37.735  125.386    752.1    922.6
     1     1    21    10    30    10     0     0   -14.0   37.705  125.272    763.3    922.5
     1     1    21    10    30     9     0     0   -15.0   37.669  125.162    771.5    922.8
     1     1    21    10    30     8     0     0   -16.0   37.627  125.056    776.6    923.5
     1     1    21    10    30     7     0     0   -17.0   37.579  124.954    778.7    924.4
     1     1    21    10    30     6     0     0   -18.0   37.525  124.857    777.6    925.6
     1     1    21    10    30     5     0     0   -19.0   37.471  124.772    772.3    926.5
     1     1    21    10    30     4     0     0   -20.0   37.424  124.707    762.2    927.8
     1     1    21    10    30     3     0     0   -21.0   37.384  124.662    747.2    929.6
     1     1    21    10    30     2     0     0   -22.0   37.351  124.637    727.5    931.8
     1     1    21    10    30     1     0     0   -23.0   37.323  124.633    703.2    934.7
     1     1    21    10    30     0     0     0   -24.0   37.300  124.650    674.4    938.0
     1     1    21    10    29    23     0     0   -25.0   37.276  124.673    644.5    941.8
     1     1    21    10    29    22     0     0   -26.0   37.244  124.687    617.0    944.8
     1     1    21    10    29    21     0     0   -27.0   37.206  124.690    591.8    947.2
     1     1    21    10    29    20     0     0   -28.0   37.161  124.685    569.1    949.5
     1     1    21    10    29    19     0     0   -29.0   37.110  124.672    548.9    951.6
     1     1    21    10    29    18     0     0   -30.0   37.053  124.650    531.1    953.5
     1     1    21    10    29    17     0     0   -31.0   36.993  124.633    515.2    955.4
     1     1    21    10    29    16     0     0   -32.0   36.931  124.631    500.5    957.2
     1     1    21    10    29    15     0     0   -33.0   36.869  124.643    487.2    958.9
     1     1    21    10    29    14     0     0   -34.0   36.806  124.670    475.3    960.3
     1     1    21    10    29    13     0     0   -35.0   36.744  124.712    464.7    961.7
     1     1    21    10    29    12     0     0   -36.0   36.683  124.769    455.6    962.8
     1     1    21    10    29    11     0     0   -37.0   36.625  124.836    448.6    963.8
     1     1    21    10    29    10     0     0   -38.0   36.571  124.907    444.0    964.4
     1     1    21    10    29     9     0     0   -39.0   36.519  124.983    441.8    964.7
     1     1    21    10    29     8     0     0   -40.0   36.471  125.063    442.1    964.5
     1     1    21    10    29     7     0     0   -41.0   36.427  125.146    444.7    963.9
     1     1    21    10    29     6     0     0   -42.0   36.387  125.232    449.6    963.0
     1     1    21    10    29     5     0     0   -43.0   36.345  125.325    456.5    961.9
     1     1    21    10    29     4     0     0   -44.0   36.300  125.428    465.4    960.7
     1     1    21    10    29     3     0     0   -45.0   36.250  125.542    476.2    959.1
     1     1    21    10    29     2     0     0   -46.0   36.196  125.668    488.8    957.3
     1     1    21    10    29     1     0     0   -47.0   36.138  125.806    503.2    955.3
     1     1    21    10    29     0     0     0   -48.0   36.077  125.957    519.3    953.1
     1     1    21    10    28    23     0     0   -49.0   36.020  126.123    535.3    950.2
     1     1    21    10    28    22     0     0   -50.0   35.974  126.303    549.4    947.7
     1     1    21    10    28    21     0     0   -51.0   35.941  126.500    561.9    945.4
     1     1    21    10    28    20     0     0   -52.0   35.919  126.713    572.9    943.1
     1     1    21    10    28    19     0     0   -53.0   35.908  126.944    582.8    940.9
     1     1    21    10    28    18     0     0   -54.0   35.909  127.193    592.0    938.6
     1     1    21    10    28    17     0     0   -55.0   35.929  127.451    601.0    936.2
     1     1    21    10    28    16     0     0   -56.0   35.978  127.707    610.9    934.6
     1     1    21    10    28    15     0     0   -57.0   36.056  127.956    621.1    933.3
     1     1    21    10    28    14     0     0   -58.0   36.160  128.198    631.5    932.0
     1     1    21    10    28    13     0     0   -59.0   36.288  128.430    642.1    930.6
     1     1    21    10    28    12     0     0   -60.0   36.439  128.654    652.8    929.5
     1     1    21    10    28    11     0     0   -61.0   36.604  128.864    665.6    928.4
     1     1    21    10    28    10     0     0   -62.0   36.778  129.054    681.9    926.9
     1     1    21    10    28     9     0     0   -63.0   36.960  129.223    701.5    925.2
     1     1    21    10    28     8     0     0   -64.0   37.150  129.372    724.3    923.3
     1     1    21    10    28     7     0     0   -65.0   37.348  129.502    750.2    921.3
     1     1    21    10    28     6     0     0   -66.0   37.556  129.611    778.9    918.3
     1     1    21    10    28     5     0     0   -67.0   37.773  129.702    809.9    912.9
     1     1    21    10    28     4     0     0   -68.0   37.997  129.772    845.0    907.0
     1     1    21    10    28     3     0     0   -69.0   38.229  129.820    884.6    900.8
     1     1    21    10    28     2     0     0   -70.0   38.471  129.842    929.6    893.9
     1     1    21    10    28     1     0     0   -71.0   38.724  129.833    981.6    885.5
     1     1    21    10    28     0     0     0   -72.0   38.990  129.787   1042.2    875.9
     1     1    21    10    27    23     0     0   -73.0   39.269  129.691   1109.4    864.4
     1     1    21    10    27    22     0     0   -74.0   39.558  129.538   1180.6    852.2
     1     1    21    10    27    21     0     0   -75.0   39.860  129.328   1254.7    839.1
     1     1    21    10    27    20     0     0   -76.0   40.176  129.064   1329.8    824.6
     1     1    21    10    27    19     0     0   -77.0   40.509  128.753   1403.3    809.9
     1     1    21    10    27    18     0     0   -78.0   40.862  128.402   1473.3    796.0
     1     1    21    10    27    17     0     0   -79.0   41.231  128.021   1538.5    783.2
     1     1    21    10    27    16     0     0   -80.0   41.613  127.617   1597.4    771.5
     1     1    21    10    27    15     0     0   -81.0   42.004  127.196   1652.5    765.6
     1     1    21    10    27    14     0     0   -82.0   42.395  126.766   1700.0    762.9
     1     1    21    10    27    13     0     0   -83.0   42.784  126.342   1741.1    766.2
     1     1    21    10    27    12     0     0   -84.0   43.169  125.942   1773.2    772.0
     1     1    21    10    27    11     0     0   -85.0   43.551  125.560   1798.2    778.8
     1     1    21    10    27    10     0     0   -86.0   43.926  125.177   1818.5    785.6
     1     1    21    10    27     9     0     0   -87.0   44.293  124.779   1833.3    790.6
     1     1    21    10    27     8     0     0   -88.0   44.652  124.352   1843.8    793.0
     1     1    21    10    27     7     0     0   -89.0   45.006  123.889   1853.0    793.9
     1     1    21    10    27     6     0     0   -90.0   45.366  123.394   1859.5    788.1
     1     1    21    10    27     5     0     0   -91.0   45.737  122.893   1866.5    780.5
     1     1    21    10    27     4     0     0   -92.0   46.120  122.402   1872.0    771.0
     1     1    21    10    27     3     0     0   -93.0   46.518  121.907   1871.0    758.4
     1     1    21    10    27     2     0     0   -94.0   46.936  121.398   1866.2    747.4
     1     1    21    10    27     1     0     0   -95.0   47.384  120.867   1857.3    737.7
     1     1    21    10    27     0     0     0   -96.0   47.862  120.313   1850.1    730.6
