     2     1
    CDC1    21     4     1     0     0
    CDC1    21     5     1     0     0
     1 BACKWARD OMEGA   
  2021     5    19    18   37.500  127.000   500.0
     1 PRESSURE
     1     1    21     5    19    18     0     0     0.0   37.500  127.000    500.0    934.0
     1     1    21     5    19    17     0     0    -1.0   37.497  127.086    521.1    931.3
     1     1    21     5    19    16     0     0    -2.0   37.480  127.155    541.9    928.8
     1     1    21     5    19    15     0     0    -3.0   37.450  127.207    562.0    926.6
     1     1    21     5    19    14     0     0    -4.0   37.408  127.242    581.2    924.6
     1     1    21     5    19    13     0     0    -5.0   37.354  127.262    599.5    922.8
     1     1    21     5    19    12     0     0    -6.0   37.289  127.266    616.7    921.3
     1     1    21     5    19    11     0     0    -7.0   37.222  127.259    634.6    919.6
     1     1    21     5    19    10     0     0    -8.0   37.163  127.243    655.5    917.3
     1     1    21     5    19     9     0     0    -9.0   37.115  127.219    679.5    914.6
     1     1    21     5    19     8     0     0   -10.0   37.079  127.186    706.9    911.7
     1     1    21     5    19     7     0     0   -11.0   37.055  127.143    738.0    908.5
     1     1    21     5    19     6     0     0   -12.0   37.045  127.089    773.2    904.9
     1     1    21     5    19     5     0     0   -13.0   37.052  127.031    810.0    901.2
     1     1    21     5    19     4     0     0   -14.0   37.074  126.975    845.1    898.1
     1     1    21     5    19     3     0     0   -15.0   37.112  126.917    878.6    895.2
     1     1    21     5    19     2     0     0   -16.0   37.163  126.856    910.7    892.4
     1     1    21     5    19     1     0     0   -17.0   37.228  126.791    941.2    889.7
     1     1    21     5    19     0     0     0   -18.0   37.305  126.719    970.1    886.9
     1     1    21     5    18    23     0     0   -19.0   37.385  126.634    995.6    884.1
     1     1    21     5    18    22     0     0   -20.0   37.461  126.527   1015.0    882.2
     1     1    21     5    18    21     0     0   -21.0   37.532  126.397   1027.8    880.9
     1     1    21     5    18    20     0     0   -22.0   37.596  126.239   1033.7    880.1
     1     1    21     5    18    19     0     0   -23.0   37.654  126.051   1032.6    880.3
     1     1    21     5    18    18     0     0   -24.0   37.705  125.830   1024.4    881.6
     1     1    21     5    18    17     0     0   -25.0   37.745  125.594   1014.9    883.9
     1     1    21     5    18    16     0     0   -26.0   37.773  125.364   1010.5    885.2
     1     1    21     5    18    15     0     0   -27.0   37.791  125.142   1010.9    886.2
     1     1    21     5    18    14     0     0   -28.0   37.797  124.930   1016.1    886.6
     1     1    21     5    18    13     0     0   -29.0   37.794  124.730   1026.8    886.2
     1     1    21     5    18    12     0     0   -30.0   37.781  124.544   1044.0    885.1
     1     1    21     5    18    11     0     0   -31.0   37.766  124.364   1064.3    883.5
     1     1    21     5    18    10     0     0   -32.0   37.753  124.183   1082.7    882.4
     1     1    21     5    18     9     0     0   -33.0   37.743  124.001   1099.3    881.5
     1     1    21     5    18     8     0     0   -34.0   37.734  123.818   1114.2    880.8
     1     1    21     5    18     7     0     0   -35.0   37.729  123.637   1127.2    880.3
     1     1    21     5    18     6     0     0   -36.0   37.726  123.457   1138.2    880.0
     1     1    21     5    18     5     0     0   -37.0   37.726  123.283   1149.9    879.5
     1     1    21     5    18     4     0     0   -38.0   37.733  123.119   1166.1    878.3
     1     1    21     5    18     3     0     0   -39.0   37.746  122.963   1186.2    876.7
     1     1    21     5    18     2     0     0   -40.0   37.767  122.815   1209.8    874.7
     1     1    21     5    18     1     0     0   -41.0   37.794  122.674   1236.8    872.3
     1     1    21     5    18     0     0     0   -42.0   37.830  122.538   1266.7    869.7
     1     1    21     5    17    23     0     0   -43.0   37.873  122.409   1296.4    866.4
     1     1    21     5    17    22     0     0   -44.0   37.924  122.283   1323.2    863.1
     1     1    21     5    17    21     0     0   -45.0   37.982  122.160   1347.3    860.1
     1     1    21     5    17    20     0     0   -46.0   38.045  122.037   1368.9    857.3
     1     1    21     5    17    19     0     0   -47.0   38.113  121.914   1388.3    854.8
     1     1    21     5    17    18     0     0   -48.0   38.185  121.789   1405.9    852.4
     1     1    21     5    17    17     0     0   -49.0   38.263  121.662   1425.2    850.2
     1     1    21     5    17    16     0     0   -50.0   38.349  121.536   1449.3    847.1
     1     1    21     5    17    15     0     0   -51.0   38.442  121.414   1478.1    843.5
     1     1    21     5    17    14     0     0   -52.0   38.544  121.297   1511.2    839.5
     1     1    21     5    17    13     0     0   -53.0   38.653  121.189   1548.2    835.1
     1     1    21     5    17    12     0     0   -54.0   38.771  121.090   1588.8    830.2
     1     1    21     5    17    11     0     0   -55.0   38.897  121.003   1632.0    825.4
     1     1    21     5    17    10     0     0   -56.0   39.029  120.925   1674.2    820.8
     1     1    21     5    17     9     0     0   -57.0   39.170  120.856   1716.3    816.2
     1     1    21     5    17     8     0     0   -58.0   39.319  120.796   1758.0    811.3
     1     1    21     5    17     7     0     0   -59.0   39.479  120.744   1799.4    806.5
     1     1    21     5    17     6     0     0   -60.0   39.651  120.699   1840.2    801.7
     1     1    21     5    17     5     0     0   -61.0   39.832  120.663   1881.5    796.5
     1     1    21     5    17     4     0     0   -62.0   40.021  120.637   1924.8    790.8
     1     1    21     5    17     3     0     0   -63.0   40.217  120.619   1968.2    783.4
     1     1    21     5    17     2     0     0   -64.0   40.422  120.604   2012.4    776.0
     1     1    21     5    17     1     0     0   -65.0   40.637  120.594   2057.0    768.4
     1     1    21     5    17     0     0     0   -66.0   40.863  120.585   2101.9    760.7
     1     1    21     5    16    23     0     0   -67.0   41.100  120.571   2147.5    752.9
     1     1    21     5    16    22     0     0   -68.0   41.346  120.540   2196.2    744.5
     1     1    21     5    16    21     0     0   -69.0   41.602  120.492   2248.0    735.2
     1     1    21     5    16    20     0     0   -70.0   41.867  120.423   2303.4    725.3
     1     1    21     5    16    19     0     0   -71.0   42.142  120.330   2363.0    714.5
     1     1    21     5    16    18     0     0   -72.0   42.425  120.211   2427.4    702.6
     1     1    21     5    16    17     0     0   -73.0   42.714  120.064   2491.9    692.2
     1     1    21     5    16    16     0     0   -74.0   43.003  119.888   2543.2    683.7
     1     1    21     5    16    15     0     0   -75.0   43.293  119.687   2580.6    675.9
     1     1    21     5    16    14     0     0   -76.0   43.583  119.464   2604.4    669.2
     1     1    21     5    16    13     0     0   -77.0   43.874  119.224   2615.2    663.6
     1     1    21     5    16    12     0     0   -78.0   44.167  118.970   2613.3    659.2
     1     1    21     5    16    11     0     0   -79.0   44.454  118.702   2609.5    656.2
     1     1    21     5    16    10     0     0   -80.0   44.729  118.416   2614.2    651.7
     1     1    21     5    16     9     0     0   -81.0   44.994  118.110   2627.7    646.7
     1     1    21     5    16     8     0     0   -82.0   45.251  117.784   2652.8    642.5
     1     1    21     5    16     7     0     0   -83.0   45.501  117.433   2689.5    638.7
     1     1    21     5    16     6     0     0   -84.0   45.749  117.060   2739.6    637.4
     1     1    21     5    16     5     0     0   -85.0   45.998  116.671   2795.8    635.3
     1     1    21     5    16     4     0     0   -86.0   46.256  116.272   2857.4    633.2
     1     1    21     5    16     3     0     0   -87.0   46.523  115.867   2926.0    630.7
     1     1    21     5    16     2     0     0   -88.0   46.804  115.459   3003.2    627.8
     1     1    21     5    16     1     0     0   -89.0   47.102  115.051   3090.5    624.4
     1     1    21     5    16     0     0     0   -90.0   47.420  114.646   3182.3    616.8
     1     1    21     5    15    23     0     0   -91.0   47.739  114.223   3267.5    605.4
     1     1    21     5    15    22     0     0   -92.0   48.040  113.760   3337.7    594.9
     1     1    21     5    15    21     0     0   -93.0   48.325  113.263   3394.0    585.1
     1     1    21     5    15    20     0     0   -94.0   48.596  112.737   3438.1    575.7
     1     1    21     5    15    19     0     0   -95.0   48.855  112.189   3474.5    567.6
     1     1    21     5    15    18     0     0   -96.0   49.102  111.630   3507.4    560.6
