     2     1
    CDC1    21     8     1     0     0
    CDC1    21     9     1     0     0
     1 BACKWARD OMEGA   
  2021     9    16    18   37.500  127.000   500.0
     1 PRESSURE
     1     1    21     9    16    18     0     0     0.0   37.500  127.000    500.0    934.5
     1     1    21     9    16    17     0     0    -1.0   37.521  127.350    492.9    933.2
     1     1    21     9    16    16     0     0    -2.0   37.518  127.686    485.7    934.2
     1     1    21     9    16    15     0     0    -3.0   37.500  128.009    478.1    936.8
     1     1    21     9    16    14     0     0    -4.0   37.470  128.320    469.1    939.3
     1     1    21     9    16    13     0     0    -5.0   37.432  128.621    458.3    942.1
     1     1    21     9    16    12     0     0    -6.0   37.388  128.914    445.1    945.1
     1     1    21     9    16    11     0     0    -7.0   37.339  129.199    430.4    948.0
     1     1    21     9    16    10     0     0    -8.0   37.288  129.473    415.9    950.7
     1     1    21     9    16     9     0     0    -9.0   37.236  129.737    402.2    953.1
     1     1    21     9    16     8     0     0   -10.0   37.185  129.992    389.8    955.3
     1     1    21     9    16     7     0     0   -11.0   37.138  130.237    379.2    958.0
     1     1    21     9    16     6     0     0   -12.0   37.099  130.471    370.2    960.4
     1     1    21     9    16     5     0     0   -13.0   37.071  130.706    362.2    963.0
     1     1    21     9    16     4     0     0   -14.0   37.057  130.948    355.3    965.6
     1     1    21     9    16     3     0     0   -15.0   37.057  131.198    349.3    968.3
     1     1    21     9    16     2     0     0   -16.0   37.073  131.455    344.4    971.1
     1     1    21     9    16     1     0     0   -17.0   37.105  131.717    340.5    974.0
     1     1    21     9    16     0     0     0   -18.0   37.154  131.984    337.9    976.9
     1     1    21     9    15    23     0     0   -19.0   37.217  132.252    335.4    979.8
     1     1    21     9    15    22     0     0   -20.0   37.289  132.516    331.6    982.9
     1     1    21     9    15    21     0     0   -21.0   37.367  132.777    327.2    982.4
     1     1    21     9    15    20     0     0   -22.0   37.449  133.038    323.5    981.7
     1     1    21     9    15    19     0     0   -23.0   37.533  133.297    320.8    980.8
     1     1    21     9    15    18     0     0   -24.0   37.618  133.553    319.4    979.7
     1     1    21     9    15    17     0     0   -25.0   37.706  133.806    319.8    978.6
     1     1    21     9    15    16     0     0   -26.0   37.801  134.058    322.3    977.4
     1     1    21     9    15    15     0     0   -27.0   37.904  134.313    326.6    976.3
     1     1    21     9    15    14     0     0   -28.0   38.016  134.571    332.3    975.3
     1     1    21     9    15    13     0     0   -29.0   38.137  134.835    339.0    974.6
     1     1    21     9    15    12     0     0   -30.0   38.267  135.106    346.3    973.5
     1     1    21     9    15    11     0     0   -31.0   38.405  135.378    353.9    971.0
     1     1    21     9    15    10     0     0   -32.0   38.553  135.645    362.5    968.7
     1     1    21     9    15     9     0     0   -33.0   38.709  135.905    372.1    966.8
     1     1    21     9    15     8     0     0   -34.0   38.872  136.157    383.0    965.0
     1     1    21     9    15     7     0     0   -35.0   39.041  136.404    395.3    963.2
     1     1    21     9    15     6     0     0   -36.0   39.217  136.644    409.3    961.6
     1     1    21     9    15     5     0     0   -37.0   39.393  136.878    422.0    960.1
     1     1    21     9    15     4     0     0   -38.0   39.564  137.103    430.5    959.5
     1     1    21     9    15     3     0     0   -39.0   39.731  137.319    434.4    959.6
     1     1    21     9    15     2     0     0   -40.0   39.892  137.526    433.3    960.5
     1     1    21     9    15     1     0     0   -41.0   40.047  137.724    427.1    962.2
     1     1    21     9    15     0     0     0   -42.0   40.193  137.911    415.8    962.9
     1     1    21     9    14    23     0     0   -43.0   40.328  138.088    402.4    964.5
     1     1    21     9    14    22     0     0   -44.0   40.451  138.256    389.0    965.7
     1     1    21     9    14    21     0     0   -45.0   40.565  138.417    376.2    966.6
     1     1    21     9    14    20     0     0   -46.0   40.670  138.571    363.9    967.4
     1     1    21     9    14    19     0     0   -47.0   40.768  138.718    352.3    968.2
     1     1    21     9    14    18     0     0   -48.0   40.860  138.860    341.4    968.9
     1     1    21     9    14    17     0     0   -49.0   40.944  138.994    332.6    969.9
     1     1    21     9    14    16     0     0   -50.0   41.020  139.118    326.9    970.4
     1     1    21     9    14    15     0     0   -51.0   41.087  139.233    324.4    970.7
     1     1    21     9    14    14     0     0   -52.0   41.145  139.337    325.0    970.7
     1     1    21     9    14    13     0     0   -53.0   41.195  139.431    328.9    970.3
     1     1    21     9    14    12     0     0   -54.0   41.236  139.515    336.0    969.6
     1     1    21     9    14    11     0     0   -55.0   41.264  139.592    345.5    968.4
     1     1    21     9    14    10     0     0   -56.0   41.274  139.665    356.4    967.1
     1     1    21     9    14     9     0     0   -57.0   41.267  139.737    368.5    965.8
     1     1    21     9    14     8     0     0   -58.0   41.244  139.805    381.5    964.3
     1     1    21     9    14     7     0     0   -59.0   41.205  139.872    395.3    962.4
     1     1    21     9    14     6     0     0   -60.0   41.150  139.937    409.7    960.5
     1     1    21     9    14     5     0     0   -61.0   41.092  140.005    424.4    958.7
     1     1    21     9    14     4     0     0   -62.0   41.045  140.081    439.5    957.1
     1     1    21     9    14     3     0     0   -63.0   41.008  140.162    455.3    955.4
     1     1    21     9    14     2     0     0   -64.0   40.984  140.249    472.0    953.7
     1     1    21     9    14     1     0     0   -65.0   40.972  140.339    490.1    951.8
     1     1    21     9    14     0     0     0   -66.0   40.972  140.434    509.7    949.8
     1     1    21     9    13    23     0     0   -67.0   40.982  140.527    529.0    947.4
     1     1    21     9    13    22     0     0   -68.0   40.996  140.616    546.0    945.5
     1     1    21     9    13    21     0     0   -69.0   41.015  140.701    560.7    943.9
     1     1    21     9    13    20     0     0   -70.0   41.040  140.782    572.9    942.5
     1     1    21     9    13    19     0     0   -71.0   41.072  140.859    582.7    941.5
     1     1    21     9    13    18     0     0   -72.0   41.111  140.930    589.9    940.7
     1     1    21     9    13    17     0     0   -73.0   41.166  140.990    599.2    940.0
     1     1    21     9    13    16     0     0   -74.0   41.247  141.031    616.0    938.1
     1     1    21     9    13    15     0     0   -75.0   41.354  141.052    640.3    935.3
     1     1    21     9    13    14     0     0   -76.0   41.488  141.053    672.6    931.3
     1     1    21     9    13    13     0     0   -77.0   41.648  141.031    713.3    926.5
     1     1    21     9    13    12     0     0   -78.0   41.836  140.989    763.7    920.9
     1     1    21     9    13    11     0     0   -79.0   42.052  140.927    818.9    914.1
     1     1    21     9    13    10     0     0   -80.0   42.295  140.849    874.4    908.0
     1     1    21     9    13     9     0     0   -81.0   42.568  140.762    930.3    902.1
     1     1    21     9    13     8     0     0   -82.0   42.872  140.672    985.4    895.3
     1     1    21     9    13     7     0     0   -83.0   43.208  140.584   1039.5    888.8
     1     1    21     9    13     6     0     0   -84.0   43.576  140.503   1092.7    882.6
     1     1    21     9    13     5     0     0   -85.0   43.977  140.428   1147.9    876.1
     1     1    21     9    13     4     0     0   -86.0   44.409  140.364   1208.0    868.6
     1     1    21     9    13     3     0     0   -87.0   44.877  140.322   1272.9    860.7
     1     1    21     9    13     2     0     0   -88.0   45.381  140.312   1341.8    850.9
     1     1    21     9    13     1     0     0   -89.0   45.913  140.337   1415.4    840.4
     1     1    21     9    13     0     0     0   -90.0   46.470  140.407   1494.5    829.8
     1     1    21     9    12    23     0     0   -91.0   47.018  140.529   1572.7    818.9
     1     1    21     9    12    22     0     0   -92.0   47.523  140.707   1644.4    810.4
     1     1    21     9    12    21     0     0   -93.0   47.975  140.938   1705.9    803.7
     1     1    21     9    12    20     0     0   -94.0   48.369  141.208   1755.8    798.8
     1     1    21     9    12    19     0     0   -95.0   48.708  141.520   1793.5    796.0
     1     1    21     9    12    18     0     0   -96.0   48.991  141.871   1818.2    795.2
