     2     1
    CDC1    21     6     1     0     0
    CDC1    21     7     1     0     0
     1 BACKWARD OMEGA   
  2021     7    28     6   37.500  127.000   500.0
     1 PRESSURE
     1     1    21     7    28     6     0     0     0.0   37.500  127.000    500.0    928.8
     1     1    21     7    28     5     0     0    -1.0   37.502  127.019    494.5    929.3
     1     1    21     7    28     4     0     0    -2.0   37.503  127.047    489.1    929.7
     1     1    21     7    28     3     0     0    -3.0   37.505  127.084    483.8    930.1
     1     1    21     7    28     2     0     0    -4.0   37.506  127.128    478.7    930.4
     1     1    21     7    28     1     0     0    -5.0   37.509  127.181    473.8    930.6
     1     1    21     7    28     0     0     0    -6.0   37.512  127.241    469.0    930.8
     1     1    21     7    27    23     0     0    -7.0   37.519  127.303    466.0    931.0
     1     1    21     7    27    22     0     0    -8.0   37.531  127.365    466.0    930.6
     1     1    21     7    27    21     0     0    -9.0   37.547  127.426    469.2    929.8
     1     1    21     7    27    20     0     0   -10.0   37.569  127.486    475.7    928.7
     1     1    21     7    27    19     0     0   -11.0   37.597  127.545    485.6    927.4
     1     1    21     7    27    18     0     0   -12.0   37.629  127.604    498.9    925.8
     1     1    21     7    27    17     0     0   -13.0   37.668  127.665    511.1    923.4
     1     1    21     7    27    16     0     0   -14.0   37.712  127.731    518.2    921.9
     1     1    21     7    27    15     0     0   -15.0   37.763  127.804    519.8    921.1
     1     1    21     7    27    14     0     0   -16.0   37.819  127.884    516.0    920.7
     1     1    21     7    27    13     0     0   -17.0   37.881  127.971    507.0    921.0
     1     1    21     7    27    12     0     0   -18.0   37.947  128.064    493.2    921.8
     1     1    21     7    27    11     0     0   -19.0   38.012  128.160    477.5    923.7
     1     1    21     7    27    10     0     0   -20.0   38.073  128.256    462.3    925.4
     1     1    21     7    27     9     0     0   -21.0   38.129  128.350    447.6    927.1
     1     1    21     7    27     8     0     0   -22.0   38.182  128.444    433.4    928.8
     1     1    21     7    27     7     0     0   -23.0   38.231  128.537    419.4    930.6
     1     1    21     7    27     6     0     0   -24.0   38.277  128.630    405.7    932.3
     1     1    21     7    27     5     0     0   -25.0   38.322  128.722    392.6    934.0
     1     1    21     7    27     4     0     0   -26.0   38.366  128.815    380.5    935.5
     1     1    21     7    27     3     0     0   -27.0   38.409  128.907    369.4    936.6
     1     1    21     7    27     2     0     0   -28.0   38.452  128.997    359.5    937.7
     1     1    21     7    27     1     0     0   -29.0   38.493  129.084    350.9    938.7
     1     1    21     7    27     0     0     0   -30.0   38.533  129.168    343.5    939.6
     1     1    21     7    26    23     0     0   -31.0   38.570  129.243    336.4    940.3
     1     1    21     7    26    22     0     0   -32.0   38.603  129.304    328.4    941.3
     1     1    21     7    26    21     0     0   -33.0   38.631  129.350    319.3    942.3
     1     1    21     7    26    20     0     0   -34.0   38.653  129.383    309.2    943.5
     1     1    21     7    26    19     0     0   -35.0   38.669  129.404    298.1    944.7
     1     1    21     7    26    18     0     0   -36.0   38.679  129.411    286.1    946.1
     1     1    21     7    26    17     0     0   -37.0   38.682  129.413    274.8    947.5
     1     1    21     7    26    16     0     0   -38.0   38.679  129.416    265.7    948.6
     1     1    21     7    26    15     0     0   -39.0   38.669  129.421    258.6    949.5
     1     1    21     7    26    14     0     0   -40.0   38.654  129.428    253.5    950.3
     1     1    21     7    26    13     0     0   -41.0   38.634  129.437    250.2    951.0
     1     1    21     7    26    12     0     0   -42.0   38.609  129.449    248.7    951.5
     1     1    21     7    26    11     0     0   -43.0   38.582  129.465    248.2    952.0
     1     1    21     7    26    10     0     0   -44.0   38.556  129.487    248.0    952.4
     1     1    21     7    26     9     0     0   -45.0   38.530  129.516    248.1    952.9
     1     1    21     7    26     8     0     0   -46.0   38.505  129.550    248.5    953.4
     1     1    21     7    26     7     0     0   -47.0   38.481  129.589    249.0    953.9
     1     1    21     7    26     6     0     0   -48.0   38.457  129.634    249.8    954.3
     1     1    21     7    26     5     0     0   -49.0   38.434  129.678    251.4    954.8
     1     1    21     7    26     4     0     0   -50.0   38.412  129.715    254.5    955.0
     1     1    21     7    26     3     0     0   -51.0   38.392  129.745    259.1    955.0
     1     1    21     7    26     2     0     0   -52.0   38.373  129.767    265.4    954.8
     1     1    21     7    26     1     0     0   -53.0   38.355  129.783    273.5    954.3
     1     1    21     7    26     0     0     0   -54.0   38.339  129.791    283.4    953.5
     1     1    21     7    25    23     0     0   -55.0   38.318  129.790    294.4    952.5
     1     1    21     7    25    22     0     0   -56.0   38.288  129.782    305.2    951.6
     1     1    21     7    25    21     0     0   -57.0   38.249  129.765    315.9    950.8
     1     1    21     7    25    20     0     0   -58.0   38.199  129.740    326.6    950.2
     1     1    21     7    25    19     0     0   -59.0   38.141  129.709    337.0    949.6
     1     1    21     7    25    18     0     0   -60.0   38.073  129.672    347.4    949.0
     1     1    21     7    25    17     0     0   -61.0   37.999  129.645    358.3    948.5
     1     1    21     7    25    16     0     0   -62.0   37.925  129.644    370.6    947.9
     1     1    21     7    25    15     0     0   -63.0   37.848  129.667    384.0    947.4
     1     1    21     7    25    14     0     0   -64.0   37.770  129.715    398.8    946.5
     1     1    21     7    25    13     0     0   -65.0   37.690  129.787    414.8    945.6
     1     1    21     7    25    12     0     0   -66.0   37.608  129.882    432.1    944.6
     1     1    21     7    25    11     0     0   -67.0   37.527  129.988    449.2    943.9
     1     1    21     7    25    10     0     0   -68.0   37.454  130.092    464.1    943.3
     1     1    21     7    25     9     0     0   -69.0   37.387  130.194    476.5    942.7
     1     1    21     7    25     8     0     0   -70.0   37.326  130.296    486.2    942.3
     1     1    21     7    25     7     0     0   -71.0   37.271  130.396    493.2    942.2
     1     1    21     7    25     6     0     0   -72.0   37.222  130.495    497.3    942.4
     1     1    21     7    25     5     0     0   -73.0   37.174  130.590    499.9    942.7
     1     1    21     7    25     4     0     0   -74.0   37.119  130.679    503.1    942.8
     1     1    21     7    25     3     0     0   -75.0   37.056  130.762    507.0    942.8
     1     1    21     7    25     2     0     0   -76.0   36.987  130.840    511.9    942.6
     1     1    21     7    25     1     0     0   -77.0   36.909  130.915    518.1    942.1
     1     1    21     7    25     0     0     0   -78.0   36.824  130.985    525.9    941.5
     1     1    21     7    24    23     0     0   -79.0   36.734  131.056    535.8    940.3
     1     1    21     7    24    22     0     0   -80.0   36.645  131.130    548.0    938.9
     1     1    21     7    24    21     0     0   -81.0   36.556  131.207    562.7    937.2
     1     1    21     7    24    20     0     0   -82.0   36.467  131.288    580.1    935.3
     1     1    21     7    24    19     0     0   -83.0   36.377  131.371    600.3    933.1
     1     1    21     7    24    18     0     0   -84.0   36.287  131.459    623.4    930.6
     1     1    21     7    24    17     0     0   -85.0   36.198  131.550    646.6    927.6
     1     1    21     7    24    16     0     0   -86.0   36.115  131.645    666.6    925.4
     1     1    21     7    24    15     0     0   -87.0   36.036  131.743    683.7    923.5
     1     1    21     7    24    14     0     0   -88.0   35.962  131.843    697.9    921.9
     1     1    21     7    24    13     0     0   -89.0   35.892  131.944    709.5    920.7
     1     1    21     7    24    12     0     0   -90.0   35.826  132.046    718.6    919.7
     1     1    21     7    24    11     0     0   -91.0   35.766  132.151    726.1    919.0
     1     1    21     7    24    10     0     0   -92.0   35.714  132.261    732.4    918.4
     1     1    21     7    24     9     0     0   -93.0   35.670  132.373    737.1    918.0
     1     1    21     7    24     8     0     0   -94.0   35.634  132.488    739.8    917.8
     1     1    21     7    24     7     0     0   -95.0   35.606  132.606    739.8    917.2
     1     1    21     7    24     6     0     0   -96.0   35.587  132.728    737.4    916.8
