     2     1
    CDC1    21     5     1     0     0
    CDC1    21     6     1     0     0
     1 BACKWARD OMEGA   
  2021     6    21     0   37.500  127.000   500.0
     1 PRESSURE
     1     1    21     6    21     0     0     0     0.0   37.500  127.000    500.0    928.9
     1     1    21     6    20    23     0     0    -1.0   37.594  126.836    488.7    929.5
     1     1    21     6    20    22     0     0    -2.0   37.690  126.663    478.7    930.1
     1     1    21     6    20    21     0     0    -3.0   37.788  126.481    470.1    930.5
     1     1    21     6    20    20     0     0    -4.0   37.891  126.289    463.4    930.7
     1     1    21     6    20    19     0     0    -5.0   37.999  126.088    458.7    930.6
     1     1    21     6    20    18     0     0    -6.0   38.114  125.877    456.3    930.3
     1     1    21     6    20    17     0     0    -7.0   38.230  125.665    454.4    929.9
     1     1    21     6    20    16     0     0    -8.0   38.339  125.461    451.3    929.9
     1     1    21     6    20    15     0     0    -9.0   38.443  125.266    446.7    930.2
     1     1    21     6    20    14     0     0   -10.0   38.544  125.081    440.6    930.8
     1     1    21     6    20    13     0     0   -11.0   38.642  124.904    432.9    931.4
     1     1    21     6    20    12     0     0   -12.0   38.735  124.738    423.5    932.3
     1     1    21     6    20    11     0     0   -13.0   38.817  124.579    411.9    933.5
     1     1    21     6    20    10     0     0   -14.0   38.885  124.426    398.1    935.3
     1     1    21     6    20     9     0     0   -15.0   38.941  124.275    382.7    937.4
     1     1    21     6    20     8     0     0   -16.0   38.987  124.126    366.2    939.4
     1     1    21     6    20     7     0     0   -17.0   39.027  123.976    349.5    941.5
     1     1    21     6    20     6     0     0   -18.0   39.064  123.825    333.1    943.7
     1     1    21     6    20     5     0     0   -19.0   39.104  123.683    317.8    946.0
     1     1    21     6    20     4     0     0   -20.0   39.153  123.560    304.4    948.0
     1     1    21     6    20     3     0     0   -21.0   39.212  123.456    292.4    949.7
     1     1    21     6    20     2     0     0   -22.0   39.279  123.370    281.8    951.1
     1     1    21     6    20     1     0     0   -23.0   39.354  123.305    272.4    952.1
     1     1    21     6    20     0     0     0   -24.0   39.439  123.259    264.0    952.9
     1     1    21     6    19    23     0     0   -25.0   39.510  123.218    254.4    953.5
     1     1    21     6    19    22     0     0   -26.0   39.546  123.168    241.6    955.1
     1     1    21     6    19    21     0     0   -27.0   39.544  123.107    226.4    957.4
     1     1    21     6    19    20     0     0   -28.0   39.503  123.036    209.3    960.3
     1     1    21     6    19    19     0     0   -29.0   39.421  122.952    191.3    963.4
     1     1    21     6    19    18     0     0   -30.0   39.296  122.854    172.9    966.6
     1     1    21     6    19    17     0     0   -31.0   39.149  122.736    156.1    970.0
     1     1    21     6    19    16     0     0   -32.0   39.002  122.601    141.9    973.1
     1     1    21     6    19    15     0     0   -33.0   38.854  122.448    129.8    975.6
     1     1    21     6    19    14     0     0   -34.0   38.706  122.279    119.4    977.3
     1     1    21     6    19    13     0     0   -35.0   38.558  122.097    110.3    978.8
     1     1    21     6    19    12     0     0   -36.0   38.410  121.904    102.5    980.3
     1     1    21     6    19    11     0     0   -37.0   38.259  121.709     96.1    982.3
     1     1    21     6    19    10     0     0   -38.0   38.102  121.521     91.3    984.1
     1     1    21     6    19     9     0     0   -39.0   37.944  121.341     88.0    985.8
     1     1    21     6    19     8     0     0   -40.0   37.790  121.172     85.7    987.3
     1     1    21     6    19     7     0     0   -41.0   37.643  121.015     84.5    988.7
     1     1    21     6    19     6     0     0   -42.0   37.508  120.870     84.2    990.0
     1     1    21     6    19     5     0     0   -43.0   37.382  120.727     84.4    989.8
     1     1    21     6    19     4     0     0   -44.0   37.262  120.572     85.0    989.6
     1     1    21     6    19     3     0     0   -45.0   37.147  120.406     86.1    989.4
     1     1    21     6    19     2     0     0   -46.0   37.035  120.229     87.7    989.1
     1     1    21     6    19     1     0     0   -47.0   36.926  120.040     90.0    988.8
     1     1    21     6    19     0     0     0   -48.0   36.821  119.844     92.9    988.3
     1     1    21     6    18    23     0     0   -49.0   36.729  119.643     95.9    987.4
     1     1    21     6    18    22     0     0   -50.0   36.656  119.433     98.7    986.7
     1     1    21     6    18    21     0     0   -51.0   36.600  119.214    101.1    986.2
     1     1    21     6    18    20     0     0   -52.0   36.559  118.987    103.1    985.8
     1     1    21     6    18    19     0     0   -53.0   36.531  118.752    104.9    985.5
     1     1    21     6    18    18     0     0   -54.0   36.515  118.509    106.2    985.3
     1     1    21     6    18    17     0     0   -55.0   36.498  118.272    108.2    985.0
     1     1    21     6    18    16     0     0   -56.0   36.470  118.053    111.5    984.3
     1     1    21     6    18    15     0     0   -57.0   36.432  117.853    115.8    983.4
     1     1    21     6    18    14     0     0   -58.0   36.384  117.670    121.0    982.4
     1     1    21     6    18    13     0     0   -59.0   36.325  117.504    126.8    981.3
     1     1    21     6    18    12     0     0   -60.0   36.255  117.352    133.7    978.8
     1     1    21     6    18    11     0     0   -61.0   36.186  117.206    141.5    976.9
     1     1    21     6    18    10     0     0   -62.0   36.135  117.057    149.7    975.0
     1     1    21     6    18     9     0     0   -63.0   36.101  116.907    158.2    973.2
     1     1    21     6    18     8     0     0   -64.0   36.086  116.754    167.0    971.3
     1     1    21     6    18     7     0     0   -65.0   36.089  116.597    176.1    969.4
     1     1    21     6    18     6     0     0   -66.0   36.111  116.438    185.5    967.3
     1     1    21     6    18     5     0     0   -67.0   36.138  116.278    196.1    965.2
     1     1    21     6    18     4     0     0   -68.0   36.154  116.117    208.8    962.4
     1     1    21     6    18     3     0     0   -69.0   36.162  115.958    223.7    959.3
     1     1    21     6    18     2     0     0   -70.0   36.160  115.800    240.8    956.1
     1     1    21     6    18     1     0     0   -71.0   36.149  115.646    259.9    952.8
     1     1    21     6    18     0     0     0   -72.0   36.129  115.497    281.2    949.4
     1     1    21     6    17    23     0     0   -73.0   36.120  115.348    304.5    945.7
     1     1    21     6    17    22     0     0   -74.0   36.140  115.193    330.3    941.5
     1     1    21     6    17    21     0     0   -75.0   36.194  115.028    359.5    936.7
     1     1    21     6    17    20     0     0   -76.0   36.284  114.853    392.3    929.0
     1     1    21     6    17    19     0     0   -77.0   36.411  114.667    428.5    919.3
     1     1    21     6    17    18     0     0   -78.0   36.573  114.465    468.1    908.7
     1     1    21     6    17    17     0     0   -79.0   36.747  114.260    510.5    897.4
     1     1    21     6    17    16     0     0   -80.0   36.909  114.065    554.4    886.5
     1     1    21     6    17    15     0     0   -81.0   37.060  113.881    600.1    875.7
     1     1    21     6    17    14     0     0   -82.0   37.204  113.706    647.6    864.6
     1     1    21     6    17    13     0     0   -83.0   37.341  113.542    696.9    853.4
     1     1    21     6    17    12     0     0   -84.0   37.475  113.387    748.1    842.3
     1     1    21     6    17    11     0     0   -85.0   37.622  113.229    801.3    831.1
     1     1    21     6    17    10     0     0   -86.0   37.796  113.051    855.9    819.2
     1     1    21     6    17     9     0     0   -87.0   37.993  112.843    911.7    806.6
     1     1    21     6    17     8     0     0   -88.0   38.208  112.598    968.2    792.7
     1     1    21     6    17     7     0     0   -89.0   38.435  112.309   1025.3    780.4
     1     1    21     6    17     6     0     0   -90.0   38.665  111.976   1080.6    769.7
     1     1    21     6    17     5     0     0   -91.0   38.893  111.636   1130.3    759.6
     1     1    21     6    17     4     0     0   -92.0   39.122  111.323   1172.0    751.4
     1     1    21     6    17     3     0     0   -93.0   39.350  111.035   1208.0    744.4
     1     1    21     6    17     2     0     0   -94.0   39.577  110.770   1240.4    738.2
     1     1    21     6    17     1     0     0   -95.0   39.802  110.525   1271.4    732.6
     1     1    21     6    17     0     0     0   -96.0   40.024  110.297   1303.4    727.8
