     2     1
    CDC1    21     6     1     0     0
    CDC1    21     7     1     0     0
     1 BACKWARD OMEGA   
  2021     7     1    15   37.500  127.000   500.0
     1 PRESSURE
     1     1    21     7     1    15     0     0     0.0   37.500  127.000    500.0    932.2
     1     1    21     7     1    14     0     0    -1.0   37.557  127.071    510.2    930.0
     1     1    21     7     1    13     0     0    -2.0   37.613  127.124    522.4    927.5
     1     1    21     7     1    12     0     0    -3.0   37.666  127.158    536.6    925.0
     1     1    21     7     1    11     0     0    -4.0   37.712  127.183    552.0    922.4
     1     1    21     7     1    10     0     0    -5.0   37.749  127.210    567.4    920.1
     1     1    21     7     1     9     0     0    -6.0   37.776  127.240    582.8    917.9
     1     1    21     7     1     8     0     0    -7.0   37.797  127.273    598.1    915.9
     1     1    21     7     1     7     0     0    -8.0   37.811  127.309    613.3    913.9
     1     1    21     7     1     6     0     0    -9.0   37.819  127.351    628.4    911.9
     1     1    21     7     1     5     0     0   -10.0   37.824  127.396    644.3    909.8
     1     1    21     7     1     4     0     0   -11.0   37.824  127.445    662.2    907.4
     1     1    21     7     1     3     0     0   -12.0   37.822  127.496    682.3    904.9
     1     1    21     7     1     2     0     0   -13.0   37.817  127.549    704.7    902.6
     1     1    21     7     1     1     0     0   -14.0   37.809  127.603    729.4    900.2
     1     1    21     7     1     0     0     0   -15.0   37.800  127.656    756.5    897.7
     1     1    21     6    30    23     0     0   -16.0   37.785  127.702    783.7    895.0
     1     1    21     6    30    22     0     0   -17.0   37.760  127.734    808.1    892.9
     1     1    21     6    30    21     0     0   -18.0   37.722  127.753    829.9    891.3
     1     1    21     6    30    20     0     0   -19.0   37.671  127.761    849.1    890.1
     1     1    21     6    30    19     0     0   -20.0   37.607  127.757    865.7    889.3
     1     1    21     6    30    18     0     0   -21.0   37.530  127.744    879.8    889.0
     1     1    21     6    30    17     0     0   -22.0   37.446  127.726    892.8    888.3
     1     1    21     6    30    16     0     0   -23.0   37.361  127.709    905.2    887.1
     1     1    21     6    30    15     0     0   -24.0   37.273  127.691    917.2    886.0
     1     1    21     6    30    14     0     0   -25.0   37.184  127.673    929.1    884.9
     1     1    21     6    30    13     0     0   -26.0   37.093  127.654    940.8    883.7
     1     1    21     6    30    12     0     0   -27.0   36.999  127.634    952.5    882.6
     1     1    21     6    30    11     0     0   -28.0   36.905  127.619    963.0    881.6
     1     1    21     6    30    10     0     0   -29.0   36.813  127.614    971.1    881.0
     1     1    21     6    30     9     0     0   -30.0   36.723  127.622    976.8    880.7
     1     1    21     6    30     8     0     0   -31.0   36.634  127.642    980.3    880.6
     1     1    21     6    30     7     0     0   -32.0   36.547  127.675    981.6    880.8
     1     1    21     6    30     6     0     0   -33.0   36.463  127.722    981.1    881.2
     1     1    21     6    30     5     0     0   -34.0   36.384  127.777    979.2    881.5
     1     1    21     6    30     4     0     0   -35.0   36.315  127.836    977.1    881.8
     1     1    21     6    30     3     0     0   -36.0   36.255  127.896    975.1    882.1
     1     1    21     6    30     2     0     0   -37.0   36.204  127.957    973.2    882.3
     1     1    21     6    30     1     0     0   -38.0   36.161  128.019    971.6    882.5
     1     1    21     6    30     0     0     0   -39.0   36.125  128.079    970.4    882.7
     1     1    21     6    29    23     0     0   -40.0   36.097  128.132    969.9    882.7
     1     1    21     6    29    22     0     0   -41.0   36.075  128.172    970.0    882.5
     1     1    21     6    29    21     0     0   -42.0   36.061  128.197    970.5    882.4
     1     1    21     6    29    20     0     0   -43.0   36.054  128.207    971.3    882.1
     1     1    21     6    29    19     0     0   -44.0   36.053  128.203    972.2    881.9
     1     1    21     6    29    18     0     0   -45.0   36.059  128.183    973.2    881.7
     1     1    21     6    29    17     0     0   -46.0   36.066  128.153    975.3    881.4
     1     1    21     6    29    16     0     0   -47.0   36.067  128.117    980.1    880.8
     1     1    21     6    29    15     0     0   -48.0   36.063  128.075    987.7    879.8
     1     1    21     6    29    14     0     0   -49.0   36.054  128.028    998.1    878.6
     1     1    21     6    29    13     0     0   -50.0   36.040  127.976   1011.4    877.1
     1     1    21     6    29    12     0     0   -51.0   36.021  127.917   1027.7    875.2
     1     1    21     6    29    11     0     0   -52.0   36.001  127.859   1044.4    873.2
     1     1    21     6    29    10     0     0   -53.0   35.983  127.809   1058.8    871.8
     1     1    21     6    29     9     0     0   -54.0   35.969  127.767   1070.7    870.6
     1     1    21     6    29     8     0     0   -55.0   35.956  127.733   1080.1    869.6
     1     1    21     6    29     7     0     0   -56.0   35.947  127.708   1086.9    869.0
     1     1    21     6    29     6     0     0   -57.0   35.940  127.692   1091.0    868.6
     1     1    21     6    29     5     0     0   -58.0   35.938  127.682   1093.8    868.2
     1     1    21     6    29     4     0     0   -59.0   35.941  127.677   1098.6    867.4
     1     1    21     6    29     3     0     0   -60.0   35.951  127.677   1104.5    866.4
     1     1    21     6    29     2     0     0   -61.0   35.966  127.681   1111.4    865.4
     1     1    21     6    29     1     0     0   -62.0   35.988  127.690   1119.4    864.3
     1     1    21     6    29     0     0     0   -63.0   36.016  127.702   1128.4    863.0
     1     1    21     6    28    23     0     0   -64.0   36.054  127.720   1140.9    862.2
     1     1    21     6    28    22     0     0   -65.0   36.104  127.741   1156.5    860.8
     1     1    21     6    28    21     0     0   -66.0   36.166  127.766   1176.4    859.0
     1     1    21     6    28    20     0     0   -67.0   36.239  127.793   1200.3    856.8
     1     1    21     6    28    19     0     0   -68.0   36.320  127.822   1228.6    854.2
     1     1    21     6    28    18     0     0   -69.0   36.410  127.849   1261.2    851.3
     1     1    21     6    28    17     0     0   -70.0   36.498  127.876   1294.2    847.3
     1     1    21     6    28    16     0     0   -71.0   36.575  127.900   1325.5    843.7
     1     1    21     6    28    15     0     0   -72.0   36.641  127.924   1354.5    840.3
     1     1    21     6    28    14     0     0   -73.0   36.698  127.948   1381.2    837.3
     1     1    21     6    28    13     0     0   -74.0   36.744  127.975   1405.9    834.5
     1     1    21     6    28    12     0     0   -75.0   36.781  128.005   1428.6    831.9
     1     1    21     6    28    11     0     0   -76.0   36.813  128.040   1448.5    830.0
     1     1    21     6    28    10     0     0   -77.0   36.844  128.085   1464.6    828.5
     1     1    21     6    28     9     0     0   -78.0   36.874  128.138   1477.1    827.5
     1     1    21     6    28     8     0     0   -79.0   36.903  128.201   1486.0    826.8
     1     1    21     6    28     7     0     0   -80.0   36.932  128.273   1491.5    826.5
     1     1    21     6    28     6     0     0   -81.0   36.961  128.356   1493.7    826.6
     1     1    21     6    28     5     0     0   -82.0   36.989  128.445   1497.8    827.1
     1     1    21     6    28     4     0     0   -83.0   37.018  128.535   1508.1    826.4
     1     1    21     6    28     3     0     0   -84.0   37.046  128.628   1524.8    825.2
     1     1    21     6    28     2     0     0   -85.0   37.073  128.720   1548.0    823.3
     1     1    21     6    28     1     0     0   -86.0   37.100  128.813   1577.6    820.9
     1     1    21     6    28     0     0     0   -87.0   37.126  128.904   1613.7    817.8
     1     1    21     6    27    23     0     0   -88.0   37.152  128.990   1649.0    814.1
     1     1    21     6    27    22     0     0   -89.0   37.178  129.068   1676.6    811.9
     1     1    21     6    27    21     0     0   -90.0   37.202  129.139   1696.6    810.3
     1     1    21     6    27    20     0     0   -91.0   37.227  129.203   1708.8    809.5
     1     1    21     6    27    19     0     0   -92.0   37.252  129.260   1713.5    809.3
     1     1    21     6    27    18     0     0   -93.0   37.276  129.310   1710.7    809.9
     1     1    21     6    27    17     0     0   -94.0   37.294  129.357   1706.2    811.0
     1     1    21     6    27    16     0     0   -95.0   37.300  129.404   1707.2    811.0
     1     1    21     6    27    15     0     0   -96.0   37.295  129.451   1713.0    810.5
