     2     1
    CDC1    21     4     1     0     0
    CDC1    21     5     1     0     0
     1 BACKWARD OMEGA   
  2021     5     7    15   37.500  127.000   500.0
     1 PRESSURE
     1     1    21     5     7    15     0     0     0.0   37.500  127.000    500.0    928.5
     1     1    21     5     7    14     0     0    -1.0   37.484  126.582    544.5    926.4
     1     1    21     5     7    13     0     0    -2.0   37.490  126.169    592.5    924.0
     1     1    21     5     7    12     0     0    -3.0   37.529  125.769    645.9    920.4
     1     1    21     5     7    11     0     0    -4.0   37.592  125.375    700.3    914.9
     1     1    21     5     7    10     0     0    -5.0   37.665  124.980    749.6    910.7
     1     1    21     5     7     9     0     0    -6.0   37.750  124.576    794.7    906.0
     1     1    21     5     7     8     0     0    -7.0   37.850  124.159    837.7    901.8
     1     1    21     5     7     7     0     0    -8.0   37.974  123.732    880.6    898.0
     1     1    21     5     7     6     0     0    -9.0   38.133  123.297    925.7    894.2
     1     1    21     5     7     5     0     0   -10.0   38.313  122.850    970.8    889.3
     1     1    21     5     7     4     0     0   -11.0   38.504  122.390   1014.2    885.1
     1     1    21     5     7     3     0     0   -12.0   38.709  121.917   1059.6    879.0
     1     1    21     5     7     2     0     0   -13.0   38.940  121.432   1113.4    871.7
     1     1    21     5     7     1     0     0   -14.0   39.215  120.940   1181.0    862.7
     1     1    21     5     7     0     0     0   -15.0   39.555  120.446   1268.8    851.1
     1     1    21     5     6    23     0     0   -16.0   39.940  119.947   1374.1    834.9
     1     1    21     5     6    22     0     0   -17.0   40.319  119.447   1484.4    808.9
     1     1    21     5     6    21     0     0   -18.0   40.679  118.963   1599.4    782.5
     1     1    21     5     6    20     0     0   -19.0   41.018  118.503   1718.9    756.1
     1     1    21     5     6    19     0     0   -20.0   41.338  118.068   1839.7    729.4
     1     1    21     5     6    18     0     0   -21.0   41.638  117.659   1956.5    703.7
     1     1    21     5     6    17     0     0   -22.0   41.917  117.268   2059.4    681.7
     1     1    21     5     6    16     0     0   -23.0   42.180  116.893   2142.5    664.9
     1     1    21     5     6    15     0     0   -24.0   42.428  116.546   2211.9    650.4
     1     1    21     5     6    14     0     0   -25.0   42.660  116.237   2277.7    641.8
     1     1    21     5     6    13     0     0   -26.0   42.872  115.971   2340.5    636.0
     1     1    21     5     6    12     0     0   -27.0   43.062  115.756   2401.4    630.8
     1     1    21     5     6    11     0     0   -28.0   43.226  115.570   2452.6    626.3
     1     1    21     5     6    10     0     0   -29.0   43.365  115.389   2478.8    624.5
     1     1    21     5     6     9     0     0   -30.0   43.479  115.212   2480.4    624.6
     1     1    21     5     6     8     0     0   -31.0   43.568  115.035   2456.6    626.6
     1     1    21     5     6     7     0     0   -32.0   43.632  114.853   2408.5    631.8
     1     1    21     5     6     6     0     0   -33.0   43.676  114.663   2336.3    639.1
     1     1    21     5     6     5     0     0   -34.0   43.701  114.441   2251.0    648.3
     1     1    21     5     6     4     0     0   -35.0   43.711  114.162   2167.9    656.8
     1     1    21     5     6     3     0     0   -36.0   43.710  113.821   2089.1    665.3
     1     1    21     5     6     2     0     0   -37.0   43.701  113.411   2018.0    673.2
     1     1    21     5     6     1     0     0   -38.0   43.689  112.926   1957.8    680.7
     1     1    21     5     6     0     0     0   -39.0   43.680  112.365   1910.9    687.0
     1     1    21     5     5    23     0     0   -40.0   43.693  111.764   1870.6    690.8
     1     1    21     5     5    22     0     0   -41.0   43.738  111.169   1832.5    695.0
     1     1    21     5     5    21     0     0   -42.0   43.809  110.588   1790.5    699.4
     1     1    21     5     5    20     0     0   -43.0   43.905  110.029   1740.8    704.4
     1     1    21     5     5    19     0     0   -44.0   44.024  109.498   1681.7    707.9
     1     1    21     5     5    18     0     0   -45.0   44.170  109.001   1618.9    711.4
     1     1    21     5     5    17     0     0   -46.0   44.342  108.527   1557.9    714.8
     1     1    21     5     5    16     0     0   -47.0   44.538  108.064   1503.2    717.0
     1     1    21     5     5    15     0     0   -48.0   44.754  107.609   1453.3    718.6
     1     1    21     5     5    14     0     0   -49.0   44.987  107.161   1409.5    720.3
     1     1    21     5     5    13     0     0   -50.0   45.239  106.725   1372.5    720.8
     1     1    21     5     5    12     0     0   -51.0   45.507  106.307   1341.8    721.3
     1     1    21     5     5    11     0     0   -52.0   45.779  105.909   1313.7    722.3
     1     1    21     5     5    10     0     0   -53.0   46.038  105.527   1285.0    724.1
     1     1    21     5     5     9     0     0   -54.0   46.283  105.160   1252.2    726.8
     1     1    21     5     5     8     0     0   -55.0   46.509  104.807   1212.5    728.6
     1     1    21     5     5     7     0     0   -56.0   46.717  104.463   1164.8    729.0
     1     1    21     5     5     6     0     0   -57.0   46.905  104.125   1109.5    729.9
     1     1    21     5     5     5     0     0   -58.0   47.091  103.786   1054.2    731.6
     1     1    21     5     5     4     0     0   -59.0   47.289  103.434   1007.8    731.3
     1     1    21     5     5     3     0     0   -60.0   47.496  103.059    968.3    729.7
     1     1    21     5     5     2     0     0   -61.0   47.709  102.649    935.2    728.5
     1     1    21     5     5     1     0     0   -62.0   47.928  102.194    905.9    724.6
     1     1    21     5     5     0     0     0   -63.0   48.158  101.688    880.4    719.0
     1     1    21     5     4    23     0     0   -64.0   48.398  101.164    859.3    713.1
     1     1    21     5     4    22     0     0   -65.0   48.637  100.652    842.5    707.1
     1     1    21     5     4    21     0     0   -66.0   48.871  100.155    826.8    701.5
     1     1    21     5     4    20     0     0   -67.0   49.090   99.674    813.7    703.4
     1     1    21     5     4    19     0     0   -68.0   49.285   99.211    800.9    709.2
     1     1    21     5     4    18     0     0   -69.0   49.453   98.764    786.6    715.6
     1     1    21     5     4    17     0     0   -70.0   49.601   98.319    769.6    723.2
     1     1    21     5     4    16     0     0   -71.0   49.734   97.870    748.6    731.5
     1     1    21     5     4    15     0     0   -72.0   49.851   97.418    723.1    740.9
     1     1    21     5     4    14     0     0   -73.0   49.953   96.965    692.8    753.2
     1     1    21     5     4    13     0     0   -74.0   50.042   96.510    655.2    765.5
     1     1    21     5     4    12     0     0   -75.0   50.124   96.048    609.5    777.8
     1     1    21     5     4    11     0     0   -76.0   50.189   95.583    560.9    791.3
     1     1    21     5     4    10     0     0   -77.0   50.224   95.121    514.3    803.9
     1     1    21     5     4     9     0     0   -78.0   50.224   94.663    471.7    808.5
     1     1    21     5     4     8     0     0   -79.0   50.188   94.214    437.7    808.9
     1     1    21     5     4     7     0     0   -80.0   50.119   93.779    412.0    807.7
     1     1    21     5     4     6     0     0   -81.0   50.015   93.362    392.5    805.0
     1     1    21     5     4     5     0     0   -82.0   49.902   92.975    377.5    802.2
     1     1    21     5     4     4     0     0   -83.0   49.800   92.624    365.4    800.2
     1     1    21     5     4     3     0     0   -84.0   49.708   92.297    354.0    796.5
     1     1    21     5     4     2     0     0   -85.0   49.623   91.988    342.7    792.0
     1     1    21     5     4     1     0     0   -86.0   49.541   91.699    331.6    788.3
     1     1    21     5     4     0     0     0   -87.0   49.462   91.435    320.8    785.4
     1     1    21     5     3    23     0     0   -88.0   49.377   91.193    310.4    783.2
     1     1    21     5     3    22     0     0   -89.0   49.279   90.972    300.7    781.8
     1     1    21     5     3    21     0     0   -90.0   49.171   90.771    291.7    781.1
     1     1    21     5     3    20     0     0   -91.0   49.055   90.590    283.4    781.0
     1     1    21     5     3    19     0     0   -92.0   48.933   90.430    275.9    781.7
     1     1    21     5     3    18     0     0   -93.0   48.806   90.287    269.0    782.8
     1     1    21     5     3    17     0     0   -94.0   48.691   90.167    263.4    784.4
     1     1    21     5     3    16     0     0   -95.0   48.601   90.075    259.7    785.7
     1     1    21     5     3    15     0     0   -96.0   48.535   90.009    257.7    786.8
