     2     1
    CDC1    21     6     1     0     0
    CDC1    21     7     1     0     0
     1 BACKWARD OMEGA   
  2021     7    30    12   37.500  127.000   500.0
     1 PRESSURE
     1     1    21     7    30    12     0     0     0.0   37.500  127.000    500.0    925.6
     1     1    21     7    30    11     0     0    -1.0   37.294  126.908    498.0    926.7
     1     1    21     7    30    10     0     0    -2.0   37.082  126.826    492.9    928.2
     1     1    21     7    30     9     0     0    -3.0   36.865  126.751    484.6    930.0
     1     1    21     7    30     8     0     0    -4.0   36.642  126.682    473.2    932.1
     1     1    21     7    30     7     0     0    -5.0   36.414  126.617    458.5    934.4
     1     1    21     7    30     6     0     0    -6.0   36.179  126.555    440.9    937.2
     1     1    21     7    30     5     0     0    -7.0   35.941  126.486    423.9    940.7
     1     1    21     7    30     4     0     0    -8.0   35.700  126.406    410.3    943.5
     1     1    21     7    30     3     0     0    -9.0   35.455  126.315    400.3    945.9
     1     1    21     7    30     2     0     0   -10.0   35.206  126.212    394.1    948.0
     1     1    21     7    30     1     0     0   -11.0   34.952  126.098    391.6    949.7
     1     1    21     7    30     0     0     0   -12.0   34.695  125.983    392.5    951.2
     1     1    21     7    29    23     0     0   -13.0   34.435  125.869    393.9    951.7
     1     1    21     7    29    22     0     0   -14.0   34.174  125.753    393.7    952.6
     1     1    21     7    29    21     0     0   -15.0   33.909  125.635    391.3    953.9
     1     1    21     7    29    20     0     0   -16.0   33.637  125.516    386.6    955.4
     1     1    21     7    29    19     0     0   -17.0   33.356  125.399    379.2    957.2
     1     1    21     7    29    18     0     0   -18.0   33.064  125.283    368.7    959.3
     1     1    21     7    29    17     0     0   -19.0   32.764  125.177    358.7    961.9
     1     1    21     7    29    16     0     0   -20.0   32.464  125.085    353.0    963.3
     1     1    21     7    29    15     0     0   -21.0   32.166  125.012    352.2    963.1
     1     1    21     7    29    14     0     0   -22.0   31.875  124.961    356.4    962.2
     1     1    21     7    29    13     0     0   -23.0   31.591  124.932    364.9    960.8
     1     1    21     7    29    12     0     0   -24.0   31.313  124.927    377.1    959.1
     1     1    21     7    29    11     0     0   -25.0   31.042  124.944    390.9    956.9
     1     1    21     7    29    10     0     0   -26.0   30.776  124.979    405.2    954.7
     1     1    21     7    29     9     0     0   -27.0   30.520  125.029    420.3    952.4
     1     1    21     7    29     8     0     0   -28.0   30.276  125.090    436.8    950.2
     1     1    21     7    29     7     0     0   -29.0   30.045  125.160    455.1    947.9
     1     1    21     7    29     6     0     0   -30.0   29.829  125.234    475.8    945.8
     1     1    21     7    29     5     0     0   -31.0   29.630  125.313    497.8    944.1
     1     1    21     7    29     4     0     0   -32.0   29.454  125.396    518.6    942.6
     1     1    21     7    29     3     0     0   -33.0   29.301  125.484    538.4    941.1
     1     1    21     7    29     2     0     0   -34.0   29.173  125.579    557.1    939.7
     1     1    21     7    29     1     0     0   -35.0   29.070  125.680    574.7    938.4
     1     1    21     7    29     0     0     0   -36.0   28.991  125.789    591.3    937.1
     1     1    21     7    28    23     0     0   -37.0   28.920  125.909    605.8    935.2
     1     1    21     7    28    22     0     0   -38.0   28.844  126.043    618.5    933.6
     1     1    21     7    28    21     0     0   -39.0   28.764  126.192    628.5    932.4
     1     1    21     7    28    20     0     0   -40.0   28.683  126.357    635.5    931.3
     1     1    21     7    28    19     0     0   -41.0   28.601  126.538    638.9    930.8
     1     1    21     7    28    18     0     0   -42.0   28.519  126.735    638.4    930.7
     1     1    21     7    28    17     0     0   -43.0   28.444  126.951    637.2    931.3
     1     1    21     7    28    16     0     0   -44.0   28.377  127.185    639.6    931.0
     1     1    21     7    28    15     0     0   -45.0   28.319  127.435    645.6    930.0
     1     1    21     7    28    14     0     0   -46.0   28.264  127.698    655.5    928.3
     1     1    21     7    28    13     0     0   -47.0   28.204  127.967    669.0    926.0
     1     1    21     7    28    12     0     0   -48.0   28.137  128.238    686.1    923.4
     1     1    21     7    28    11     0     0   -49.0   28.069  128.513    704.5    920.7
     1     1    21     7    28    10     0     0   -50.0   28.005  128.791    721.4    918.4
     1     1    21     7    28     9     0     0   -51.0   27.948  129.073    736.8    916.4
     1     1    21     7    28     8     0     0   -52.0   27.895  129.360    750.7    914.5
     1     1    21     7    28     7     0     0   -53.0   27.847  129.651    763.0    912.9
     1     1    21     7    28     6     0     0   -54.0   27.804  129.947    773.7    911.6
     1     1    21     7    28     5     0     0   -55.0   27.756  130.236    782.1    910.9
     1     1    21     7    28     4     0     0   -56.0   27.694  130.508    786.3    910.8
     1     1    21     7    28     3     0     0   -57.0   27.620  130.763    786.9    911.2
     1     1    21     7    28     2     0     0   -58.0   27.533  131.006    784.0    911.9
     1     1    21     7    28     1     0     0   -59.0   27.437  131.234    777.9    913.1
     1     1    21     7    28     0     0     0   -60.0   27.331  131.448    769.1    914.6
     1     1    21     7    27    23     0     0   -61.0   27.218  131.652    758.4    915.6
     1     1    21     7    27    22     0     0   -62.0   27.101  131.852    747.4    916.7
     1     1    21     7    27    21     0     0   -63.0   26.979  132.049    735.8    917.9
     1     1    21     7    27    20     0     0   -64.0   26.855  132.241    723.9    919.2
     1     1    21     7    27    19     0     0   -65.0   26.730  132.429    711.5    920.6
     1     1    21     7    27    18     0     0   -66.0   26.602  132.612    698.5    922.0
     1     1    21     7    27    17     0     0   -67.0   26.468  132.785    687.0    923.8
     1     1    21     7    27    16     0     0   -68.0   26.321  132.942    678.8    924.9
     1     1    21     7    27    15     0     0   -69.0   26.162  133.083    673.8    925.6
     1     1    21     7    27    14     0     0   -70.0   25.994  133.209    671.6    925.9
     1     1    21     7    27    13     0     0   -71.0   25.816  133.319    672.2    925.8
     1     1    21     7    27    12     0     0   -72.0   25.631  133.415    675.3    925.4
     1     1    21     7    27    11     0     0   -73.0   25.440  133.505    677.9    924.9
     1     1    21     7    27    10     0     0   -74.0   25.245  133.597    677.5    925.1
     1     1    21     7    27     9     0     0   -75.0   25.045  133.695    673.7    925.5
     1     1    21     7    27     8     0     0   -76.0   24.840  133.795    666.7    926.5
     1     1    21     7    27     7     0     0   -77.0   24.631  133.895    656.5    927.9
     1     1    21     7    27     6     0     0   -78.0   24.418  133.993    643.5    929.6
     1     1    21     7    27     5     0     0   -79.0   24.204  134.087    628.6    931.5
     1     1    21     7    27     4     0     0   -80.0   23.997  134.174    612.2    933.3
     1     1    21     7    27     3     0     0   -81.0   23.798  134.258    594.9    935.1
     1     1    21     7    27     2     0     0   -82.0   23.607  134.340    577.1    937.0
     1     1    21     7    27     1     0     0   -83.0   23.424  134.424    559.2    938.9
     1     1    21     7    27     0     0     0   -84.0   23.251  134.511    541.2    940.9
     1     1    21     7    26    23     0     0   -85.0   23.087  134.587    524.6    943.0
     1     1    21     7    26    22     0     0   -86.0   22.935  134.635    510.9    944.7
     1     1    21     7    26    21     0     0   -87.0   22.796  134.654    500.0    946.0
     1     1    21     7    26    20     0     0   -88.0   22.671  134.644    492.0    947.0
     1     1    21     7    26    19     0     0   -89.0   22.560  134.604    486.7    947.7
     1     1    21     7    26    18     0     0   -90.0   22.464  134.535    484.3    948.1
     1     1    21     7    26    17     0     0   -91.0   22.378  134.455    483.0    947.9
     1     1    21     7    26    16     0     0   -92.0   22.299  134.383    481.4    948.0
     1     1    21     7    26    15     0     0   -93.0   22.227  134.319    479.6    948.1
     1     1    21     7    26    14     0     0   -94.0   22.164  134.263    477.6    948.3
     1     1    21     7    26    13     0     0   -95.0   22.108  134.217    475.5    948.5
     1     1    21     7    26    12     0     0   -96.0   22.061  134.179    473.1    948.7
