     2     1
    CDC1    21     7     1     0     0
    CDC1    21     8     1     0     0
     1 BACKWARD OMEGA   
  2021     8    11     3   37.500  127.000   500.0
     1 PRESSURE
     1     1    21     8    11     3     0     0     0.0   37.500  127.000    500.0    935.4
     1     1    21     8    11     2     0     0    -1.0   37.458  127.056    485.8    936.9
     1     1    21     8    11     1     0     0    -2.0   37.431  127.115    470.3    938.7
     1     1    21     8    11     0     0     0    -3.0   37.419  127.176    453.8    940.5
     1     1    21     8    10    23     0     0    -4.0   37.406  127.222    436.5    942.1
     1     1    21     8    10    22     0     0    -5.0   37.377  127.238    418.7    943.9
     1     1    21     8    10    21     0     0    -6.0   37.330  127.225    400.7    945.9
     1     1    21     8    10    20     0     0    -7.0   37.268  127.187    382.6    948.2
     1     1    21     8    10    19     0     0    -8.0   37.189  127.126    364.6    950.2
     1     1    21     8    10    18     0     0    -9.0   37.095  127.044    346.9    952.3
     1     1    21     8    10    17     0     0   -10.0   36.992  126.960    330.8    954.6
     1     1    21     8    10    16     0     0   -11.0   36.887  126.892    317.4    956.4
     1     1    21     8    10    15     0     0   -12.0   36.779  126.838    306.5    958.0
     1     1    21     8    10    14     0     0   -13.0   36.668  126.797    298.1    959.3
     1     1    21     8    10    13     0     0   -14.0   36.554  126.769    292.1    960.2
     1     1    21     8    10    12     0     0   -15.0   36.436  126.751    288.4    960.9
     1     1    21     8    10    11     0     0   -16.0   36.316  126.735    286.7    961.2
     1     1    21     8    10    10     0     0   -17.0   36.196  126.714    286.5    961.3
     1     1    21     8    10     9     0     0   -18.0   36.076  126.688    287.9    961.3
     1     1    21     8    10     8     0     0   -19.0   35.958  126.657    290.8    961.2
     1     1    21     8    10     7     0     0   -20.0   35.842  126.623    295.4    960.9
     1     1    21     8    10     6     0     0   -21.0   35.728  126.585    301.7    960.5
     1     1    21     8    10     5     0     0   -22.0   35.619  126.548    308.0    960.0
     1     1    21     8    10     4     0     0   -23.0   35.519  126.518    312.1    959.8
     1     1    21     8    10     3     0     0   -24.0   35.428  126.494    313.9    959.8
     1     1    21     8    10     2     0     0   -25.0   35.345  126.476    313.1    960.1
     1     1    21     8    10     1     0     0   -26.0   35.271  126.464    309.4    960.6
     1     1    21     8    10     0     0     0   -27.0   35.204  126.457    303.0    961.4
     1     1    21     8     9    23     0     0   -28.0   35.145  126.457    294.3    962.1
     1     1    21     8     9    22     0     0   -29.0   35.092  126.466    284.7    962.9
     1     1    21     8     9    21     0     0   -30.0   35.045  126.483    274.1    963.7
     1     1    21     8     9    20     0     0   -31.0   35.003  126.509    262.7    964.6
     1     1    21     8     9    19     0     0   -32.0   34.967  126.546    250.6    965.7
     1     1    21     8     9    18     0     0   -33.0   34.936  126.593    238.2    966.7
     1     1    21     8     9    17     0     0   -34.0   34.914  126.639    227.6    968.0
     1     1    21     8     9    16     0     0   -35.0   34.907  126.671    220.4    968.6
     1     1    21     8     9    15     0     0   -36.0   34.915  126.686    216.1    968.8
     1     1    21     8     9    14     0     0   -37.0   34.937  126.684    214.5    968.8
     1     1    21     8     9    13     0     0   -38.0   34.973  126.664    215.5    968.5
     1     1    21     8     9    12     0     0   -39.0   35.025  126.624    219.0    968.0
     1     1    21     8     9    11     0     0   -40.0   35.088  126.571    223.5    967.1
     1     1    21     8     9    10     0     0   -41.0   35.158  126.513    226.8    966.6
     1     1    21     8     9     9     0     0   -42.0   35.236  126.452    229.0    966.3
     1     1    21     8     9     8     0     0   -43.0   35.322  126.389    230.1    966.1
     1     1    21     8     9     7     0     0   -44.0   35.413  126.326    229.9    966.1
     1     1    21     8     9     6     0     0   -45.0   35.512  126.266    228.6    966.2
     1     1    21     8     9     5     0     0   -46.0   35.620  126.213    227.6    966.5
     1     1    21     8     9     4     0     0   -47.0   35.743  126.173    228.0    966.4
     1     1    21     8     9     3     0     0   -48.0   35.879  126.146    229.8    966.1
     1     1    21     8     9     2     0     0   -49.0   36.029  126.136    233.0    965.5
     1     1    21     8     9     1     0     0   -50.0   36.191  126.145    237.7    964.7
     1     1    21     8     9     0     0     0   -51.0   36.367  126.176    243.6    963.6
     1     1    21     8     8    23     0     0   -52.0   36.553  126.230    249.5    962.2
     1     1    21     8     8    22     0     0   -53.0   36.743  126.303    254.2    961.1
     1     1    21     8     8    21     0     0   -54.0   36.939  126.397    257.7    959.9
     1     1    21     8     8    20     0     0   -55.0   37.139  126.515    259.9    958.8
     1     1    21     8     8    19     0     0   -56.0   37.341  126.656    261.0    957.6
     1     1    21     8     8    18     0     0   -57.0   37.543  126.823    261.1    955.9
     1     1    21     8     8    17     0     0   -58.0   37.738  127.008    260.2    952.2
     1     1    21     8     8    16     0     0   -59.0   37.921  127.206    259.0    948.5
     1     1    21     8     8    15     0     0   -60.0   38.092  127.416    258.0    944.9
     1     1    21     8     8    14     0     0   -61.0   38.254  127.635    257.4    942.8
     1     1    21     8     8    13     0     0   -62.0   38.407  127.857    257.3    942.0
     1     1    21     8     8    12     0     0   -63.0   38.551  128.076    257.7    941.4
     1     1    21     8     8    11     0     0   -64.0   38.678  128.292    257.7    941.0
     1     1    21     8     8    10     0     0   -65.0   38.780  128.508    256.3    941.3
     1     1    21     8     8     9     0     0   -66.0   38.854  128.725    253.5    942.2
     1     1    21     8     8     8     0     0   -67.0   38.902  128.944    249.4    943.8
     1     1    21     8     8     7     0     0   -68.0   38.922  129.168    244.1    945.8
     1     1    21     8     8     6     0     0   -69.0   38.914  129.400    237.7    948.4
     1     1    21     8     8     5     0     0   -70.0   38.901  129.631    231.4    951.4
     1     1    21     8     8     4     0     0   -71.0   38.907  129.846    225.8    953.9
     1     1    21     8     8     3     0     0   -72.0   38.935  130.040    221.0    956.2
     1     1    21     8     8     2     0     0   -73.0   38.990  130.208    216.9    958.8
     1     1    21     8     8     1     0     0   -74.0   39.071  130.347    213.4    960.8
     1     1    21     8     8     0     0     0   -75.0   39.180  130.458    210.9    962.3
     1     1    21     8     7    23     0     0   -76.0   39.296  130.549    208.6    962.8
     1     1    21     8     7    22     0     0   -77.0   39.400  130.629    205.5    963.5
     1     1    21     8     7    21     0     0   -78.0   39.490  130.696    201.5    964.2
     1     1    21     8     7    20     0     0   -79.0   39.565  130.751    196.5    965.0
     1     1    21     8     7    19     0     0   -80.0   39.623  130.795    190.7    965.7
     1     1    21     8     7    18     0     0   -81.0   39.665  130.829    184.0    966.3
     1     1    21     8     7    17     0     0   -82.0   39.694  130.862    177.9    967.5
     1     1    21     8     7    16     0     0   -83.0   39.715  130.904    173.6    968.6
     1     1    21     8     7    15     0     0   -84.0   39.729  130.955    171.2    969.7
     1     1    21     8     7    14     0     0   -85.0   39.734  131.016    170.7    970.9
     1     1    21     8     7    13     0     0   -86.0   39.731  131.087    172.2    972.0
     1     1    21     8     7    12     0     0   -87.0   39.719  131.168    175.9    973.2
     1     1    21     8     7    11     0     0   -88.0   39.704  131.252    179.5    973.8
     1     1    21     8     7    10     0     0   -89.0   39.693  131.331    180.6    974.8
     1     1    21     8     7     9     0     0   -90.0   39.686  131.405    179.1    976.0
     1     1    21     8     7     8     0     0   -91.0   39.684  131.476    174.8    977.4
     1     1    21     8     7     7     0     0   -92.0   39.687  131.545    167.9    978.9
     1     1    21     8     7     6     0     0   -93.0   39.696  131.613    158.4    980.8
     1     1    21     8     7     5     0     0   -94.0   39.704  131.680    148.4    983.3
     1     1    21     8     7     4     0     0   -95.0   39.706  131.743    139.8    985.4
     1     1    21     8     7     3     0     0   -96.0   39.701  131.801    132.5    987.3
