     2     1
    CDC1    21    10     1     0     0
    CDC1    21    11     1     0     0
     1 BACKWARD OMEGA   
  2021    11     4     3   37.500  127.000   500.0
     1 PRESSURE
     1     1    21    11     4     3     0     0     0.0   37.500  127.000    500.0    941.3
     1     1    21    11     4     2     0     0    -1.0   37.542  126.865    507.6    940.5
     1     1    21    11     4     1     0     0    -2.0   37.593  126.711    514.5    939.9
     1     1    21    11     4     0     0     0    -3.0   37.654  126.538    520.8    939.3
     1     1    21    11     3    23     0     0    -4.0   37.715  126.345    525.8    938.8
     1     1    21    11     3    22     0     0    -5.0   37.770  126.132    528.6    938.9
     1     1    21    11     3    21     0     0    -6.0   37.818  125.900    528.8    939.5
     1     1    21    11     3    20     0     0    -7.0   37.860  125.647    526.1    940.7
     1     1    21    11     3    19     0     0    -8.0   37.894  125.374    520.2    942.4
     1     1    21    11     3    18     0     0    -9.0   37.921  125.080    510.6    944.9
     1     1    21    11     3    17     0     0   -10.0   37.936  124.781    500.4    947.6
     1     1    21    11     3    16     0     0   -11.0   37.936  124.493    493.1    949.5
     1     1    21    11     3    15     0     0   -12.0   37.925  124.218    489.1    951.2
     1     1    21    11     3    14     0     0   -13.0   37.904  123.955    488.1    952.5
     1     1    21    11     3    13     0     0   -14.0   37.875  123.706    490.2    953.5
     1     1    21    11     3    12     0     0   -15.0   37.840  123.469    495.2    954.0
     1     1    21    11     3    11     0     0   -16.0   37.803  123.238    500.6    954.3
     1     1    21    11     3    10     0     0   -17.0   37.766  123.006    503.9    955.0
     1     1    21    11     3     9     0     0   -18.0   37.730  122.773    505.4    956.0
     1     1    21    11     3     8     0     0   -19.0   37.695  122.537    505.3    957.2
     1     1    21    11     3     7     0     0   -20.0   37.662  122.298    504.1    957.8
     1     1    21    11     3     6     0     0   -21.0   37.629  122.059    502.8    958.3
     1     1    21    11     3     5     0     0   -22.0   37.601  121.819    503.6    958.8
     1     1    21    11     3     4     0     0   -23.0   37.580  121.580    508.2    958.6
     1     1    21    11     3     3     0     0   -24.0   37.568  121.342    516.2    958.0
     1     1    21    11     3     2     0     0   -25.0   37.566  121.104    527.1    957.1
     1     1    21    11     3     1     0     0   -26.0   37.574  120.866    540.9    955.9
     1     1    21    11     3     0     0     0   -27.0   37.594  120.629    557.0    954.4
     1     1    21    11     2    23     0     0   -28.0   37.617  120.384    573.9    952.6
     1     1    21    11     2    22     0     0   -29.0   37.634  120.125    590.1    951.0
     1     1    21    11     2    21     0     0   -30.0   37.645  119.847    605.1    949.3
     1     1    21    11     2    20     0     0   -31.0   37.651  119.552    618.7    947.6
     1     1    21    11     2    19     0     0   -32.0   37.652  119.235    630.8    945.9
     1     1    21    11     2    18     0     0   -33.0   37.649  118.894    641.6    944.2
     1     1    21    11     2    17     0     0   -34.0   37.638  118.550    653.2    942.7
     1     1    21    11     2    16     0     0   -35.0   37.609  118.225    667.4    940.9
     1     1    21    11     2    15     0     0   -36.0   37.560  117.922    683.4    939.3
     1     1    21    11     2    14     0     0   -37.0   37.489  117.643    700.6    938.0
     1     1    21    11     2    13     0     0   -38.0   37.396  117.390    717.6    933.8
     1     1    21    11     2    12     0     0   -39.0   37.287  117.165    735.2    928.1
     1     1    21    11     2    11     0     0   -40.0   37.174  116.962    755.3    923.3
     1     1    21    11     2    10     0     0   -41.0   37.070  116.773    779.6    918.3
     1     1    21    11     2     9     0     0   -42.0   36.972  116.595    807.9    913.4
     1     1    21    11     2     8     0     0   -43.0   36.880  116.426    840.0    908.4
     1     1    21    11     2     7     0     0   -44.0   36.792  116.264    875.8    903.4
     1     1    21    11     2     6     0     0   -45.0   36.707  116.107    915.0    898.2
     1     1    21    11     2     5     0     0   -46.0   36.624  115.952    952.2    892.3
     1     1    21    11     2     4     0     0   -47.0   36.541  115.797    981.5    887.8
     1     1    21    11     2     3     0     0   -48.0   36.454  115.644   1001.9    884.5
     1     1    21    11     2     2     0     0   -49.0   36.362  115.494   1013.0    882.4
     1     1    21    11     2     1     0     0   -50.0   36.259  115.349   1014.0    881.7
     1     1    21    11     2     0     0     0   -51.0   36.144  115.214   1004.7    882.5
     1     1    21    11     1    23     0     0   -52.0   36.016  115.090    990.5    885.0
     1     1    21    11     1    22     0     0   -53.0   35.881  114.978    977.0    886.9
     1     1    21    11     1    21     0     0   -54.0   35.741  114.878    964.9    887.9
     1     1    21    11     1    20     0     0   -55.0   35.598  114.789    954.9    889.0
     1     1    21    11     1    19     0     0   -56.0   35.451  114.713    947.1    890.2
     1     1    21    11     1    18     0     0   -57.0   35.303  114.648    941.5    891.4
     1     1    21    11     1    17     0     0   -58.0   35.153  114.609    937.9    892.7
     1     1    21    11     1    16     0     0   -59.0   35.005  114.609    936.2    894.5
     1     1    21    11     1    15     0     0   -60.0   34.860  114.649    935.8    895.9
     1     1    21    11     1    14     0     0   -61.0   34.722  114.725    936.3    897.8
     1     1    21    11     1    13     0     0   -62.0   34.592  114.837    937.8    900.3
     1     1    21    11     1    12     0     0   -63.0   34.472  114.985    940.4    903.2
     1     1    21    11     1    11     0     0   -64.0   34.369  115.146    944.6    904.4
     1     1    21    11     1    10     0     0   -65.0   34.286  115.295    950.9    904.6
     1     1    21    11     1     9     0     0   -66.0   34.220  115.433    960.0    904.4
     1     1    21    11     1     8     0     0   -67.0   34.171  115.556    971.7    903.6
     1     1    21    11     1     7     0     0   -68.0   34.137  115.664    985.8    902.5
     1     1    21    11     1     6     0     0   -69.0   34.118  115.757   1002.4    901.1
     1     1    21    11     1     5     0     0   -70.0   34.108  115.852   1018.0    898.9
     1     1    21    11     1     4     0     0   -71.0   34.107  115.967   1029.9    897.4
     1     1    21    11     1     3     0     0   -72.0   34.115  116.101   1038.0    896.5
     1     1    21    11     1     2     0     0   -73.0   34.131  116.256   1042.2    895.9
     1     1    21    11     1     1     0     0   -74.0   34.156  116.430   1042.8    895.9
     1     1    21    11     1     0     0     0   -75.0   34.188  116.626   1039.8    896.3
     1     1    21    10    31    23     0     0   -76.0   34.225  116.823   1034.0    897.1
     1     1    21    10    31    22     0     0   -77.0   34.260  117.005   1026.1    898.1
     1     1    21    10    31    21     0     0   -78.0   34.294  117.172   1015.9    899.4
     1     1    21    10    31    20     0     0   -79.0   34.324  117.326   1003.3    901.1
     1     1    21    10    31    19     0     0   -80.0   34.351  117.469    988.4    903.0
     1     1    21    10    31    18     0     0   -81.0   34.376  117.601    971.2    905.1
     1     1    21    10    31    17     0     0   -82.0   34.403  117.725    954.4    907.4
     1     1    21    10    31    16     0     0   -83.0   34.441  117.846    939.7    909.1
     1     1    21    10    31    15     0     0   -84.0   34.488  117.959    926.8    910.5
     1     1    21    10    31    14     0     0   -85.0   34.546  118.065    915.1    911.7
     1     1    21    10    31    13     0     0   -86.0   34.612  118.159    904.4    912.8
     1     1    21    10    31    12     0     0   -87.0   34.688  118.242    894.0    913.8
     1     1    21    10    31    11     0     0   -88.0   34.764  118.313    885.5    914.8
     1     1    21    10    31    10     0     0   -89.0   34.834  118.372    880.8    915.2
     1     1    21    10    31     9     0     0   -90.0   34.897  118.421    880.0    915.1
     1     1    21    10    31     8     0     0   -91.0   34.952  118.461    883.1    914.7
     1     1    21    10    31     7     0     0   -92.0   35.000  118.492    890.3    913.8
     1     1    21    10    31     6     0     0   -93.0   35.040  118.515    901.4    912.6
     1     1    21    10    31     5     0     0   -94.0   35.078  118.530    913.8    911.2
     1     1    21    10    31     4     0     0   -95.0   35.119  118.535    924.7    910.1
     1     1    21    10    31     3     0     0   -96.0   35.163  118.531    934.0    909.3
