     2     1
    CDC1    21     6     1     0     0
    CDC1    21     7     1     0     0
     1 BACKWARD OMEGA   
  2021     7    21    21   37.500  127.000   500.0
     1 PRESSURE
     1     1    21     7    21    21     0     0     0.0   37.500  127.000    500.0    938.1
     1     1    21     7    21    20     0     0    -1.0   37.462  127.131    507.8    936.5
     1     1    21     7    21    19     0     0    -2.0   37.423  127.267    514.4    935.0
     1     1    21     7    21    18     0     0    -3.0   37.382  127.407    519.5    933.7
     1     1    21     7    21    17     0     0    -4.0   37.342  127.549    524.6    933.1
     1     1    21     7    21    16     0     0    -5.0   37.306  127.689    530.7    933.0
     1     1    21     7    21    15     0     0    -6.0   37.276  127.827    537.5    932.8
     1     1    21     7    21    14     0     0    -7.0   37.250  127.964    544.9    932.4
     1     1    21     7    21    13     0     0    -8.0   37.230  128.100    553.0    932.0
     1     1    21     7    21    12     0     0    -9.0   37.215  128.236    561.5    931.5
     1     1    21     7    21    11     0     0   -10.0   37.206  128.372    570.4    931.1
     1     1    21     7    21    10     0     0   -11.0   37.204  128.504    579.3    930.7
     1     1    21     7    21     9     0     0   -12.0   37.210  128.633    588.0    930.3
     1     1    21     7    21     8     0     0   -13.0   37.222  128.758    596.6    930.0
     1     1    21     7    21     7     0     0   -14.0   37.242  128.877    604.8    929.7
     1     1    21     7    21     6     0     0   -15.0   37.270  128.989    612.5    929.5
     1     1    21     7    21     5     0     0   -16.0   37.300  129.098    617.5    929.4
     1     1    21     7    21     4     0     0   -17.0   37.331  129.207    617.7    930.1
     1     1    21     7    21     3     0     0   -18.0   37.363  129.317    613.0    931.3
     1     1    21     7    21     2     0     0   -19.0   37.395  129.428    603.9    932.9
     1     1    21     7    21     1     0     0   -20.0   37.428  129.539    590.4    935.1
     1     1    21     7    21     0     0     0   -21.0   37.461  129.649    573.0    937.7
     1     1    21     7    20    23     0     0   -22.0   37.495  129.753    555.7    940.4
     1     1    21     7    20    22     0     0   -23.0   37.527  129.844    542.4    941.8
     1     1    21     7    20    21     0     0   -24.0   37.556  129.924    533.2    942.8
     1     1    21     7    20    20     0     0   -25.0   37.582  129.992    528.1    943.4
     1     1    21     7    20    19     0     0   -26.0   37.604  130.049    527.2    943.7
     1     1    21     7    20    18     0     0   -27.0   37.621  130.094    530.1    943.6
     1     1    21     7    20    17     0     0   -28.0   37.634  130.135    535.4    943.0
     1     1    21     7    20    16     0     0   -29.0   37.642  130.176    541.6    942.6
     1     1    21     7    20    15     0     0   -30.0   37.646  130.217    548.6    942.1
     1     1    21     7    20    14     0     0   -31.0   37.645  130.260    556.6    941.6
     1     1    21     7    20    13     0     0   -32.0   37.640  130.303    565.5    941.0
     1     1    21     7    20    12     0     0   -33.0   37.631  130.347    575.3    940.4
     1     1    21     7    20    11     0     0   -34.0   37.620  130.391    583.4    939.6
     1     1    21     7    20    10     0     0   -35.0   37.608  130.432    587.9    939.4
     1     1    21     7    20     9     0     0   -36.0   37.595  130.471    588.6    939.5
     1     1    21     7    20     8     0     0   -37.0   37.582  130.506    585.4    940.1
     1     1    21     7    20     7     0     0   -38.0   37.570  130.539    578.5    940.9
     1     1    21     7    20     6     0     0   -39.0   37.558  130.568    567.8    942.2
     1     1    21     7    20     5     0     0   -40.0   37.546  130.595    557.8    944.3
     1     1    21     7    20     4     0     0   -41.0   37.536  130.621    552.4    945.5
     1     1    21     7    20     3     0     0   -42.0   37.527  130.645    551.6    946.2
     1     1    21     7    20     2     0     0   -43.0   37.520  130.668    555.5    946.4
     1     1    21     7    20     1     0     0   -44.0   37.513  130.689    564.1    946.1
     1     1    21     7    20     0     0     0   -45.0   37.507  130.709    577.5    945.3
     1     1    21     7    19    23     0     0   -46.0   37.492  130.730    592.2    943.3
     1     1    21     7    19    22     0     0   -47.0   37.457  130.754    605.7    941.5
     1     1    21     7    19    21     0     0   -48.0   37.402  130.782    618.0    939.9
     1     1    21     7    19    20     0     0   -49.0   37.328  130.815    629.3    938.3
     1     1    21     7    19    19     0     0   -50.0   37.233  130.852    639.8    936.5
     1     1    21     7    19    18     0     0   -51.0   37.118  130.894    649.8    934.7
     1     1    21     7    19    17     0     0   -52.0   36.993  130.937    658.4    933.2
     1     1    21     7    19    16     0     0   -53.0   36.868  130.982    663.9    932.2
     1     1    21     7    19    15     0     0   -54.0   36.743  131.028    666.0    931.5
     1     1    21     7    19    14     0     0   -55.0   36.618  131.076    664.4    931.3
     1     1    21     7    19    13     0     0   -56.0   36.494  131.128    658.6    931.4
     1     1    21     7    19    12     0     0   -57.0   36.371  131.184    648.4    932.1
     1     1    21     7    19    11     0     0   -58.0   36.248  131.249    637.2    933.3
     1     1    21     7    19    10     0     0   -59.0   36.124  131.324    628.9    933.7
     1     1    21     7    19     9     0     0   -60.0   35.998  131.409    623.9    933.5
     1     1    21     7    19     8     0     0   -61.0   35.869  131.503    622.4    933.1
     1     1    21     7    19     7     0     0   -62.0   35.737  131.606    624.7    932.1
     1     1    21     7    19     6     0     0   -63.0   35.601  131.719    631.1    930.7
     1     1    21     7    19     5     0     0   -64.0   35.465  131.835    640.5    929.2
     1     1    21     7    19     4     0     0   -65.0   35.333  131.951    650.7    927.8
     1     1    21     7    19     3     0     0   -66.0   35.206  132.065    661.9    926.3
     1     1    21     7    19     2     0     0   -67.0   35.085  132.177    674.1    924.7
     1     1    21     7    19     1     0     0   -68.0   34.969  132.287    687.3    923.3
     1     1    21     7    19     0     0     0   -69.0   34.861  132.398    701.3    922.5
     1     1    21     7    18    23     0     0   -70.0   34.748  132.514    716.5    920.8
     1     1    21     7    18    22     0     0   -71.0   34.620  132.640    733.5    918.3
     1     1    21     7    18    21     0     0   -72.0   34.478  132.776    752.3    915.8
     1     1    21     7    18    20     0     0   -73.0   34.322  132.919    772.5    913.2
     1     1    21     7    18    19     0     0   -74.0   34.153  133.071    794.0    910.6
     1     1    21     7    18    18     0     0   -75.0   33.971  133.228    816.5    908.1
     1     1    21     7    18    17     0     0   -76.0   33.786  133.393    839.2    906.0
     1     1    21     7    18    16     0     0   -77.0   33.605  133.565    861.3    904.2
     1     1    21     7    18    15     0     0   -78.0   33.429  133.745    883.1    902.6
     1     1    21     7    18    14     0     0   -79.0   33.258  133.933    905.2    901.2
     1     1    21     7    18    13     0     0   -80.0   33.094  134.130    927.9    899.9
     1     1    21     7    18    12     0     0   -81.0   32.937  134.335    951.7    898.4
     1     1    21     7    18    11     0     0   -82.0   32.782  134.544    974.3    896.9
     1     1    21     7    18    10     0     0   -83.0   32.622  134.752    992.8    896.4
     1     1    21     7    18     9     0     0   -84.0   32.456  134.957   1007.0    896.4
     1     1    21     7    18     8     0     0   -85.0   32.283  135.160   1016.4    896.4
     1     1    21     7    18     7     0     0   -86.0   32.099  135.362   1021.5    896.8
     1     1    21     7    18     6     0     0   -87.0   31.905  135.565   1023.3    897.5
     1     1    21     7    18     5     0     0   -88.0   31.707  135.773   1023.2    898.4
     1     1    21     7    18     4     0     0   -89.0   31.512  135.990   1022.7    899.2
     1     1    21     7    18     3     0     0   -90.0   31.320  136.215   1021.1    900.1
     1     1    21     7    18     2     0     0   -91.0   31.132  136.446   1018.1    901.2
     1     1    21     7    18     1     0     0   -92.0   30.949  136.681   1013.3    902.4
     1     1    21     7    18     0     0     0   -93.0   30.773  136.918   1006.6    903.9
     1     1    21     7    17    23     0     0   -94.0   30.601  137.160   1001.3    905.3
     1     1    21     7    17    22     0     0   -95.0   30.430  137.413   1001.0    905.7
     1     1    21     7    17    21     0     0   -96.0   30.260  137.673   1005.2    905.3
