     2     1
    CDC1    21     4     1     0     0
    CDC1    21     5     1     0     0
     1 BACKWARD OMEGA   
  2021     5    29     3   37.500  127.000   500.0
     1 PRESSURE
     1     1    21     5    29     3     0     0     0.0   37.500  127.000    500.0    929.0
     1     1    21     5    29     2     0     0    -1.0   37.564  126.821    512.0    927.7
     1     1    21     5    29     1     0     0    -2.0   37.645  126.638    524.0    926.2
     1     1    21     5    29     0     0     0    -3.0   37.742  126.454    535.9    924.5
     1     1    21     5    28    23     0     0    -4.0   37.855  126.260    547.2    922.4
     1     1    21     5    28    22     0     0    -5.0   37.985  126.047    557.1    920.4
     1     1    21     5    28    21     0     0    -6.0   38.130  125.818    563.8    918.7
     1     1    21     5    28    20     0     0    -7.0   38.291  125.573    565.8    917.4
     1     1    21     5    28    19     0     0    -8.0   38.464  125.312    561.3    916.9
     1     1    21     5    28    18     0     0    -9.0   38.648  125.035    548.4    917.3
     1     1    21     5    28    17     0     0   -10.0   38.833  124.755    532.2    919.0
     1     1    21     5    28    16     0     0   -11.0   39.015  124.484    519.7    919.9
     1     1    21     5    28    15     0     0   -12.0   39.202  124.223    512.7    920.6
     1     1    21     5    28    14     0     0   -13.0   39.400  123.971    512.2    920.8
     1     1    21     5    28    13     0     0   -14.0   39.614  123.729    519.3    920.2
     1     1    21     5    28    12     0     0   -15.0   39.849  123.495    535.1    919.0
     1     1    21     5    28    11     0     0   -16.0   40.100  123.270    552.7    916.8
     1     1    21     5    28    10     0     0   -17.0   40.356  123.054    565.7    916.0
     1     1    21     5    28     9     0     0   -18.0   40.620  122.850    574.9    915.5
     1     1    21     5    28     8     0     0   -19.0   40.895  122.654    581.3    914.9
     1     1    21     5    28     7     0     0   -20.0   41.181  122.464    585.5    913.7
     1     1    21     5    28     6     0     0   -21.0   41.477  122.280    587.5    909.7
     1     1    21     5    28     5     0     0   -22.0   41.768  122.116    587.9    905.8
     1     1    21     5    28     4     0     0   -23.0   42.046  121.984    585.8    902.3
     1     1    21     5    28     3     0     0   -24.0   42.312  121.885    581.0    899.3
     1     1    21     5    28     2     0     0   -25.0   42.570  121.816    573.7    897.5
     1     1    21     5    28     1     0     0   -26.0   42.819  121.773    564.5    897.9
     1     1    21     5    28     0     0     0   -27.0   43.056  121.749    553.4    898.7
     1     1    21     5    27    23     0     0   -28.0   43.274  121.729    540.4    899.3
     1     1    21     5    27    22     0     0   -29.0   43.466  121.699    526.3    899.9
     1     1    21     5    27    21     0     0   -30.0   43.637  121.663    511.5    900.4
     1     1    21     5    27    20     0     0   -31.0   43.790  121.623    496.2    901.1
     1     1    21     5    27    19     0     0   -32.0   43.929  121.583    480.7    901.7
     1     1    21     5    27    18     0     0   -33.0   44.056  121.543    465.2    902.4
     1     1    21     5    27    17     0     0   -34.0   44.166  121.504    450.5    903.1
     1     1    21     5    27    16     0     0   -35.0   44.252  121.466    436.8    903.5
     1     1    21     5    27    15     0     0   -36.0   44.314  121.430    424.0    903.9
     1     1    21     5    27    14     0     0   -37.0   44.351  121.396    411.7    904.3
     1     1    21     5    27    13     0     0   -38.0   44.362  121.364    399.9    904.8
     1     1    21     5    27    12     0     0   -39.0   44.345  121.335    388.3    905.2
     1     1    21     5    27    11     0     0   -40.0   44.308  121.311    376.3    905.9
     1     1    21     5    27    10     0     0   -41.0   44.259  121.296    363.3    906.6
     1     1    21     5    27     9     0     0   -42.0   44.200  121.290    349.2    907.6
     1     1    21     5    27     8     0     0   -43.0   44.129  121.292    333.9    909.0
     1     1    21     5    27     7     0     0   -44.0   44.047  121.302    317.5    910.8
     1     1    21     5    27     6     0     0   -45.0   43.955  121.319    299.9    912.9
     1     1    21     5    27     5     0     0   -46.0   43.866  121.334    283.7    915.6
     1     1    21     5    27     4     0     0   -47.0   43.791  121.337    271.2    917.4
     1     1    21     5    27     3     0     0   -48.0   43.730  121.329    262.3    918.7
     1     1    21     5    27     2     0     0   -49.0   43.685  121.310    256.8    919.3
     1     1    21     5    27     1     0     0   -50.0   43.655  121.281    254.8    919.2
     1     1    21     5    27     0     0     0   -51.0   43.641  121.242    256.5    918.6
     1     1    21     5    26    23     0     0   -52.0   43.633  121.191    259.6    917.2
     1     1    21     5    26    22     0     0   -53.0   43.618  121.125    261.8    915.9
     1     1    21     5    26    21     0     0   -54.0   43.599  121.042    263.1    914.4
     1     1    21     5    26    20     0     0   -55.0   43.576  120.941    263.4    912.7
     1     1    21     5    26    19     0     0   -56.0   43.550  120.820    263.1    910.8
     1     1    21     5    26    18     0     0   -57.0   43.523  120.678    262.1    908.5
     1     1    21     5    26    17     0     0   -58.0   43.498  120.527    263.0    905.8
     1     1    21     5    26    16     0     0   -59.0   43.477  120.383    268.3    902.5
     1     1    21     5    26    15     0     0   -60.0   43.462  120.247    278.0    898.7
     1     1    21     5    26    14     0     0   -61.0   43.456  120.118    292.4    894.6
     1     1    21     5    26    13     0     0   -62.0   43.458  119.996    311.6    890.1
     1     1    21     5    26    12     0     0   -63.0   43.471  119.881    335.7    885.0
     1     1    21     5    26    11     0     0   -64.0   43.495  119.766    359.7    879.8
     1     1    21     5    26    10     0     0   -65.0   43.531  119.647    378.0    875.4
     1     1    21     5    26     9     0     0   -66.0   43.576  119.526    390.7    871.4
     1     1    21     5    26     8     0     0   -67.0   43.629  119.402    397.8    868.0
     1     1    21     5    26     7     0     0   -68.0   43.689  119.276    399.8    865.2
     1     1    21     5    26     6     0     0   -69.0   43.756  119.147    396.9    862.8
     1     1    21     5    26     5     0     0   -70.0   43.832  119.020    392.1    861.0
     1     1    21     5    26     4     0     0   -71.0   43.920  118.898    387.8    859.1
     1     1    21     5    26     3     0     0   -72.0   44.022  118.783    384.4    857.2
     1     1    21     5    26     2     0     0   -73.0   44.136  118.679    382.4    855.4
     1     1    21     5    26     1     0     0   -74.0   44.263  118.587    382.4    853.7
     1     1    21     5    26     0     0     0   -75.0   44.403  118.508    384.9    851.9
     1     1    21     5    25    23     0     0   -76.0   44.547  118.437    390.5    849.7
     1     1    21     5    25    22     0     0   -77.0   44.690  118.365    399.7    847.2
     1     1    21     5    25    21     0     0   -78.0   44.832  118.294    412.3    844.3
     1     1    21     5    25    20     0     0   -79.0   44.975  118.227    428.3    841.2
     1     1    21     5    25    19     0     0   -80.0   45.117  118.159    447.1    838.6
     1     1    21     5    25    18     0     0   -81.0   45.256  118.086    467.6    836.2
     1     1    21     5    25    17     0     0   -82.0   45.396  117.992    487.9    833.9
     1     1    21     5    25    16     0     0   -83.0   45.539  117.867    506.0    831.9
     1     1    21     5    25    15     0     0   -84.0   45.688  117.710    522.6    830.0
     1     1    21     5    25    14     0     0   -85.0   45.844  117.522    538.3    828.4
     1     1    21     5    25    13     0     0   -86.0   46.009  117.305    554.3    829.0
     1     1    21     5    25    12     0     0   -87.0   46.186  117.062    571.0    830.1
     1     1    21     5    25    11     0     0   -88.0   46.367  116.790    589.9    830.5
     1     1    21     5    25    10     0     0   -89.0   46.544  116.492    611.2    830.6
     1     1    21     5    25     9     0     0   -90.0   46.716  116.168    633.6    830.3
     1     1    21     5    25     8     0     0   -91.0   46.884  115.821    655.8    830.2
     1     1    21     5    25     7     0     0   -92.0   47.048  115.451    676.4    830.5
     1     1    21     5    25     6     0     0   -93.0   47.209  115.062    694.0    831.2
     1     1    21     5    25     5     0     0   -94.0   47.374  114.670    708.7    828.0
     1     1    21     5    25     4     0     0   -95.0   47.553  114.292    723.0    823.0
     1     1    21     5    25     3     0     0   -96.0   47.743  113.929    735.8    816.9
