     2     1
    CDC1    21     5     1     0     0
    CDC1    21     6     1     0     0
     1 BACKWARD OMEGA   
  2021     6    28    18   37.500  127.000   500.0
     1 PRESSURE
     1     1    21     6    28    18     0     0     0.0   37.500  127.000    500.0    930.6
     1     1    21     6    28    17     0     0    -1.0   37.500  126.968    503.6    930.1
     1     1    21     6    28    16     0     0    -2.0   37.499  126.938    509.2    929.3
     1     1    21     6    28    15     0     0    -3.0   37.497  126.910    516.8    928.4
     1     1    21     6    28    14     0     0    -4.0   37.494  126.884    526.7    927.2
     1     1    21     6    28    13     0     0    -5.0   37.490  126.861    538.9    925.8
     1     1    21     6    28    12     0     0    -6.0   37.486  126.839    553.7    924.1
     1     1    21     6    28    11     0     0    -7.0   37.483  126.823    568.3    922.5
     1     1    21     6    28    10     0     0    -8.0   37.484  126.812    579.6    921.4
     1     1    21     6    28     9     0     0    -9.0   37.488  126.808    587.4    920.7
     1     1    21     6    28     8     0     0   -10.0   37.496  126.809    591.6    920.3
     1     1    21     6    28     7     0     0   -11.0   37.508  126.818    592.0    920.2
     1     1    21     6    28     6     0     0   -12.0   37.525  126.832    588.7    920.2
     1     1    21     6    28     5     0     0   -13.0   37.539  126.854    586.2    920.7
     1     1    21     6    28     4     0     0   -14.0   37.546  126.881    588.6    920.4
     1     1    21     6    28     3     0     0   -15.0   37.547  126.914    596.2    919.6
     1     1    21     6    28     2     0     0   -16.0   37.541  126.953    609.3    918.3
     1     1    21     6    28     1     0     0   -17.0   37.529  126.998    628.1    916.5
     1     1    21     6    28     0     0     0   -18.0   37.511  127.049    653.1    913.7
     1     1    21     6    27    23     0     0   -19.0   37.493  127.104    677.5    910.0
     1     1    21     6    27    22     0     0   -20.0   37.476  127.158    694.6    907.8
     1     1    21     6    27    21     0     0   -21.0   37.460  127.212    704.2    906.4
     1     1    21     6    27    20     0     0   -22.0   37.445  127.267    706.0    905.9
     1     1    21     6    27    19     0     0   -23.0   37.431  127.321    699.9    906.3
     1     1    21     6    27    18     0     0   -24.0   37.417  127.374    685.8    907.6
     1     1    21     6    27    17     0     0   -25.0   37.401  127.430    670.0    909.8
     1     1    21     6    27    16     0     0   -26.0   37.383  127.489    658.0    911.0
     1     1    21     6    27    15     0     0   -27.0   37.362  127.553    650.0    912.2
     1     1    21     6    27    14     0     0   -28.0   37.338  127.620    645.9    913.0
     1     1    21     6    27    13     0     0   -29.0   37.311  127.691    645.7    913.4
     1     1    21     6    27    12     0     0   -30.0   37.282  127.767    649.3    913.3
     1     1    21     6    27    11     0     0   -31.0   37.254  127.848    653.6    913.0
     1     1    21     6    27    10     0     0   -32.0   37.229  127.937    655.6    913.3
     1     1    21     6    27     9     0     0   -33.0   37.207  128.033    655.2    913.9
     1     1    21     6    27     8     0     0   -34.0   37.190  128.137    652.6    914.8
     1     1    21     6    27     7     0     0   -35.0   37.176  128.247    647.6    915.9
     1     1    21     6    27     6     0     0   -36.0   37.166  128.364    640.3    917.3
     1     1    21     6    27     5     0     0   -37.0   37.153  128.487    631.5    919.1
     1     1    21     6    27     4     0     0   -38.0   37.131  128.618    622.1    920.7
     1     1    21     6    27     3     0     0   -39.0   37.102  128.757    612.3    922.3
     1     1    21     6    27     2     0     0   -40.0   37.065  128.904    602.4    923.9
     1     1    21     6    27     1     0     0   -41.0   37.021  129.061    592.5    925.6
     1     1    21     6    27     0     0     0   -42.0   36.972  129.228    582.6    927.1
     1     1    21     6    26    23     0     0   -43.0   36.918  129.394    574.1    928.5
     1     1    21     6    26    22     0     0   -44.0   36.861  129.551    568.5    929.3
     1     1    21     6    26    21     0     0   -45.0   36.800  129.697    565.7    929.9
     1     1    21     6    26    20     0     0   -46.0   36.734  129.833    565.7    930.0
     1     1    21     6    26    19     0     0   -47.0   36.661  129.958    568.7    929.8
     1     1    21     6    26    18     0     0   -48.0   36.580  130.072    574.7    929.5
     1     1    21     6    26    17     0     0   -49.0   36.493  130.174    581.5    929.0
     1     1    21     6    26    16     0     0   -50.0   36.402  130.264    587.1    928.6
     1     1    21     6    26    15     0     0   -51.0   36.308  130.343    591.0    928.3
     1     1    21     6    26    14     0     0   -52.0   36.211  130.409    592.9    928.1
     1     1    21     6    26    13     0     0   -53.0   36.111  130.463    592.5    928.0
     1     1    21     6    26    12     0     0   -54.0   36.009  130.504    589.6    928.1
     1     1    21     6    26    11     0     0   -55.0   35.902  130.544    584.7    928.3
     1     1    21     6    26    10     0     0   -56.0   35.790  130.594    578.4    928.5
     1     1    21     6    26     9     0     0   -57.0   35.671  130.655    571.0    928.9
     1     1    21     6    26     8     0     0   -58.0   35.543  130.727    562.5    929.3
     1     1    21     6    26     7     0     0   -59.0   35.407  130.811    553.0    929.8
     1     1    21     6    26     6     0     0   -60.0   35.258  130.907    542.7    930.3
     1     1    21     6    26     5     0     0   -61.0   35.110  131.005    534.2    931.3
     1     1    21     6    26     4     0     0   -62.0   34.975  131.096    530.0    931.7
     1     1    21     6    26     3     0     0   -63.0   34.855  131.180    530.1    932.4
     1     1    21     6    26     2     0     0   -64.0   34.755  131.256    534.1    932.7
     1     1    21     6    26     1     0     0   -65.0   34.674  131.323    542.2    932.4
     1     1    21     6    26     0     0     0   -66.0   34.614  131.380    554.4    931.7
     1     1    21     6    25    23     0     0   -67.0   34.562  131.427    568.3    930.0
     1     1    21     6    25    22     0     0   -68.0   34.504  131.461    581.3    928.7
     1     1    21     6    25    21     0     0   -69.0   34.438  131.483    593.1    927.5
     1     1    21     6    25    20     0     0   -70.0   34.365  131.491    603.9    926.4
     1     1    21     6    25    19     0     0   -71.0   34.285  131.486    613.6    925.3
     1     1    21     6    25    18     0     0   -72.0   34.199  131.468    622.0    924.5
     1     1    21     6    25    17     0     0   -73.0   34.109  131.448    628.6    923.8
     1     1    21     6    25    16     0     0   -74.0   34.023  131.442    632.7    923.5
     1     1    21     6    25    15     0     0   -75.0   33.940  131.447    634.6    923.5
     1     1    21     6    25    14     0     0   -76.0   33.860  131.465    634.3    923.7
     1     1    21     6    25    13     0     0   -77.0   33.783  131.495    632.0    924.1
     1     1    21     6    25    12     0     0   -78.0   33.709  131.539    627.8    924.8
     1     1    21     6    25    11     0     0   -79.0   33.636  131.594    623.8    925.5
     1     1    21     6    25    10     0     0   -80.0   33.563  131.658    622.5    925.7
     1     1    21     6    25     9     0     0   -81.0   33.488  131.733    624.0    925.6
     1     1    21     6    25     8     0     0   -82.0   33.411  131.817    628.5    925.2
     1     1    21     6    25     7     0     0   -83.0   33.332  131.911    636.6    924.4
     1     1    21     6    25     6     0     0   -84.0   33.251  132.014    648.4    923.1
     1     1    21     6    25     5     0     0   -85.0   33.176  132.115    662.6    921.5
     1     1    21     6    25     4     0     0   -86.0   33.118  132.205    677.4    919.9
     1     1    21     6    25     3     0     0   -87.0   33.076  132.284    692.6    918.3
     1     1    21     6    25     2     0     0   -88.0   33.051  132.350    707.8    916.6
     1     1    21     6    25     1     0     0   -89.0   33.042  132.404    722.9    915.0
     1     1    21     6    25     0     0     0   -90.0   33.049  132.445    737.7    913.4
     1     1    21     6    24    23     0     0   -91.0   33.060  132.478    752.9    911.7
     1     1    21     6    24    22     0     0   -92.0   33.062  132.507    769.1    909.8
     1     1    21     6    24    21     0     0   -93.0   33.058  132.532    786.4    907.9
     1     1    21     6    24    20     0     0   -94.0   33.046  132.554    804.5    905.9
     1     1    21     6    24    19     0     0   -95.0   33.027  132.572    823.6    903.8
     1     1    21     6    24    18     0     0   -96.0   33.000  132.585    843.5    901.6
