     2     1
    CDC1    21     5     1     0     0
    CDC1    21     6     1     0     0
     1 BACKWARD OMEGA   
  2021     6    29    12   37.500  127.000   500.0
     1 PRESSURE
     1     1    21     6    29    12     0     0     0.0   37.500  127.000    500.0    930.5
     1     1    21     6    29    11     0     0    -1.0   37.456  126.899    505.9    930.3
     1     1    21     6    29    10     0     0    -2.0   37.405  126.794    509.9    930.5
     1     1    21     6    29     9     0     0    -3.0   37.347  126.684    512.1    930.9
     1     1    21     6    29     8     0     0    -4.0   37.283  126.570    512.4    931.5
     1     1    21     6    29     7     0     0    -5.0   37.214  126.453    510.9    932.4
     1     1    21     6    29     6     0     0    -6.0   37.140  126.332    507.4    933.4
     1     1    21     6    29     5     0     0    -7.0   37.064  126.220    503.3    934.7
     1     1    21     6    29     4     0     0    -8.0   36.987  126.128    499.8    935.8
     1     1    21     6    29     3     0     0    -9.0   36.911  126.055    496.7    936.7
     1     1    21     6    29     2     0     0   -10.0   36.835  126.002    494.1    937.5
     1     1    21     6    29     1     0     0   -11.0   36.760  125.967    492.1    938.2
     1     1    21     6    29     0     0     0   -12.0   36.686  125.951    490.6    938.7
     1     1    21     6    28    23     0     0   -13.0   36.619  125.944    490.1    938.8
     1     1    21     6    28    22     0     0   -14.0   36.566  125.939    491.0    938.7
     1     1    21     6    28    21     0     0   -15.0   36.525  125.936    493.0    938.4
     1     1    21     6    28    20     0     0   -16.0   36.498  125.935    496.2    938.0
     1     1    21     6    28    19     0     0   -17.0   36.483  125.934    500.4    937.4
     1     1    21     6    28    18     0     0   -18.0   36.481  125.934    505.5    936.8
     1     1    21     6    28    17     0     0   -19.0   36.485  125.936    512.7    936.0
     1     1    21     6    28    16     0     0   -20.0   36.490  125.940    523.1    934.9
     1     1    21     6    28    15     0     0   -21.0   36.496  125.947    536.8    933.3
     1     1    21     6    28    14     0     0   -22.0   36.503  125.957    554.1    931.4
     1     1    21     6    28    13     0     0   -23.0   36.511  125.971    575.1    929.1
     1     1    21     6    28    12     0     0   -24.0   36.519  125.988    599.9    926.4
     1     1    21     6    28    11     0     0   -25.0   36.529  126.011    624.7    923.5
     1     1    21     6    28    10     0     0   -26.0   36.543  126.042    644.9    920.9
     1     1    21     6    28     9     0     0   -27.0   36.561  126.080    660.2    919.0
     1     1    21     6    28     8     0     0   -28.0   36.582  126.127    670.5    917.5
     1     1    21     6    28     7     0     0   -29.0   36.607  126.182    675.9    916.6
     1     1    21     6    28     6     0     0   -30.0   36.636  126.244    676.2    916.1
     1     1    21     6    28     5     0     0   -31.0   36.663  126.313    676.5    916.2
     1     1    21     6    28     4     0     0   -32.0   36.685  126.388    681.9    915.2
     1     1    21     6    28     3     0     0   -33.0   36.700  126.468    692.5    913.5
     1     1    21     6    28     2     0     0   -34.0   36.710  126.555    708.6    911.3
     1     1    21     6    28     1     0     0   -35.0   36.715  126.647    730.4    908.4
     1     1    21     6    28     0     0     0   -36.0   36.715  126.745    758.2    905.0
     1     1    21     6    27    23     0     0   -37.0   36.715  126.846    785.3    900.8
     1     1    21     6    27    22     0     0   -38.0   36.714  126.944    804.8    898.2
     1     1    21     6    27    21     0     0   -39.0   36.714  127.040    816.2    896.5
     1     1    21     6    27    20     0     0   -40.0   36.713  127.134    819.4    895.7
     1     1    21     6    27    19     0     0   -41.0   36.712  127.226    814.3    895.7
     1     1    21     6    27    18     0     0   -42.0   36.710  127.316    800.8    896.6
     1     1    21     6    27    17     0     0   -43.0   36.706  127.406    785.4    898.5
     1     1    21     6    27    16     0     0   -44.0   36.698  127.497    773.9    899.3
     1     1    21     6    27    15     0     0   -45.0   36.686  127.589    766.7    900.3
     1     1    21     6    27    14     0     0   -46.0   36.669  127.683    763.6    901.0
     1     1    21     6    27    13     0     0   -47.0   36.649  127.778    764.4    901.2
     1     1    21     6    27    12     0     0   -48.0   36.625  127.875    769.1    901.0
     1     1    21     6    27    11     0     0   -49.0   36.600  127.977    775.0    900.5
     1     1    21     6    27    10     0     0   -50.0   36.579  128.089    779.3    900.5
     1     1    21     6    27     9     0     0   -51.0   36.562  128.209    782.1    900.6
     1     1    21     6    27     8     0     0   -52.0   36.548  128.339    783.2    900.9
     1     1    21     6    27     7     0     0   -53.0   36.537  128.478    782.8    901.3
     1     1    21     6    27     6     0     0   -54.0   36.530  128.625    780.8    901.9
     1     1    21     6    27     5     0     0   -55.0   36.520  128.778    777.3    902.7
     1     1    21     6    27     4     0     0   -56.0   36.504  128.938    772.3    903.7
     1     1    21     6    27     3     0     0   -57.0   36.481  129.106    766.1    904.8
     1     1    21     6    27     2     0     0   -58.0   36.453  129.281    758.7    906.0
     1     1    21     6    27     1     0     0   -59.0   36.419  129.467    750.1    907.3
     1     1    21     6    27     0     0     0   -60.0   36.380  129.664    740.5    908.7
     1     1    21     6    26    23     0     0   -61.0   36.335  129.862    732.0    910.1
     1     1    21     6    26    22     0     0   -62.0   36.283  130.048    726.6    911.0
     1     1    21     6    26    21     0     0   -63.0   36.223  130.220    724.4    912.1
     1     1    21     6    26    20     0     0   -64.0   36.152  130.379    725.4    912.7
     1     1    21     6    26    19     0     0   -65.0   36.070  130.523    729.4    912.7
     1     1    21     6    26    18     0     0   -66.0   35.974  130.652    736.5    912.2
     1     1    21     6    26    17     0     0   -67.0   35.870  130.768    744.0    911.2
     1     1    21     6    26    16     0     0   -68.0   35.762  130.871    749.2    910.6
     1     1    21     6    26    15     0     0   -69.0   35.650  130.962    751.7    910.2
     1     1    21     6    26    14     0     0   -70.0   35.535  131.039    751.0    910.1
     1     1    21     6    26    13     0     0   -71.0   35.417  131.104    746.8    910.2
     1     1    21     6    26    12     0     0   -72.0   35.295  131.156    738.8    910.7
     1     1    21     6    26    11     0     0   -73.0   35.167  131.210    728.0    911.3
     1     1    21     6    26    10     0     0   -74.0   35.031  131.278    715.8    912.0
     1     1    21     6    26     9     0     0   -75.0   34.884  131.362    702.4    913.6
     1     1    21     6    26     8     0     0   -76.0   34.725  131.465    688.1    915.7
     1     1    21     6    26     7     0     0   -77.0   34.553  131.586    673.0    917.9
     1     1    21     6    26     6     0     0   -78.0   34.367  131.728    657.6    920.3
     1     1    21     6    26     5     0     0   -79.0   34.182  131.878    644.2    922.9
     1     1    21     6    26     4     0     0   -80.0   34.019  132.021    635.0    924.6
     1     1    21     6    26     3     0     0   -81.0   33.880  132.155    629.6    925.8
     1     1    21     6    26     2     0     0   -82.0   33.768  132.277    627.8    926.5
     1     1    21     6    26     1     0     0   -83.0   33.685  132.385    629.7    926.7
     1     1    21     6    26     0     0     0   -84.0   33.633  132.477    635.3    926.4
     1     1    21     6    25    23     0     0   -85.0   33.593  132.554    642.5    925.0
     1     1    21     6    25    22     0     0   -86.0   33.547  132.616    649.6    923.9
     1     1    21     6    25    21     0     0   -87.0   33.494  132.663    656.5    922.8
     1     1    21     6    25    20     0     0   -88.0   33.436  132.695    663.2    921.8
     1     1    21     6    25    19     0     0   -89.0   33.371  132.712    669.7    920.7
     1     1    21     6    25    18     0     0   -90.0   33.300  132.714    675.9    919.8
     1     1    21     6    25    17     0     0   -91.0   33.227  132.715    680.9    919.2
     1     1    21     6    25    16     0     0   -92.0   33.160  132.727    684.2    918.9
     1     1    21     6    25    15     0     0   -93.0   33.096  132.751    685.8    918.8
     1     1    21     6    25    14     0     0   -94.0   33.038  132.786    685.9    918.9
     1     1    21     6    25    13     0     0   -95.0   32.984  132.833    684.7    919.2
     1     1    21     6    25    12     0     0   -96.0   32.936  132.891    682.3    919.7
