     2     1
    CDC1    21     7     1     0     0
    CDC1    21     8     1     0     0
     1 BACKWARD OMEGA   
  2021     8    17     9   37.500  127.000   500.0
     1 PRESSURE
     1     1    21     8    17     9     0     0     0.0   37.500  127.000    500.0    933.8
     1     1    21     8    17     8     0     0    -1.0   37.630  127.155    470.1    934.1
     1     1    21     8    17     7     0     0    -2.0   37.743  127.326    436.9    935.2
     1     1    21     8    17     6     0     0    -3.0   37.838  127.516    401.1    937.0
     1     1    21     8    17     5     0     0    -4.0   37.916  127.719    367.0    941.5
     1     1    21     8    17     4     0     0    -5.0   37.980  127.932    337.3    945.0
     1     1    21     8    17     3     0     0    -6.0   38.032  128.154    311.8    948.5
     1     1    21     8    17     2     0     0    -7.0   38.074  128.387    290.3    951.9
     1     1    21     8    17     1     0     0    -8.0   38.105  128.630    272.5    955.1
     1     1    21     8    17     0     0     0    -9.0   38.127  128.885    258.0    958.1
     1     1    21     8    16    23     0     0   -10.0   38.142  129.149    245.8    960.8
     1     1    21     8    16    22     0     0   -11.0   38.150  129.415    234.7    963.6
     1     1    21     8    16    21     0     0   -12.0   38.150  129.682    224.9    966.4
     1     1    21     8    16    20     0     0   -13.0   38.141  129.946    216.3    969.1
     1     1    21     8    16    19     0     0   -14.0   38.123  130.204    208.2    972.9
     1     1    21     8    16    18     0     0   -15.0   38.097  130.453    199.7    977.2
     1     1    21     8    16    17     0     0   -16.0   38.069  130.696    189.3    981.3
     1     1    21     8    16    16     0     0   -17.0   38.048  130.932    176.3    985.6
     1     1    21     8    16    15     0     0   -18.0   38.035  131.163    161.4    990.0
     1     1    21     8    16    14     0     0   -19.0   38.030  131.389    145.0    994.4
     1     1    21     8    16    13     0     0   -20.0   38.036  131.609    128.2    998.9
     1     1    21     8    16    12     0     0   -21.0   38.054  131.824    111.5   1003.5
     1     1    21     8    16    11     0     0   -22.0   38.080  132.037     97.2   1007.8
     1     1    21     8    16    10     0     0   -23.0   38.109  132.248     86.4   1011.6
     1     1    21     8    16     9     0     0   -24.0   38.142  132.455     78.4   1015.1
     1     1    21     8    16     8     0     0   -25.0   38.177  132.656     72.3   1015.5
     1     1    21     8    16     7     0     0   -26.0   38.214  132.849     67.2   1015.1
     1     1    21     8    16     6     0     0   -27.0   38.254  133.035     62.9   1014.8
     1     1    21     8    16     5     0     0   -28.0   38.300  133.216     59.0   1015.0
     1     1    21     8    16     4     0     0   -29.0   38.356  133.394     55.3   1015.2
     1     1    21     8    16     3     0     0   -30.0   38.422  133.570     51.8   1015.6
     1     1    21     8    16     2     0     0   -31.0   38.498  133.745     48.4   1016.1
     1     1    21     8    16     1     0     0   -32.0   38.583  133.917     45.3   1016.7
     1     1    21     8    16     0     0     0   -33.0   38.679  134.087     42.3   1017.5
     1     1    21     8    15    23     0     0   -34.0   38.782  134.252     39.1   1018.0
     1     1    21     8    15    22     0     0   -35.0   38.892  134.407     35.6   1018.9
     1     1    21     8    15    21     0     0   -36.0   39.008  134.554     31.9   1020.0
     1     1    21     8    15    20     0     0   -37.0   39.132  134.696     28.2   1021.4
     1     1    21     8    15    19     0     0   -38.0   39.263  134.835     24.7   1023.0
     1     1    21     8    15    18     0     0   -39.0   39.402  134.972     21.5   1024.8
     1     1    21     8    15    17     0     0   -40.0   39.543  135.113     18.7   1025.8
     1     1    21     8    15    16     0     0   -41.0   39.678  135.261     16.5   1026.4
     1     1    21     8    15    15     0     0   -42.0   39.805  135.417     14.7   1026.8
     1     1    21     8    15    14     0     0   -43.0   39.924  135.582     13.3   1026.9
     1     1    21     8    15    13     0     0   -44.0   40.033  135.757     12.1   1026.2
     1     1    21     8    15    12     0     0   -45.0   40.131  135.940     11.0   1023.9
     1     1    21     8    15    11     0     0   -46.0   40.224  136.133     10.1   1021.5
     1     1    21     8    15    10     0     0   -47.0   40.323  136.336      9.3   1019.0
     1     1    21     8    15     9     0     0   -48.0   40.426  136.549      8.4   1016.5
     1     1    21     8    15     8     0     0   -49.0   40.536  136.772      7.5   1014.2
     1     1    21     8    15     7     0     0   -50.0   40.652  137.005      6.6   1012.1
     1     1    21     8    15     6     0     0   -51.0   40.776  137.248      5.5   1010.1
     1     1    21     8    15     5     0     0   -52.0   40.901  137.486      4.4   1008.4
     1     1    21     8    15     4     0     0   -53.0   41.018  137.708      3.2   1007.7
     1     1    21     8    15     3     0     0   -54.0   41.127  137.913      1.8   1007.1
     1     1    21     8    15     2     0     0   -55.0   41.230  138.102      0.2   1006.6
     1     1    21     8    15     1     0     0   -56.0   41.328  138.276      0.0   1006.2
     1     1    21     8    15     0     0     0   -57.0   41.422  138.436      0.0   1005.8
     1     1    21     8    14    23     0     0   -58.0   41.511  138.596      0.0   1005.3
     1     1    21     8    14    22     0     0   -59.0   41.594  138.771      0.0   1004.8
     1     1    21     8    14    21     0     0   -60.0   41.670  138.961      0.0   1004.4
     1     1    21     8    14    20     0     0   -61.0   41.739  139.169      0.0   1004.1
     1     1    21     8    14    19     0     0   -62.0   41.801  139.398      0.0   1003.9
     1     1    21     8    14    18     0     0   -63.0   41.855  139.649      0.0   1003.7
     1     1    21     8    14    17     0     0   -64.0   41.897  139.910      0.0   1003.6
     1     1    21     8    14    16     0     0   -65.0   41.923  140.166      0.0   1003.1
     1     1    21     8    14    15     0     0   -66.0   41.940  140.415      0.0   1002.4
     1     1    21     8    14    14     0     0   -67.0   41.949  140.657      0.0   1001.8
     1     1    21     8    14    13     0     0   -68.0   41.951  140.891      0.0   1001.2
     1     1    21     8    14    12     0     0   -69.0   41.947  141.117      0.0   1000.6
     1     1    21     8    14    11     0     0   -70.0   41.942  141.346      0.0   1000.2
     1     1    21     8    14    10     0     0   -71.0   41.942  141.589      0.0    999.8
     1     1    21     8    14     9     0     0   -72.0   41.947  141.844      0.0    999.4
     1     1    21     8    14     8     0     0   -73.0   41.954  142.114      0.0    998.9
     1     1    21     8    14     7     0     0   -74.0   41.964  142.396      0.0    998.4
     1     1    21     8    14     6     0     0   -75.0   41.975  142.695      0.0    998.2
     1     1    21     8    14     5     0     0   -76.0   41.989  143.016      0.0    998.5
     1     1    21     8    14     4     0     0   -77.0   42.005  143.358      0.0    998.7
     1     1    21     8    14     3     0     0   -78.0   42.022  143.715      0.0    999.0
     1     1    21     8    14     2     0     0   -79.0   42.039  144.079      0.0    999.2
     1     1    21     8    14     1     0     0   -80.0   42.054  144.442      0.0    999.5
     1     1    21     8    14     0     0     0   -81.0   42.065  144.797      0.0    999.8
     1     1    21     8    13    23     0     0   -82.0   42.073  145.132      0.0   1000.7
     1     1    21     8    13    22     0     0   -83.0   42.080  145.441      0.0   1002.8
     1     1    21     8    13    21     0     0   -84.0   42.088  145.725      0.0   1004.6
     1     1    21     8    13    20     0     0   -85.0   42.101  145.982      0.0   1006.2
     1     1    21     8    13    19     0     0   -86.0   42.118  146.209      0.0   1007.5
     1     1    21     8    13    18     0     0   -87.0   42.141  146.404      0.0   1008.5
     1     1    21     8    13    17     0     0   -88.0   42.167  146.580      0.0   1009.7
     1     1    21     8    13    16     0     0   -89.0   42.194  146.753      0.0   1010.8
     1     1    21     8    13    15     0     0   -90.0   42.223  146.924      0.0   1011.9
     1     1    21     8    13    14     0     0   -91.0   42.254  147.093      0.0   1013.1
     1     1    21     8    13    13     0     0   -92.0   42.286  147.261      0.0   1014.2
     1     1    21     8    13    12     0     0   -93.0   42.321  147.429      0.0   1015.3
     1     1    21     8    13    11     0     0   -94.0   42.363  147.596      0.0   1015.7
     1     1    21     8    13    10     0     0   -95.0   42.417  147.757      0.1   1015.9
     1     1    21     8    13     9     0     0   -96.0   42.483  147.910      0.2   1016.0
