     2     1
    CDC1    21     8     1     0     0
    CDC1    21     9     1     0     0
     1 BACKWARD OMEGA   
  2021     9    19     3   37.500  127.000   500.0
     1 PRESSURE
     1     1    21     9    19     3     0     0     0.0   37.500  127.000    500.0    940.9
     1     1    21     9    19     2     0     0    -1.0   37.446  127.063    507.1    940.2
     1     1    21     9    19     1     0     0    -2.0   37.394  127.136    512.8    939.7
     1     1    21     9    19     0     0     0    -3.0   37.344  127.220    517.0    939.2
     1     1    21     9    18    23     0     0    -4.0   37.301  127.311    520.3    938.5
     1     1    21     9    18    22     0     0    -5.0   37.269  127.404    522.9    937.8
     1     1    21     9    18    21     0     0    -6.0   37.246  127.500    524.9    937.1
     1     1    21     9    18    20     0     0    -7.0   37.233  127.598    526.6    937.2
     1     1    21     9    18    19     0     0    -8.0   37.230  127.699    527.9    937.2
     1     1    21     9    18    18     0     0    -9.0   37.236  127.803    528.9    937.3
     1     1    21     9    18    17     0     0   -10.0   37.252  127.910    529.7    937.1
     1     1    21     9    18    16     0     0   -11.0   37.277  128.021    531.7    936.9
     1     1    21     9    18    15     0     0   -12.0   37.312  128.135    534.2    936.6
     1     1    21     9    18    14     0     0   -13.0   37.357  128.253    537.3    936.4
     1     1    21     9    18    13     0     0   -14.0   37.412  128.375    541.0    936.1
     1     1    21     9    18    12     0     0   -15.0   37.478  128.502    545.2    935.8
     1     1    21     9    18    11     0     0   -16.0   37.556  128.631    552.0    935.0
     1     1    21     9    18    10     0     0   -17.0   37.645  128.761    563.0    933.2
     1     1    21     9    18     9     0     0   -18.0   37.747  128.887    578.4    930.8
     1     1    21     9    18     8     0     0   -19.0   37.861  129.010    598.2    927.9
     1     1    21     9    18     7     0     0   -20.0   37.987  129.127    622.3    924.5
     1     1    21     9    18     6     0     0   -21.0   38.125  129.237    650.7    920.2
     1     1    21     9    18     5     0     0   -22.0   38.276  129.348    681.2    915.4
     1     1    21     9    18     4     0     0   -23.0   38.441  129.471    712.2    910.9
     1     1    21     9    18     3     0     0   -24.0   38.621  129.606    744.6    906.3
     1     1    21     9    18     2     0     0   -25.0   38.817  129.755    779.5    901.5
     1     1    21     9    18     1     0     0   -26.0   39.030  129.920    818.1    896.5
     1     1    21     9    18     0     0     0   -27.0   39.260  130.102    861.8    891.8
     1     1    21     9    17    23     0     0   -28.0   39.493  130.291    909.0    887.9
     1     1    21     9    17    22     0     0   -29.0   39.716  130.476    956.3    884.2
     1     1    21     9    17    21     0     0   -30.0   39.927  130.659   1004.0    880.7
     1     1    21     9    17    20     0     0   -31.0   40.125  130.836   1050.3    876.7
     1     1    21     9    17    19     0     0   -32.0   40.308  131.003   1093.3    872.5
     1     1    21     9    17    18     0     0   -33.0   40.478  131.155   1131.9    868.9
     1     1    21     9    17    17     0     0   -34.0   40.632  131.301   1164.9    865.6
     1     1    21     9    17    16     0     0   -35.0   40.769  131.447   1193.5    863.2
     1     1    21     9    17    15     0     0   -36.0   40.889  131.595   1218.4    861.4
     1     1    21     9    17    14     0     0   -37.0   40.991  131.742   1240.8    860.1
     1     1    21     9    17    13     0     0   -38.0   41.076  131.890   1261.3    859.2
     1     1    21     9    17    12     0     0   -39.0   41.144  132.038   1280.8    858.7
     1     1    21     9    17    11     0     0   -40.0   41.197  132.180   1299.4    858.5
     1     1    21     9    17    10     0     0   -41.0   41.240  132.308   1315.9    858.2
     1     1    21     9    17     9     0     0   -42.0   41.273  132.424   1330.2    858.2
     1     1    21     9    17     8     0     0   -43.0   41.297  132.526   1342.0    858.0
     1     1    21     9    17     7     0     0   -44.0   41.312  132.616   1351.0    857.3
     1     1    21     9    17     6     0     0   -45.0   41.319  132.693   1357.5    857.0
     1     1    21     9    17     5     0     0   -46.0   41.323  132.757   1363.8    856.8
     1     1    21     9    17     4     0     0   -47.0   41.331  132.806   1374.0    855.9
     1     1    21     9    17     3     0     0   -48.0   41.343  132.840   1387.6    854.5
     1     1    21     9    17     2     0     0   -49.0   41.358  132.859   1404.9    852.6
     1     1    21     9    17     1     0     0   -50.0   41.378  132.863   1425.7    850.2
     1     1    21     9    17     0     0     0   -51.0   41.403  132.851   1450.3    847.3
     1     1    21     9    16    23     0     0   -52.0   41.426  132.819   1474.9    844.0
     1     1    21     9    16    22     0     0   -53.0   41.442  132.766   1494.6    841.6
     1     1    21     9    16    21     0     0   -54.0   41.452  132.694   1509.7    839.6
     1     1    21     9    16    20     0     0   -55.0   41.456  132.604   1520.3    838.1
     1     1    21     9    16    19     0     0   -56.0   41.455  132.496   1526.4    837.0
     1     1    21     9    16    18     0     0   -57.0   41.449  132.372   1527.2    835.2
     1     1    21     9    16    17     0     0   -58.0   41.434  132.234   1527.0    833.7
     1     1    21     9    16    16     0     0   -59.0   41.408  132.084   1528.8    831.7
     1     1    21     9    16    15     0     0   -60.0   41.372  131.922   1532.8    829.4
     1     1    21     9    16    14     0     0   -61.0   41.328  131.750   1539.1    826.8
     1     1    21     9    16    13     0     0   -62.0   41.276  131.567   1547.6    823.9
     1     1    21     9    16    12     0     0   -63.0   41.219  131.374   1558.6    820.6
     1     1    21     9    16    11     0     0   -64.0   41.158  131.175   1569.2    817.1
     1     1    21     9    16    10     0     0   -65.0   41.093  130.973   1576.2    814.1
     1     1    21     9    16     9     0     0   -66.0   41.022  130.765   1579.3    811.5
     1     1    21     9    16     8     0     0   -67.0   40.947  130.549   1578.6    809.2
     1     1    21     9    16     7     0     0   -68.0   40.864  130.323   1573.9    807.1
     1     1    21     9    16     6     0     0   -69.0   40.775  130.084   1565.5    805.3
     1     1    21     9    16     5     0     0   -70.0   40.682  129.848   1557.2    805.0
     1     1    21     9    16     4     0     0   -71.0   40.591  129.632   1552.1    804.7
     1     1    21     9    16     3     0     0   -72.0   40.500  129.434   1548.9    804.4
     1     1    21     9    16     2     0     0   -73.0   40.409  129.252   1546.7    804.2
     1     1    21     9    16     1     0     0   -74.0   40.317  129.084   1545.0    804.0
     1     1    21     9    16     0     0     0   -75.0   40.223  128.927   1543.4    803.9
     1     1    21     9    15    23     0     0   -76.0   40.127  128.781   1542.5    803.9
     1     1    21     9    15    22     0     0   -77.0   40.031  128.644   1543.8    803.6
     1     1    21     9    15    21     0     0   -78.0   39.933  128.515   1547.1    803.2
     1     1    21     9    15    20     0     0   -79.0   39.833  128.398   1552.3    802.9
     1     1    21     9    15    19     0     0   -80.0   39.730  128.294   1559.3    802.5
     1     1    21     9    15    18     0     0   -81.0   39.625  128.203   1568.5    802.2
     1     1    21     9    15    17     0     0   -82.0   39.528  128.138   1581.3    801.9
     1     1    21     9    15    16     0     0   -83.0   39.453  128.105   1599.0    801.0
     1     1    21     9    15    15     0     0   -84.0   39.398  128.101   1621.5    799.7
     1     1    21     9    15    14     0     0   -85.0   39.364  128.124   1648.6    798.0
     1     1    21     9    15    13     0     0   -86.0   39.350  128.172   1680.3    795.7
     1     1    21     9    15    12     0     0   -87.0   39.356  128.242   1716.5    792.9
     1     1    21     9    15    11     0     0   -88.0   39.380  128.326   1755.0    789.4
     1     1    21     9    15    10     0     0   -89.0   39.422  128.416   1794.0    785.9
     1     1    21     9    15     9     0     0   -90.0   39.480  128.510   1834.1    782.2
     1     1    21     9    15     8     0     0   -91.0   39.557  128.606   1876.0    778.2
     1     1    21     9    15     7     0     0   -92.0   39.654  128.701   1920.3    773.9
     1     1    21     9    15     6     0     0   -93.0   39.771  128.794   1967.8    769.2
     1     1    21     9    15     5     0     0   -94.0   39.905  128.875   2016.8    763.8
     1     1    21     9    15     4     0     0   -95.0   40.051  128.935   2065.3    758.5
     1     1    21     9    15     3     0     0   -96.0   40.206  128.979   2111.6    753.2
