     2     1
    CDC1    21     7     1     0     0
    CDC1    21     8     1     0     0
     1 BACKWARD OMEGA   
  2021     8     1    15   37.500  127.000   500.0
     1 PRESSURE
     1     1    21     8     1    15     0     0     0.0   37.500  127.000    500.0    927.2
     1     1    21     8     1    14     0     0    -1.0   37.386  126.967    478.1    929.6
     1     1    21     8     1    13     0     0    -2.0   37.264  126.938    453.9    932.6
     1     1    21     8     1    12     0     0    -3.0   37.133  126.915    427.8    935.9
     1     1    21     8     1    11     0     0    -4.0   36.999  126.897    402.6    939.4
     1     1    21     8     1    10     0     0    -5.0   36.867  126.885    380.4    942.2
     1     1    21     8     1     9     0     0    -6.0   36.735  126.879    361.2    944.2
     1     1    21     8     1     8     0     0    -7.0   36.604  126.876    344.7    946.0
     1     1    21     8     1     7     0     0    -8.0   36.472  126.879    330.9    947.4
     1     1    21     8     1     6     0     0    -9.0   36.339  126.885    319.5    948.6
     1     1    21     8     1     5     0     0   -10.0   36.212  126.888    309.2    949.8
     1     1    21     8     1     4     0     0   -11.0   36.100  126.879    298.8    951.1
     1     1    21     8     1     3     0     0   -12.0   36.004  126.860    288.2    952.5
     1     1    21     8     1     2     0     0   -13.0   35.922  126.833    277.2    954.0
     1     1    21     8     1     1     0     0   -14.0   35.856  126.799    265.8    955.6
     1     1    21     8     1     0     0     0   -15.0   35.804  126.760    254.0    957.2
     1     1    21     7    31    23     0     0   -16.0   35.756  126.715    242.8    958.9
     1     1    21     7    31    22     0     0   -17.0   35.702  126.662    232.9    960.5
     1     1    21     7    31    21     0     0   -18.0   35.643  126.600    224.2    961.9
     1     1    21     7    31    20     0     0   -19.0   35.576  126.528    216.7    963.3
     1     1    21     7    31    19     0     0   -20.0   35.504  126.447    210.5    964.6
     1     1    21     7    31    18     0     0   -21.0   35.426  126.355    205.4    965.7
     1     1    21     7    31    17     0     0   -22.0   35.345  126.257    201.5    966.8
     1     1    21     7    31    16     0     0   -23.0   35.266  126.158    198.7    967.7
     1     1    21     7    31    15     0     0   -24.0   35.190  126.058    196.9    968.4
     1     1    21     7    31    14     0     0   -25.0   35.115  125.959    196.3    969.1
     1     1    21     7    31    13     0     0   -26.0   35.042  125.860    196.7    969.6
     1     1    21     7    31    12     0     0   -27.0   34.972  125.763    198.4    970.0
     1     1    21     7    31    11     0     0   -28.0   34.899  125.669    199.9    970.7
     1     1    21     7    31    10     0     0   -29.0   34.817  125.583    199.5    971.6
     1     1    21     7    31     9     0     0   -30.0   34.728  125.504    197.4    972.7
     1     1    21     7    31     8     0     0   -31.0   34.631  125.430    193.4    973.9
     1     1    21     7    31     7     0     0   -32.0   34.527  125.361    187.4    975.3
     1     1    21     7    31     6     0     0   -33.0   34.415  125.297    179.4    976.8
     1     1    21     7    31     5     0     0   -34.0   34.300  125.238    170.2    978.1
     1     1    21     7    31     4     0     0   -35.0   34.187  125.182    160.5    979.4
     1     1    21     7    31     3     0     0   -36.0   34.076  125.130    150.3    980.8
     1     1    21     7    31     2     0     0   -37.0   33.967  125.083    139.5    982.3
     1     1    21     7    31     1     0     0   -38.0   33.859  125.042    127.8    983.8
     1     1    21     7    31     0     0     0   -39.0   33.753  125.007    115.3    985.6
     1     1    21     7    30    23     0     0   -40.0   33.644  124.972    102.6    987.5
     1     1    21     7    30    22     0     0   -41.0   33.529  124.934     90.4    989.5
     1     1    21     7    30    21     0     0   -42.0   33.407  124.892     78.5    991.5
     1     1    21     7    30    20     0     0   -43.0   33.279  124.847     67.3    993.0
     1     1    21     7    30    19     0     0   -44.0   33.145  124.797     57.1    994.3
     1     1    21     7    30    18     0     0   -45.0   33.005  124.743     48.0    995.6
     1     1    21     7    30    17     0     0   -46.0   32.863  124.688     40.7    996.8
     1     1    21     7    30    16     0     0   -47.0   32.719  124.636     35.6    997.7
     1     1    21     7    30    15     0     0   -48.0   32.573  124.585     32.8    998.3
     1     1    21     7    30    14     0     0   -49.0   32.426  124.535     32.3    998.5
     1     1    21     7    30    13     0     0   -50.0   32.275  124.488     34.0    998.0
     1     1    21     7    30    12     0     0   -51.0   32.119  124.444     37.8    997.3
     1     1    21     7    30    11     0     0   -52.0   31.958  124.396     41.2    996.5
     1     1    21     7    30    10     0     0   -53.0   31.790  124.340     42.0    996.1
     1     1    21     7    30     9     0     0   -54.0   31.618  124.276     40.4    996.0
     1     1    21     7    30     8     0     0   -55.0   31.444  124.202     36.9    996.1
     1     1    21     7    30     7     0     0   -56.0   31.268  124.118     32.3    996.3
     1     1    21     7    30     6     0     0   -57.0   31.093  124.023     27.0    996.6
     1     1    21     7    30     5     0     0   -58.0   30.920  123.928     22.7    997.0
     1     1    21     7    30     4     0     0   -59.0   30.749  123.847     20.0    997.1
     1     1    21     7    30     3     0     0   -60.0   30.582  123.778     18.5    996.9
     1     1    21     7    30     2     0     0   -61.0   30.418  123.720     17.8    996.7
     1     1    21     7    30     1     0     0   -62.0   30.259  123.673     17.5    996.4
     1     1    21     7    30     0     0     0   -63.0   30.105  123.637     17.6    996.2
     1     1    21     7    29    23     0     0   -64.0   29.947  123.607     17.8    995.6
     1     1    21     7    29    22     0     0   -65.0   29.779  123.580     17.9    995.5
     1     1    21     7    29    21     0     0   -66.0   29.601  123.555     18.0    995.3
     1     1    21     7    29    20     0     0   -67.0   29.415  123.531     17.8    995.1
     1     1    21     7    29    19     0     0   -68.0   29.222  123.509     17.4    995.0
     1     1    21     7    29    18     0     0   -69.0   29.023  123.489     16.5    994.9
     1     1    21     7    29    17     0     0   -70.0   28.827  123.475     15.6    995.2
     1     1    21     7    29    16     0     0   -71.0   28.637  123.470     15.2    995.4
     1     1    21     7    29    15     0     0   -72.0   28.450  123.471     15.4    995.4
     1     1    21     7    29    14     0     0   -73.0   28.265  123.473     16.4    995.4
     1     1    21     7    29    13     0     0   -74.0   28.079  123.475     18.4    995.2
     1     1    21     7    29    12     0     0   -75.0   27.890  123.473     21.8    994.7
     1     1    21     7    29    11     0     0   -76.0   27.699  123.468     26.6    994.0
     1     1    21     7    29    10     0     0   -77.0   27.506  123.461     32.2    993.2
     1     1    21     7    29     9     0     0   -78.0   27.315  123.453     38.6    992.1
     1     1    21     7    29     8     0     0   -79.0   27.124  123.444     45.1    991.0
     1     1    21     7    29     7     0     0   -80.0   26.937  123.434     51.7    990.0
     1     1    21     7    29     6     0     0   -81.0   26.753  123.421     58.2    989.0
     1     1    21     7    29     5     0     0   -82.0   26.582  123.406     64.3    988.7
     1     1    21     7    29     4     0     0   -83.0   26.434  123.390     69.9    988.5
     1     1    21     7    29     3     0     0   -84.0   26.306  123.374     75.1    988.4
     1     1    21     7    29     2     0     0   -85.0   26.201  123.359     79.9    988.0
     1     1    21     7    29     1     0     0   -86.0   26.116  123.347     84.4    987.7
     1     1    21     7    29     0     0     0   -87.0   26.053  123.336     88.7    987.4
     1     1    21     7    28    23     0     0   -88.0   25.994  123.325     92.5    986.3
     1     1    21     7    28    22     0     0   -89.0   25.924  123.308     95.5    985.2
     1     1    21     7    28    21     0     0   -90.0   25.842  123.282     97.7    984.1
     1     1    21     7    28    20     0     0   -91.0   25.750  123.246     99.1    983.1
     1     1    21     7    28    19     0     0   -92.0   25.646  123.196     99.8    982.1
     1     1    21     7    28    18     0     0   -93.0   25.531  123.130     99.7    981.0
     1     1    21     7    28    17     0     0   -94.0   25.412  123.059     99.4    980.2
     1     1    21     7    28    16     0     0   -95.0   25.296  123.001     99.4    979.3
     1     1    21     7    28    15     0     0   -96.0   25.182  122.956     99.6    978.5
