     2     1
    CDC1    21    10     1     0     0
    CDC1    21    11     1     0     0
     1 BACKWARD OMEGA   
  2021    11    24     0   37.500  127.000   500.0
     1 PRESSURE
     1     1    21    11    24     0     0     0     0.0   37.500  127.000    500.0    936.8
     1     1    21    11    23    23     0     0    -1.0   37.570  126.631    521.7    935.5
     1     1    21    11    23    22     0     0    -2.0   37.654  126.244    543.3    934.1
     1     1    21    11    23    21     0     0    -3.0   37.750  125.843    564.7    932.8
     1     1    21    11    23    20     0     0    -4.0   37.856  125.432    585.6    931.6
     1     1    21    11    23    19     0     0    -5.0   37.973  125.014    605.7    930.6
     1     1    21    11    23    18     0     0    -6.0   38.097  124.588    626.8    929.1
     1     1    21    11    23    17     0     0    -7.0   38.221  124.162    649.0    927.0
     1     1    21    11    23    16     0     0    -8.0   38.339  123.747    670.2    925.6
     1     1    21    11    23    15     0     0    -9.0   38.457  123.342    690.5    924.6
     1     1    21    11    23    14     0     0   -10.0   38.578  122.947    710.2    924.0
     1     1    21    11    23    13     0     0   -11.0   38.708  122.560    729.5    923.7
     1     1    21    11    23    12     0     0   -12.0   38.852  122.178    749.1    921.0
     1     1    21    11    23    11     0     0   -13.0   39.003  121.795    769.4    917.5
     1     1    21    11    23    10     0     0   -14.0   39.159  121.408    789.4    914.1
     1     1    21    11    23     9     0     0   -15.0   39.323  121.017    810.5    910.5
     1     1    21    11    23     8     0     0   -16.0   39.500  120.620    834.1    906.5
     1     1    21    11    23     7     0     0   -17.0   39.692  120.218    861.7    902.0
     1     1    21    11    23     6     0     0   -18.0   39.904  119.809    894.0    894.2
     1     1    21    11    23     5     0     0   -19.0   40.131  119.394    929.8    879.9
     1     1    21    11    23     4     0     0   -20.0   40.373  118.974    969.5    862.3
     1     1    21    11    23     3     0     0   -21.0   40.633  118.544   1011.7    843.4
     1     1    21    11    23     2     0     0   -22.0   40.915  118.103   1055.2    822.9
     1     1    21    11    23     1     0     0   -23.0   41.226  117.648   1099.4    800.7
     1     1    21    11    23     0     0     0   -24.0   41.572  117.182   1144.4    778.6
     1     1    21    11    22    23     0     0   -25.0   41.948  116.708   1190.8    758.5
     1     1    21    11    22    22     0     0   -26.0   42.347  116.227   1237.1    739.6
     1     1    21    11    22    21     0     0   -27.0   42.759  115.736   1284.3    729.7
     1     1    21    11    22    20     0     0   -28.0   43.166  115.238   1327.4    726.5
     1     1    21    11    22    19     0     0   -29.0   43.554  114.731   1364.0    727.9
     1     1    21    11    22    18     0     0   -30.0   43.913  114.218   1393.2    732.3
     1     1    21    11    22    17     0     0   -31.0   44.247  113.709   1416.3    736.8
     1     1    21    11    22    16     0     0   -32.0   44.568  113.215   1436.8    740.9
     1     1    21    11    22    15     0     0   -33.0   44.874  112.738   1454.3    745.0
     1     1    21    11    22    14     0     0   -34.0   45.170  112.280   1467.3    745.0
     1     1    21    11    22    13     0     0   -35.0   45.466  111.842   1477.8    740.6
     1     1    21    11    22    12     0     0   -36.0   45.767  111.422   1489.3    735.2
     1     1    21    11    22    11     0     0   -37.0   46.067  111.018   1500.4    728.5
     1     1    21    11    22    10     0     0   -38.0   46.363  110.628   1510.3    721.0
     1     1    21    11    22     9     0     0   -39.0   46.655  110.253   1517.1    713.1
     1     1    21    11    22     8     0     0   -40.0   46.945  109.897   1520.4    705.8
     1     1    21    11    22     7     0     0   -41.0   47.229  109.566   1520.7    701.4
     1     1    21    11    22     6     0     0   -42.0   47.505  109.265   1516.3    698.1
     1     1    21    11    22     5     0     0   -43.0   47.782  108.979   1512.9    700.6
     1     1    21    11    22     4     0     0   -44.0   48.068  108.693   1511.0    703.3
     1     1    21    11    22     3     0     0   -45.0   48.364  108.405   1512.4    706.3
     1     1    21    11    22     2     0     0   -46.0   48.670  108.116   1518.5    709.4
     1     1    21    11    22     1     0     0   -47.0   48.984  107.823   1530.9    712.5
     1     1    21    11    22     0     0     0   -48.0   49.307  107.527   1551.2    715.5
     1     1    21    11    21    23     0     0   -49.0   49.625  107.235   1575.2    716.7
     1     1    21    11    21    22     0     0   -50.0   49.927  106.959   1599.6    717.9
     1     1    21    11    21    21     0     0   -51.0   50.213  106.696   1624.7    720.6
     1     1    21    11    21    20     0     0   -52.0   50.486  106.439   1649.0    723.8
     1     1    21    11    21    19     0     0   -53.0   50.746  106.189   1671.2    726.9
     1     1    21    11    21    18     0     0   -54.0   50.997  105.945   1690.7    730.0
     1     1    21    11    21    17     0     0   -55.0   51.239  105.690   1713.5    733.5
     1     1    21    11    21    16     0     0   -56.0   51.472  105.407   1744.7    735.5
     1     1    21    11    21    15     0     0   -57.0   51.698  105.098   1784.0    736.6
     1     1    21    11    21    14     0     0   -58.0   51.924  104.762   1826.8    732.0
     1     1    21    11    21    13     0     0   -59.0   52.163  104.399   1874.8    724.2
     1     1    21    11    21    12     0     0   -60.0   52.424  104.003   1929.4    715.2
     1     1    21    11    21    11     0     0   -61.0   52.708  103.575   1982.1    705.1
     1     1    21    11    21    10     0     0   -62.0   53.004  103.115   2026.8    698.1
     1     1    21    11    21     9     0     0   -63.0   53.302  102.620   2062.9    693.7
     1     1    21    11    21     8     0     0   -64.0   53.594  102.090   2088.9    691.0
     1     1    21    11    21     7     0     0   -65.0   53.879  101.524   2105.1    689.7
     1     1    21    11    21     6     0     0   -66.0   54.154  100.924   2113.1    689.9
     1     1    21    11    21     5     0     0   -67.0   54.419  100.288   2115.3    691.0
     1     1    21    11    21     4     0     0   -68.0   54.666   99.621   2117.1    694.7
     1     1    21    11    21     3     0     0   -69.0   54.895   98.929   2115.2    699.4
     1     1    21    11    21     2     0     0   -70.0   55.114   98.222   2107.5    702.5
     1     1    21    11    21     1     0     0   -71.0   55.332   97.510   2098.2    705.4
     1     1    21    11    21     0     0     0   -72.0   55.551   96.803   2093.4    712.3
     1     1    21    11    20    23     0     0   -73.0   55.748   96.083   2086.7    718.4
     1     1    21    11    20    22     0     0   -74.0   55.914   95.330   2076.2    723.9
     1     1    21    11    20    21     0     0   -75.0   56.051   94.546   2061.7    730.1
     1     1    21    11    20    20     0     0   -76.0   56.161   93.732   2042.1    736.7
     1     1    21    11    20    19     0     0   -77.0   56.251   92.892   2015.3    743.1
     1     1    21    11    20    18     0     0   -78.0   56.324   92.031   1981.2    750.6
     1     1    21    11    20    17     0     0   -79.0   56.381   91.166   1944.9    759.3
     1     1    21    11    20    16     0     0   -80.0   56.425   90.310   1912.5    766.9
     1     1    21    11    20    15     0     0   -81.0   56.458   89.464   1883.3    774.5
     1     1    21    11    20    14     0     0   -82.0   56.480   88.624   1857.6    781.7
     1     1    21    11    20    13     0     0   -83.0   56.497   87.789   1835.6    788.3
     1     1    21    11    20    12     0     0   -84.0   56.511   86.954   1816.2    792.8
     1     1    21    11    20    11     0     0   -85.0   56.522   86.107   1795.9    796.1
     1     1    21    11    20    10     0     0   -86.0   56.522   85.241   1770.8    800.3
     1     1    21    11    20     9     0     0   -87.0   56.514   84.356   1739.2    803.0
     1     1    21    11    20     8     0     0   -88.0   56.500   83.454   1701.7    805.4
     1     1    21    11    20     7     0     0   -89.0   56.481   82.540   1658.1    808.1
     1     1    21    11    20     6     0     0   -90.0   56.460   81.614   1608.8    812.3
     1     1    21    11    20     5     0     0   -91.0   56.437   80.687   1555.3    817.3
     1     1    21    11    20     4     0     0   -92.0   56.414   79.770   1498.3    823.6
     1     1    21    11    20     3     0     0   -93.0   56.381   78.865   1440.7    832.4
     1     1    21    11    20     2     0     0   -94.0   56.336   77.974   1383.1    841.1
     1     1    21    11    20     1     0     0   -95.0   56.276   77.098   1326.6    850.1
     1     1    21    11    20     0     0     0   -96.0   56.201   76.231   1273.8    858.6
