     2     1
    CDC1    21     1     1     0     0
    CDC1    21     2     1     0     0
     1 BACKWARD OMEGA   
  2021     2    23    15   37.500  127.000   500.0
     1 PRESSURE
     1     1    21     2    23    15     0     0     0.0   37.500  127.000    500.0    942.6
     1     1    21     2    23    14     0     0    -1.0   37.639  127.010    550.1    935.0
     1     1    21     2    23    13     0     0    -2.0   37.781  127.001    607.0    926.5
     1     1    21     2    23    12     0     0    -3.0   37.927  126.968    671.1    916.6
     1     1    21     2    23    11     0     0    -4.0   38.088  126.912    739.8    905.8
     1     1    21     2    23    10     0     0    -5.0   38.271  126.832    810.7    895.3
     1     1    21     2    23     9     0     0    -6.0   38.477  126.729    884.2    884.7
     1     1    21     2    23     8     0     0    -7.0   38.709  126.595    960.8    873.5
     1     1    21     2    23     7     0     0    -8.0   38.972  126.425   1040.6    861.5
     1     1    21     2    23     6     0     0    -9.0   39.267  126.213   1124.0    849.4
     1     1    21     2    23     5     0     0   -10.0   39.595  125.961   1211.8    837.6
     1     1    21     2    23     4     0     0   -11.0   39.956  125.670   1305.1    825.3
     1     1    21     2    23     3     0     0   -12.0   40.347  125.338   1403.2    815.1
     1     1    21     2    23     2     0     0   -13.0   40.760  124.967   1502.4    806.2
     1     1    21     2    23     1     0     0   -14.0   41.186  124.561   1599.7    798.0
     1     1    21     2    23     0     0     0   -15.0   41.616  124.125   1693.1    790.3
     1     1    21     2    22    23     0     0   -16.0   42.047  123.664   1783.9    782.3
     1     1    21     2    22    22     0     0   -17.0   42.476  123.179   1875.5    774.3
     1     1    21     2    22    21     0     0   -18.0   42.903  122.674   1970.5    768.9
     1     1    21     2    22    20     0     0   -19.0   43.325  122.145   2059.6    755.6
     1     1    21     2    22    19     0     0   -20.0   43.741  121.577   2146.5    737.2
     1     1    21     2    22    18     0     0   -21.0   44.152  120.966   2235.2    716.8
     1     1    21     2    22    17     0     0   -22.0   44.569  120.323   2317.0    694.6
     1     1    21     2    22    16     0     0   -23.0   45.000  119.667   2383.6    674.8
     1     1    21     2    22    15     0     0   -24.0   45.445  118.994   2435.1    661.1
     1     1    21     2    22    14     0     0   -25.0   45.900  118.301   2475.3    652.4
     1     1    21     2    22    13     0     0   -26.0   46.362  117.594   2512.1    647.6
     1     1    21     2    22    12     0     0   -27.0   46.827  116.889   2557.2    649.2
     1     1    21     2    22    11     0     0   -28.0   47.287  116.192   2607.6    650.7
     1     1    21     2    22    10     0     0   -29.0   47.740  115.496   2661.5    649.6
     1     1    21     2    22     9     0     0   -30.0   48.185  114.792   2712.3    643.7
     1     1    21     2    22     8     0     0   -31.0   48.623  114.076   2753.0    631.4
     1     1    21     2    22     7     0     0   -32.0   49.057  113.352   2788.2    618.7
     1     1    21     2    22     6     0     0   -33.0   49.496  112.627   2816.6    605.9
     1     1    21     2    22     5     0     0   -34.0   49.942  111.901   2850.4    596.4
     1     1    21     2    22     4     0     0   -35.0   50.390  111.162   2895.8    589.4
     1     1    21     2    22     3     0     0   -36.0   50.830  110.400   2951.1    584.0
     1     1    21     2    22     2     0     0   -37.0   51.258  109.618   3020.3    584.4
     1     1    21     2    22     1     0     0   -38.0   51.671  108.830   3097.9    590.4
     1     1    21     2    22     0     0     0   -39.0   52.076  108.046   3171.4    597.9
     1     1    21     2    21    23     0     0   -40.0   52.473  107.280   3233.7    605.1
     1     1    21     2    21    22     0     0   -41.0   52.854  106.523   3268.3    604.0
     1     1    21     2    21    21     0     0   -42.0   53.207  105.752   3299.2    604.8
     1     1    21     2    21    20     0     0   -43.0   53.529  104.957   3330.3    606.8
     1     1    21     2    21    19     0     0   -44.0   53.818  104.135   3346.4    599.8
     1     1    21     2    21    18     0     0   -45.0   54.076  103.283   3371.1    594.7
     1     1    21     2    21    17     0     0   -46.0   54.315  102.404   3407.1    590.9
     1     1    21     2    21    16     0     0   -47.0   54.550  101.495   3440.1    584.5
     1     1    21     2    21    15     0     0   -48.0   54.781  100.550   3474.1    579.4
     1     1    21     2    21    14     0     0   -49.0   55.010   99.566   3507.7    576.8
     1     1    21     2    21    13     0     0   -50.0   55.236   98.548   3530.1    574.7
     1     1    21     2    21    12     0     0   -51.0   55.463   97.507   3543.2    574.6
     1     1    21     2    21    11     0     0   -52.0   55.662   96.463   3558.5    579.4
     1     1    21     2    21    10     0     0   -53.0   55.808   95.430   3568.9    582.8
     1     1    21     2    21     9     0     0   -54.0   55.901   94.413   3580.5    586.2
     1     1    21     2    21     8     0     0   -55.0   55.941   93.417   3594.0    589.1
     1     1    21     2    21     7     0     0   -56.0   55.934   92.451   3609.0    591.1
     1     1    21     2    21     6     0     0   -57.0   55.884   91.520   3626.8    593.5
     1     1    21     2    21     5     0     0   -58.0   55.809   90.613   3640.6    595.6
     1     1    21     2    21     4     0     0   -59.0   55.727   89.718   3648.9    598.4
     1     1    21     2    21     3     0     0   -60.0   55.642   88.836   3652.1    601.5
     1     1    21     2    21     2     0     0   -61.0   55.559   87.966   3650.7    605.2
     1     1    21     2    21     1     0     0   -62.0   55.480   87.109   3643.5    608.2
     1     1    21     2    21     0     0     0   -63.0   55.401   86.261   3629.7    610.0
     1     1    21     2    20    23     0     0   -64.0   55.313   85.420   3613.1    612.2
     1     1    21     2    20    22     0     0   -65.0   55.207   84.583   3597.9    612.7
     1     1    21     2    20    21     0     0   -66.0   55.085   83.745   3584.7    611.8
     1     1    21     2    20    20     0     0   -67.0   54.949   82.900   3576.7    611.1
     1     1    21     2    20    19     0     0   -68.0   54.804   82.049   3577.2    611.8
     1     1    21     2    20    18     0     0   -69.0   54.646   81.193   3581.8    613.5
     1     1    21     2    20    17     0     0   -70.0   54.471   80.317   3581.1    615.6
     1     1    21     2    20    16     0     0   -71.0   54.279   79.418   3570.6    620.0
     1     1    21     2    20    15     0     0   -72.0   54.079   78.505   3550.4    624.7
     1     1    21     2    20    14     0     0   -73.0   53.873   77.583   3521.2    629.4
     1     1    21     2    20    13     0     0   -74.0   53.666   76.654   3482.6    633.0
     1     1    21     2    20    12     0     0   -75.0   53.457   75.721   3434.2    636.2
     1     1    21     2    20    11     0     0   -76.0   53.235   74.777   3377.8    638.6
     1     1    21     2    20    10     0     0   -77.0   52.998   73.811   3319.4    639.9
     1     1    21     2    20     9     0     0   -78.0   52.746   72.812   3259.5    640.6
     1     1    21     2    20     8     0     0   -79.0   52.484   71.779   3201.4    642.5
     1     1    21     2    20     7     0     0   -80.0   52.215   70.725   3147.9    645.6
     1     1    21     2    20     6     0     0   -81.0   51.942   69.671   3100.4    650.2
     1     1    21     2    20     5     0     0   -82.0   51.674   68.629   3058.1    656.6
     1     1    21     2    20     4     0     0   -83.0   51.419   67.606   3019.4    663.4
     1     1    21     2    20     3     0     0   -84.0   51.180   66.596   2984.7    669.0
     1     1    21     2    20     2     0     0   -85.0   50.955   65.593   2958.5    673.6
     1     1    21     2    20     1     0     0   -86.0   50.740   64.592   2940.3    676.0
     1     1    21     2    20     0     0     0   -87.0   50.528   63.587   2930.4    675.0
     1     1    21     2    19    23     0     0   -88.0   50.314   62.569   2923.3    672.8
     1     1    21     2    19    22     0     0   -89.0   50.101   61.537   2916.3    672.1
     1     1    21     2    19    21     0     0   -90.0   49.897   60.498   2906.7    672.2
     1     1    21     2    19    20     0     0   -91.0   49.708   59.460   2897.1    674.3
     1     1    21     2    19    19     0     0   -92.0   49.549   58.427   2887.2    678.1
     1     1    21     2    19    18     0     0   -93.0   49.423   57.391   2875.8    682.1
     1     1    21     2    19    17     0     0   -94.0   49.336   56.351   2863.9    686.4
     1     1    21     2    19    16     0     0   -95.0   49.285   55.309   2851.7    690.5
     1     1    21     2    19    15     0     0   -96.0   49.263   54.269   2836.5    693.6
