     2     1
    CDC1    21     2     1     0     0
    CDC1    21     3     1     0     0
     1 BACKWARD OMEGA   
  2021     3    20     3   37.500  127.000   500.0
     1 PRESSURE
     1     1    21     3    20     3     0     0     0.0   37.500  127.000    500.0    934.3
     1     1    21     3    20     2     0     0    -1.0   37.454  126.957    482.0    937.0
     1     1    21     3    20     1     0     0    -2.0   37.385  126.938    463.4    939.7
     1     1    21     3    20     0     0     0    -3.0   37.292  126.945    444.0    942.5
     1     1    21     3    19    23     0     0    -4.0   37.186  126.970    423.8    945.4
     1     1    21     3    19    22     0     0    -5.0   37.076  127.008    402.7    948.4
     1     1    21     3    19    21     0     0    -6.0   36.963  127.062    381.1    951.5
     1     1    21     3    19    20     0     0    -7.0   36.845  127.133    359.4    954.0
     1     1    21     3    19    19     0     0    -8.0   36.724  127.225    337.6    956.5
     1     1    21     3    19    18     0     0    -9.0   36.598  127.340    316.2    958.9
     1     1    21     3    19    17     0     0   -10.0   36.479  127.472    297.5    961.0
     1     1    21     3    19    16     0     0   -11.0   36.377  127.612    283.8    963.0
     1     1    21     3    19    15     0     0   -12.0   36.294  127.757    274.7    964.6
     1     1    21     3    19    14     0     0   -13.0   36.230  127.904    269.7    965.6
     1     1    21     3    19    13     0     0   -14.0   36.182  128.049    268.6    966.1
     1     1    21     3    19    12     0     0   -15.0   36.149  128.193    271.3    966.1
     1     1    21     3    19    11     0     0   -16.0   36.125  128.342    277.0    965.6
     1     1    21     3    19    10     0     0   -17.0   36.103  128.505    284.9    964.9
     1     1    21     3    19     9     0     0   -18.0   36.085  128.683    295.2    964.0
     1     1    21     3    19     8     0     0   -19.0   36.070  128.874    308.0    962.9
     1     1    21     3    19     7     0     0   -20.0   36.059  129.079    323.8    961.5
     1     1    21     3    19     6     0     0   -21.0   36.051  129.295    342.8    960.0
     1     1    21     3    19     5     0     0   -22.0   36.047  129.517    363.7    958.0
     1     1    21     3    19     4     0     0   -23.0   36.046  129.740    384.8    956.1
     1     1    21     3    19     3     0     0   -24.0   36.046  129.962    406.2    953.7
     1     1    21     3    19     2     0     0   -25.0   36.047  130.181    427.7    952.0
     1     1    21     3    19     1     0     0   -26.0   36.048  130.396    449.0    950.6
     1     1    21     3    19     0     0     0   -27.0   36.048  130.607    469.9    949.4
     1     1    21     3    18    23     0     0   -28.0   36.046  130.814    491.4    947.9
     1     1    21     3    18    22     0     0   -29.0   36.041  131.022    514.5    946.1
     1     1    21     3    18    21     0     0   -30.0   36.036  131.228    539.1    944.2
     1     1    21     3    18    20     0     0   -31.0   36.031  131.435    565.4    942.3
     1     1    21     3    18    19     0     0   -32.0   36.030  131.640    593.3    940.2
     1     1    21     3    18    18     0     0   -33.0   36.034  131.846    622.8    938.1
     1     1    21     3    18    17     0     0   -34.0   36.048  132.043    650.1    935.5
     1     1    21     3    18    16     0     0   -35.0   36.071  132.223    671.7    933.9
     1     1    21     3    18    15     0     0   -36.0   36.104  132.388    687.5    933.0
     1     1    21     3    18    14     0     0   -37.0   36.143  132.538    697.4    932.5
     1     1    21     3    18    13     0     0   -38.0   36.188  132.672    701.1    931.6
     1     1    21     3    18    12     0     0   -39.0   36.237  132.791    699.0    931.5
     1     1    21     3    18    11     0     0   -40.0   36.287  132.900    694.1    932.2
     1     1    21     3    18    10     0     0   -41.0   36.334  133.000    689.4    932.6
     1     1    21     3    18     9     0     0   -42.0   36.378  133.092    684.6    933.0
     1     1    21     3    18     8     0     0   -43.0   36.420  133.175    679.7    933.4
     1     1    21     3    18     7     0     0   -44.0   36.460  133.248    674.5    933.9
     1     1    21     3    18     6     0     0   -45.0   36.498  133.310    668.9    934.4
     1     1    21     3    18     5     0     0   -46.0   36.536  133.371    665.6    935.4
     1     1    21     3    18     4     0     0   -47.0   36.577  133.434    667.0    935.4
     1     1    21     3    18     3     0     0   -48.0   36.621  133.499    673.1    934.9
     1     1    21     3    18     2     0     0   -49.0   36.666  133.565    683.9    933.8
     1     1    21     3    18     1     0     0   -50.0   36.713  133.630    699.4    932.2
     1     1    21     3    18     0     0     0   -51.0   36.762  133.695    719.8    930.0
     1     1    21     3    17    23     0     0   -52.0   36.818  133.755    744.0    926.9
     1     1    21     3    17    22     0     0   -53.0   36.887  133.806    771.5    923.7
     1     1    21     3    17    21     0     0   -54.0   36.967  133.848    802.4    920.2
     1     1    21     3    17    20     0     0   -55.0   37.061  133.881    837.1    916.6
     1     1    21     3    17    19     0     0   -56.0   37.166  133.904    876.0    912.7
     1     1    21     3    17    18     0     0   -57.0   37.282  133.919    919.5    908.5
     1     1    21     3    17    17     0     0   -58.0   37.404  133.916    964.8    903.8
     1     1    21     3    17    16     0     0   -59.0   37.523  133.889   1008.0    899.7
     1     1    21     3    17    15     0     0   -60.0   37.642  133.837   1047.9    896.2
     1     1    21     3    17    14     0     0   -61.0   37.761  133.763   1083.7    893.3
     1     1    21     3    17    13     0     0   -62.0   37.882  133.671   1114.9    891.2
     1     1    21     3    17    12     0     0   -63.0   38.006  133.563   1140.8    889.6
     1     1    21     3    17    11     0     0   -64.0   38.140  133.450   1165.6    888.5
     1     1    21     3    17    10     0     0   -65.0   38.292  133.340   1192.7    886.6
     1     1    21     3    17     9     0     0   -66.0   38.463  133.230   1222.9    884.3
     1     1    21     3    17     8     0     0   -67.0   38.652  133.117   1256.6    881.5
     1     1    21     3    17     7     0     0   -68.0   38.859  133.000   1294.6    878.2
     1     1    21     3    17     6     0     0   -69.0   39.084  132.877   1337.6    873.9
     1     1    21     3    17     5     0     0   -70.0   39.324  132.732   1385.0    868.7
     1     1    21     3    17     4     0     0   -71.0   39.575  132.558   1436.4    863.1
     1     1    21     3    17     3     0     0   -72.0   39.840  132.355   1490.9    854.8
     1     1    21     3    17     2     0     0   -73.0   40.121  132.122   1548.6    842.7
     1     1    21     3    17     1     0     0   -74.0   40.418  131.859   1609.0    827.5
     1     1    21     3    17     0     0     0   -75.0   40.728  131.565   1671.7    811.8
     1     1    21     3    16    23     0     0   -76.0   41.053  131.249   1734.3    795.5
     1     1    21     3    16    22     0     0   -77.0   41.398  130.918   1795.3    779.1
     1     1    21     3    16    21     0     0   -78.0   41.767  130.573   1854.9    762.8
     1     1    21     3    16    20     0     0   -79.0   42.166  130.214   1913.9    746.5
     1     1    21     3    16    19     0     0   -80.0   42.598  129.844   1975.7    733.0
     1     1    21     3    16    18     0     0   -81.0   43.051  129.473   2044.2    727.4
     1     1    21     3    16    17     0     0   -82.0   43.510  129.095   2114.2    722.8
     1     1    21     3    16    16     0     0   -83.0   43.972  128.696   2188.3    718.7
     1     1    21     3    16    15     0     0   -84.0   44.441  128.282   2268.9    714.9
     1     1    21     3    16    14     0     0   -85.0   44.920  127.860   2358.2    711.5
     1     1    21     3    16    13     0     0   -86.0   45.414  127.453   2454.4    706.1
     1     1    21     3    16    12     0     0   -87.0   45.917  127.089   2558.4    700.5
     1     1    21     3    16    11     0     0   -88.0   46.421  126.774   2660.6    693.2
     1     1    21     3    16    10     0     0   -89.0   46.928  126.499   2752.9    686.0
     1     1    21     3    16     9     0     0   -90.0   47.440  126.257   2837.4    678.4
     1     1    21     3    16     8     0     0   -91.0   47.955  126.052   2912.8    669.5
     1     1    21     3    16     7     0     0   -92.0   48.470  125.892   2981.5    660.7
     1     1    21     3    16     6     0     0   -93.0   48.983  125.789   3044.1    652.2
     1     1    21     3    16     5     0     0   -94.0   49.482  125.763   3101.9    644.0
     1     1    21     3    16     4     0     0   -95.0   49.960  125.833   3154.0    636.7
     1     1    21     3    16     3     0     0   -96.0   50.413  125.985   3201.0    633.0
