     2     1
    CDC1    21     4     1     0     0
    CDC1    21     5     1     0     0
     1 BACKWARD OMEGA   
  2021     5    22    21   37.500  127.000   500.0
     1 PRESSURE
     1     1    21     5    22    21     0     0     0.0   37.500  127.000    500.0    935.1
     1     1    21     5    22    20     0     0    -1.0   37.441  126.863    512.7    934.8
     1     1    21     5    22    19     0     0    -2.0   37.380  126.720    531.4    933.7
     1     1    21     5    22    18     0     0    -3.0   37.316  126.569    556.8    931.9
     1     1    21     5    22    17     0     0    -4.0   37.255  126.413    586.1    929.2
     1     1    21     5    22    16     0     0    -5.0   37.202  126.252    616.4    926.9
     1     1    21     5    22    15     0     0    -6.0   37.157  126.090    647.5    924.3
     1     1    21     5    22    14     0     0    -7.0   37.120  125.928    679.6    921.4
     1     1    21     5    22    13     0     0    -8.0   37.092  125.768    712.9    918.5
     1     1    21     5    22    12     0     0    -9.0   37.073  125.610    747.8    915.5
     1     1    21     5    22    11     0     0   -10.0   37.056  125.450    783.2    912.5
     1     1    21     5    22    10     0     0   -11.0   37.030  125.285    818.0    909.9
     1     1    21     5    22     9     0     0   -12.0   36.995  125.115    852.4    907.3
     1     1    21     5    22     8     0     0   -13.0   36.953  124.941    886.3    904.8
     1     1    21     5    22     7     0     0   -14.0   36.903  124.766    919.1    901.9
     1     1    21     5    22     6     0     0   -15.0   36.848  124.592    950.8    899.1
     1     1    21     5    22     5     0     0   -16.0   36.794  124.429    981.4    896.3
     1     1    21     5    22     4     0     0   -17.0   36.746  124.286   1010.0    893.8
     1     1    21     5    22     3     0     0   -18.0   36.706  124.160   1037.0    891.3
     1     1    21     5    22     2     0     0   -19.0   36.675  124.050   1062.7    888.9
     1     1    21     5    22     1     0     0   -20.0   36.655  123.955   1087.2    886.6
     1     1    21     5    22     0     0     0   -21.0   36.647  123.875   1110.4    884.4
     1     1    21     5    21    23     0     0   -22.0   36.649  123.800   1134.5    881.9
     1     1    21     5    21    22     0     0   -23.0   36.660  123.722   1162.3    878.9
     1     1    21     5    21    21     0     0   -24.0   36.681  123.641   1193.2    875.6
     1     1    21     5    21    20     0     0   -25.0   36.713  123.556   1226.6    872.2
     1     1    21     5    21    19     0     0   -26.0   36.757  123.465   1262.0    868.6
     1     1    21     5    21    18     0     0   -27.0   36.812  123.366   1298.9    865.0
     1     1    21     5    21    17     0     0   -28.0   36.878  123.260   1333.8    860.9
     1     1    21     5    21    16     0     0   -29.0   36.954  123.150   1362.8    857.7
     1     1    21     5    21    15     0     0   -30.0   37.039  123.037   1386.2    855.3
     1     1    21     5    21    14     0     0   -31.0   37.129  122.921   1404.0    853.5
     1     1    21     5    21    13     0     0   -32.0   37.224  122.804   1416.3    852.3
     1     1    21     5    21    12     0     0   -33.0   37.323  122.686   1423.1    851.7
     1     1    21     5    21    11     0     0   -34.0   37.423  122.564   1428.9    851.8
     1     1    21     5    21    10     0     0   -35.0   37.528  122.437   1438.6    850.8
     1     1    21     5    21     9     0     0   -36.0   37.637  122.307   1452.1    849.0
     1     1    21     5    21     8     0     0   -37.0   37.751  122.178   1469.8    846.6
     1     1    21     5    21     7     0     0   -38.0   37.870  122.053   1491.7    843.8
     1     1    21     5    21     6     0     0   -39.0   37.996  121.936   1518.0    840.5
     1     1    21     5    21     5     0     0   -40.0   38.128  121.824   1545.3    836.8
     1     1    21     5    21     4     0     0   -41.0   38.263  121.713   1568.9    833.7
     1     1    21     5    21     3     0     0   -42.0   38.401  121.604   1589.1    830.9
     1     1    21     5    21     2     0     0   -43.0   38.543  121.498   1605.6    828.4
     1     1    21     5    21     1     0     0   -44.0   38.687  121.397   1618.3    826.2
     1     1    21     5    21     0     0     0   -45.0   38.836  121.302   1626.9    824.4
     1     1    21     5    20    23     0     0   -46.0   38.990  121.208   1631.1    822.8
     1     1    21     5    20    22     0     0   -47.0   39.146  121.105   1631.5    821.6
     1     1    21     5    20    21     0     0   -48.0   39.304  120.992   1628.2    820.7
     1     1    21     5    20    20     0     0   -49.0   39.462  120.866   1621.7    820.1
     1     1    21     5    20    19     0     0   -50.0   39.618  120.722   1612.3    819.6
     1     1    21     5    20    18     0     0   -51.0   39.771  120.559   1600.4    819.3
     1     1    21     5    20    17     0     0   -52.0   39.908  120.386   1593.3    819.5
     1     1    21     5    20    16     0     0   -53.0   40.023  120.219   1596.1    818.1
     1     1    21     5    20    15     0     0   -54.0   40.117  120.058   1609.6    815.0
     1     1    21     5    20    14     0     0   -55.0   40.194  119.908   1633.9    810.0
     1     1    21     5    20    13     0     0   -56.0   40.259  119.771   1669.3    803.7
     1     1    21     5    20    12     0     0   -57.0   40.314  119.651   1715.6    796.7
     1     1    21     5    20    11     0     0   -58.0   40.357  119.556   1766.2    789.0
     1     1    21     5    20    10     0     0   -59.0   40.386  119.490   1813.7    783.0
     1     1    21     5    20     9     0     0   -60.0   40.398  119.451   1857.5    778.1
     1     1    21     5    20     8     0     0   -61.0   40.396  119.438   1896.8    774.4
     1     1    21     5    20     7     0     0   -62.0   40.378  119.449   1931.2    771.8
     1     1    21     5    20     6     0     0   -63.0   40.344  119.485   1960.6    770.3
     1     1    21     5    20     5     0     0   -64.0   40.301  119.531   1983.0    769.5
     1     1    21     5    20     4     0     0   -65.0   40.253  119.570   1995.8    769.8
     1     1    21     5    20     3     0     0   -66.0   40.201  119.601   1999.3    770.9
     1     1    21     5    20     2     0     0   -67.0   40.143  119.623   1993.6    772.9
     1     1    21     5    20     1     0     0   -68.0   40.079  119.637   1979.2    775.7
     1     1    21     5    20     0     0     0   -69.0   40.006  119.641   1956.7    779.3
     1     1    21     5    19    23     0     0   -70.0   39.923  119.624   1937.8    782.9
     1     1    21     5    19    22     0     0   -71.0   39.832  119.575   1935.4    783.2
     1     1    21     5    19    21     0     0   -72.0   39.732  119.499   1947.6    782.1
     1     1    21     5    19    20     0     0   -73.0   39.624  119.402   1972.9    779.5
     1     1    21     5    19    19     0     0   -74.0   39.506  119.287   2010.2    776.0
     1     1    21     5    19    18     0     0   -75.0   39.378  119.159   2058.1    771.6
     1     1    21     5    19    17     0     0   -76.0   39.235  119.042   2105.5    766.7
     1     1    21     5    19    16     0     0   -77.0   39.078  118.954   2144.0    764.2
     1     1    21     5    19    15     0     0   -78.0   38.909  118.895   2174.3    763.0
     1     1    21     5    19    14     0     0   -79.0   38.729  118.865   2197.7    762.8
     1     1    21     5    19    13     0     0   -80.0   38.538  118.864   2216.2    763.3
     1     1    21     5    19    12     0     0   -81.0   38.337  118.893   2231.7    764.5
     1     1    21     5    19    11     0     0   -82.0   38.144  118.945   2247.1    765.9
     1     1    21     5    19    10     0     0   -83.0   37.976  119.012   2262.4    766.7
     1     1    21     5    19     9     0     0   -84.0   37.832  119.091   2278.2    767.2
     1     1    21     5    19     8     0     0   -85.0   37.711  119.181   2294.6    767.3
     1     1    21     5    19     7     0     0   -86.0   37.613  119.279   2311.7    767.1
     1     1    21     5    19     6     0     0   -87.0   37.537  119.381   2329.8    766.4
     1     1    21     5    19     5     0     0   -88.0   37.476  119.476   2349.9    765.1
     1     1    21     5    19     4     0     0   -89.0   37.421  119.553   2370.4    763.3
     1     1    21     5    19     3     0     0   -90.0   37.373  119.612   2392.7    761.3
     1     1    21     5    19     2     0     0   -91.0   37.332  119.652   2416.7    759.1
     1     1    21     5    19     1     0     0   -92.0   37.299  119.672   2442.8    756.8
     1     1    21     5    19     0     0     0   -93.0   37.273  119.673   2471.1    754.3
     1     1    21     5    18    23     0     0   -94.0   37.259  119.655   2499.5    751.3
     1     1    21     5    18    22     0     0   -95.0   37.260  119.617   2531.3    748.2
     1     1    21     5    18    21     0     0   -96.0   37.276  119.560   2564.9    745.0
