     2     1
    CDC1    21     6     1     0     0
    CDC1    21     7     1     0     0
     1 BACKWARD OMEGA   
  2021     7    18     3   37.500  127.000   500.0
     1 PRESSURE
     1     1    21     7    18     3     0     0     0.0   37.500  127.000    500.0    937.6
     1     1    21     7    18     2     0     0    -1.0   37.451  127.106    508.9    936.5
     1     1    21     7    18     1     0     0    -2.0   37.395  127.225    521.1    934.8
     1     1    21     7    18     0     0     0    -3.0   37.330  127.357    536.9    932.7
     1     1    21     7    17    23     0     0    -4.0   37.260  127.497    555.7    930.0
     1     1    21     7    17    22     0     0    -5.0   37.183  127.640    576.7    928.3
     1     1    21     7    17    21     0     0    -6.0   37.098  127.787    599.3    926.4
     1     1    21     7    17    20     0     0    -7.0   37.004  127.941    623.6    924.3
     1     1    21     7    17    19     0     0    -8.0   36.901  128.102    649.0    921.6
     1     1    21     7    17    18     0     0    -9.0   36.789  128.271    675.0    918.9
     1     1    21     7    17    17     0     0   -10.0   36.670  128.444    698.8    916.0
     1     1    21     7    17    16     0     0   -11.0   36.546  128.617    717.1    914.1
     1     1    21     7    17    15     0     0   -12.0   36.418  128.790    729.9    912.8
     1     1    21     7    17    14     0     0   -13.0   36.286  128.964    737.1    912.1
     1     1    21     7    17    13     0     0   -14.0   36.150  129.140    738.6    911.8
     1     1    21     7    17    12     0     0   -15.0   36.011  129.318    734.2    912.2
     1     1    21     7    17    11     0     0   -16.0   35.868  129.501    727.6    913.0
     1     1    21     7    17    10     0     0   -17.0   35.720  129.690    722.6    913.0
     1     1    21     7    17     9     0     0   -18.0   35.567  129.883    718.9    912.7
     1     1    21     7    17     8     0     0   -19.0   35.408  130.080    716.6    912.4
     1     1    21     7    17     7     0     0   -20.0   35.244  130.279    716.2    912.3
     1     1    21     7    17     6     0     0   -21.0   35.073  130.480    717.8    911.8
     1     1    21     7    17     5     0     0   -22.0   34.900  130.687    720.6    912.1
     1     1    21     7    17     4     0     0   -23.0   34.728  130.905    723.3    913.0
     1     1    21     7    17     3     0     0   -24.0   34.557  131.133    725.3    914.0
     1     1    21     7    17     2     0     0   -25.0   34.386  131.373    725.6    915.0
     1     1    21     7    17     1     0     0   -26.0   34.213  131.623    723.6    916.2
     1     1    21     7    17     0     0     0   -27.0   34.036  131.884    718.3    917.7
     1     1    21     7    16    23     0     0   -28.0   33.849  132.160    709.6    919.2
     1     1    21     7    16    22     0     0   -29.0   33.645  132.450    698.7    920.6
     1     1    21     7    16    21     0     0   -30.0   33.424  132.754    686.6    922.0
     1     1    21     7    16    20     0     0   -31.0   33.192  133.071    674.8    923.7
     1     1    21     7    16    19     0     0   -32.0   32.948  133.397    663.9    925.8
     1     1    21     7    16    18     0     0   -33.0   32.693  133.733    654.4    928.2
     1     1    21     7    16    17     0     0   -34.0   32.438  134.070    646.0    931.2
     1     1    21     7    16    16     0     0   -35.0   32.192  134.401    638.7    934.2
     1     1    21     7    16    15     0     0   -36.0   31.958  134.724    632.4    937.1
     1     1    21     7    16    14     0     0   -37.0   31.732  135.038    627.0    939.5
     1     1    21     7    16    13     0     0   -38.0   31.520  135.343    621.8    941.2
     1     1    21     7    16    12     0     0   -39.0   31.324  135.639    616.9    942.7
     1     1    21     7    16    11     0     0   -40.0   31.135  135.931    611.4    944.1
     1     1    21     7    16    10     0     0   -41.0   30.946  136.224    604.3    945.7
     1     1    21     7    16     9     0     0   -42.0   30.757  136.518    595.7    947.5
     1     1    21     7    16     8     0     0   -43.0   30.567  136.814    585.8    949.5
     1     1    21     7    16     7     0     0   -44.0   30.376  137.115    574.7    951.5
     1     1    21     7    16     6     0     0   -45.0   30.184  137.421    562.5    953.6
     1     1    21     7    16     5     0     0   -46.0   30.003  137.737    550.0    955.3
     1     1    21     7    16     4     0     0   -47.0   29.845  138.067    538.1    955.9
     1     1    21     7    16     3     0     0   -48.0   29.706  138.406    527.3    956.4
     1     1    21     7    16     2     0     0   -49.0   29.586  138.753    517.5    957.0
     1     1    21     7    16     1     0     0   -50.0   29.481  139.105    509.2    957.6
     1     1    21     7    16     0     0     0   -51.0   29.391  139.461    502.5    958.1
     1     1    21     7    15    23     0     0   -52.0   29.314  139.821    497.1    958.3
     1     1    21     7    15    22     0     0   -53.0   29.248  140.185    492.5    958.7
     1     1    21     7    15    21     0     0   -54.0   29.194  140.551    488.6    959.1
     1     1    21     7    15    20     0     0   -55.0   29.153  140.921    485.2    959.5
     1     1    21     7    15    19     0     0   -56.0   29.127  141.294    482.3    959.9
     1     1    21     7    15    18     0     0   -57.0   29.115  141.672    479.8    960.2
     1     1    21     7    15    17     0     0   -58.0   29.113  142.046    477.5    960.7
     1     1    21     7    15    16     0     0   -59.0   29.115  142.407    474.9    961.3
     1     1    21     7    15    15     0     0   -60.0   29.116  142.758    471.8    961.9
     1     1    21     7    15    14     0     0   -61.0   29.114  143.099    468.2    962.4
     1     1    21     7    15    13     0     0   -62.0   29.111  143.431    464.3    963.1
     1     1    21     7    15    12     0     0   -63.0   29.106  143.755    460.2    963.9
     1     1    21     7    15    11     0     0   -64.0   29.104  144.074    455.8    964.1
     1     1    21     7    15    10     0     0   -65.0   29.105  144.391    451.4    964.4
     1     1    21     7    15     9     0     0   -66.0   29.111  144.706    446.9    964.7
     1     1    21     7    15     8     0     0   -67.0   29.124  145.019    442.4    965.0
     1     1    21     7    15     7     0     0   -68.0   29.141  145.330    438.1    965.5
     1     1    21     7    15     6     0     0   -69.0   29.163  145.640    434.3    966.0
     1     1    21     7    15     5     0     0   -70.0   29.187  145.953    431.5    966.7
     1     1    21     7    15     4     0     0   -71.0   29.213  146.275    430.0    967.2
     1     1    21     7    15     3     0     0   -72.0   29.241  146.605    429.6    967.6
     1     1    21     7    15     2     0     0   -73.0   29.271  146.944    430.3    967.9
     1     1    21     7    15     1     0     0   -74.0   29.304  147.291    431.9    968.1
     1     1    21     7    15     0     0     0   -75.0   29.339  147.645    434.1    967.9
     1     1    21     7    14    23     0     0   -76.0   29.375  147.994    436.7    967.1
     1     1    21     7    14    22     0     0   -77.0   29.416  148.328    440.0    966.4
     1     1    21     7    14    21     0     0   -78.0   29.461  148.647    443.8    965.6
     1     1    21     7    14    20     0     0   -79.0   29.511  148.951    448.2    964.7
     1     1    21     7    14    19     0     0   -80.0   29.567  149.244    453.3    963.9
     1     1    21     7    14    18     0     0   -81.0   29.630  149.524    459.1    963.0
     1     1    21     7    14    17     0     0   -82.0   29.693  149.800    465.5    962.0
     1     1    21     7    14    16     0     0   -83.0   29.750  150.079    472.1    961.2
     1     1    21     7    14    15     0     0   -84.0   29.800  150.364    479.1    960.4
     1     1    21     7    14    14     0     0   -85.0   29.844  150.655    486.5    959.6
     1     1    21     7    14    13     0     0   -86.0   29.883  150.952    494.5    958.7
     1     1    21     7    14    12     0     0   -87.0   29.918  151.254    503.4    957.8
     1     1    21     7    14    11     0     0   -88.0   29.951  151.561    513.0    956.6
     1     1    21     7    14    10     0     0   -89.0   29.985  151.873    522.7    955.5
     1     1    21     7    14     9     0     0   -90.0   30.020  152.189    532.6    954.5
     1     1    21     7    14     8     0     0   -91.0   30.059  152.512    542.6    953.7
     1     1    21     7    14     7     0     0   -92.0   30.100  152.839    552.9    953.1
     1     1    21     7    14     6     0     0   -93.0   30.143  153.169    563.8    952.5
     1     1    21     7    14     5     0     0   -94.0   30.186  153.499    575.7    952.0
     1     1    21     7    14     4     0     0   -95.0   30.231  153.827    588.7    951.2
     1     1    21     7    14     3     0     0   -96.0   30.276  154.151    602.3    950.4
