     2     1
    CDC1    21     8     1     0     0
    CDC1    21     9     1     0     0
     1 BACKWARD OMEGA   
  2021     9     3     3   37.500  127.000   500.0
     1 PRESSURE
     1     1    21     9     3     3     0     0     0.0   37.500  127.000    500.0    934.1
     1     1    21     9     3     2     0     0    -1.0   37.571  127.143    501.8    932.0
     1     1    21     9     3     1     0     0    -2.0   37.641  127.296    502.4    930.1
     1     1    21     9     3     0     0     0    -3.0   37.709  127.460    502.2    928.1
     1     1    21     9     2    23     0     0    -4.0   37.769  127.620    501.5    927.5
     1     1    21     9     2    22     0     0    -5.0   37.810  127.762    499.7    927.7
     1     1    21     9     2    21     0     0    -6.0   37.835  127.887    496.7    928.1
     1     1    21     9     2    20     0     0    -7.0   37.842  127.997    492.5    928.9
     1     1    21     9     2    19     0     0    -8.0   37.833  128.092    486.8    930.0
     1     1    21     9     2    18     0     0    -9.0   37.809  128.173    479.9    931.4
     1     1    21     9     2    17     0     0   -10.0   37.779  128.255    472.0    933.0
     1     1    21     9     2    16     0     0   -11.0   37.753  128.352    464.5    934.5
     1     1    21     9     2    15     0     0   -12.0   37.731  128.464    457.1    936.0
     1     1    21     9     2    14     0     0   -13.0   37.714  128.592    449.9    937.5
     1     1    21     9     2    13     0     0   -14.0   37.700  128.736    442.9    939.0
     1     1    21     9     2    12     0     0   -15.0   37.691  128.896    436.2    940.4
     1     1    21     9     2    11     0     0   -16.0   37.688  129.067    430.0    942.1
     1     1    21     9     2    10     0     0   -17.0   37.695  129.246    424.8    943.6
     1     1    21     9     2     9     0     0   -18.0   37.711  129.431    420.5    944.9
     1     1    21     9     2     8     0     0   -19.0   37.737  129.621    417.4    946.0
     1     1    21     9     2     7     0     0   -20.0   37.773  129.817    415.3    947.0
     1     1    21     9     2     6     0     0   -21.0   37.820  130.017    414.5    947.9
     1     1    21     9     2     5     0     0   -22.0   37.876  130.223    414.7    949.6
     1     1    21     9     2     4     0     0   -23.0   37.941  130.434    415.9    951.2
     1     1    21     9     2     3     0     0   -24.0   38.015  130.650    418.1    952.8
     1     1    21     9     2     2     0     0   -25.0   38.100  130.869    421.6    954.3
     1     1    21     9     2     1     0     0   -26.0   38.194  131.090    426.5    955.8
     1     1    21     9     2     0     0     0   -27.0   38.300  131.311    433.1    957.2
     1     1    21     9     1    23     0     0   -28.0   38.411  131.531    440.0    958.5
     1     1    21     9     1    22     0     0   -29.0   38.520  131.748    445.2    960.3
     1     1    21     9     1    21     0     0   -30.0   38.627  131.963    448.0    962.6
     1     1    21     9     1    20     0     0   -31.0   38.731  132.176    447.8    965.5
     1     1    21     9     1    19     0     0   -32.0   38.831  132.389    443.9    968.9
     1     1    21     9     1    18     0     0   -33.0   38.927  132.600    435.6    971.5
     1     1    21     9     1    17     0     0   -34.0   39.018  132.803    424.7    972.7
     1     1    21     9     1    16     0     0   -35.0   39.106  132.992    414.1    973.8
     1     1    21     9     1    15     0     0   -36.0   39.191  133.169    403.8    975.0
     1     1    21     9     1    14     0     0   -37.0   39.272  133.335    394.1    976.2
     1     1    21     9     1    13     0     0   -38.0   39.350  133.492    385.4    977.4
     1     1    21     9     1    12     0     0   -39.0   39.425  133.639    377.9    978.3
     1     1    21     9     1    11     0     0   -40.0   39.493  133.782    371.1    979.7
     1     1    21     9     1    10     0     0   -41.0   39.553  133.922    364.4    981.2
     1     1    21     9     1     9     0     0   -42.0   39.603  134.058    358.1    982.6
     1     1    21     9     1     8     0     0   -43.0   39.644  134.188    352.1    984.1
     1     1    21     9     1     7     0     0   -44.0   39.675  134.309    346.4    985.4
     1     1    21     9     1     6     0     0   -45.0   39.695  134.421    341.2    986.7
     1     1    21     9     1     5     0     0   -46.0   39.715  134.526    336.0    987.4
     1     1    21     9     1     4     0     0   -47.0   39.744  134.626    330.9    988.4
     1     1    21     9     1     3     0     0   -48.0   39.783  134.721    325.7    989.4
     1     1    21     9     1     2     0     0   -49.0   39.833  134.813    320.6    990.5
     1     1    21     9     1     1     0     0   -50.0   39.894  134.901    315.6    991.8
     1     1    21     9     1     0     0     0   -51.0   39.967  134.989    311.0    993.1
     1     1    21     8    31    23     0     0   -52.0   40.042  135.068    305.7    993.3
     1     1    21     8    31    22     0     0   -53.0   40.109  135.130    298.3    993.3
     1     1    21     8    31    21     0     0   -54.0   40.169  135.174    288.9    993.7
     1     1    21     8    31    20     0     0   -55.0   40.223  135.200    277.3    994.5
     1     1    21     8    31    19     0     0   -56.0   40.269  135.209    263.6    995.9
     1     1    21     8    31    18     0     0   -57.0   40.309  135.201    247.6    997.8
     1     1    21     8    31    17     0     0   -58.0   40.344  135.181    231.7    999.8
     1     1    21     8    31    16     0     0   -59.0   40.377  135.155    218.1   1001.4
     1     1    21     8    31    15     0     0   -60.0   40.406  135.123    206.6   1002.9
     1     1    21     8    31    14     0     0   -61.0   40.431  135.085    197.1   1004.0
     1     1    21     8    31    13     0     0   -62.0   40.453  135.040    189.5   1004.7
     1     1    21     8    31    12     0     0   -63.0   40.470  134.990    183.8   1005.3
     1     1    21     8    31    11     0     0   -64.0   40.496  134.935    179.7   1005.5
     1     1    21     8    31    10     0     0   -65.0   40.545  134.877    177.4   1005.3
     1     1    21     8    31     9     0     0   -66.0   40.615  134.815    177.0   1004.7
     1     1    21     8    31     8     0     0   -67.0   40.706  134.749    178.6   1003.6
     1     1    21     8    31     7     0     0   -68.0   40.818  134.679    182.7   1002.0
     1     1    21     8    31     6     0     0   -69.0   40.948  134.605    189.4    999.9
     1     1    21     8    31     5     0     0   -70.0   41.089  134.523    198.3    997.0
     1     1    21     8    31     4     0     0   -71.0   41.238  134.431    209.3    993.6
     1     1    21     8    31     3     0     0   -72.0   41.396  134.330    222.3    989.6
     1     1    21     8    31     2     0     0   -73.0   41.565  134.219    237.5    985.1
     1     1    21     8    31     1     0     0   -74.0   41.747  134.100    255.0    980.2
     1     1    21     8    31     0     0     0   -75.0   41.945  133.974    274.9    974.8
     1     1    21     8    30    23     0     0   -76.0   42.153  133.836    295.5    968.8
     1     1    21     8    30    22     0     0   -77.0   42.360  133.682    315.2    962.9
     1     1    21     8    30    21     0     0   -78.0   42.568  133.517    334.1    957.5
     1     1    21     8    30    20     0     0   -79.0   42.776  133.345    351.8    953.3
     1     1    21     8    30    19     0     0   -80.0   42.984  133.167    367.5    949.6
     1     1    21     8    30    18     0     0   -81.0   43.195  132.986    381.3    946.2
     1     1    21     8    30    17     0     0   -82.0   43.413  132.797    395.7    942.5
     1     1    21     8    30    16     0     0   -83.0   43.639  132.595    414.0    938.2
     1     1    21     8    30    15     0     0   -84.0   43.874  132.376    436.8    932.4
     1     1    21     8    30    14     0     0   -85.0   44.116  132.135    464.9    925.6
     1     1    21     8    30    13     0     0   -86.0   44.363  131.872    499.7    918.4
     1     1    21     8    30    12     0     0   -87.0   44.612  131.588    542.6    911.0
     1     1    21     8    30    11     0     0   -88.0   44.854  131.293    589.0    902.9
     1     1    21     8    30    10     0     0   -89.0   45.081  131.000    632.8    896.1
     1     1    21     8    30     9     0     0   -90.0   45.299  130.716    671.7    890.0
     1     1    21     8    30     8     0     0   -91.0   45.512  130.445    704.1    885.1
     1     1    21     8    30     7     0     0   -92.0   45.726  130.188    729.4    881.2
     1     1    21     8    30     6     0     0   -93.0   45.944  129.950    747.4    878.9
     1     1    21     8    30     5     0     0   -94.0   46.161  129.722    763.6    879.6
     1     1    21     8    30     4     0     0   -95.0   46.374  129.494    782.7    879.3
     1     1    21     8    30     3     0     0   -96.0   46.583  129.263    804.5    878.6
