     2     1
    CDC1    21     4     1     0     0
    CDC1    21     5     1     0     0
     1 BACKWARD OMEGA   
  2021     5    19     3   37.500  127.000   500.0
     1 PRESSURE
     1     1    21     5    19     3     0     0     0.0   37.500  127.000    500.0    934.6
     1     1    21     5    19     2     0     0    -1.0   37.501  126.899    516.3    933.5
     1     1    21     5    19     1     0     0    -2.0   37.509  126.797    530.1    932.7
     1     1    21     5    19     0     0     0    -3.0   37.524  126.692    541.4    932.1
     1     1    21     5    18    23     0     0    -4.0   37.538  126.575    549.7    931.4
     1     1    21     5    18    22     0     0    -5.0   37.548  126.438    553.8    931.4
     1     1    21     5    18    21     0     0    -6.0   37.553  126.282    553.8    932.1
     1     1    21     5    18    20     0     0    -7.0   37.551  126.105    549.3    933.4
     1     1    21     5    18    19     0     0    -8.0   37.543  125.909    540.3    935.4
     1     1    21     5    18    18     0     0    -9.0   37.526  125.694    526.5    938.2
     1     1    21     5    18    17     0     0   -10.0   37.497  125.475    511.6    941.7
     1     1    21     5    18    16     0     0   -11.0   37.457  125.267    499.4    944.2
     1     1    21     5    18    15     0     0   -12.0   37.408  125.071    489.6    946.4
     1     1    21     5    18    14     0     0   -13.0   37.352  124.888    482.7    947.9
     1     1    21     5    18    13     0     0   -14.0   37.290  124.718    479.0    948.8
     1     1    21     5    18    12     0     0   -15.0   37.224  124.563    479.0    949.2
     1     1    21     5    18    11     0     0   -16.0   37.158  124.414    479.9    949.3
     1     1    21     5    18    10     0     0   -17.0   37.093  124.264    478.2    950.0
     1     1    21     5    18     9     0     0   -18.0   37.028  124.114    474.1    951.0
     1     1    21     5    18     8     0     0   -19.0   36.963  123.965    467.3    952.2
     1     1    21     5    18     7     0     0   -20.0   36.898  123.817    457.8    953.8
     1     1    21     5    18     6     0     0   -21.0   36.832  123.671    445.6    955.6
     1     1    21     5    18     5     0     0   -22.0   36.771  123.531    434.4    957.6
     1     1    21     5    18     4     0     0   -23.0   36.718  123.401    428.9    958.5
     1     1    21     5    18     3     0     0   -24.0   36.675  123.280    428.6    958.8
     1     1    21     5    18     2     0     0   -25.0   36.641  123.165    433.8    958.4
     1     1    21     5    18     1     0     0   -26.0   36.618  123.056    444.2    957.5
     1     1    21     5    18     0     0     0   -27.0   36.605  122.950    459.8    955.9
     1     1    21     5    17    23     0     0   -28.0   36.600  122.842    477.1    953.6
     1     1    21     5    17    22     0     0   -29.0   36.599  122.726    492.5    952.1
     1     1    21     5    17    21     0     0   -30.0   36.604  122.602    506.0    950.7
     1     1    21     5    17    20     0     0   -31.0   36.612  122.469    517.5    949.6
     1     1    21     5    17    19     0     0   -32.0   36.625  122.327    527.4    948.3
     1     1    21     5    17    18     0     0   -33.0   36.642  122.176    535.9    947.2
     1     1    21     5    17    17     0     0   -34.0   36.662  122.021    545.0    946.3
     1     1    21     5    17    16     0     0   -35.0   36.686  121.868    556.3    945.0
     1     1    21     5    17    15     0     0   -36.0   36.713  121.717    570.0    943.6
     1     1    21     5    17    14     0     0   -37.0   36.745  121.570    586.0    941.9
     1     1    21     5    17    13     0     0   -38.0   36.780  121.428    604.2    940.1
     1     1    21     5    17    12     0     0   -39.0   36.820  121.291    624.9    938.2
     1     1    21     5    17    11     0     0   -40.0   36.871  121.165    646.9    935.8
     1     1    21     5    17    10     0     0   -41.0   36.939  121.055    668.9    933.6
     1     1    21     5    17     9     0     0   -42.0   37.023  120.959    691.0    931.5
     1     1    21     5    17     8     0     0   -43.0   37.125  120.878    713.2    929.5
     1     1    21     5    17     7     0     0   -44.0   37.244  120.813    735.4    927.7
     1     1    21     5    17     6     0     0   -45.0   37.381  120.764    757.7    925.9
     1     1    21     5    17     5     0     0   -46.0   37.534  120.722    780.7    923.4
     1     1    21     5    17     4     0     0   -47.0   37.698  120.674    806.0    919.3
     1     1    21     5    17     3     0     0   -48.0   37.873  120.621    833.6    915.0
     1     1    21     5    17     2     0     0   -49.0   38.057  120.565    863.7    910.5
     1     1    21     5    17     1     0     0   -50.0   38.249  120.505    896.4    905.7
     1     1    21     5    17     0     0     0   -51.0   38.448  120.444    931.9    900.7
     1     1    21     5    16    23     0     0   -52.0   38.648  120.389    971.4    895.1
     1     1    21     5    16    22     0     0   -53.0   38.845  120.351   1014.9    888.9
     1     1    21     5    16    21     0     0   -54.0   39.040  120.331   1062.4    882.4
     1     1    21     5    16    20     0     0   -55.0   39.236  120.331   1113.3    875.7
     1     1    21     5    16    19     0     0   -56.0   39.432  120.351   1167.3    868.9
     1     1    21     5    16    18     0     0   -57.0   39.632  120.391   1224.0    861.9
     1     1    21     5    16    17     0     0   -58.0   39.837  120.456   1277.6    854.8
     1     1    21     5    16    16     0     0   -59.0   40.051  120.547   1322.0    848.2
     1     1    21     5    16    15     0     0   -60.0   40.273  120.648   1356.3    840.9
     1     1    21     5    16    14     0     0   -61.0   40.501  120.751   1381.5    834.8
     1     1    21     5    16    13     0     0   -62.0   40.734  120.853   1397.8    829.9
     1     1    21     5    16    12     0     0   -63.0   40.970  120.956   1405.6    826.1
     1     1    21     5    16    11     0     0   -64.0   41.210  121.061   1412.7    823.4
     1     1    21     5    16    10     0     0   -65.0   41.455  121.169   1427.6    819.5
     1     1    21     5    16     9     0     0   -66.0   41.705  121.278   1450.1    815.2
     1     1    21     5    16     8     0     0   -67.0   41.958  121.388   1480.4    810.5
     1     1    21     5    16     7     0     0   -68.0   42.214  121.497   1518.7    805.3
     1     1    21     5    16     6     0     0   -69.0   42.473  121.605   1565.5    799.7
     1     1    21     5    16     5     0     0   -70.0   42.728  121.691   1612.9    795.3
     1     1    21     5    16     4     0     0   -71.0   42.974  121.741   1650.3    792.6
     1     1    21     5    16     3     0     0   -72.0   43.212  121.754   1677.9    790.3
     1     1    21     5    16     2     0     0   -73.0   43.445  121.732   1696.3    788.5
     1     1    21     5    16     1     0     0   -74.0   43.673  121.676   1706.5    786.8
     1     1    21     5    16     0     0     0   -75.0   43.900  121.588   1709.7    785.2
     1     1    21     5    15    23     0     0   -76.0   44.124  121.475   1714.3    783.5
     1     1    21     5    15    22     0     0   -77.0   44.347  121.344   1727.1    779.7
     1     1    21     5    15    21     0     0   -78.0   44.564  121.197   1747.4    774.7
     1     1    21     5    15    20     0     0   -79.0   44.774  121.036   1773.9    768.7
     1     1    21     5    15    19     0     0   -80.0   44.974  120.862   1805.9    761.9
     1     1    21     5    15    18     0     0   -81.0   45.161  120.677   1842.0    753.7
     1     1    21     5    15    17     0     0   -82.0   45.348  120.472   1880.9    744.8
     1     1    21     5    15    16     0     0   -83.0   45.551  120.234   1921.4    735.6
     1     1    21     5    15    15     0     0   -84.0   45.770  119.969   1963.6    726.3
     1     1    21     5    15    14     0     0   -85.0   46.007  119.679   2009.7    718.8
     1     1    21     5    15    13     0     0   -86.0   46.259  119.367   2059.0    711.8
     1     1    21     5    15    12     0     0   -87.0   46.524  119.036   2112.3    705.4
     1     1    21     5    15    11     0     0   -88.0   46.795  118.687   2170.3    699.2
     1     1    21     5    15    10     0     0   -89.0   47.068  118.316   2234.1    693.4
     1     1    21     5    15     9     0     0   -90.0   47.343  117.928   2302.2    688.5
     1     1    21     5    15     8     0     0   -91.0   47.621  117.532   2372.0    684.0
     1     1    21     5    15     7     0     0   -92.0   47.900  117.131   2439.1    679.4
     1     1    21     5    15     6     0     0   -93.0   48.177  116.720   2500.9    675.2
     1     1    21     5    15     5     0     0   -94.0   48.463  116.300   2560.3    671.3
     1     1    21     5    15     4     0     0   -95.0   48.766  115.880   2625.8    666.6
     1     1    21     5    15     3     0     0   -96.0   49.087  115.466   2698.1    661.1
