     2     1
    CDC1    21     4     1     0     0
    CDC1    21     5     1     0     0
     1 BACKWARD OMEGA   
  2021     5     9     0   37.500  127.000   500.0
     1 PRESSURE
     1     1    21     5     9     0     0     0     0.0   37.500  127.000    500.0    930.9
     1     1    21     5     8    23     0     0    -1.0   37.646  126.666    560.6    924.2
     1     1    21     5     8    22     0     0    -2.0   37.834  126.333    624.8    916.6
     1     1    21     5     8    21     0     0    -3.0   38.062  126.000    692.6    907.0
     1     1    21     5     8    20     0     0    -4.0   38.329  125.665    764.5    896.9
     1     1    21     5     8    19     0     0    -5.0   38.637  125.327    840.8    886.3
     1     1    21     5     8    18     0     0    -6.0   38.990  124.983    921.6    875.3
     1     1    21     5     8    17     0     0    -7.0   39.373  124.616   1006.4    863.7
     1     1    21     5     8    16     0     0    -8.0   39.767  124.223   1093.9    853.6
     1     1    21     5     8    15     0     0    -9.0   40.179  123.819   1185.9    845.0
     1     1    21     5     8    14     0     0   -10.0   40.616  123.419   1280.8    837.0
     1     1    21     5     8    13     0     0   -11.0   41.086  123.028   1376.1    827.7
     1     1    21     5     8    12     0     0   -12.0   41.596  122.647   1470.4    817.8
     1     1    21     5     8    11     0     0   -13.0   42.131  122.283   1551.6    803.0
     1     1    21     5     8    10     0     0   -14.0   42.669  121.948   1613.9    789.0
     1     1    21     5     8     9     0     0   -15.0   43.208  121.651   1666.8    778.9
     1     1    21     5     8     8     0     0   -16.0   43.754  121.401   1713.0    769.6
     1     1    21     5     8     7     0     0   -17.0   44.317  121.208   1757.3    760.7
     1     1    21     5     8     6     0     0   -18.0   44.908  121.081   1803.4    752.3
     1     1    21     5     8     5     0     0   -19.0   45.493  121.018   1839.9    741.8
     1     1    21     5     8     4     0     0   -20.0   46.041  121.008   1862.0    734.9
     1     1    21     5     8     3     0     0   -21.0   46.554  121.065   1868.1    730.8
     1     1    21     5     8     2     0     0   -22.0   47.039  121.205   1857.6    729.5
     1     1    21     5     8     1     0     0   -23.0   47.500  121.440   1830.3    730.7
     1     1    21     5     8     0     0     0   -24.0   47.933  121.753   1789.5    735.2
     1     1    21     5     7    23     0     0   -25.0   48.324  122.079   1742.4    740.8
     1     1    21     5     7    22     0     0   -26.0   48.668  122.391   1696.0    745.8
     1     1    21     5     7    21     0     0   -27.0   48.972  122.697   1654.1    750.5
     1     1    21     5     7    20     0     0   -28.0   49.239  123.005   1619.6    755.0
     1     1    21     5     7    19     0     0   -29.0   49.473  123.320   1593.0    759.1
     1     1    21     5     7    18     0     0   -30.0   49.674  123.643   1574.2    762.9
     1     1    21     5     7    17     0     0   -31.0   49.849  123.988   1558.0    766.6
     1     1    21     5     7    16     0     0   -32.0   50.004  124.368   1541.7    771.5
     1     1    21     5     7    15     0     0   -33.0   50.138  124.774   1524.7    778.1
     1     1    21     5     7    14     0     0   -34.0   50.256  125.196   1505.6    783.9
     1     1    21     5     7    13     0     0   -35.0   50.360  125.636   1484.9    788.6
     1     1    21     5     7    12     0     0   -36.0   50.456  126.094   1464.2    793.5
     1     1    21     5     7    11     0     0   -37.0   50.542  126.551   1445.1    798.3
     1     1    21     5     7    10     0     0   -38.0   50.619  126.983   1427.6    802.6
     1     1    21     5     7     9     0     0   -39.0   50.686  127.391   1411.1    806.7
     1     1    21     5     7     8     0     0   -40.0   50.743  127.771   1393.3    808.3
     1     1    21     5     7     7     0     0   -41.0   50.790  128.114   1374.6    809.2
     1     1    21     5     7     6     0     0   -42.0   50.827  128.421   1355.3    810.2
     1     1    21     5     7     5     0     0   -43.0   50.862  128.692   1337.9    811.7
     1     1    21     5     7     4     0     0   -44.0   50.900  128.930   1324.9    812.5
     1     1    21     5     7     3     0     0   -45.0   50.941  129.135   1316.3    813.0
     1     1    21     5     7     2     0     0   -46.0   50.987  129.305   1312.3    813.0
     1     1    21     5     7     1     0     0   -47.0   51.037  129.440   1312.7    812.7
     1     1    21     5     7     0     0     0   -48.0   51.091  129.541   1317.5    812.0
     1     1    21     5     6    23     0     0   -49.0   51.149  129.602   1325.9    810.7
     1     1    21     5     6    22     0     0   -50.0   51.209  129.618   1338.2    809.3
     1     1    21     5     6    21     0     0   -51.0   51.270  129.591   1354.1    807.6
     1     1    21     5     6    20     0     0   -52.0   51.331  129.521   1373.6    805.8
     1     1    21     5     6    19     0     0   -53.0   51.392  129.410   1396.8    803.8
     1     1    21     5     6    18     0     0   -54.0   51.453  129.258   1424.0    801.6
     1     1    21     5     6    17     0     0   -55.0   51.516  129.087   1455.6    799.1
     1     1    21     5     6    16     0     0   -56.0   51.587  128.914   1491.2    796.2
     1     1    21     5     6    15     0     0   -57.0   51.669  128.739   1530.3    793.0
     1     1    21     5     6    14     0     0   -58.0   51.764  128.563   1572.3    789.7
     1     1    21     5     6    13     0     0   -59.0   51.875  128.385   1616.5    786.2
     1     1    21     5     6    12     0     0   -60.0   52.003  128.207   1662.4    782.8
     1     1    21     5     6    11     0     0   -61.0   52.141  128.028   1706.3    778.8
     1     1    21     5     6    10     0     0   -62.0   52.275  127.844   1745.3    775.6
     1     1    21     5     6     9     0     0   -63.0   52.404  127.655   1780.4    772.9
     1     1    21     5     6     8     0     0   -64.0   52.525  127.462   1811.9    769.8
     1     1    21     5     6     7     0     0   -65.0   52.635  127.264   1838.2    764.2
     1     1    21     5     6     6     0     0   -66.0   52.735  127.062   1861.9    759.1
     1     1    21     5     6     5     0     0   -67.0   52.836  126.867   1885.0    754.7
     1     1    21     5     6     4     0     0   -68.0   52.953  126.690   1906.6    750.1
     1     1    21     5     6     3     0     0   -69.0   53.085  126.534   1926.7    745.6
     1     1    21     5     6     2     0     0   -70.0   53.233  126.399   1944.7    741.2
     1     1    21     5     6     1     0     0   -71.0   53.396  126.285   1960.0    737.1
     1     1    21     5     6     0     0     0   -72.0   53.577  126.191   1972.3    733.2
     1     1    21     5     5    23     0     0   -73.0   53.760  126.107   1980.5    729.6
     1     1    21     5     5    22     0     0   -74.0   53.932  126.017   1984.6    726.6
     1     1    21     5     5    21     0     0   -75.0   54.092  125.920   1984.0    724.3
     1     1    21     5     5    20     0     0   -76.0   54.240  125.816   1978.6    722.6
     1     1    21     5     5    19     0     0   -77.0   54.374  125.703   1968.2    721.6
     1     1    21     5     5    18     0     0   -78.0   54.493  125.580   1952.5    721.3
     1     1    21     5     5    17     0     0   -79.0   54.605  125.468   1931.2    722.1
     1     1    21     5     5    16     0     0   -80.0   54.717  125.389   1905.7    723.3
     1     1    21     5     5    15     0     0   -81.0   54.829  125.344   1875.7    724.9
     1     1    21     5     5    14     0     0   -82.0   54.939  125.333   1841.8    727.0
     1     1    21     5     5    13     0     0   -83.0   55.047  125.360   1805.0    729.7
     1     1    21     5     5    12     0     0   -84.0   55.153  125.427   1766.3    733.1
     1     1    21     5     5    11     0     0   -85.0   55.245  125.517   1729.7    736.4
     1     1    21     5     5    10     0     0   -86.0   55.313  125.612   1696.2    739.2
     1     1    21     5     5     9     0     0   -87.0   55.356  125.710   1666.3    741.6
     1     1    21     5     5     8     0     0   -88.0   55.375  125.808   1639.7    743.8
     1     1    21     5     5     7     0     0   -89.0   55.369  125.904   1616.4    745.8
     1     1    21     5     5     6     0     0   -90.0   55.338  125.997   1596.2    747.7
     1     1    21     5     5     5     0     0   -91.0   55.285  126.101   1572.9    749.8
     1     1    21     5     5     4     0     0   -92.0   55.214  126.232   1539.0    753.7
     1     1    21     5     5     3     0     0   -93.0   55.120  126.391   1495.9    758.7
     1     1    21     5     5     2     0     0   -94.0   55.001  126.576   1444.2    764.8
     1     1    21     5     5     1     0     0   -95.0   54.854  126.789   1386.1    773.1
     1     1    21     5     5     0     0     0   -96.0   54.676  127.028   1323.2    782.6
