     2     1
    CDC1    21     6     1     0     0
    CDC1    21     7     1     0     0
     1 BACKWARD OMEGA   
  2021     7    13    18   37.500  127.000   500.0
     1 PRESSURE
     1     1    21     7    13    18     0     0     0.0   37.500  127.000    500.0    936.1
     1     1    21     7    13    17     0     0    -1.0   37.221  126.964    474.6    939.5
     1     1    21     7    13    16     0     0    -2.0   36.949  126.939    450.5    942.7
     1     1    21     7    13    15     0     0    -3.0   36.685  126.923    428.2    945.7
     1     1    21     7    13    14     0     0    -4.0   36.429  126.916    408.1    948.5
     1     1    21     7    13    13     0     0    -5.0   36.180  126.917    390.7    950.9
     1     1    21     7    13    12     0     0    -6.0   35.938  126.925    376.1    952.8
     1     1    21     7    13    11     0     0    -7.0   35.703  126.930    364.0    954.3
     1     1    21     7    13    10     0     0    -8.0   35.472  126.923    354.2    955.6
     1     1    21     7    13     9     0     0    -9.0   35.244  126.907    346.8    956.6
     1     1    21     7    13     8     0     0   -10.0   35.017  126.882    341.4    957.5
     1     1    21     7    13     7     0     0   -11.0   34.790  126.850    338.0    958.7
     1     1    21     7    13     6     0     0   -12.0   34.562  126.811    336.2    959.8
     1     1    21     7    13     5     0     0   -13.0   34.333  126.760    335.1    961.2
     1     1    21     7    13     4     0     0   -14.0   34.101  126.696    333.2    962.7
     1     1    21     7    13     3     0     0   -15.0   33.868  126.620    330.3    964.4
     1     1    21     7    13     2     0     0   -16.0   33.633  126.532    326.2    966.2
     1     1    21     7    13     1     0     0   -17.0   33.399  126.434    320.6    968.1
     1     1    21     7    13     0     0     0   -18.0   33.165  126.326    313.2    970.1
     1     1    21     7    12    23     0     0   -19.0   32.921  126.213    305.6    972.1
     1     1    21     7    12    22     0     0   -20.0   32.654  126.094    299.8    973.7
     1     1    21     7    12    21     0     0   -21.0   32.363  125.969    295.8    974.8
     1     1    21     7    12    20     0     0   -22.0   32.051  125.839    293.1    975.3
     1     1    21     7    12    19     0     0   -23.0   31.717  125.706    291.2    975.5
     1     1    21     7    12    18     0     0   -24.0   31.363  125.567    289.5    975.7
     1     1    21     7    12    17     0     0   -25.0   31.006  125.434    286.8    975.7
     1     1    21     7    12    16     0     0   -26.0   30.663  125.318    283.0    975.8
     1     1    21     7    12    15     0     0   -27.0   30.336  125.215    278.8    975.7
     1     1    21     7    12    14     0     0   -28.0   30.024  125.125    275.1    975.4
     1     1    21     7    12    13     0     0   -29.0   29.728  125.050    273.0    975.8
     1     1    21     7    12    12     0     0   -30.0   29.450  124.995    273.3    976.1
     1     1    21     7    12    11     0     0   -31.0   29.184  124.942    275.1    976.6
     1     1    21     7    12    10     0     0   -32.0   28.924  124.875    276.5    977.3
     1     1    21     7    12     9     0     0   -33.0   28.672  124.797    277.3    977.9
     1     1    21     7    12     8     0     0   -34.0   28.426  124.709    276.8    978.6
     1     1    21     7    12     7     0     0   -35.0   28.187  124.612    274.7    979.5
     1     1    21     7    12     6     0     0   -36.0   27.954  124.509    270.2    980.5
     1     1    21     7    12     5     0     0   -37.0   27.727  124.406    266.0    981.4
     1     1    21     7    12     4     0     0   -38.0   27.509  124.311    265.3    981.6
     1     1    21     7    12     3     0     0   -39.0   27.300  124.223    268.0    980.9
     1     1    21     7    12     2     0     0   -40.0   27.100  124.145    274.1    979.8
     1     1    21     7    12     1     0     0   -41.0   26.910  124.076    283.5    978.4
     1     1    21     7    12     0     0     0   -42.0   26.729  124.015    296.3    976.6
     1     1    21     7    11    23     0     0   -43.0   26.545  123.961    310.2    974.5
     1     1    21     7    11    22     0     0   -44.0   26.349  123.912    323.2    972.8
     1     1    21     7    11    21     0     0   -45.0   26.142  123.870    335.5    971.1
     1     1    21     7    11    20     0     0   -46.0   25.925  123.836    347.5    969.6
     1     1    21     7    11    19     0     0   -47.0   25.699  123.810    359.2    968.1
     1     1    21     7    11    18     0     0   -48.0   25.466  123.794    371.2    966.6
     1     1    21     7    11    17     0     0   -49.0   25.240  123.790    384.5    965.5
     1     1    21     7    11    16     0     0   -50.0   25.033  123.801    400.3    963.7
     1     1    21     7    11    15     0     0   -51.0   24.844  123.825    418.5    961.5
     1     1    21     7    11    14     0     0   -52.0   24.671  123.862    438.8    959.2
     1     1    21     7    11    13     0     0   -53.0   24.512  123.909    460.8    956.9
     1     1    21     7    11    12     0     0   -54.0   24.368  123.968    484.4    954.4
     1     1    21     7    11    11     0     0   -55.0   24.227  124.031    507.3    951.8
     1     1    21     7    11    10     0     0   -56.0   24.083  124.095    527.3    949.7
     1     1    21     7    11     9     0     0   -57.0   23.934  124.159    544.6    947.9
     1     1    21     7    11     8     0     0   -58.0   23.781  124.224    559.5    946.4
     1     1    21     7    11     7     0     0   -59.0   23.623  124.290    572.3    945.1
     1     1    21     7    11     6     0     0   -60.0   23.461  124.358    583.3    944.0
     1     1    21     7    11     5     0     0   -61.0   23.297  124.434    594.7    943.1
     1     1    21     7    11     4     0     0   -62.0   23.135  124.519    608.6    941.7
     1     1    21     7    11     3     0     0   -63.0   22.975  124.616    625.0    940.2
     1     1    21     7    11     2     0     0   -64.0   22.817  124.723    643.8    938.2
     1     1    21     7    11     1     0     0   -65.0   22.661  124.840    665.3    935.8
     1     1    21     7    11     0     0     0   -66.0   22.507  124.968    689.3    933.2
     1     1    21     7    10    23     0     0   -67.0   22.359  125.106    714.9    930.7
     1     1    21     7    10    22     0     0   -68.0   22.217  125.254    740.7    928.3
     1     1    21     7    10    21     0     0   -69.0   22.081  125.412    766.8    925.9
     1     1    21     7    10    20     0     0   -70.0   21.950  125.577    793.1    923.5
     1     1    21     7    10    19     0     0   -71.0   21.824  125.748    819.9    921.1
     1     1    21     7    10    18     0     0   -72.0   21.700  125.924    847.1    918.6
     1     1    21     7    10    17     0     0   -73.0   21.581  126.105    873.0    916.2
     1     1    21     7    10    16     0     0   -74.0   21.469  126.293    896.1    914.2
     1     1    21     7    10    15     0     0   -75.0   21.363  126.488    916.3    912.5
     1     1    21     7    10    14     0     0   -76.0   21.263  126.690    933.7    911.0
     1     1    21     7    10    13     0     0   -77.0   21.168  126.898    948.5    909.5
     1     1    21     7    10    12     0     0   -78.0   21.076  127.112    960.9    908.2
     1     1    21     7    10    11     0     0   -79.0   20.986  127.323    972.6    907.2
     1     1    21     7    10    10     0     0   -80.0   20.896  127.526    984.5    906.0
     1     1    21     7    10     9     0     0   -81.0   20.807  127.718    996.6    904.7
     1     1    21     7    10     8     0     0   -82.0   20.720  127.902   1008.7    903.4
     1     1    21     7    10     7     0     0   -83.0   20.634  128.077   1020.2    902.1
     1     1    21     7    10     6     0     0   -84.0   20.550  128.245   1031.0    900.9
     1     1    21     7    10     5     0     0   -85.0   20.465  128.414   1041.3    899.8
     1     1    21     7    10     4     0     0   -86.0   20.375  128.593   1052.0    898.5
     1     1    21     7    10     3     0     0   -87.0   20.281  128.782   1063.0    897.3
     1     1    21     7    10     2     0     0   -88.0   20.182  128.982   1074.3    896.0
     1     1    21     7    10     1     0     0   -89.0   20.079  129.192   1086.1    894.6
     1     1    21     7    10     0     0     0   -90.0   19.972  129.414   1098.3    893.1
     1     1    21     7     9    23     0     0   -91.0   19.864  129.644   1109.3    891.5
     1     1    21     7     9    22     0     0   -92.0   19.760  129.881   1117.5    890.4
     1     1    21     7     9    21     0     0   -93.0   19.659  130.126   1123.3    889.5
     1     1    21     7     9    20     0     0   -94.0   19.562  130.377   1127.6    888.8
     1     1    21     7     9    19     0     0   -95.0   19.468  130.636   1131.3    888.1
     1     1    21     7     9    18     0     0   -96.0   19.378  130.903   1135.3    887.4
