     2     1
    CDC1    21     1     1     0     0
    CDC1    21     2     1     0     0
     1 BACKWARD OMEGA   
  2021     2     7     6   37.500  127.000   500.0
     1 PRESSURE
     1     1    21     2     7     6     0     0     0.0   37.500  127.000    500.0    939.1
     1     1    21     2     7     5     0     0    -1.0   37.647  126.913    515.3    935.5
     1     1    21     2     7     4     0     0    -2.0   37.805  126.832    530.8    931.8
     1     1    21     2     7     3     0     0    -3.0   37.973  126.756    547.1    927.9
     1     1    21     2     7     2     0     0    -4.0   38.148  126.688    564.5    923.7
     1     1    21     2     7     1     0     0    -5.0   38.331  126.626    583.7    919.2
     1     1    21     2     7     0     0     0    -6.0   38.520  126.570    605.3    914.4
     1     1    21     2     6    23     0     0    -7.0   38.719  126.503    630.6    908.7
     1     1    21     2     6    22     0     0    -8.0   38.935  126.406    659.9    902.0
     1     1    21     2     6    21     0     0    -9.0   39.172  126.281    693.0    894.9
     1     1    21     2     6    20     0     0   -10.0   39.433  126.132    729.1    887.5
     1     1    21     2     6    19     0     0   -11.0   39.725  125.965    767.6    879.8
     1     1    21     2     6    18     0     0   -12.0   40.053  125.783    807.9    872.2
     1     1    21     2     6    17     0     0   -13.0   40.385  125.588    850.6    867.4
     1     1    21     2     6    16     0     0   -14.0   40.693  125.382    896.4    863.0
     1     1    21     2     6    15     0     0   -15.0   40.979  125.167    945.9    858.4
     1     1    21     2     6    14     0     0   -16.0   41.246  124.948    999.6    853.3
     1     1    21     2     6    13     0     0   -17.0   41.495  124.725   1057.0    848.0
     1     1    21     2     6    12     0     0   -18.0   41.727  124.504   1117.5    842.6
     1     1    21     2     6    11     0     0   -19.0   41.953  124.273   1176.9    836.9
     1     1    21     2     6    10     0     0   -20.0   42.182  124.027   1230.9    832.4
     1     1    21     2     6     9     0     0   -21.0   42.414  123.772   1280.2    828.4
     1     1    21     2     6     8     0     0   -22.0   42.647  123.512   1325.5    825.8
     1     1    21     2     6     7     0     0   -23.0   42.880  123.247   1365.6    824.4
     1     1    21     2     6     6     0     0   -24.0   43.114  122.982   1400.8    823.1
     1     1    21     2     6     5     0     0   -25.0   43.346  122.716   1429.7    821.3
     1     1    21     2     6     4     0     0   -26.0   43.570  122.444   1452.7    818.6
     1     1    21     2     6     3     0     0   -27.0   43.786  122.160   1467.2    811.3
     1     1    21     2     6     2     0     0   -28.0   43.994  121.860   1476.3    804.0
     1     1    21     2     6     1     0     0   -29.0   44.197  121.550   1480.5    796.9
     1     1    21     2     6     0     0     0   -30.0   44.395  121.232   1480.0    789.8
     1     1    21     2     5    23     0     0   -31.0   44.590  120.902   1475.8    782.9
     1     1    21     2     5    22     0     0   -32.0   44.786  120.557   1469.3    775.6
     1     1    21     2     5    21     0     0   -33.0   44.982  120.197   1460.2    767.9
     1     1    21     2     5    20     0     0   -34.0   45.181  119.821   1449.8    760.8
     1     1    21     2     5    19     0     0   -35.0   45.385  119.428   1440.2    755.5
     1     1    21     2     5    18     0     0   -36.0   45.594  119.022   1432.6    750.9
     1     1    21     2     5    17     0     0   -37.0   45.811  118.606   1426.6    747.3
     1     1    21     2     5    16     0     0   -38.0   46.038  118.184   1419.9    745.1
     1     1    21     2     5    15     0     0   -39.0   46.273  117.758   1412.1    744.2
     1     1    21     2     5    14     0     0   -40.0   46.515  117.333   1403.5    746.1
     1     1    21     2     5    13     0     0   -41.0   46.762  116.915   1394.3    750.6
     1     1    21     2     5    12     0     0   -42.0   47.012  116.507   1383.9    755.2
     1     1    21     2     5    11     0     0   -43.0   47.265  116.104   1376.8    759.9
     1     1    21     2     5    10     0     0   -44.0   47.518  115.699   1377.4    763.2
     1     1    21     2     5     9     0     0   -45.0   47.767  115.280   1383.1    763.7
     1     1    21     2     5     8     0     0   -46.0   48.010  114.838   1392.5    761.5
     1     1    21     2     5     7     0     0   -47.0   48.247  114.362   1404.0    754.3
     1     1    21     2     5     6     0     0   -48.0   48.478  113.845   1419.5    746.0
     1     1    21     2     5     5     0     0   -49.0   48.708  113.307   1435.6    736.5
     1     1    21     2     5     4     0     0   -50.0   48.942  112.770   1450.4    727.0
     1     1    21     2     5     3     0     0   -51.0   49.178  112.235   1462.1    718.7
     1     1    21     2     5     2     0     0   -52.0   49.416  111.705   1468.8    712.5
     1     1    21     2     5     1     0     0   -53.0   49.651  111.183   1466.9    707.8
     1     1    21     2     5     0     0     0   -54.0   49.883  110.671   1453.8    704.9
     1     1    21     2     4    23     0     0   -55.0   50.110  110.152   1436.5    704.7
     1     1    21     2     4    22     0     0   -56.0   50.337  109.614   1429.5    710.5
     1     1    21     2     4    21     0     0   -57.0   50.562  109.062   1433.8    718.3
     1     1    21     2     4    20     0     0   -58.0   50.781  108.499   1448.8    725.7
     1     1    21     2     4    19     0     0   -59.0   50.990  107.924   1474.8    732.7
     1     1    21     2     4    18     0     0   -60.0   51.185  107.333   1510.8    737.7
     1     1    21     2     4    17     0     0   -61.0   51.372  106.729   1548.5    738.4
     1     1    21     2     4    16     0     0   -62.0   51.557  106.119   1581.2    740.1
     1     1    21     2     4    15     0     0   -63.0   51.742  105.504   1606.6    742.5
     1     1    21     2     4    14     0     0   -64.0   51.928  104.882   1620.3    743.3
     1     1    21     2     4    13     0     0   -65.0   52.121  104.214   1611.9    732.9
     1     1    21     2     4    12     0     0   -66.0   52.324  103.460   1585.4    722.1
     1     1    21     2     4    11     0     0   -67.0   52.538  102.600   1547.7    710.9
     1     1    21     2     4    10     0     0   -68.0   52.763  101.627   1509.3    701.7
     1     1    21     2     4     9     0     0   -69.0   52.994  100.549   1471.8    692.5
     1     1    21     2     4     8     0     0   -70.0   53.219   99.394   1441.8    694.2
     1     1    21     2     4     7     0     0   -71.0   53.422   98.216   1414.5    703.7
     1     1    21     2     4     6     0     0   -72.0   53.590   97.053   1382.8    716.4
     1     1    21     2     4     5     0     0   -73.0   53.720   95.935   1346.6    735.3
     1     1    21     2     4     4     0     0   -74.0   53.818   94.873   1302.3    752.4
     1     1    21     2     4     3     0     0   -75.0   53.893   93.860   1253.5    766.8
     1     1    21     2     4     2     0     0   -76.0   53.953   92.887   1203.8    780.3
     1     1    21     2     4     1     0     0   -77.0   54.001   91.947   1153.2    791.6
     1     1    21     2     4     0     0     0   -78.0   54.043   91.031   1102.5    801.6
     1     1    21     2     3    23     0     0   -79.0   54.063   90.130   1049.1    811.4
     1     1    21     2     3    22     0     0   -80.0   54.047   89.241    992.4    822.9
     1     1    21     2     3    21     0     0   -81.0   54.005   88.369    935.0    834.0
     1     1    21     2     3    20     0     0   -82.0   53.946   87.518    879.0    844.0
     1     1    21     2     3    19     0     0   -83.0   53.878   86.691    827.3    855.9
     1     1    21     2     3    18     0     0   -84.0   53.805   85.891    780.4    868.2
     1     1    21     2     3    17     0     0   -85.0   53.720   85.108    739.2    880.6
     1     1    21     2     3    16     0     0   -86.0   53.611   84.323    704.2    891.3
     1     1    21     2     3    15     0     0   -87.0   53.484   83.531    676.7    902.7
     1     1    21     2     3    14     0     0   -88.0   53.342   82.735    657.4    915.2
     1     1    21     2     3    13     0     0   -89.0   53.188   81.931    644.1    923.9
     1     1    21     2     3    12     0     0   -90.0   53.030   81.111    635.4    931.0
     1     1    21     2     3    11     0     0   -91.0   52.871   80.291    629.2    938.6
     1     1    21     2     3    10     0     0   -92.0   52.711   79.477    621.3    942.4
     1     1    21     2     3     9     0     0   -93.0   52.548   78.642    610.6    943.2
     1     1    21     2     3     8     0     0   -94.0   52.389   77.770    595.7    939.6
     1     1    21     2     3     7     0     0   -95.0   52.237   76.860    577.1    933.6
     1     1    21     2     3     6     0     0   -96.0   52.094   75.921    556.4    927.8
