     2     1
    CDC1    21     4     1     0     0
    CDC1    21     5     1     0     0
     1 BACKWARD OMEGA   
  2021     5     7    21   37.500  127.000   500.0
     1 PRESSURE
     1     1    21     5     7    21     0     0     0.0   37.500  127.000    500.0    928.4
     1     1    21     5     7    20     0     0    -1.0   37.313  126.625    501.1    931.3
     1     1    21     5     7    19     0     0    -2.0   37.137  126.241    507.7    933.5
     1     1    21     5     7    18     0     0    -3.0   36.967  125.851    519.1    935.3
     1     1    21     5     7    17     0     0    -4.0   36.810  125.470    533.1    936.2
     1     1    21     5     7    16     0     0    -5.0   36.675  125.111    548.6    937.1
     1     1    21     5     7    15     0     0    -6.0   36.570  124.778    567.4    936.4
     1     1    21     5     7    14     0     0    -7.0   36.497  124.469    591.3    934.6
     1     1    21     5     7    13     0     0    -8.0   36.458  124.187    621.2    932.2
     1     1    21     5     7    12     0     0    -9.0   36.453  123.933    657.4    928.6
     1     1    21     5     7    11     0     0   -10.0   36.480  123.680    696.5    924.1
     1     1    21     5     7    10     0     0   -11.0   36.534  123.404    734.1    920.4
     1     1    21     5     7     9     0     0   -12.0   36.621  123.108    771.7    916.8
     1     1    21     5     7     8     0     0   -13.0   36.746  122.792    811.2    913.3
     1     1    21     5     7     7     0     0   -14.0   36.916  122.458    854.9    909.5
     1     1    21     5     7     6     0     0   -15.0   37.132  122.107    905.9    904.7
     1     1    21     5     7     5     0     0   -16.0   37.369  121.731    963.8    898.2
     1     1    21     5     7     4     0     0   -17.0   37.612  121.328   1026.4    890.8
     1     1    21     5     7     3     0     0   -18.0   37.873  120.904   1096.7    881.7
     1     1    21     5     7     2     0     0   -19.0   38.169  120.463   1179.4    871.2
     1     1    21     5     7     1     0     0   -20.0   38.521  120.012   1280.6    858.6
     1     1    21     5     7     0     0     0   -21.0   38.932  119.551   1401.8    838.6
     1     1    21     5     6    23     0     0   -22.0   39.367  119.069   1537.1    814.4
     1     1    21     5     6    22     0     0   -23.0   39.795  118.562   1683.5    788.8
     1     1    21     5     6    21     0     0   -24.0   40.215  118.039   1842.0    758.1
     1     1    21     5     6    20     0     0   -25.0   40.624  117.516   2008.9    724.5
     1     1    21     5     6    19     0     0   -26.0   41.019  117.001   2173.2    692.2
     1     1    21     5     6    18     0     0   -27.0   41.407  116.494   2325.6    663.5
     1     1    21     5     6    17     0     0   -28.0   41.799  116.016   2458.5    638.8
     1     1    21     5     6    16     0     0   -29.0   42.195  115.593   2573.1    618.4
     1     1    21     5     6    15     0     0   -30.0   42.592  115.245   2681.7    602.4
     1     1    21     5     6    14     0     0   -31.0   42.974  114.977   2794.6    594.9
     1     1    21     5     6    13     0     0   -32.0   43.329  114.786   2903.5    590.2
     1     1    21     5     6    12     0     0   -33.0   43.653  114.676   3006.2    585.5
     1     1    21     5     6    11     0     0   -34.0   43.931  114.620   3091.7    580.6
     1     1    21     5     6    10     0     0   -35.0   44.157  114.586   3140.0    579.0
     1     1    21     5     6     9     0     0   -36.0   44.328  114.568   3155.1    579.4
     1     1    21     5     6     8     0     0   -37.0   44.445  114.562   3138.2    581.6
     1     1    21     5     6     7     0     0   -38.0   44.510  114.562   3090.6    585.7
     1     1    21     5     6     6     0     0   -39.0   44.528  114.558   3013.4    591.7
     1     1    21     5     6     5     0     0   -40.0   44.507  114.517   2914.5    599.9
     1     1    21     5     6     4     0     0   -41.0   44.460  114.405   2807.3    608.6
     1     1    21     5     6     3     0     0   -42.0   44.390  114.217   2694.9    618.0
     1     1    21     5     6     2     0     0   -43.0   44.302  113.948   2582.3    627.6
     1     1    21     5     6     1     0     0   -44.0   44.203  113.594   2475.2    637.0
     1     1    21     5     6     0     0     0   -45.0   44.099  113.150   2379.2    646.2
     1     1    21     5     5    23     0     0   -46.0   44.004  112.640   2294.6    655.2
     1     1    21     5     5    22     0     0   -47.0   43.934  112.098   2217.4    662.2
     1     1    21     5     5    21     0     0   -48.0   43.893  111.535   2142.8    668.8
     1     1    21     5     5    20     0     0   -49.0   43.877  110.961   2066.9    675.6
     1     1    21     5     5    19     0     0   -50.0   43.885  110.387   1985.2    682.9
     1     1    21     5     5    18     0     0   -51.0   43.914  109.822   1894.8    690.4
     1     1    21     5     5    17     0     0   -52.0   43.978  109.267   1804.7    697.1
     1     1    21     5     5    16     0     0   -53.0   44.082  108.723   1724.8    701.7
     1     1    21     5     5    15     0     0   -54.0   44.221  108.189   1652.2    705.6
     1     1    21     5     5    14     0     0   -55.0   44.386  107.663   1584.7    708.3
     1     1    21     5     5    13     0     0   -56.0   44.573  107.140   1523.7    711.1
     1     1    21     5     5    12     0     0   -57.0   44.786  106.621   1471.3    713.1
     1     1    21     5     5    11     0     0   -58.0   45.013  106.108   1426.3    714.2
     1     1    21     5     5    10     0     0   -59.0   45.237  105.608   1385.4    715.2
     1     1    21     5     5     9     0     0   -60.0   45.452  105.122   1343.6    717.1
     1     1    21     5     5     8     0     0   -61.0   45.650  104.646   1297.3    718.1
     1     1    21     5     5     7     0     0   -62.0   45.830  104.174   1245.5    718.6
     1     1    21     5     5     6     0     0   -63.0   45.991  103.703   1186.8    719.0
     1     1    21     5     5     5     0     0   -64.0   46.152  103.233   1131.1    720.1
     1     1    21     5     5     4     0     0   -65.0   46.334  102.762   1088.0    718.8
     1     1    21     5     5     3     0     0   -66.0   46.534  102.281   1055.0    714.9
     1     1    21     5     5     2     0     0   -67.0   46.751  101.773   1031.2    707.9
     1     1    21     5     5     1     0     0   -68.0   46.985  101.225   1016.7    698.4
     1     1    21     5     5     0     0     0   -69.0   47.238  100.625   1011.1    686.0
     1     1    21     5     4    23     0     0   -70.0   47.505   99.989   1011.7    671.5
     1     1    21     5     4    22     0     0   -71.0   47.773   99.362   1020.5    672.1
     1     1    21     5     4    21     0     0   -72.0   48.035   98.759   1026.2    674.7
     1     1    21     5     4    20     0     0   -73.0   48.281   98.182   1027.6    678.8
     1     1    21     5     4    19     0     0   -74.0   48.507   97.627   1023.3    684.4
     1     1    21     5     4    18     0     0   -75.0   48.707   97.096   1013.9    694.9
     1     1    21     5     4    17     0     0   -76.0   48.890   96.583    999.2    707.5
     1     1    21     5     4    16     0     0   -77.0   49.062   96.076    980.2    720.2
     1     1    21     5     4    15     0     0   -78.0   49.224   95.572    955.3    733.6
     1     1    21     5     4    14     0     0   -79.0   49.376   95.065    923.4    747.8
     1     1    21     5     4    13     0     0   -80.0   49.521   94.548    881.5    754.3
     1     1    21     5     4    12     0     0   -81.0   49.660   94.015    835.4    758.3
     1     1    21     5     4    11     0     0   -82.0   49.782   93.475    791.8    761.5
     1     1    21     5     4    10     0     0   -83.0   49.871   92.940    754.7    762.4
     1     1    21     5     4     9     0     0   -84.0   49.929   92.407    722.8    760.9
     1     1    21     5     4     8     0     0   -85.0   49.959   91.866    691.3    753.3
     1     1    21     5     4     7     0     0   -86.0   49.966   91.298    658.9    745.2
     1     1    21     5     4     6     0     0   -87.0   49.952   90.701    624.8    736.6
     1     1    21     5     4     5     0     0   -88.0   49.930   90.094    589.3    728.6
     1     1    21     5     4     4     0     0   -89.0   49.906   89.520    557.8    731.0
     1     1    21     5     4     3     0     0   -90.0   49.871   89.001    528.9    735.3
     1     1    21     5     4     2     0     0   -91.0   49.819   88.542    502.0    739.9
     1     1    21     5     4     1     0     0   -92.0   49.743   88.147    477.2    745.2
     1     1    21     5     4     0     0     0   -93.0   49.638   87.822    455.1    751.2
     1     1    21     5     3    23     0     0   -94.0   49.514   87.555    437.1    757.9
     1     1    21     5     3    22     0     0   -95.0   49.382   87.325    424.8    768.3
     1     1    21     5     3    21     0     0   -96.0   49.249   87.122    416.9    778.7
