     2     1
    CDC1    21     4     1     0     0
    CDC1    21     5     1     0     0
     1 BACKWARD OMEGA   
  2021     5    26    15   37.500  127.000   500.0
     1 PRESSURE
     1     1    21     5    26    15     0     0     0.0   37.500  127.000    500.0    927.1
     1     1    21     5    26    14     0     0    -1.0   37.246  126.836    471.1    932.1
     1     1    21     5    26    13     0     0    -2.0   36.974  126.669    441.2    937.5
     1     1    21     5    26    12     0     0    -3.0   36.681  126.505    409.9    943.2
     1     1    21     5    26    11     0     0    -4.0   36.372  126.349    379.7    948.8
     1     1    21     5    26    10     0     0    -5.0   36.053  126.204    353.2    953.0
     1     1    21     5    26     9     0     0    -6.0   35.726  126.069    331.1    956.9
     1     1    21     5    26     8     0     0    -7.0   35.393  125.944    314.3    960.2
     1     1    21     5    26     7     0     0    -8.0   35.052  125.830    304.0    962.8
     1     1    21     5    26     6     0     0    -9.0   34.705  125.726    301.7    964.7
     1     1    21     5    26     5     0     0   -10.0   34.364  125.638    303.7    966.1
     1     1    21     5    26     4     0     0   -11.0   34.040  125.572    305.7    967.8
     1     1    21     5    26     3     0     0   -12.0   33.735  125.525    307.5    969.2
     1     1    21     5    26     2     0     0   -13.0   33.451  125.495    309.3    970.5
     1     1    21     5    26     1     0     0   -14.0   33.190  125.480    311.0    971.7
     1     1    21     5    26     0     0     0   -15.0   32.954  125.479    312.6    972.8
     1     1    21     5    25    23     0     0   -16.0   32.746  125.490    314.7    973.3
     1     1    21     5    25    22     0     0   -17.0   32.566  125.512    317.6    973.6
     1     1    21     5    25    21     0     0   -18.0   32.413  125.543    320.8    973.4
     1     1    21     5    25    20     0     0   -19.0   32.284  125.580    324.0    973.0
     1     1    21     5    25    19     0     0   -20.0   32.178  125.622    327.1    972.7
     1     1    21     5    25    18     0     0   -21.0   32.095  125.669    330.0    972.3
     1     1    21     5    25    17     0     0   -22.0   32.035  125.712    333.4    971.9
     1     1    21     5    25    16     0     0   -23.0   31.995  125.742    338.3    971.3
     1     1    21     5    25    15     0     0   -24.0   31.975  125.760    344.3    970.6
     1     1    21     5    25    14     0     0   -25.0   31.975  125.764    351.4    969.9
     1     1    21     5    25    13     0     0   -26.0   31.993  125.755    359.9    969.0
     1     1    21     5    25    12     0     0   -27.0   32.029  125.731    369.8    967.9
     1     1    21     5    25    11     0     0   -28.0   32.076  125.677    380.5    966.7
     1     1    21     5    25    10     0     0   -29.0   32.127  125.579    391.2    965.4
     1     1    21     5    25     9     0     0   -30.0   32.182  125.438    401.9    964.1
     1     1    21     5    25     8     0     0   -31.0   32.246  125.256    412.7    962.9
     1     1    21     5    25     7     0     0   -32.0   32.323  125.034    423.5    962.0
     1     1    21     5    25     6     0     0   -33.0   32.418  124.777    434.0    961.2
     1     1    21     5    25     5     0     0   -34.0   32.519  124.501    442.9    960.9
     1     1    21     5    25     4     0     0   -35.0   32.614  124.219    448.8    960.6
     1     1    21     5    25     3     0     0   -36.0   32.706  123.928    451.8    960.7
     1     1    21     5    25     2     0     0   -37.0   32.795  123.625    451.9    961.1
     1     1    21     5    25     1     0     0   -38.0   32.885  123.307    449.4    961.7
     1     1    21     5    25     0     0     0   -39.0   32.980  122.971    444.4    962.6
     1     1    21     5    24    23     0     0   -40.0   33.062  122.629    435.3    963.5
     1     1    21     5    24    22     0     0   -41.0   33.104  122.298    419.5    964.4
     1     1    21     5    24    21     0     0   -42.0   33.100  121.977    397.0    965.6
     1     1    21     5    24    20     0     0   -43.0   33.049  121.660    368.8    967.4
     1     1    21     5    24    19     0     0   -44.0   32.952  121.342    335.8    969.6
     1     1    21     5    24    18     0     0   -45.0   32.810  121.017    298.8    972.4
     1     1    21     5    24    17     0     0   -46.0   32.644  120.717    264.0    976.3
     1     1    21     5    24    16     0     0   -47.0   32.478  120.474    236.3    978.8
     1     1    21     5    24    15     0     0   -48.0   32.312  120.285    215.1    979.3
     1     1    21     5    24    14     0     0   -49.0   32.148  120.150    200.3    979.1
     1     1    21     5    24    13     0     0   -50.0   31.987  120.063    191.2    978.1
     1     1    21     5    24    12     0     0   -51.0   31.829  120.024    187.4    976.9
     1     1    21     5    24    11     0     0   -52.0   31.694  120.002    186.4    975.9
     1     1    21     5    24    10     0     0   -53.0   31.601  119.970    186.1    975.3
     1     1    21     5    24     9     0     0   -54.0   31.547  119.924    186.2    975.0
     1     1    21     5    24     8     0     0   -55.0   31.532  119.865    186.4    974.9
     1     1    21     5    24     7     0     0   -56.0   31.554  119.792    186.8    975.1
     1     1    21     5    24     6     0     0   -57.0   31.610  119.703    187.2    975.5
     1     1    21     5    24     5     0     0   -58.0   31.690  119.611    188.1    975.9
     1     1    21     5    24     4     0     0   -59.0   31.781  119.529    189.6    976.3
     1     1    21     5    24     3     0     0   -60.0   31.883  119.456    191.8    976.9
     1     1    21     5    24     2     0     0   -61.0   31.996  119.393    194.5    977.5
     1     1    21     5    24     1     0     0   -62.0   32.120  119.340    197.8    978.3
     1     1    21     5    24     0     0     0   -63.0   32.255  119.298    201.7    979.1
     1     1    21     5    23    23     0     0   -64.0   32.389  119.254    205.0    979.4
     1     1    21     5    23    22     0     0   -65.0   32.510  119.198    206.5    979.8
     1     1    21     5    23    21     0     0   -66.0   32.615  119.130    206.3    979.5
     1     1    21     5    23    20     0     0   -67.0   32.704  119.051    204.9    979.3
     1     1    21     5    23    19     0     0   -68.0   32.779  118.962    202.5    979.2
     1     1    21     5    23    18     0     0   -69.0   32.843  118.862    199.7    979.2
     1     1    21     5    23    17     0     0   -70.0   32.905  118.770    196.7    979.0
     1     1    21     5    23    16     0     0   -71.0   32.977  118.705    193.4    978.9
     1     1    21     5    23    15     0     0   -72.0   33.059  118.668    189.7    979.0
     1     1    21     5    23    14     0     0   -73.0   33.150  118.659    185.3    979.2
     1     1    21     5    23    13     0     0   -74.0   33.248  118.678    180.1    979.6
     1     1    21     5    23    12     0     0   -75.0   33.353  118.728    173.8    980.2
     1     1    21     5    23    11     0     0   -76.0   33.461  118.793    166.6    981.0
     1     1    21     5    23    10     0     0   -77.0   33.569  118.856    159.0    981.7
     1     1    21     5    23     9     0     0   -78.0   33.678  118.918    151.0    982.6
     1     1    21     5    23     8     0     0   -79.0   33.789  118.979    142.8    983.4
     1     1    21     5    23     7     0     0   -80.0   33.902  119.039    134.6    984.2
     1     1    21     5    23     6     0     0   -81.0   34.018  119.098    126.6    985.0
     1     1    21     5    23     5     0     0   -82.0   34.118  119.159    119.2    985.9
     1     1    21     5    23     4     0     0   -83.0   34.178  119.222    112.2    986.7
     1     1    21     5    23     3     0     0   -84.0   34.199  119.285    105.6    987.5
     1     1    21     5    23     2     0     0   -85.0   34.179  119.349     99.0    988.2
     1     1    21     5    23     1     0     0   -86.0   34.118  119.414     92.2    989.1
     1     1    21     5    23     0     0     0   -87.0   34.015  119.483     84.8    990.1
     1     1    21     5    22    23     0     0   -88.0   33.881  119.561     76.6    991.5
     1     1    21     5    22    22     0     0   -89.0   33.728  119.652     67.5    992.7
     1     1    21     5    22    21     0     0   -90.0   33.557  119.755     57.8    994.0
     1     1    21     5    22    20     0     0   -91.0   33.372  119.869     47.8    995.5
     1     1    21     5    22    19     0     0   -92.0   33.176  119.990     37.8    997.2
     1     1    21     5    22    18     0     0   -93.0   32.976  120.117     28.4    999.4
     1     1    21     5    22    17     0     0   -94.0   32.791  120.245     20.9   1001.4
     1     1    21     5    22    16     0     0   -95.0   32.631  120.373     15.6   1003.2
     1     1    21     5    22    15     0     0   -96.0   32.490  120.500     12.0   1004.7
