     2     1
    CDC1    20    12     1     0     0
    CDC1    21     1     1     0     0
     1 BACKWARD OMEGA   
  2021     1    13    15   37.500  127.000   500.0
     1 PRESSURE
     1     1    21     1    13    15     0     0     0.0   37.500  127.000    500.0    937.0
     1     1    21     1    13    14     0     0    -1.0   37.664  126.746    546.4    930.4
     1     1    21     1    13    13     0     0    -2.0   37.821  126.469    598.8    923.4
     1     1    21     1    13    12     0     0    -3.0   37.974  126.174    657.4    915.7
     1     1    21     1    13    11     0     0    -4.0   38.125  125.854    714.8    907.2
     1     1    21     1    13    10     0     0    -5.0   38.275  125.506    762.3    901.3
     1     1    21     1    13     9     0     0    -6.0   38.432  125.135    799.6    896.9
     1     1    21     1    13     8     0     0    -7.0   38.602  124.743    826.9    893.8
     1     1    21     1    13     7     0     0    -8.0   38.790  124.339    845.4    891.9
     1     1    21     1    13     6     0     0    -9.0   39.005  123.930    857.8    891.2
     1     1    21     1    13     5     0     0   -10.0   39.230  123.531    866.1    891.3
     1     1    21     1    13     4     0     0   -11.0   39.436  123.148    869.2    892.3
     1     1    21     1    13     3     0     0   -12.0   39.625  122.774    865.9    894.5
     1     1    21     1    13     2     0     0   -13.0   39.797  122.401    855.4    896.7
     1     1    21     1    13     1     0     0   -14.0   39.950  122.018    838.8    896.7
     1     1    21     1    13     0     0     0   -15.0   40.088  121.614    819.3    896.4
     1     1    21     1    12    23     0     0   -16.0   40.213  121.194    802.7    896.1
     1     1    21     1    12    22     0     0   -17.0   40.322  120.765    792.3    893.9
     1     1    21     1    12    21     0     0   -18.0   40.416  120.323    786.6    890.7
     1     1    21     1    12    20     0     0   -19.0   40.497  119.867    783.9    885.2
     1     1    21     1    12    19     0     0   -20.0   40.566  119.398    783.9    875.3
     1     1    21     1    12    18     0     0   -21.0   40.632  118.915    788.1    864.5
     1     1    21     1    12    17     0     0   -22.0   40.708  118.417    797.5    852.8
     1     1    21     1    12    16     0     0   -23.0   40.797  117.899    812.0    839.2
     1     1    21     1    12    15     0     0   -24.0   40.893  117.357    828.9    824.5
     1     1    21     1    12    14     0     0   -25.0   40.988  116.787    843.1    810.6
     1     1    21     1    12    13     0     0   -26.0   41.074  116.190    849.2    797.9
     1     1    21     1    12    12     0     0   -27.0   41.150  115.566    843.6    786.5
     1     1    21     1    12    11     0     0   -28.0   41.232  114.927    834.6    778.1
     1     1    21     1    12    10     0     0   -29.0   41.336  114.285    830.8    774.7
     1     1    21     1    12     9     0     0   -30.0   41.455  113.639    828.1    772.1
     1     1    21     1    12     8     0     0   -31.0   41.579  112.992    823.9    770.9
     1     1    21     1    12     7     0     0   -32.0   41.697  112.348    816.3    771.7
     1     1    21     1    12     6     0     0   -33.0   41.798  111.708    804.3    774.7
     1     1    21     1    12     5     0     0   -34.0   41.886  111.080    789.3    779.0
     1     1    21     1    12     4     0     0   -35.0   41.972  110.470    772.8    783.6
     1     1    21     1    12     3     0     0   -36.0   42.054  109.883    754.0    788.1
     1     1    21     1    12     2     0     0   -37.0   42.140  109.312    733.7    789.6
     1     1    21     1    12     1     0     0   -38.0   42.234  108.747    713.4    790.7
     1     1    21     1    12     0     0     0   -39.0   42.329  108.187    690.3    791.9
     1     1    21     1    11    23     0     0   -40.0   42.429  107.614    664.1    793.5
     1     1    21     1    11    22     0     0   -41.0   42.543  107.004    639.3    795.5
     1     1    21     1    11    21     0     0   -42.0   42.680  106.356    620.3    796.3
     1     1    21     1    11    20     0     0   -43.0   42.837  105.673    609.1    795.7
     1     1    21     1    11    19     0     0   -44.0   43.010  104.959    606.5    794.1
     1     1    21     1    11    18     0     0   -45.0   43.188  104.215    614.5    795.3
     1     1    21     1    11    17     0     0   -46.0   43.378  103.451    631.6    793.1
     1     1    21     1    11    16     0     0   -47.0   43.602  102.673    656.9    787.7
     1     1    21     1    11    15     0     0   -48.0   43.874  101.880    689.2    775.4
     1     1    21     1    11    14     0     0   -49.0   44.212  101.064    727.8    757.5
     1     1    21     1    11    13     0     0   -50.0   44.641  100.211    773.3    733.2
     1     1    21     1    11    12     0     0   -51.0   45.174   99.312    828.1    708.9
     1     1    21     1    11    11     0     0   -52.0   45.753   98.365    888.0    691.9
     1     1    21     1    11    10     0     0   -53.0   46.321   97.384    943.5    678.7
     1     1    21     1    11     9     0     0   -54.0   46.847   96.412   1000.4    679.7
     1     1    21     1    11     8     0     0   -55.0   47.314   95.465   1054.0    681.4
     1     1    21     1    11     7     0     0   -56.0   47.712   94.536   1104.3    689.3
     1     1    21     1    11     6     0     0   -57.0   48.025   93.618   1143.2    698.0
     1     1    21     1    11     5     0     0   -58.0   48.276   92.697   1163.2    703.0
     1     1    21     1    11     4     0     0   -59.0   48.504   91.766   1160.1    700.9
     1     1    21     1    11     3     0     0   -60.0   48.728   90.815   1133.8    695.2
     1     1    21     1    11     2     0     0   -61.0   48.953   89.835   1087.0    689.8
     1     1    21     1    11     1     0     0   -62.0   49.165   88.841   1031.4    697.0
     1     1    21     1    11     0     0     0   -63.0   49.346   87.854    968.6    703.9
     1     1    21     1    10    23     0     0   -64.0   49.467   86.879    912.2    724.8
     1     1    21     1    10    22     0     0   -65.0   49.499   85.971    867.4    754.0
     1     1    21     1    10    21     0     0   -66.0   49.457   85.165    831.2    781.1
     1     1    21     1    10    20     0     0   -67.0   49.369   84.441    800.9    804.7
     1     1    21     1    10    19     0     0   -68.0   49.259   83.772    775.7    825.7
     1     1    21     1    10    18     0     0   -69.0   49.136   83.146    755.8    844.4
     1     1    21     1    10    17     0     0   -70.0   48.998   82.572    742.2    860.3
     1     1    21     1    10    16     0     0   -71.0   48.840   82.052    733.1    865.8
     1     1    21     1    10    15     0     0   -72.0   48.671   81.572    729.7    868.9
     1     1    21     1    10    14     0     0   -73.0   48.491   81.133    731.8    870.7
     1     1    21     1    10    13     0     0   -74.0   48.302   80.733    739.3    871.3
     1     1    21     1    10    12     0     0   -75.0   48.104   80.370    752.1    870.8
     1     1    21     1    10    11     0     0   -76.0   47.905   80.021    769.8    869.4
     1     1    21     1    10    10     0     0   -77.0   47.714   79.664    791.6    867.6
     1     1    21     1    10     9     0     0   -78.0   47.530   79.306    816.4    865.9
     1     1    21     1    10     8     0     0   -79.0   47.356   78.941    842.1    861.3
     1     1    21     1    10     7     0     0   -80.0   47.194   78.567    868.5    857.2
     1     1    21     1    10     6     0     0   -81.0   47.044   78.189    895.2    854.3
     1     1    21     1    10     5     0     0   -82.0   46.891   77.837    922.2    851.6
     1     1    21     1    10     4     0     0   -83.0   46.718   77.543    951.7    848.2
     1     1    21     1    10     3     0     0   -84.0   46.522   77.305    983.9    844.1
     1     1    21     1    10     2     0     0   -85.0   46.306   77.123   1019.6    839.3
     1     1    21     1    10     1     0     0   -86.0   46.070   76.993   1059.6    833.8
     1     1    21     1    10     0     0     0   -87.0   45.819   76.909   1104.5    827.3
     1     1    21     1     9    23     0     0   -88.0   45.578   76.870   1157.6    820.7
     1     1    21     1     9    22     0     0   -89.0   45.374   76.870   1218.3    813.0
     1     1    21     1     9    21     0     0   -90.0   45.208   76.904   1286.0    804.4
     1     1    21     1     9    20     0     0   -91.0   45.081   76.969   1359.5    794.7
     1     1    21     1     9    19     0     0   -92.0   44.995   77.060   1437.7    784.3
     1     1    21     1     9    18     0     0   -93.0   44.949   77.172   1518.5    771.8
     1     1    21     1     9    17     0     0   -94.0   44.928   77.264   1602.2    760.6
     1     1    21     1     9    16     0     0   -95.0   44.915   77.300   1686.9    750.9
     1     1    21     1     9    15     0     0   -96.0   44.908   77.282   1773.7    742.0
