     2     1
    CDC1    21     8     1     0     0
    CDC1    21     9     1     0     0
     1 BACKWARD OMEGA   
  2021     9    20     0   37.500  127.000   500.0
     1 PRESSURE
     1     1    21     9    20     0     0     0     0.0   37.500  127.000    500.0    937.3
     1     1    21     9    19    23     0     0    -1.0   37.187  127.207    497.8    937.7
     1     1    21     9    19    22     0     0    -2.0   36.911  127.400    501.1    937.2
     1     1    21     9    19    21     0     0    -3.0   36.671  127.587    509.4    936.7
     1     1    21     9    19    20     0     0    -4.0   36.462  127.771    522.2    936.1
     1     1    21     9    19    19     0     0    -5.0   36.284  127.956    538.7    934.9
     1     1    21     9    19    18     0     0    -6.0   36.134  128.144    559.1    933.2
     1     1    21     9    19    17     0     0    -7.0   36.013  128.335    582.5    930.9
     1     1    21     9    19    16     0     0    -8.0   35.919  128.526    608.0    928.3
     1     1    21     9    19    15     0     0    -9.0   35.851  128.721    634.7    925.5
     1     1    21     9    19    14     0     0   -10.0   35.806  128.921    661.1    922.4
     1     1    21     9    19    13     0     0   -11.0   35.782  129.127    686.1    919.5
     1     1    21     9    19    12     0     0   -12.0   35.776  129.340    708.4    916.9
     1     1    21     9    19    11     0     0   -13.0   35.783  129.556    728.3    914.6
     1     1    21     9    19    10     0     0   -14.0   35.799  129.768    747.3    912.5
     1     1    21     9    19     9     0     0   -15.0   35.826  129.974    765.8    910.5
     1     1    21     9    19     8     0     0   -16.0   35.863  130.175    784.7    909.3
     1     1    21     9    19     7     0     0   -17.0   35.909  130.369    804.6    908.2
     1     1    21     9    19     6     0     0   -18.0   35.966  130.554    825.9    907.0
     1     1    21     9    19     5     0     0   -19.0   36.032  130.739    847.7    906.0
     1     1    21     9    19     4     0     0   -20.0   36.104  130.935    868.9    905.3
     1     1    21     9    19     3     0     0   -21.0   36.184  131.142    889.5    904.7
     1     1    21     9    19     2     0     0   -22.0   36.274  131.361    909.3    904.4
     1     1    21     9    19     1     0     0   -23.0   36.374  131.593    928.4    904.4
     1     1    21     9    19     0     0     0   -24.0   36.485  131.838    946.7    904.4
     1     1    21     9    18    23     0     0   -25.0   36.611  132.091    965.5    904.7
     1     1    21     9    18    22     0     0   -26.0   36.756  132.342    985.6    905.0
     1     1    21     9    18    21     0     0   -27.0   36.920  132.591   1006.4    904.4
     1     1    21     9    18    20     0     0   -28.0   37.103  132.836   1026.9    902.1
     1     1    21     9    18    19     0     0   -29.0   37.307  133.076   1047.2    899.9
     1     1    21     9    18    18     0     0   -30.0   37.533  133.310   1067.1    897.8
     1     1    21     9    18    17     0     0   -31.0   37.776  133.534   1086.4    895.5
     1     1    21     9    18    16     0     0   -32.0   38.032  133.741   1105.7    893.8
     1     1    21     9    18    15     0     0   -33.0   38.300  133.930   1126.2    892.5
     1     1    21     9    18    14     0     0   -34.0   38.583  134.096   1149.1    891.6
     1     1    21     9    18    13     0     0   -35.0   38.882  134.237   1175.3    890.8
     1     1    21     9    18    12     0     0   -36.0   39.198  134.350   1205.8    890.0
     1     1    21     9    18    11     0     0   -37.0   39.525  134.440   1237.8    888.7
     1     1    21     9    18    10     0     0   -38.0   39.854  134.511   1266.5    888.2
     1     1    21     9    18     9     0     0   -39.0   40.178  134.565   1290.5    884.9
     1     1    21     9    18     8     0     0   -40.0   40.490  134.599   1310.6    879.4
     1     1    21     9    18     7     0     0   -41.0   40.785  134.612   1328.0    874.1
     1     1    21     9    18     6     0     0   -42.0   41.059  134.606   1342.6    869.4
     1     1    21     9    18     5     0     0   -43.0   41.315  134.594   1359.0    865.3
     1     1    21     9    18     4     0     0   -44.0   41.556  134.592   1382.8    860.3
     1     1    21     9    18     3     0     0   -45.0   41.785  134.605   1413.2    854.9
     1     1    21     9    18     2     0     0   -46.0   42.005  134.638   1449.5    849.1
     1     1    21     9    18     1     0     0   -47.0   42.219  134.696   1491.1    843.2
     1     1    21     9    18     0     0     0   -48.0   42.428  134.782   1537.5    837.3
     1     1    21     9    17    23     0     0   -49.0   42.624  134.873   1582.6    831.0
     1     1    21     9    17    22     0     0   -50.0   42.801  134.938   1623.2    825.8
     1     1    21     9    17    21     0     0   -51.0   42.960  134.975   1658.0    821.3
     1     1    21     9    17    20     0     0   -52.0   43.103  134.987   1687.2    817.4
     1     1    21     9    17    19     0     0   -53.0   43.231  134.975   1711.0    814.0
     1     1    21     9    17    18     0     0   -54.0   43.346  134.939   1729.2    811.1
     1     1    21     9    17    17     0     0   -55.0   43.448  134.884   1744.3    808.8
     1     1    21     9    17    16     0     0   -56.0   43.535  134.815   1759.8    806.4
     1     1    21     9    17    15     0     0   -57.0   43.608  134.734   1775.3    804.0
     1     1    21     9    17    14     0     0   -58.0   43.667  134.640   1791.0    801.7
     1     1    21     9    17    13     0     0   -59.0   43.713  134.537   1807.1    799.4
     1     1    21     9    17    12     0     0   -60.0   43.746  134.424   1823.8    797.1
     1     1    21     9    17    11     0     0   -61.0   43.773  134.304   1841.1    794.8
     1     1    21     9    17    10     0     0   -62.0   43.800  134.179   1858.2    792.4
     1     1    21     9    17     9     0     0   -63.0   43.829  134.051   1875.6    790.0
     1     1    21     9    17     8     0     0   -64.0   43.857  133.920   1893.4    787.6
     1     1    21     9    17     7     0     0   -65.0   43.886  133.787   1911.6    785.1
     1     1    21     9    17     6     0     0   -66.0   43.914  133.655   1930.4    782.5
     1     1    21     9    17     5     0     0   -67.0   43.950  133.520   1951.2    780.1
     1     1    21     9    17     4     0     0   -68.0   44.002  133.382   1975.4    777.2
     1     1    21     9    17     3     0     0   -69.0   44.073  133.239   2003.1    773.9
     1     1    21     9    17     2     0     0   -70.0   44.165  133.092   2034.3    770.3
     1     1    21     9    17     1     0     0   -71.0   44.280  132.942   2069.1    766.3
     1     1    21     9    17     0     0     0   -72.0   44.423  132.789   2107.7    762.0
     1     1    21     9    16    23     0     0   -73.0   44.579  132.623   2145.1    757.0
     1     1    21     9    16    22     0     0   -74.0   44.735  132.435   2174.6    752.9
     1     1    21     9    16    21     0     0   -75.0   44.889  132.225   2196.4    748.8
     1     1    21     9    16    20     0     0   -76.0   45.040  131.992   2211.0    745.6
     1     1    21     9    16    19     0     0   -77.0   45.190  131.735   2218.4    743.4
     1     1    21     9    16    18     0     0   -78.0   45.338  131.454   2218.2    741.9
     1     1    21     9    16    17     0     0   -79.0   45.486  131.153   2215.9    741.4
     1     1    21     9    16    16     0     0   -80.0   45.636  130.836   2219.6    740.0
     1     1    21     9    16    15     0     0   -81.0   45.793  130.502   2231.4    737.8
     1     1    21     9    16    14     0     0   -82.0   45.961  130.153   2254.3    734.7
     1     1    21     9    16    13     0     0   -83.0   46.142  129.789   2292.8    731.7
     1     1    21     9    16    12     0     0   -84.0   46.336  129.414   2349.4    728.2
     1     1    21     9    16    11     0     0   -85.0   46.535  129.021   2409.9    722.8
     1     1    21     9    16    10     0     0   -86.0   46.731  128.600   2460.6    719.8
     1     1    21     9    16     9     0     0   -87.0   46.930  128.151   2501.9    717.7
     1     1    21     9    16     8     0     0   -88.0   47.136  127.674   2535.0    716.4
     1     1    21     9    16     7     0     0   -89.0   47.354  127.169   2561.4    715.7
     1     1    21     9    16     6     0     0   -90.0   47.582  126.640   2582.9    714.5
     1     1    21     9    16     5     0     0   -91.0   47.814  126.100   2607.6    712.0
     1     1    21     9    16     4     0     0   -92.0   48.047  125.563   2641.5    707.7
     1     1    21     9    16     3     0     0   -93.0   48.289  125.027   2684.5    701.9
     1     1    21     9    16     2     0     0   -94.0   48.539  124.484   2731.6    691.0
     1     1    21     9    16     1     0     0   -95.0   48.794  123.927   2789.6    678.7
     1     1    21     9    16     0     0     0   -96.0   49.064  123.349   2862.0    665.0
