     2     1
    CDC1    21    10     1     0     0
    CDC1    21    11     1     0     0
     1 BACKWARD OMEGA   
  2021    11    25     0   37.500  127.000   500.0
     1 PRESSURE
     1     1    21    11    25     0     0     0     0.0   37.500  127.000    500.0    937.0
     1     1    21    11    24    23     0     0    -1.0   37.571  126.734    533.3    933.4
     1     1    21    11    24    22     0     0    -2.0   37.642  126.445    562.7    930.5
     1     1    21    11    24    21     0     0    -3.0   37.714  126.136    587.3    928.4
     1     1    21    11    24    20     0     0    -4.0   37.789  125.813    606.3    927.0
     1     1    21    11    24    19     0     0    -5.0   37.865  125.478    619.2    926.4
     1     1    21    11    24    18     0     0    -6.0   37.944  125.135    625.6    926.5
     1     1    21    11    24    17     0     0    -7.0   38.020  124.800    626.9    927.3
     1     1    21    11    24    16     0     0    -8.0   38.091  124.485    624.4    928.2
     1     1    21    11    24    15     0     0    -9.0   38.154  124.185    617.7    929.5
     1     1    21    11    24    14     0     0   -10.0   38.210  123.897    605.9    931.4
     1     1    21    11    24    13     0     0   -11.0   38.254  123.618    588.1    934.1
     1     1    21    11    24    12     0     0   -12.0   38.285  123.346    563.7    937.6
     1     1    21    11    24    11     0     0   -13.0   38.305  123.077    535.1    942.5
     1     1    21    11    24    10     0     0   -14.0   38.317  122.811    504.4    947.5
     1     1    21    11    24     9     0     0   -15.0   38.319  122.548    471.8    953.0
     1     1    21    11    24     8     0     0   -16.0   38.310  122.287    438.9    957.7
     1     1    21    11    24     7     0     0   -17.0   38.291  122.024    407.7    961.9
     1     1    21    11    24     6     0     0   -18.0   38.260  121.761    378.8    965.8
     1     1    21    11    24     5     0     0   -19.0   38.222  121.507    353.9    969.2
     1     1    21    11    24     4     0     0   -20.0   38.180  121.273    334.1    972.0
     1     1    21    11    24     3     0     0   -21.0   38.134  121.056    318.9    974.4
     1     1    21    11    24     2     0     0   -22.0   38.081  120.855    307.7    976.4
     1     1    21    11    24     1     0     0   -23.0   38.022  120.669    300.1    978.2
     1     1    21    11    24     0     0     0   -24.0   37.956  120.495    295.9    979.6
     1     1    21    11    23    23     0     0   -25.0   37.888  120.317    295.8    980.4
     1     1    21    11    23    22     0     0   -26.0   37.823  120.118    301.4    980.3
     1     1    21    11    23    21     0     0   -27.0   37.761  119.899    313.2    979.3
     1     1    21    11    23    20     0     0   -28.0   37.703  119.658    331.9    977.2
     1     1    21    11    23    19     0     0   -29.0   37.651  119.395    358.0    974.4
     1     1    21    11    23    18     0     0   -30.0   37.604  119.112    391.6    970.9
     1     1    21    11    23    17     0     0   -31.0   37.565  118.823    429.0    965.9
     1     1    21    11    23    16     0     0   -32.0   37.535  118.543    465.8    961.6
     1     1    21    11    23    15     0     0   -33.0   37.512  118.276    501.6    957.6
     1     1    21    11    23    14     0     0   -34.0   37.494  118.023    535.5    953.9
     1     1    21    11    23    13     0     0   -35.0   37.478  117.786    566.7    950.3
     1     1    21    11    23    12     0     0   -36.0   37.464  117.565    594.6    947.3
     1     1    21    11    23    11     0     0   -37.0   37.459  117.344    620.7    942.4
     1     1    21    11    23    10     0     0   -38.0   37.475  117.104    648.3    935.5
     1     1    21    11    23     9     0     0   -39.0   37.511  116.845    677.9    927.7
     1     1    21    11    23     8     0     0   -40.0   37.566  116.562    710.1    918.3
     1     1    21    11    23     7     0     0   -41.0   37.637  116.254    745.8    907.8
     1     1    21    11    23     6     0     0   -42.0   37.721  115.918    785.7    896.3
     1     1    21    11    23     5     0     0   -43.0   37.817  115.565    827.6    883.2
     1     1    21    11    23     4     0     0   -44.0   37.926  115.208    870.8    869.7
     1     1    21    11    23     3     0     0   -45.0   38.051  114.848    914.2    854.6
     1     1    21    11    23     2     0     0   -46.0   38.195  114.485    956.9    837.6
     1     1    21    11    23     1     0     0   -47.0   38.360  114.121    999.6    820.9
     1     1    21    11    23     0     0     0   -48.0   38.543  113.758   1043.6    804.7
     1     1    21    11    22    23     0     0   -49.0   38.748  113.388   1085.7    788.8
     1     1    21    11    22    22     0     0   -50.0   38.975  112.998   1121.2    774.0
     1     1    21    11    22    21     0     0   -51.0   39.221  112.587   1150.0    760.0
     1     1    21    11    22    20     0     0   -52.0   39.483  112.156   1173.9    750.5
     1     1    21    11    22    19     0     0   -53.0   39.755  111.709   1193.3    743.2
     1     1    21    11    22    18     0     0   -54.0   40.031  111.248   1210.4    737.4
     1     1    21    11    22    17     0     0   -55.0   40.302  110.783   1231.9    736.5
     1     1    21    11    22    16     0     0   -56.0   40.564  110.326   1258.6    735.4
     1     1    21    11    22    15     0     0   -57.0   40.817  109.880   1287.8    734.9
     1     1    21    11    22    14     0     0   -58.0   41.064  109.446   1316.9    734.9
     1     1    21    11    22    13     0     0   -59.0   41.309  109.026   1343.2    734.6
     1     1    21    11    22    12     0     0   -60.0   41.553  108.623   1365.0    734.2
     1     1    21    11    22    11     0     0   -61.0   41.795  108.222   1380.1    733.7
     1     1    21    11    22    10     0     0   -62.0   42.028  107.808   1388.9    733.2
     1     1    21    11    22     9     0     0   -63.0   42.248  107.381   1393.7    732.8
     1     1    21    11    22     8     0     0   -64.0   42.454  106.938   1398.0    732.8
     1     1    21    11    22     7     0     0   -65.0   42.642  106.481   1403.4    731.5
     1     1    21    11    22     6     0     0   -66.0   42.810  106.018   1411.2    729.5
     1     1    21    11    22     5     0     0   -67.0   42.974  105.560   1422.2    726.9
     1     1    21    11    22     4     0     0   -68.0   43.153  105.116   1435.1    723.6
     1     1    21    11    22     3     0     0   -69.0   43.347  104.687   1449.4    721.4
     1     1    21    11    22     2     0     0   -70.0   43.557  104.271   1462.5    718.8
     1     1    21    11    22     1     0     0   -71.0   43.781  103.867   1472.2    715.4
     1     1    21    11    22     0     0     0   -72.0   44.017  103.474   1477.1    711.3
     1     1    21    11    21    23     0     0   -73.0   44.257  103.085   1477.6    706.7
     1     1    21    11    21    22     0     0   -74.0   44.495  102.689   1475.9    701.2
     1     1    21    11    21    21     0     0   -75.0   44.737  102.281   1470.7    694.0
     1     1    21    11    21    20     0     0   -76.0   44.985  101.855   1461.1    685.2
     1     1    21    11    21    19     0     0   -77.0   45.236  101.413   1450.3    679.3
     1     1    21    11    21    18     0     0   -78.0   45.485  100.961   1437.0    673.1
     1     1    21    11    21    17     0     0   -79.0   45.737  100.504   1428.3    666.5
     1     1    21    11    21    16     0     0   -80.0   45.998  100.052   1432.0    657.5
     1     1    21    11    21    15     0     0   -81.0   46.266   99.607   1453.3    650.5
     1     1    21    11    21    14     0     0   -82.0   46.539   99.171   1489.3    642.9
     1     1    21    11    21    13     0     0   -83.0   46.818   98.742   1537.9    634.6
     1     1    21    11    21    12     0     0   -84.0   47.103   98.313   1596.7    625.6
     1     1    21    11    21    11     0     0   -85.0   47.402   97.868   1654.8    615.8
     1     1    21    11    21    10     0     0   -86.0   47.717   97.400   1709.0    614.6
     1     1    21    11    21     9     0     0   -87.0   48.033   96.922   1759.2    621.9
     1     1    21    11    21     8     0     0   -88.0   48.337   96.438   1799.1    630.4
     1     1    21    11    21     7     0     0   -89.0   48.621   95.948   1829.8    639.7
     1     1    21    11    21     6     0     0   -90.0   48.878   95.451   1852.5    649.8
     1     1    21    11    21     5     0     0   -91.0   49.110   94.947   1870.7    659.0
     1     1    21    11    21     4     0     0   -92.0   49.329   94.439   1882.2    661.0
     1     1    21    11    21     3     0     0   -93.0   49.544   93.921   1892.1    661.6
     1     1    21    11    21     2     0     0   -94.0   49.761   93.388   1898.6    661.1
     1     1    21    11    21     1     0     0   -95.0   49.987   92.836   1899.7    659.8
     1     1    21    11    21     0     0     0   -96.0   50.228   92.260   1894.0    657.9
