     2     1
    CDC1    21    10     1     0     0
    CDC1    21    11     1     0     0
     1 BACKWARD OMEGA   
  2021    11    12    18   37.500  127.000   500.0
     1 PRESSURE
     1     1    21    11    12    18     0     0     0.0   37.500  127.000    500.0    938.6
     1     1    21    11    12    17     0     0    -1.0   37.508  126.754    511.7    938.3
     1     1    21    11    12    16     0     0    -2.0   37.524  126.516    522.2    938.1
     1     1    21    11    12    15     0     0    -3.0   37.549  126.287    531.4    938.0
     1     1    21    11    12    14     0     0    -4.0   37.587  126.070    539.5    937.8
     1     1    21    11    12    13     0     0    -5.0   37.637  125.867    546.8    937.6
     1     1    21    11    12    12     0     0    -6.0   37.701  125.679    553.4    937.1
     1     1    21    11    12    11     0     0    -7.0   37.775  125.491    559.7    936.3
     1     1    21    11    12    10     0     0    -8.0   37.855  125.285    564.9    935.7
     1     1    21    11    12     9     0     0    -9.0   37.942  125.061    568.8    935.3
     1     1    21    11    12     8     0     0   -10.0   38.036  124.820    571.6    934.8
     1     1    21    11    12     7     0     0   -11.0   38.138  124.561    573.9    934.3
     1     1    21    11    12     6     0     0   -12.0   38.251  124.284    575.8    934.1
     1     1    21    11    12     5     0     0   -13.0   38.373  124.003    579.4    934.1
     1     1    21    11    12     4     0     0   -14.0   38.503  123.732    587.3    933.7
     1     1    21    11    12     3     0     0   -15.0   38.639  123.471    599.1    932.9
     1     1    21    11    12     2     0     0   -16.0   38.780  123.222    614.9    931.9
     1     1    21    11    12     1     0     0   -17.0   38.925  122.987    634.6    930.5
     1     1    21    11    12     0     0     0   -18.0   39.074  122.768    657.9    928.4
     1     1    21    11    11    23     0     0   -19.0   39.237  122.560    684.7    925.9
     1     1    21    11    11    22     0     0   -20.0   39.426  122.359    714.3    921.7
     1     1    21    11    11    21     0     0   -21.0   39.644  122.169    747.5    916.3
     1     1    21    11    11    20     0     0   -22.0   39.893  121.991    784.5    910.1
     1     1    21    11    11    19     0     0   -23.0   40.177  121.828    823.9    902.6
     1     1    21    11    11    18     0     0   -24.0   40.495  121.677    865.0    893.8
     1     1    21    11    11    17     0     0   -25.0   40.838  121.525    908.1    884.5
     1     1    21    11    11    16     0     0   -26.0   41.193  121.355    952.8    873.8
     1     1    21    11    11    15     0     0   -27.0   41.565  121.162    999.6    861.5
     1     1    21    11    11    14     0     0   -28.0   41.954  120.944   1048.4    847.7
     1     1    21    11    11    13     0     0   -29.0   42.361  120.699   1099.3    832.1
     1     1    21    11    11    12     0     0   -30.0   42.788  120.427   1151.4    818.3
     1     1    21    11    11    11     0     0   -31.0   43.239  120.149   1198.8    806.0
     1     1    21    11    11    10     0     0   -32.0   43.719  119.883   1238.0    794.7
     1     1    21    11    11     9     0     0   -33.0   44.226  119.621   1270.2    784.4
     1     1    21    11    11     8     0     0   -34.0   44.756  119.350   1297.2    775.3
     1     1    21    11    11     7     0     0   -35.0   45.308  119.069   1323.1    768.3
     1     1    21    11    11     6     0     0   -36.0   45.873  118.779   1352.4    763.5
     1     1    21    11    11     5     0     0   -37.0   46.440  118.489   1383.5    760.2
     1     1    21    11    11     4     0     0   -38.0   46.999  118.210   1412.9    759.4
     1     1    21    11    11     3     0     0   -39.0   47.549  117.942   1438.3    760.9
     1     1    21    11    11     2     0     0   -40.0   48.093  117.704   1459.9    761.9
     1     1    21    11    11     1     0     0   -41.0   48.634  117.507   1481.6    762.9
     1     1    21    11    11     0     0     0   -42.0   49.173  117.347   1502.5    763.5
     1     1    21    11    10    23     0     0   -43.0   49.709  117.217   1524.7    764.2
     1     1    21    11    10    22     0     0   -44.0   50.238  117.110   1550.0    762.5
     1     1    21    11    10    21     0     0   -45.0   50.755  117.024   1580.1    758.1
     1     1    21    11    10    20     0     0   -46.0   51.261  116.960   1616.7    752.9
     1     1    21    11    10    19     0     0   -47.0   51.754  116.916   1658.6    747.3
     1     1    21    11    10    18     0     0   -48.0   52.237  116.892   1704.7    741.2
     1     1    21    11    10    17     0     0   -49.0   52.709  116.876   1751.4    733.2
     1     1    21    11    10    16     0     0   -50.0   53.170  116.847   1795.7    723.4
     1     1    21    11    10    15     0     0   -51.0   53.618  116.791   1838.3    714.0
     1     1    21    11    10    14     0     0   -52.0   54.054  116.708   1879.3    704.9
     1     1    21    11    10    13     0     0   -53.0   54.479  116.596   1919.0    695.9
     1     1    21    11    10    12     0     0   -54.0   54.892  116.454   1958.0    687.1
     1     1    21    11    10    11     0     0   -55.0   55.289  116.274   1999.6    682.5
     1     1    21    11    10    10     0     0   -56.0   55.663  116.045   2040.5    679.9
     1     1    21    11    10     9     0     0   -57.0   56.013  115.762   2078.8    677.6
     1     1    21    11    10     8     0     0   -58.0   56.340  115.423   2115.5    675.6
     1     1    21    11    10     7     0     0   -59.0   56.644  115.025   2151.2    673.7
     1     1    21    11    10     6     0     0   -60.0   56.924  114.567   2187.2    672.6
     1     1    21    11    10     5     0     0   -61.0   57.185  114.065   2219.5    672.0
     1     1    21    11    10     4     0     0   -62.0   57.427  113.534   2243.6    672.9
     1     1    21    11    10     3     0     0   -63.0   57.654  112.978   2260.3    676.0
     1     1    21    11    10     2     0     0   -64.0   57.869  112.398   2269.4    680.5
     1     1    21    11    10     1     0     0   -65.0   58.074  111.795   2271.7    686.4
     1     1    21    11    10     0     0     0   -66.0   58.270  111.166   2267.7    692.9
     1     1    21    11     9    23     0     0   -67.0   58.461  110.505   2262.0    699.6
     1     1    21    11     9    22     0     0   -68.0   58.655  109.812   2259.9    706.0
     1     1    21    11     9    21     0     0   -69.0   58.853  109.085   2260.6    711.5
     1     1    21    11     9    20     0     0   -70.0   59.054  108.326   2264.0    716.2
     1     1    21    11     9    19     0     0   -71.0   59.257  107.536   2269.7    720.3
     1     1    21    11     9    18     0     0   -72.0   59.460  106.710   2273.8    721.4
     1     1    21    11     9    17     0     0   -73.0   59.663  105.850   2274.6    721.4
     1     1    21    11     9    16     0     0   -74.0   59.867  104.960   2272.7    720.4
     1     1    21    11     9    15     0     0   -75.0   60.075  104.038   2268.0    718.2
     1     1    21    11     9    14     0     0   -76.0   60.282  103.083   2262.6    715.7
     1     1    21    11     9    13     0     0   -77.0   60.487  102.093   2259.1    714.4
     1     1    21    11     9    12     0     0   -78.0   60.682  101.069   2258.3    714.7
     1     1    21    11     9    11     0     0   -79.0   60.861  100.023   2258.5    714.1
     1     1    21    11     9    10     0     0   -80.0   61.022   98.971   2261.9    715.0
     1     1    21    11     9     9     0     0   -81.0   61.170   97.920   2265.3    715.5
     1     1    21    11     9     8     0     0   -82.0   61.306   96.867   2267.9    717.0
     1     1    21    11     9     7     0     0   -83.0   61.431   95.809   2267.9    719.7
     1     1    21    11     9     6     0     0   -84.0   61.542   94.739   2262.6    723.2
     1     1    21    11     9     5     0     0   -85.0   61.644   93.654   2251.4    726.7
     1     1    21    11     9     4     0     0   -86.0   61.744   92.553   2237.4    731.0
     1     1    21    11     9     3     0     0   -87.0   61.841   91.438   2220.7    735.4
     1     1    21    11     9     2     0     0   -88.0   61.937   90.310   2203.1    740.2
     1     1    21    11     9     1     0     0   -89.0   62.029   89.172   2184.6    744.1
     1     1    21    11     9     0     0     0   -90.0   62.114   88.024   2166.5    747.5
     1     1    21    11     8    23     0     0   -91.0   62.189   86.883   2149.5    750.5
     1     1    21    11     8    22     0     0   -92.0   62.255   85.768   2134.1    753.0
     1     1    21    11     8    21     0     0   -93.0   62.316   84.682   2119.9    754.9
     1     1    21    11     8    20     0     0   -94.0   62.376   83.628   2106.2    755.9
     1     1    21    11     8    19     0     0   -95.0   62.434   82.604   2093.2    757.0
     1     1    21    11     8    18     0     0   -96.0   62.490   81.603   2080.6    757.5
