     2     1
    CDC1    21     9     1     0     0
    CDC1    21    10     1     0     0
     1 BACKWARD OMEGA   
  2021    10    12    18   37.500  127.000   500.0
     1 PRESSURE
     1     1    21    10    12    18     0     0     0.0   37.500  127.000    500.0    948.1
     1     1    21    10    12    17     0     0    -1.0   37.496  127.209    523.8    944.5
     1     1    21    10    12    16     0     0    -2.0   37.489  127.417    546.3    941.1
     1     1    21    10    12    15     0     0    -3.0   37.483  127.624    566.7    939.0
     1     1    21    10    12    14     0     0    -4.0   37.482  127.832    583.7    938.0
     1     1    21    10    12    13     0     0    -5.0   37.486  128.041    596.5    937.6
     1     1    21    10    12    12     0     0    -6.0   37.497  128.252    604.7    937.6
     1     1    21    10    12    11     0     0    -7.0   37.514  128.465    609.2    937.5
     1     1    21    10    12    10     0     0    -8.0   37.533  128.680    612.0    937.5
     1     1    21    10    12     9     0     0    -9.0   37.556  128.896    613.0    937.6
     1     1    21    10    12     8     0     0   -10.0   37.584  129.115    612.4    938.0
     1     1    21    10    12     7     0     0   -11.0   37.615  129.338    610.2    938.5
     1     1    21    10    12     6     0     0   -12.0   37.650  129.565    606.8    939.1
     1     1    21    10    12     5     0     0   -13.0   37.691  129.798    602.7    940.3
     1     1    21    10    12     4     0     0   -14.0   37.736  130.041    598.5    941.8
     1     1    21    10    12     3     0     0   -15.0   37.788  130.291    594.7    944.2
     1     1    21    10    12     2     0     0   -16.0   37.848  130.547    591.3    946.8
     1     1    21    10    12     1     0     0   -17.0   37.915  130.810    588.6    949.4
     1     1    21    10    12     0     0     0   -18.0   37.991  131.080    587.0    952.2
     1     1    21    10    11    23     0     0   -19.0   38.077  131.352    585.4    954.5
     1     1    21    10    11    22     0     0   -20.0   38.175  131.626    583.0    957.2
     1     1    21    10    11    21     0     0   -21.0   38.286  131.898    580.0    960.2
     1     1    21    10    11    20     0     0   -22.0   38.412  132.167    576.7    963.6
     1     1    21    10    11    19     0     0   -23.0   38.557  132.434    573.3    967.2
     1     1    21    10    11    18     0     0   -24.0   38.719  132.694    569.6    967.9
     1     1    21    10    11    17     0     0   -25.0   38.891  132.933    565.8    968.0
     1     1    21    10    11    16     0     0   -26.0   39.068  133.133    561.9    968.6
     1     1    21    10    11    15     0     0   -27.0   39.248  133.294    558.1    969.3
     1     1    21    10    11    14     0     0   -28.0   39.429  133.412    554.5    970.3
     1     1    21    10    11    13     0     0   -29.0   39.612  133.485    551.2    971.3
     1     1    21    10    11    12     0     0   -30.0   39.795  133.511    548.4    972.3
     1     1    21    10    11    11     0     0   -31.0   39.980  133.503    547.5    973.4
     1     1    21    10    11    10     0     0   -32.0   40.170  133.472    548.5    970.7
     1     1    21    10    11     9     0     0   -33.0   40.361  133.419    552.5    967.3
     1     1    21    10    11     8     0     0   -34.0   40.551  133.343    559.7    963.3
     1     1    21    10    11     7     0     0   -35.0   40.738  133.246    570.3    958.8
     1     1    21    10    11     6     0     0   -36.0   40.919  133.130    584.6    953.9
     1     1    21    10    11     5     0     0   -37.0   41.105  132.988    602.6    948.3
     1     1    21    10    11     4     0     0   -38.0   41.311  132.813    624.5    941.9
     1     1    21    10    11     3     0     0   -39.0   41.538  132.609    650.7    934.2
     1     1    21    10    11     2     0     0   -40.0   41.790  132.379    681.2    923.9
     1     1    21    10    11     1     0     0   -41.0   42.069  132.127    716.6    911.1
     1     1    21    10    11     0     0     0   -42.0   42.377  131.858    758.2    897.2
     1     1    21    10    10    23     0     0   -43.0   42.705  131.559    808.7    884.6
     1     1    21    10    10    22     0     0   -44.0   43.044  131.216    869.8    872.6
     1     1    21    10    10    21     0     0   -45.0   43.399  130.832    942.5    860.0
     1     1    21    10    10    20     0     0   -46.0   43.773  130.407   1028.3    846.0
     1     1    21    10    10    19     0     0   -47.0   44.170  129.946   1128.7    832.5
     1     1    21    10    10    18     0     0   -48.0   44.595  129.462   1244.0    823.1
     1     1    21    10    10    17     0     0   -49.0   45.032  128.960   1359.3    813.8
     1     1    21    10    10    16     0     0   -50.0   45.463  128.428   1459.0    805.9
     1     1    21    10    10    15     0     0   -51.0   45.889  127.864   1540.1    800.4
     1     1    21    10    10    14     0     0   -52.0   46.322  127.271   1603.1    797.5
     1     1    21    10    10    13     0     0   -53.0   46.769  126.652   1647.8    796.4
     1     1    21    10    10    12     0     0   -54.0   47.235  126.011   1674.3    795.1
     1     1    21    10    10    11     0     0   -55.0   47.710  125.351   1691.0    792.2
     1     1    21    10    10    10     0     0   -56.0   48.176  124.693   1708.9    783.5
     1     1    21    10    10     9     0     0   -57.0   48.639  124.069   1732.2    770.1
     1     1    21    10    10     8     0     0   -58.0   49.116  123.497   1764.0    755.9
     1     1    21    10    10     7     0     0   -59.0   49.626  122.994   1803.5    741.1
     1     1    21    10    10     6     0     0   -60.0   50.181  122.576   1851.1    728.2
     1     1    21    10    10     5     0     0   -61.0   50.739  122.233   1899.6    721.8
     1     1    21    10    10     4     0     0   -62.0   51.262  121.947   1937.1    718.1
     1     1    21    10    10     3     0     0   -63.0   51.755  121.732   1962.7    715.6
     1     1    21    10    10     2     0     0   -64.0   52.225  121.606   1976.8    714.6
     1     1    21    10    10     1     0     0   -65.0   52.672  121.573   1980.3    713.6
     1     1    21    10    10     0     0     0   -66.0   53.092  121.618   1977.5    711.6
     1     1    21    10     9    23     0     0   -67.0   53.457  121.716   1970.5    710.5
     1     1    21    10     9    22     0     0   -68.0   53.744  121.862   1956.9    710.9
     1     1    21    10     9    21     0     0   -69.0   53.959  122.056   1934.7    712.8
     1     1    21    10     9    20     0     0   -70.0   54.103  122.299   1903.1    716.3
     1     1    21    10     9    19     0     0   -71.0   54.179  122.590   1861.7    721.5
     1     1    21    10     9    18     0     0   -72.0   54.188  122.927   1811.1    728.9
     1     1    21    10     9    17     0     0   -73.0   54.164  123.278   1759.4    738.0
     1     1    21    10     9    16     0     0   -74.0   54.137  123.611   1716.4    745.5
     1     1    21    10     9    15     0     0   -75.0   54.106  123.924   1680.3    752.3
     1     1    21    10     9    14     0     0   -76.0   54.070  124.213   1650.2    758.3
     1     1    21    10     9    13     0     0   -77.0   54.029  124.474   1625.3    763.9
     1     1    21    10     9    12     0     0   -78.0   53.980  124.706   1604.7    769.0
     1     1    21    10     9    11     0     0   -79.0   53.918  124.887   1586.8    773.2
     1     1    21    10     9    10     0     0   -80.0   53.836  125.001   1568.9    777.2
     1     1    21    10     9     9     0     0   -81.0   53.738  125.049   1550.7    780.6
     1     1    21    10     9     8     0     0   -82.0   53.624  125.036   1532.1    784.1
     1     1    21    10     9     7     0     0   -83.0   53.497  124.969   1512.8    787.5
     1     1    21    10     9     6     0     0   -84.0   53.359  124.853   1492.2    790.5
     1     1    21    10     9     5     0     0   -85.0   53.215  124.714   1467.5    792.9
     1     1    21    10     9     4     0     0   -86.0   53.072  124.571   1438.7    796.0
     1     1    21    10     9     3     0     0   -87.0   52.928  124.422   1406.1    799.4
     1     1    21    10     9     2     0     0   -88.0   52.783  124.263   1370.9    802.9
     1     1    21    10     9     1     0     0   -89.0   52.636  124.091   1334.3    806.4
     1     1    21    10     9     0     0     0   -90.0   52.487  123.901   1297.5    809.5
     1     1    21    10     8    23     0     0   -91.0   52.336  123.684   1262.5    810.6
     1     1    21    10     8    22     0     0   -92.0   52.182  123.432   1232.8    810.4
     1     1    21    10     8    21     0     0   -93.0   52.026  123.146   1208.0    809.3
     1     1    21    10     8    20     0     0   -94.0   51.869  122.824   1188.3    807.3
     1     1    21    10     8    19     0     0   -95.0   51.708  122.468   1173.9    804.6
     1     1    21    10     8    18     0     0   -96.0   51.546  122.080   1166.5    803.3
