     2     1
    CDC1    21    10     1     0     0
    CDC1    21    11     1     0     0
     1 BACKWARD OMEGA   
  2021    11     7     0   37.500  127.000   500.0
     1 PRESSURE
     1     1    21    11     7     0     0     0     0.0   37.500  127.000    500.0    944.8
     1     1    21    11     6    23     0     0    -1.0   37.343  127.184    514.3    942.8
     1     1    21    11     6    22     0     0    -2.0   37.201  127.358    533.1    940.0
     1     1    21    11     6    21     0     0    -3.0   37.076  127.525    556.7    936.9
     1     1    21    11     6    20     0     0    -4.0   36.972  127.689    585.1    934.4
     1     1    21    11     6    19     0     0    -5.0   36.891  127.850    617.5    931.5
     1     1    21    11     6    18     0     0    -6.0   36.834  128.009    653.6    927.6
     1     1    21    11     6    17     0     0    -7.0   36.798  128.164    692.7    923.3
     1     1    21    11     6    16     0     0    -8.0   36.781  128.312    734.5    918.7
     1     1    21    11     6    15     0     0    -9.0   36.781  128.453    778.2    914.0
     1     1    21    11     6    14     0     0   -10.0   36.797  128.588    823.2    909.3
     1     1    21    11     6    13     0     0   -11.0   36.827  128.715    869.0    904.7
     1     1    21    11     6    12     0     0   -12.0   36.871  128.834    915.1    900.2
     1     1    21    11     6    11     0     0   -13.0   36.921  128.953    961.8    895.2
     1     1    21    11     6    10     0     0   -14.0   36.970  129.079   1011.2    889.9
     1     1    21    11     6     9     0     0   -15.0   37.020  129.213   1063.5    884.3
     1     1    21    11     6     8     0     0   -16.0   37.070  129.354   1119.9    878.6
     1     1    21    11     6     7     0     0   -17.0   37.119  129.501   1181.4    872.5
     1     1    21    11     6     6     0     0   -18.0   37.169  129.652   1249.4    865.9
     1     1    21    11     6     5     0     0   -19.0   37.225  129.811   1321.3    858.8
     1     1    21    11     6     4     0     0   -20.0   37.297  129.974   1394.2    851.5
     1     1    21    11     6     3     0     0   -21.0   37.385  130.138   1467.1    845.0
     1     1    21    11     6     2     0     0   -22.0   37.488  130.303   1539.0    839.2
     1     1    21    11     6     1     0     0   -23.0   37.605  130.464   1608.3    832.6
     1     1    21    11     6     0     0     0   -24.0   37.732  130.620   1674.7    826.4
     1     1    21    11     5    23     0     0   -25.0   37.864  130.758   1737.9    820.5
     1     1    21    11     5    22     0     0   -26.0   37.992  130.872   1797.5    814.5
     1     1    21    11     5    21     0     0   -27.0   38.116  130.960   1853.5    808.9
     1     1    21    11     5    20     0     0   -28.0   38.235  131.026   1905.5    803.7
     1     1    21    11     5    19     0     0   -29.0   38.350  131.071   1953.0    798.8
     1     1    21    11     5    18     0     0   -30.0   38.461  131.097   1995.7    794.2
     1     1    21    11     5    17     0     0   -31.0   38.571  131.108   2035.4    790.0
     1     1    21    11     5    16     0     0   -32.0   38.684  131.108   2077.3    785.3
     1     1    21    11     5    15     0     0   -33.0   38.799  131.098   2121.2    780.3
     1     1    21    11     5    14     0     0   -34.0   38.918  131.079   2167.8    774.9
     1     1    21    11     5    13     0     0   -35.0   39.041  131.052   2218.0    769.1
     1     1    21    11     5    12     0     0   -36.0   39.169  131.017   2272.8    762.5
     1     1    21    11     5    11     0     0   -37.0   39.301  130.974   2331.0    755.8
     1     1    21    11     5    10     0     0   -38.0   39.438  130.921   2386.4    749.4
     1     1    21    11     5     9     0     0   -39.0   39.580  130.856   2439.9    743.0
     1     1    21    11     5     8     0     0   -40.0   39.727  130.778   2491.4    736.7
     1     1    21    11     5     7     0     0   -41.0   39.881  130.683   2540.2    730.3
     1     1    21    11     5     6     0     0   -42.0   40.040  130.569   2585.6    723.7
     1     1    21    11     5     5     0     0   -43.0   40.207  130.433   2626.3    716.1
     1     1    21    11     5     4     0     0   -44.0   40.382  130.275   2662.7    708.6
     1     1    21    11     5     3     0     0   -45.0   40.562  130.092   2694.4    701.2
     1     1    21    11     5     2     0     0   -46.0   40.746  129.883   2721.7    694.4
     1     1    21    11     5     1     0     0   -47.0   40.929  129.649   2744.0    688.6
     1     1    21    11     5     0     0     0   -48.0   41.109  129.389   2759.8    683.5
     1     1    21    11     4    23     0     0   -49.0   41.281  129.105   2771.9    678.9
     1     1    21    11     4    22     0     0   -50.0   41.441  128.800   2787.3    674.0
     1     1    21    11     4    21     0     0   -51.0   41.590  128.475   2805.5    669.0
     1     1    21    11     4    20     0     0   -52.0   41.728  128.129   2827.4    663.9
     1     1    21    11     4    19     0     0   -53.0   41.857  127.764   2854.2    658.5
     1     1    21    11     4    18     0     0   -54.0   41.975  127.378   2888.9    654.5
     1     1    21    11     4    17     0     0   -55.0   42.090  126.977   2929.9    653.5
     1     1    21    11     4    16     0     0   -56.0   42.210  126.564   2965.3    653.6
     1     1    21    11     4    15     0     0   -57.0   42.337  126.145   2996.0    654.2
     1     1    21    11     4    14     0     0   -58.0   42.474  125.721   3022.4    655.4
     1     1    21    11     4    13     0     0   -59.0   42.619  125.299   3046.8    658.4
     1     1    21    11     4    12     0     0   -60.0   42.771  124.888   3066.5    661.7
     1     1    21    11     4    11     0     0   -61.0   42.923  124.474   3081.8    663.7
     1     1    21    11     4    10     0     0   -62.0   43.064  124.043   3099.6    664.9
     1     1    21    11     4     9     0     0   -63.0   43.199  123.592   3119.0    665.7
     1     1    21    11     4     8     0     0   -64.0   43.331  123.117   3139.9    666.1
     1     1    21    11     4     7     0     0   -65.0   43.461  122.613   3161.9    666.1
     1     1    21    11     4     6     0     0   -66.0   43.593  122.076   3172.9    659.3
     1     1    21    11     4     5     0     0   -67.0   43.721  121.525   3178.4    650.3
     1     1    21    11     4     4     0     0   -68.0   43.842  120.977   3185.9    641.2
     1     1    21    11     4     3     0     0   -69.0   43.960  120.431   3195.8    631.7
     1     1    21    11     4     2     0     0   -70.0   44.077  119.881   3209.7    621.8
     1     1    21    11     4     1     0     0   -71.0   44.191  119.325   3228.0    611.5
     1     1    21    11     4     0     0     0   -72.0   44.302  118.756   3252.0    600.8
     1     1    21    11     3    23     0     0   -73.0   44.414  118.156   3275.8    589.6
     1     1    21    11     3    22     0     0   -74.0   44.525  117.512   3292.8    579.1
     1     1    21    11     3    21     0     0   -75.0   44.632  116.831   3320.0    576.6
     1     1    21    11     3    20     0     0   -76.0   44.728  116.122   3345.1    574.8
     1     1    21    11     3    19     0     0   -77.0   44.816  115.383   3369.5    573.4
     1     1    21    11     3    18     0     0   -78.0   44.897  114.614   3398.9    573.5
     1     1    21    11     3    17     0     0   -79.0   44.976  113.829   3438.8    574.4
     1     1    21    11     3    16     0     0   -80.0   45.058  113.034   3485.8    574.0
     1     1    21    11     3    15     0     0   -81.0   45.144  112.221   3536.0    570.9
     1     1    21    11     3    14     0     0   -82.0   45.241  111.381   3588.6    563.6
     1     1    21    11     3    13     0     0   -83.0   45.351  110.507   3652.7    554.6
     1     1    21    11     3    12     0     0   -84.0   45.477  109.588   3728.4    543.7
     1     1    21    11     3    11     0     0   -85.0   45.609  108.628   3812.6    531.7
     1     1    21    11     3    10     0     0   -86.0   45.736  107.629   3899.0    520.4
     1     1    21    11     3     9     0     0   -87.0   45.850  106.577   3980.1    510.9
     1     1    21    11     3     8     0     0   -88.0   45.944  105.466   4046.7    503.6
     1     1    21    11     3     7     0     0   -89.0   46.010  104.291   4086.5    494.3
     1     1    21    11     3     6     0     0   -90.0   46.041  103.053   4102.5    483.7
     1     1    21    11     3     5     0     0   -91.0   46.055  101.776   4110.3    471.9
     1     1    21    11     3     4     0     0   -92.0   46.067  100.476   4112.1    457.7
     1     1    21    11     3     3     0     0   -93.0   46.069   99.157   4128.5    448.8
     1     1    21    11     3     2     0     0   -94.0   46.054   97.825   4145.0    443.9
     1     1    21    11     3     1     0     0   -95.0   46.025   96.493   4178.7    448.8
     1     1    21    11     3     0     0     0   -96.0   45.992   95.166   4210.3    457.6
