     2     1
    CDC1    21     7     1     0     0
    CDC1    21     8     1     0     0
     1 BACKWARD OMEGA   
  2021     8    16     0   37.500  127.000   500.0
     1 PRESSURE
     1     1    21     8    16     0     0     0     0.0   37.500  127.000    500.0    941.6
     1     1    21     8    15    23     0     0    -1.0   37.458  127.218    497.3    940.9
     1     1    21     8    15    22     0     0    -2.0   37.418  127.429    495.0    940.0
     1     1    21     8    15    21     0     0    -3.0   37.381  127.634    493.2    940.2
     1     1    21     8    15    20     0     0    -4.0   37.347  127.831    491.4    941.0
     1     1    21     8    15    19     0     0    -5.0   37.318  128.022    489.2    941.7
     1     1    21     8    15    18     0     0    -6.0   37.294  128.205    486.3    942.6
     1     1    21     8    15    17     0     0    -7.0   37.280  128.386    482.7    943.2
     1     1    21     8    15    16     0     0    -8.0   37.284  128.571    479.3    943.9
     1     1    21     8    15    15     0     0    -9.0   37.306  128.759    475.8    944.7
     1     1    21     8    15    14     0     0   -10.0   37.347  128.952    471.9    945.5
     1     1    21     8    15    13     0     0   -11.0   37.408  129.151    467.5    946.5
     1     1    21     8    15    12     0     0   -12.0   37.488  129.357    462.5    947.7
     1     1    21     8    15    11     0     0   -13.0   37.580  129.566    456.8    948.3
     1     1    21     8    15    10     0     0   -14.0   37.674  129.772    451.1    948.8
     1     1    21     8    15     9     0     0   -15.0   37.771  129.974    445.2    949.4
     1     1    21     8    15     8     0     0   -16.0   37.870  130.170    439.2    950.9
     1     1    21     8    15     7     0     0   -17.0   37.970  130.361    432.8    952.6
     1     1    21     8    15     6     0     0   -18.0   38.072  130.544    426.0    954.4
     1     1    21     8    15     5     0     0   -19.0   38.181  130.728    419.4    956.3
     1     1    21     8    15     4     0     0   -20.0   38.303  130.918    413.7    958.3
     1     1    21     8    15     3     0     0   -21.0   38.437  131.115    408.7    960.4
     1     1    21     8    15     2     0     0   -22.0   38.581  131.317    404.7    962.7
     1     1    21     8    15     1     0     0   -23.0   38.737  131.528    401.5    965.3
     1     1    21     8    15     0     0     0   -24.0   38.904  131.747    399.4    968.0
     1     1    21     8    14    23     0     0   -25.0   39.077  131.970    397.1    970.7
     1     1    21     8    14    22     0     0   -26.0   39.253  132.193    392.7    974.0
     1     1    21     8    14    21     0     0   -27.0   39.434  132.417    385.6    978.1
     1     1    21     8    14    20     0     0   -28.0   39.618  132.644    375.3    980.4
     1     1    21     8    14    19     0     0   -29.0   39.802  132.872    361.9    982.0
     1     1    21     8    14    18     0     0   -30.0   39.988  133.103    345.6    984.3
     1     1    21     8    14    17     0     0   -31.0   40.166  133.337    328.5    984.8
     1     1    21     8    14    16     0     0   -32.0   40.329  133.572    312.8    985.1
     1     1    21     8    14    15     0     0   -33.0   40.476  133.807    298.7    985.6
     1     1    21     8    14    14     0     0   -34.0   40.607  134.044    286.0    986.2
     1     1    21     8    14    13     0     0   -35.0   40.724  134.280    274.6    987.0
     1     1    21     8    14    12     0     0   -36.0   40.825  134.518    264.1    987.9
     1     1    21     8    14    11     0     0   -37.0   40.920  134.760    253.8    988.5
     1     1    21     8    14    10     0     0   -38.0   41.020  135.012    242.8    989.2
     1     1    21     8    14     9     0     0   -39.0   41.123  135.276    231.1    988.1
     1     1    21     8    14     8     0     0   -40.0   41.232  135.553    218.5    987.3
     1     1    21     8    14     7     0     0   -41.0   41.347  135.844    205.1    986.9
     1     1    21     8    14     6     0     0   -42.0   41.469  136.152    191.0    986.4
     1     1    21     8    14     5     0     0   -43.0   41.595  136.473    176.2    986.3
     1     1    21     8    14     4     0     0   -44.0   41.719  136.803    160.8    986.6
     1     1    21     8    14     3     0     0   -45.0   41.842  137.140    144.5    987.1
     1     1    21     8    14     2     0     0   -46.0   41.967  137.483    127.3    988.1
     1     1    21     8    14     1     0     0   -47.0   42.090  137.830    110.0    990.1
     1     1    21     8    14     0     0     0   -48.0   42.209  138.180     93.4    992.3
     1     1    21     8    13    23     0     0   -49.0   42.319  138.527     78.4    994.8
     1     1    21     8    13    22     0     0   -50.0   42.410  138.865     66.1    996.3
     1     1    21     8    13    21     0     0   -51.0   42.479  139.195     56.5    997.5
     1     1    21     8    13    20     0     0   -52.0   42.523  139.517     49.5    998.4
     1     1    21     8    13    19     0     0   -53.0   42.542  139.831     44.6    999.1
     1     1    21     8    13    18     0     0   -54.0   42.538  140.138     41.6    999.4
     1     1    21     8    13    17     0     0   -55.0   42.510  140.439     40.4    999.3
     1     1    21     8    13    16     0     0   -56.0   42.458  140.734     40.6    998.8
     1     1    21     8    13    15     0     0   -57.0   42.382  141.022     42.0    998.3
     1     1    21     8    13    14     0     0   -58.0   42.285  141.303     44.2    997.7
     1     1    21     8    13    13     0     0   -59.0   42.170  141.579     47.1    997.1
     1     1    21     8    13    12     0     0   -60.0   42.041  141.850     50.4    996.7
     1     1    21     8    13    11     0     0   -61.0   41.914  142.123     52.6    996.0
     1     1    21     8    13    10     0     0   -62.0   41.802  142.407     52.6    995.7
     1     1    21     8    13     9     0     0   -63.0   41.708  142.697     50.8    995.9
     1     1    21     8    13     8     0     0   -64.0   41.633  142.991     47.9    996.3
     1     1    21     8    13     7     0     0   -65.0   41.576  143.290     44.4    996.8
     1     1    21     8    13     6     0     0   -66.0   41.536  143.595     40.7    997.3
     1     1    21     8    13     5     0     0   -67.0   41.508  143.895     37.6    998.1
     1     1    21     8    13     4     0     0   -68.0   41.487  144.178     35.4    998.7
     1     1    21     8    13     3     0     0   -69.0   41.472  144.442     34.0    999.2
     1     1    21     8    13     2     0     0   -70.0   41.462  144.688     33.0    999.5
     1     1    21     8    13     1     0     0   -71.0   41.456  144.914     32.5    999.8
     1     1    21     8    13     0     0     0   -72.0   41.456  145.120     32.2   1000.6
     1     1    21     8    12    23     0     0   -73.0   41.458  145.313     32.0   1001.5
     1     1    21     8    12    22     0     0   -74.0   41.462  145.501     31.5   1002.4
     1     1    21     8    12    21     0     0   -75.0   41.467  145.681     31.0   1003.3
     1     1    21     8    12    20     0     0   -76.0   41.472  145.852     30.4   1004.2
     1     1    21     8    12    19     0     0   -77.0   41.477  146.011     29.8   1005.1
     1     1    21     8    12    18     0     0   -78.0   41.482  146.157     29.2   1005.9
     1     1    21     8    12    17     0     0   -79.0   41.486  146.287     29.0   1007.1
     1     1    21     8    12    16     0     0   -80.0   41.487  146.401     29.6   1008.1
     1     1    21     8    12    15     0     0   -81.0   41.485  146.499     30.8   1008.9
     1     1    21     8    12    14     0     0   -82.0   41.480  146.581     32.8   1009.5
     1     1    21     8    12    13     0     0   -83.0   41.471  146.649     35.5   1009.9
     1     1    21     8    12    12     0     0   -84.0   41.457  146.702     39.2   1010.2
     1     1    21     8    12    11     0     0   -85.0   41.449  146.748     43.1   1009.8
     1     1    21     8    12    10     0     0   -86.0   41.456  146.790     46.7   1009.5
     1     1    21     8    12     9     0     0   -87.0   41.478  146.827     49.9   1009.1
     1     1    21     8    12     8     0     0   -88.0   41.514  146.858     52.5   1008.7
     1     1    21     8    12     7     0     0   -89.0   41.564  146.883     54.5   1008.2
     1     1    21     8    12     6     0     0   -90.0   41.629  146.900     55.8   1007.8
     1     1    21     8    12     5     0     0   -91.0   41.704  146.913     57.4   1007.7
     1     1    21     8    12     4     0     0   -92.0   41.788  146.922     60.5   1007.3
     1     1    21     8    12     3     0     0   -93.0   41.878  146.929     65.2   1006.8
     1     1    21     8    12     2     0     0   -94.0   41.974  146.933     71.9   1006.0
     1     1    21     8    12     1     0     0   -95.0   42.074  146.934     81.1   1004.7
     1     1    21     8    12     0     0     0   -96.0   42.179  146.931     93.5   1002.7
