     2     1
    CDC1    21     3     1     0     0
    CDC1    21     4     1     0     0
     1 BACKWARD OMEGA   
  2021     4    19     0   37.500  127.000   500.0
     1 PRESSURE
     1     1    21     4    19     0     0     0     0.0   37.500  127.000    500.0    937.8
     1     1    21     4    18    23     0     0    -1.0   37.515  126.601    503.1    939.4
     1     1    21     4    18    22     0     0    -2.0   37.516  126.196    503.6    941.7
     1     1    21     4    18    21     0     0    -3.0   37.501  125.782    500.3    944.7
     1     1    21     4    18    20     0     0    -4.0   37.471  125.358    492.0    948.2
     1     1    21     4    18    19     0     0    -5.0   37.424  124.924    477.9    952.1
     1     1    21     4    18    18     0     0    -6.0   37.360  124.483    459.0    955.5
     1     1    21     4    18    17     0     0    -7.0   37.286  124.053    441.4    959.3
     1     1    21     4    18    16     0     0    -8.0   37.208  123.650    429.5    961.8
     1     1    21     4    18    15     0     0    -9.0   37.129  123.274    423.0    963.7
     1     1    21     4    18    14     0     0   -10.0   37.051  122.923    421.8    964.8
     1     1    21     4    18    13     0     0   -11.0   36.978  122.598    425.7    965.3
     1     1    21     4    18    12     0     0   -12.0   36.910  122.298    435.6    964.5
     1     1    21     4    18    11     0     0   -13.0   36.853  122.012    448.9    962.7
     1     1    21     4    18    10     0     0   -14.0   36.805  121.732    462.1    961.2
     1     1    21     4    18     9     0     0   -15.0   36.767  121.457    474.7    959.8
     1     1    21     4    18     8     0     0   -16.0   36.737  121.189    486.4    958.6
     1     1    21     4    18     7     0     0   -17.0   36.717  120.927    496.9    957.5
     1     1    21     4    18     6     0     0   -18.0   36.706  120.673    505.9    956.7
     1     1    21     4    18     5     0     0   -19.0   36.704  120.433    514.8    956.0
     1     1    21     4    18     4     0     0   -20.0   36.712  120.216    525.0    955.1
     1     1    21     4    18     3     0     0   -21.0   36.729  120.019    536.8    954.1
     1     1    21     4    18     2     0     0   -22.0   36.758  119.845    550.3    953.1
     1     1    21     4    18     1     0     0   -23.0   36.797  119.691    565.8    951.8
     1     1    21     4    18     0     0     0   -24.0   36.848  119.557    583.3    950.3
     1     1    21     4    17    23     0     0   -25.0   36.913  119.424    601.6    948.4
     1     1    21     4    17    22     0     0   -26.0   36.996  119.274    620.0    946.6
     1     1    21     4    17    21     0     0   -27.0   37.092  119.108    638.6    944.7
     1     1    21     4    17    20     0     0   -28.0   37.201  118.925    657.8    942.6
     1     1    21     4    17    19     0     0   -29.0   37.319  118.727    678.1    940.4
     1     1    21     4    17    18     0     0   -30.0   37.442  118.515    700.0    938.0
     1     1    21     4    17    17     0     0   -31.0   37.571  118.301    726.1    934.1
     1     1    21     4    17    16     0     0   -32.0   37.708  118.097    759.0    927.6
     1     1    21     4    17    15     0     0   -33.0   37.857  117.902    799.3    920.0
     1     1    21     4    17    14     0     0   -34.0   38.021  117.714    847.1    911.1
     1     1    21     4    17    13     0     0   -35.0   38.204  117.530    902.4    900.9
     1     1    21     4    17    12     0     0   -36.0   38.408  117.346    964.2    887.2
     1     1    21     4    17    11     0     0   -37.0   38.638  117.154   1032.6    871.3
     1     1    21     4    17    10     0     0   -38.0   38.901  116.947   1108.0    854.0
     1     1    21     4    17     9     0     0   -39.0   39.200  116.730   1190.3    835.1
     1     1    21     4    17     8     0     0   -40.0   39.543  116.507   1279.1    814.6
     1     1    21     4    17     7     0     0   -41.0   39.942  116.281   1374.0    791.4
     1     1    21     4    17     6     0     0   -42.0   40.398  116.059   1473.4    766.9
     1     1    21     4    17     5     0     0   -43.0   40.894  115.849   1577.1    743.1
     1     1    21     4    17     4     0     0   -44.0   41.421  115.660   1680.9    720.1
     1     1    21     4    17     3     0     0   -45.0   41.974  115.506   1784.0    697.7
     1     1    21     4    17     2     0     0   -46.0   42.550  115.399   1885.0    677.9
     1     1    21     4    17     1     0     0   -47.0   43.128  115.329   1991.9    673.0
     1     1    21     4    17     0     0     0   -48.0   43.691  115.280   2088.4    669.4
     1     1    21     4    16    23     0     0   -49.0   44.234  115.246   2172.6    666.4
     1     1    21     4    16    22     0     0   -50.0   44.755  115.220   2245.1    664.5
     1     1    21     4    16    21     0     0   -51.0   45.260  115.202   2308.6    663.7
     1     1    21     4    16    20     0     0   -52.0   45.748  115.181   2366.8    663.5
     1     1    21     4    16    19     0     0   -53.0   46.218  115.152   2421.2    663.4
     1     1    21     4    16    18     0     0   -54.0   46.674  115.123   2471.7    663.5
     1     1    21     4    16    17     0     0   -55.0   47.113  115.086   2519.4    664.2
     1     1    21     4    16    16     0     0   -56.0   47.536  115.038   2560.5    664.7
     1     1    21     4    16    15     0     0   -57.0   47.949  114.987   2593.7    662.5
     1     1    21     4    16    14     0     0   -58.0   48.355  114.938   2625.0    659.8
     1     1    21     4    16    13     0     0   -59.0   48.756  114.895   2654.5    657.4
     1     1    21     4    16    12     0     0   -60.0   49.153  114.867   2681.8    655.3
     1     1    21     4    16    11     0     0   -61.0   49.546  114.855   2709.4    653.3
     1     1    21     4    16    10     0     0   -62.0   49.932  114.863   2740.7    651.2
     1     1    21     4    16     9     0     0   -63.0   50.316  114.887   2776.8    646.9
     1     1    21     4    16     8     0     0   -64.0   50.701  114.919   2823.1    641.2
     1     1    21     4    16     7     0     0   -65.0   51.088  114.961   2882.8    634.5
     1     1    21     4    16     6     0     0   -66.0   51.476  115.016   2958.4    626.6
     1     1    21     4    16     5     0     0   -67.0   51.861  115.066   3041.4    616.4
     1     1    21     4    16     4     0     0   -68.0   52.238  115.084   3126.0    607.0
     1     1    21     4    16     3     0     0   -69.0   52.610  115.063   3208.0    597.0
     1     1    21     4    16     2     0     0   -70.0   52.988  114.994   3281.6    585.7
     1     1    21     4    16     1     0     0   -71.0   53.379  114.881   3348.1    574.7
     1     1    21     4    16     0     0     0   -72.0   53.791  114.738   3411.2    564.1
     1     1    21     4    15    23     0     0   -73.0   54.206  114.579   3483.0    554.1
     1     1    21     4    15    22     0     0   -74.0   54.604  114.401   3572.9    542.5
     1     1    21     4    15    21     0     0   -75.0   54.984  114.198   3683.0    529.8
     1     1    21     4    15    20     0     0   -76.0   55.343  113.950   3817.4    520.7
     1     1    21     4    15    19     0     0   -77.0   55.682  113.646   3956.3    512.1
     1     1    21     4    15    18     0     0   -78.0   56.012  113.296   4099.0    503.7
     1     1    21     4    15    17     0     0   -79.0   56.354  112.912   4230.2    495.8
     1     1    21     4    15    16     0     0   -80.0   56.714  112.499   4340.2    491.5
     1     1    21     4    15    15     0     0   -81.0   57.082  112.053   4432.7    490.0
     1     1    21     4    15    14     0     0   -82.0   57.450  111.576   4507.4    489.8
     1     1    21     4    15    13     0     0   -83.0   57.812  111.068   4572.0    491.5
     1     1    21     4    15    12     0     0   -84.0   58.165  110.538   4628.8    494.1
     1     1    21     4    15    11     0     0   -85.0   58.503  110.000   4680.7    496.8
     1     1    21     4    15    10     0     0   -86.0   58.824  109.467   4723.3    499.5
     1     1    21     4    15     9     0     0   -87.0   59.129  108.945   4761.0    501.7
     1     1    21     4    15     8     0     0   -88.0   59.421  108.440   4798.0    503.3
     1     1    21     4    15     7     0     0   -89.0   59.705  107.960   4838.5    503.9
     1     1    21     4    15     6     0     0   -90.0   59.984  107.511   4886.7    503.4
     1     1    21     4    15     5     0     0   -91.0   60.268  107.076   4921.8    497.9
     1     1    21     4    15     4     0     0   -92.0   60.560  106.634   4954.3    493.4
     1     1    21     4    15     3     0     0   -93.0   60.856  106.189   4982.8    489.6
     1     1    21     4    15     2     0     0   -94.0   61.150  105.747   5008.5    486.3
     1     1    21     4    15     1     0     0   -95.0   61.438  105.317   5032.9    483.5
     1     1    21     4    15     0     0     0   -96.0   61.720  104.908   5058.0    480.8
