     2     1
    CDC1    21     4     1     0     0
    CDC1    21     5     1     0     0
     1 BACKWARD OMEGA   
  2021     5    19     0   37.500  127.000   500.0
     1 PRESSURE
     1     1    21     5    19     0     0     0     0.0   37.500  127.000    500.0    935.4
     1     1    21     5    18    23     0     0    -1.0   37.527  126.894    508.0    934.3
     1     1    21     5    18    22     0     0    -2.0   37.548  126.769    512.4    934.1
     1     1    21     5    18    21     0     0    -3.0   37.563  126.623    512.9    934.4
     1     1    21     5    18    20     0     0    -4.0   37.571  126.458    509.2    935.5
     1     1    21     5    18    19     0     0    -5.0   37.571  126.273    501.2    937.2
     1     1    21     5    18    18     0     0    -6.0   37.563  126.068    488.7    939.7
     1     1    21     5    18    17     0     0    -7.0   37.542  125.859    475.1    942.9
     1     1    21     5    18    16     0     0    -8.0   37.510  125.661    464.2    945.6
     1     1    21     5    18    15     0     0    -9.0   37.467  125.475    455.7    947.8
     1     1    21     5    18    14     0     0   -10.0   37.416  125.299    449.6    949.5
     1     1    21     5    18    13     0     0   -11.0   37.359  125.136    446.1    951.0
     1     1    21     5    18    12     0     0   -12.0   37.299  124.985    445.4    952.0
     1     1    21     5    18    11     0     0   -13.0   37.238  124.839    445.1    952.3
     1     1    21     5    18    10     0     0   -14.0   37.177  124.690    442.1    953.2
     1     1    21     5    18     9     0     0   -15.0   37.115  124.540    436.6    954.3
     1     1    21     5    18     8     0     0   -16.0   37.052  124.389    428.3    955.8
     1     1    21     5    18     7     0     0   -17.0   36.988  124.238    417.4    957.6
     1     1    21     5    18     6     0     0   -18.0   36.922  124.088    403.6    959.8
     1     1    21     5    18     5     0     0   -19.0   36.860  123.944    391.1    962.1
     1     1    21     5    18     4     0     0   -20.0   36.807  123.812    384.4    963.1
     1     1    21     5    18     3     0     0   -21.0   36.763  123.689    383.3    963.4
     1     1    21     5    18     2     0     0   -22.0   36.729  123.575    387.8    963.2
     1     1    21     5    18     1     0     0   -23.0   36.705  123.468    397.8    962.1
     1     1    21     5    18     0     0     0   -24.0   36.692  123.366    413.4    960.4
     1     1    21     5    17    23     0     0   -25.0   36.688  123.264    431.0    958.1
     1     1    21     5    17    22     0     0   -26.0   36.688  123.155    446.4    956.4
     1     1    21     5    17    21     0     0   -27.0   36.691  123.038    459.9    955.0
     1     1    21     5    17    20     0     0   -28.0   36.698  122.914    471.4    953.9
     1     1    21     5    17    19     0     0   -29.0   36.709  122.781    481.0    953.0
     1     1    21     5    17    18     0     0   -30.0   36.723  122.639    488.6    952.3
     1     1    21     5    17    17     0     0   -31.0   36.741  122.492    496.1    951.9
     1     1    21     5    17    16     0     0   -32.0   36.763  122.344    505.5    950.8
     1     1    21     5    17    15     0     0   -33.0   36.788  122.198    517.2    949.4
     1     1    21     5    17    14     0     0   -34.0   36.819  122.054    531.1    947.9
     1     1    21     5    17    13     0     0   -35.0   36.853  121.913    547.1    946.2
     1     1    21     5    17    12     0     0   -36.0   36.893  121.776    565.4    944.3
     1     1    21     5    17    11     0     0   -37.0   36.942  121.648    585.3    942.4
     1     1    21     5    17    10     0     0   -38.0   37.008  121.534    605.2    940.7
     1     1    21     5    17     9     0     0   -39.0   37.089  121.434    625.5    939.1
     1     1    21     5    17     8     0     0   -40.0   37.187  121.349    645.9    937.2
     1     1    21     5    17     7     0     0   -41.0   37.302  121.280    666.6    935.3
     1     1    21     5    17     6     0     0   -42.0   37.433  121.228    687.7    933.5
     1     1    21     5    17     5     0     0   -43.0   37.579  121.183    709.2    930.5
     1     1    21     5    17     4     0     0   -44.0   37.736  121.133    732.4    926.7
     1     1    21     5    17     3     0     0   -45.0   37.904  121.079    757.1    922.7
     1     1    21     5    17     2     0     0   -46.0   38.080  121.020    783.4    918.6
     1     1    21     5    17     1     0     0   -47.0   38.265  120.956    811.5    914.3
     1     1    21     5    17     0     0     0   -48.0   38.456  120.889    841.6    909.8
     1     1    21     5    16    23     0     0   -49.0   38.649  120.825    875.2    905.2
     1     1    21     5    16    22     0     0   -50.0   38.840  120.772    913.2    900.0
     1     1    21     5    16    21     0     0   -51.0   39.029  120.735    955.3    894.3
     1     1    21     5    16    20     0     0   -52.0   39.218  120.717   1001.4    887.9
     1     1    21     5    16    19     0     0   -53.0   39.406  120.719   1051.1    881.2
     1     1    21     5    16    18     0     0   -54.0   39.597  120.742   1104.1    874.4
     1     1    21     5    16    17     0     0   -55.0   39.793  120.792   1154.8    867.3
     1     1    21     5    16    16     0     0   -56.0   39.996  120.874   1197.4    861.9
     1     1    21     5    16    15     0     0   -57.0   40.206  120.980   1230.8    855.5
     1     1    21     5    16    14     0     0   -58.0   40.425  121.097   1255.8    850.2
     1     1    21     5    16    13     0     0   -59.0   40.650  121.224   1273.0    845.9
     1     1    21     5    16    12     0     0   -60.0   40.880  121.358   1283.0    842.7
     1     1    21     5    16    11     0     0   -61.0   41.114  121.499   1293.2    840.3
     1     1    21     5    16    10     0     0   -62.0   41.355  121.645   1311.6    836.7
     1     1    21     5    16     9     0     0   -63.0   41.600  121.794   1337.8    832.8
     1     1    21     5    16     8     0     0   -64.0   41.849  121.944   1372.0    828.5
     1     1    21     5    16     7     0     0   -65.0   42.102  122.094   1414.4    824.0
     1     1    21     5    16     6     0     0   -66.0   42.357  122.243   1465.3    819.1
     1     1    21     5    16     5     0     0   -67.0   42.609  122.378   1515.6    814.3
     1     1    21     5    16     4     0     0   -68.0   42.852  122.480   1555.4    812.4
     1     1    21     5    16     3     0     0   -69.0   43.084  122.548   1582.9    810.3
     1     1    21     5    16     2     0     0   -70.0   43.308  122.582   1599.5    809.2
     1     1    21     5    16     1     0     0   -71.0   43.526  122.585   1606.6    809.3
     1     1    21     5    16     0     0     0   -72.0   43.739  122.560   1605.1    810.3
     1     1    21     5    15    23     0     0   -73.0   43.952  122.512   1604.3    811.8
     1     1    21     5    15    22     0     0   -74.0   44.167  122.445   1611.8    810.5
     1     1    21     5    15    21     0     0   -75.0   44.383  122.356   1627.0    807.8
     1     1    21     5    15    20     0     0   -76.0   44.597  122.248   1649.0    803.8
     1     1    21     5    15    19     0     0   -77.0   44.808  122.121   1677.0    798.8
     1     1    21     5    15    18     0     0   -78.0   45.012  121.977   1709.9    792.7
     1     1    21     5    15    17     0     0   -79.0   45.215  121.802   1744.5    783.5
     1     1    21     5    15    16     0     0   -80.0   45.424  121.583   1779.0    773.8
     1     1    21     5    15    15     0     0   -81.0   45.645  121.324   1814.4    763.6
     1     1    21     5    15    14     0     0   -82.0   45.879  121.030   1851.2    753.0
     1     1    21     5    15    13     0     0   -83.0   46.131  120.707   1889.6    742.3
     1     1    21     5    15    12     0     0   -84.0   46.403  120.361   1929.8    731.6
     1     1    21     5    15    11     0     0   -85.0   46.690  119.993   1974.1    721.1
     1     1    21     5    15    10     0     0   -86.0   46.987  119.607   2029.9    713.7
     1     1    21     5    15     9     0     0   -87.0   47.295  119.206   2094.2    707.0
     1     1    21     5    15     8     0     0   -88.0   47.614  118.797   2165.5    700.9
     1     1    21     5    15     7     0     0   -89.0   47.941  118.379   2240.1    694.7
     1     1    21     5    15     6     0     0   -90.0   48.271  117.953   2314.2    689.4
     1     1    21     5    15     5     0     0   -91.0   48.609  117.521   2388.3    684.9
     1     1    21     5    15     4     0     0   -92.0   48.964  117.085   2467.1    679.2
     1     1    21     5    15     3     0     0   -93.0   49.338  116.652   2551.9    672.9
     1     1    21     5    15     2     0     0   -94.0   49.732  116.234   2645.0    665.7
     1     1    21     5    15     1     0     0   -95.0   50.142  115.843   2747.1    656.6
     1     1    21     5    15     0     0     0   -96.0   50.557  115.488   2855.4    645.1
