     2     1
    CDC1    21     3     1     0     0
    CDC1    21     4     1     0     0
     1 BACKWARD OMEGA   
  2021     4    21    15   37.500  127.000   500.0
     1 PRESSURE
     1     1    21     4    21    15     0     0     0.0   37.500  127.000    500.0    943.1
     1     1    21     4    21    14     0     0    -1.0   37.354  126.948    496.5    944.1
     1     1    21     4    21    13     0     0    -2.0   37.208  126.897    491.2    945.3
     1     1    21     4    21    12     0     0    -3.0   37.062  126.846    484.6    946.7
     1     1    21     4    21    11     0     0    -4.0   36.916  126.807    479.3    948.2
     1     1    21     4    21    10     0     0    -5.0   36.769  126.792    478.0    948.7
     1     1    21     4    21     9     0     0    -6.0   36.624  126.803    480.6    948.7
     1     1    21     4    21     8     0     0    -7.0   36.480  126.839    486.9    948.1
     1     1    21     4    21     7     0     0    -8.0   36.338  126.901    497.0    946.8
     1     1    21     4    21     6     0     0    -9.0   36.200  126.990    510.8    945.0
     1     1    21     4    21     5     0     0   -10.0   36.070  127.099    527.8    942.9
     1     1    21     4    21     4     0     0   -11.0   35.951  127.223    547.2    940.6
     1     1    21     4    21     3     0     0   -12.0   35.844  127.360    569.6    938.1
     1     1    21     4    21     2     0     0   -13.0   35.753  127.507    595.7    935.2
     1     1    21     4    21     1     0     0   -14.0   35.680  127.662    626.0    932.5
     1     1    21     4    21     0     0     0   -15.0   35.627  127.819    660.6    928.7
     1     1    21     4    20    23     0     0   -16.0   35.586  127.963    697.7    923.7
     1     1    21     4    20    22     0     0   -17.0   35.545  128.080    736.4    919.0
     1     1    21     4    20    21     0     0   -18.0   35.504  128.169    776.0    914.2
     1     1    21     4    20    20     0     0   -19.0   35.461  128.231    816.4    909.5
     1     1    21     4    20    19     0     0   -20.0   35.417  128.268    857.4    904.8
     1     1    21     4    20    18     0     0   -21.0   35.370  128.279    898.9    900.2
     1     1    21     4    20    17     0     0   -22.0   35.327  128.278    941.9    895.9
     1     1    21     4    20    16     0     0   -23.0   35.293  128.277    986.7    890.9
     1     1    21     4    20    15     0     0   -24.0   35.271  128.275   1033.8    885.7
     1     1    21     4    20    14     0     0   -25.0   35.260  128.273   1083.7    880.4
     1     1    21     4    20    13     0     0   -26.0   35.262  128.271   1136.7    874.9
     1     1    21     4    20    12     0     0   -27.0   35.279  128.268   1193.3    869.2
     1     1    21     4    20    11     0     0   -28.0   35.307  128.274   1249.7    863.0
     1     1    21     4    20    10     0     0   -29.0   35.347  128.295   1302.3    857.4
     1     1    21     4    20     9     0     0   -30.0   35.397  128.327   1350.5    851.9
     1     1    21     4    20     8     0     0   -31.0   35.456  128.368   1394.1    847.1
     1     1    21     4    20     7     0     0   -32.0   35.526  128.416   1432.8    842.8
     1     1    21     4    20     6     0     0   -33.0   35.605  128.470   1466.4    839.1
     1     1    21     4    20     5     0     0   -34.0   35.699  128.511   1499.9    836.3
     1     1    21     4    20     4     0     0   -35.0   35.811  128.524   1537.4    832.5
     1     1    21     4    20     3     0     0   -36.0   35.942  128.509   1579.4    828.3
     1     1    21     4    20     2     0     0   -37.0   36.092  128.467   1626.0    823.8
     1     1    21     4    20     1     0     0   -38.0   36.263  128.399   1677.2    818.8
     1     1    21     4    20     0     0     0   -39.0   36.454  128.307   1733.5    813.2
     1     1    21     4    19    23     0     0   -40.0   36.662  128.189   1793.9    806.4
     1     1    21     4    19    22     0     0   -41.0   36.884  128.042   1856.1    799.5
     1     1    21     4    19    21     0     0   -42.0   37.118  127.867   1920.5    792.3
     1     1    21     4    19    20     0     0   -43.0   37.365  127.662   1987.1    784.9
     1     1    21     4    19    19     0     0   -44.0   37.625  127.428   2055.2    776.1
     1     1    21     4    19    18     0     0   -45.0   37.894  127.163   2124.7    766.7
     1     1    21     4    19    17     0     0   -46.0   38.161  126.874   2192.8    757.9
     1     1    21     4    19    16     0     0   -47.0   38.421  126.574   2256.7    749.8
     1     1    21     4    19    15     0     0   -48.0   38.674  126.268   2315.5    742.6
     1     1    21     4    19    14     0     0   -49.0   38.925  125.960   2368.0    736.3
     1     1    21     4    19    13     0     0   -50.0   39.174  125.653   2413.2    730.9
     1     1    21     4    19    12     0     0   -51.0   39.427  125.349   2449.7    726.4
     1     1    21     4    19    11     0     0   -52.0   39.676  125.040   2476.4    722.9
     1     1    21     4    19    10     0     0   -53.0   39.908  124.719   2492.9    721.4
     1     1    21     4    19     9     0     0   -54.0   40.121  124.385   2502.2    722.1
     1     1    21     4    19     8     0     0   -55.0   40.316  124.036   2507.5    723.9
     1     1    21     4    19     7     0     0   -56.0   40.493  123.671   2512.0    725.9
     1     1    21     4    19     6     0     0   -57.0   40.655  123.289   2519.3    727.8
     1     1    21     4    19     5     0     0   -58.0   40.819  122.907   2525.3    729.2
     1     1    21     4    19     4     0     0   -59.0   40.999  122.541   2522.3    731.3
     1     1    21     4    19     3     0     0   -60.0   41.198  122.192   2503.7    729.8
     1     1    21     4    19     2     0     0   -61.0   41.413  121.861   2473.3    728.2
     1     1    21     4    19     1     0     0   -62.0   41.648  121.546   2431.6    726.8
     1     1    21     4    19     0     0     0   -63.0   41.905  121.248   2378.4    725.7
     1     1    21     4    18    23     0     0   -64.0   42.169  120.945   2321.0    724.7
     1     1    21     4    18    22     0     0   -65.0   42.424  120.618   2271.2    721.4
     1     1    21     4    18    21     0     0   -66.0   42.669  120.264   2232.4    718.5
     1     1    21     4    18    20     0     0   -67.0   42.898  119.877   2205.7    713.8
     1     1    21     4    18    19     0     0   -68.0   43.108  119.454   2190.5    706.2
     1     1    21     4    18    18     0     0   -69.0   43.294  118.998   2188.8    697.3
     1     1    21     4    18    17     0     0   -70.0   43.466  118.520   2195.4    687.8
     1     1    21     4    18    16     0     0   -71.0   43.637  118.036   2205.0    678.6
     1     1    21     4    18    15     0     0   -72.0   43.807  117.545   2214.3    669.7
     1     1    21     4    18    14     0     0   -73.0   43.976  117.052   2226.9    666.7
     1     1    21     4    18    13     0     0   -74.0   44.141  116.562   2235.0    665.4
     1     1    21     4    18    12     0     0   -75.0   44.301  116.078   2237.9    665.0
     1     1    21     4    18    11     0     0   -76.0   44.450  115.586   2237.3    665.7
     1     1    21     4    18    10     0     0   -77.0   44.585  115.071   2234.1    666.8
     1     1    21     4    18     9     0     0   -78.0   44.705  114.529   2229.9    670.4
     1     1    21     4    18     8     0     0   -79.0   44.815  113.960   2221.6    674.8
     1     1    21     4    18     7     0     0   -80.0   44.916  113.363   2210.4    679.5
     1     1    21     4    18     6     0     0   -81.0   45.010  112.736   2197.9    684.2
     1     1    21     4    18     5     0     0   -82.0   45.103  112.100   2186.3    684.9
     1     1    21     4    18     4     0     0   -83.0   45.197  111.477   2186.1    682.1
     1     1    21     4    18     3     0     0   -84.0   45.289  110.867   2198.0    677.8
     1     1    21     4    18     2     0     0   -85.0   45.379  110.268   2222.3    672.1
     1     1    21     4    18     1     0     0   -86.0   45.465  109.679   2257.5    665.0
     1     1    21     4    18     0     0     0   -87.0   45.548  109.098   2301.5    657.2
     1     1    21     4    17    23     0     0   -88.0   45.625  108.514   2344.4    649.5
     1     1    21     4    17    22     0     0   -89.0   45.689  107.921   2377.8    643.8
     1     1    21     4    17    21     0     0   -90.0   45.742  107.323   2404.7    639.0
     1     1    21     4    17    20     0     0   -91.0   45.786  106.723   2427.5    635.2
     1     1    21     4    17    19     0     0   -92.0   45.822  106.124   2447.8    631.9
     1     1    21     4    17    18     0     0   -93.0   45.850  105.531   2468.0    628.7
     1     1    21     4    17    17     0     0   -94.0   45.882  104.948   2485.3    625.4
     1     1    21     4    17    16     0     0   -95.0   45.927  104.369   2489.5    620.1
     1     1    21     4    17    15     0     0   -96.0   45.984  103.786   2483.8    615.6
