     2     1
    CDC1    20    12     1     0     0
    CDC1    21     1     1     0     0
     1 BACKWARD OMEGA   
  2021     1     8    21   37.500  127.000   500.0
     1 PRESSURE
     1     1    21     1     8    21     0     0     0.0   37.500  127.000    500.0    937.9
     1     1    21     1     8    20     0     0    -1.0   37.645  126.757    520.0    934.6
     1     1    21     1     8    19     0     0    -2.0   37.797  126.497    539.1    931.4
     1     1    21     1     8    18     0     0    -3.0   37.955  126.220    556.8    928.5
     1     1    21     1     8    17     0     0    -4.0   38.115  125.932    575.5    926.1
     1     1    21     1     8    16     0     0    -5.0   38.279  125.640    597.4    923.2
     1     1    21     1     8    15     0     0    -6.0   38.447  125.348    622.8    920.1
     1     1    21     1     8    14     0     0    -7.0   38.617  125.058    652.0    916.1
     1     1    21     1     8    13     0     0    -8.0   38.794  124.771    686.0    911.6
     1     1    21     1     8    12     0     0    -9.0   38.978  124.488    725.8    906.6
     1     1    21     1     8    11     0     0   -10.0   39.171  124.207    767.8    901.3
     1     1    21     1     8    10     0     0   -11.0   39.373  123.930    807.9    897.0
     1     1    21     1     8     9     0     0   -12.0   39.584  123.658    846.5    893.3
     1     1    21     1     8     8     0     0   -13.0   39.805  123.394    884.3    890.1
     1     1    21     1     8     7     0     0   -14.0   40.038  123.137    921.7    887.3
     1     1    21     1     8     6     0     0   -15.0   40.286  122.884    957.8    884.0
     1     1    21     1     8     5     0     0   -16.0   40.544  122.627    993.8    880.9
     1     1    21     1     8     4     0     0   -17.0   40.808  122.362   1031.8    874.7
     1     1    21     1     8     3     0     0   -18.0   41.076  122.084   1072.3    865.4
     1     1    21     1     8     2     0     0   -19.0   41.347  121.791   1116.2    854.7
     1     1    21     1     8     1     0     0   -20.0   41.619  121.483   1163.6    842.6
     1     1    21     1     8     0     0     0   -21.0   41.892  121.161   1214.8    829.1
     1     1    21     1     7    23     0     0   -22.0   42.178  120.834   1267.4    814.2
     1     1    21     1     7    22     0     0   -23.0   42.492  120.511   1319.0    797.6
     1     1    21     1     7    21     0     0   -24.0   42.833  120.192   1369.0    784.9
     1     1    21     1     7    20     0     0   -25.0   43.199  119.877   1412.7    772.5
     1     1    21     1     7    19     0     0   -26.0   43.590  119.565   1450.2    760.5
     1     1    21     1     7    18     0     0   -27.0   44.001  119.260   1482.3    750.1
     1     1    21     1     7    17     0     0   -28.0   44.428  118.953   1511.3    740.7
     1     1    21     1     7    16     0     0   -29.0   44.867  118.640   1539.8    731.7
     1     1    21     1     7    15     0     0   -30.0   45.315  118.324   1567.1    725.7
     1     1    21     1     7    14     0     0   -31.0   45.766  118.009   1592.0    722.8
     1     1    21     1     7    13     0     0   -32.0   46.219  117.698   1613.4    722.2
     1     1    21     1     7    12     0     0   -33.0   46.672  117.393   1631.4    724.5
     1     1    21     1     7    11     0     0   -34.0   47.127  117.109   1645.8    728.9
     1     1    21     1     7    10     0     0   -35.0   47.588  116.861   1656.7    733.1
     1     1    21     1     7     9     0     0   -36.0   48.053  116.655   1666.6    734.5
     1     1    21     1     7     8     0     0   -37.0   48.522  116.498   1680.0    735.0
     1     1    21     1     7     7     0     0   -38.0   48.993  116.393   1697.0    734.8
     1     1    21     1     7     6     0     0   -39.0   49.465  116.342   1717.8    734.1
     1     1    21     1     7     5     0     0   -40.0   49.935  116.335   1738.5    732.9
     1     1    21     1     7     4     0     0   -41.0   50.403  116.351   1755.8    729.3
     1     1    21     1     7     3     0     0   -42.0   50.868  116.388   1772.6    725.5
     1     1    21     1     7     2     0     0   -43.0   51.327  116.446   1791.1    721.8
     1     1    21     1     7     1     0     0   -44.0   51.782  116.527   1813.6    717.8
     1     1    21     1     7     0     0     0   -45.0   52.231  116.634   1842.2    713.5
     1     1    21     1     6    23     0     0   -46.0   52.667  116.780   1874.5    707.5
     1     1    21     1     6    22     0     0   -47.0   53.081  116.972   1903.0    700.3
     1     1    21     1     6    21     0     0   -48.0   53.472  117.201   1929.0    694.0
     1     1    21     1     6    20     0     0   -49.0   53.838  117.469   1953.1    688.3
     1     1    21     1     6    19     0     0   -50.0   54.178  117.775   1974.8    682.6
     1     1    21     1     6    18     0     0   -51.0   54.490  118.119   1994.4    677.8
     1     1    21     1     6    17     0     0   -52.0   54.787  118.476   2014.5    674.3
     1     1    21     1     6    16     0     0   -53.0   55.085  118.815   2036.4    671.9
     1     1    21     1     6    15     0     0   -54.0   55.389  119.127   2059.5    672.0
     1     1    21     1     6    14     0     0   -55.0   55.702  119.402   2079.1    672.3
     1     1    21     1     6    13     0     0   -56.0   56.025  119.635   2093.9    673.0
     1     1    21     1     6    12     0     0   -57.0   56.360  119.824   2102.5    674.2
     1     1    21     1     6    11     0     0   -58.0   56.686  119.996   2104.4    675.6
     1     1    21     1     6    10     0     0   -59.0   56.981  120.183   2102.0    677.4
     1     1    21     1     6     9     0     0   -60.0   57.246  120.385   2095.5    679.4
     1     1    21     1     6     8     0     0   -61.0   57.484  120.604   2085.5    681.7
     1     1    21     1     6     7     0     0   -62.0   57.695  120.840   2075.9    686.5
     1     1    21     1     6     6     0     0   -63.0   57.882  121.090   2065.7    691.2
     1     1    21     1     6     5     0     0   -64.0   58.062  121.334   2054.2    695.8
     1     1    21     1     6     4     0     0   -65.0   58.255  121.548   2040.3    700.9
     1     1    21     1     6     3     0     0   -66.0   58.460  121.732   2023.5    706.3
     1     1    21     1     6     2     0     0   -67.0   58.676  121.884   2003.2    712.1
     1     1    21     1     6     1     0     0   -68.0   58.901  122.002   1978.9    718.4
     1     1    21     1     6     0     0     0   -69.0   59.135  122.084   1950.1    725.3
     1     1    21     1     5    23     0     0   -70.0   59.363  122.127   1922.7    732.5
     1     1    21     1     5    22     0     0   -71.0   59.572  122.132   1901.3    738.1
     1     1    21     1     5    21     0     0   -72.0   59.763  122.106   1887.1    742.7
     1     1    21     1     5    20     0     0   -73.0   59.938  122.055   1880.5    746.2
     1     1    21     1     5    19     0     0   -74.0   60.098  121.987   1881.9    748.1
     1     1    21     1     5    18     0     0   -75.0   60.242  121.912   1892.3    748.6
     1     1    21     1     5    17     0     0   -76.0   60.380  121.838   1904.7    748.1
     1     1    21     1     5    16     0     0   -77.0   60.521  121.766   1912.4    748.9
     1     1    21     1     5    15     0     0   -78.0   60.663  121.696   1915.0    750.4
     1     1    21     1     5    14     0     0   -79.0   60.808  121.630   1912.2    752.4
     1     1    21     1     5    13     0     0   -80.0   60.956  121.568   1903.9    755.1
     1     1    21     1     5    12     0     0   -81.0   61.105  121.511   1890.0    758.5
     1     1    21     1     5    11     0     0   -82.0   61.255  121.450   1876.3    762.4
     1     1    21     1     5    10     0     0   -83.0   61.402  121.377   1868.8    765.2
     1     1    21     1     5     9     0     0   -84.0   61.547  121.293   1867.1    767.3
     1     1    21     1     5     8     0     0   -85.0   61.692  121.199   1871.0    769.0
     1     1    21     1     5     7     0     0   -86.0   61.834  121.096   1880.4    770.0
     1     1    21     1     5     6     0     0   -87.0   61.976  120.985   1895.2    770.6
     1     1    21     1     5     5     0     0   -88.0   62.121  120.881   1914.2    770.5
     1     1    21     1     5     4     0     0   -89.0   62.273  120.800   1935.0    770.5
     1     1    21     1     5     3     0     0   -90.0   62.432  120.744   1957.9    770.4
     1     1    21     1     5     2     0     0   -91.0   62.599  120.717   1982.0    768.8
     1     1    21     1     5     1     0     0   -92.0   62.775  120.725   2006.9    766.3
     1     1    21     1     5     0     0     0   -93.0   62.959  120.772   2033.4    763.5
     1     1    21     1     4    23     0     0   -94.0   63.147  120.848   2060.8    760.4
     1     1    21     1     4    22     0     0   -95.0   63.332  120.942   2089.0    757.3
     1     1    21     1     4    21     0     0   -96.0   63.515  121.053   2117.6    754.0
