     2     1
    CDC1    21    10     1     0     0
    CDC1    21    11     1     0     0
     1 BACKWARD OMEGA   
  2021    11    25    21   37.500  127.000   500.0
     1 PRESSURE
     1     1    21    11    25    21     0     0     0.0   37.500  127.000    500.0    943.5
     1     1    21    11    25    20     0     0    -1.0   37.634  126.735    535.9    938.4
     1     1    21    11    25    19     0     0    -2.0   37.764  126.456    570.4    933.8
     1     1    21    11    25    18     0     0    -3.0   37.888  126.163    603.3    929.7
     1     1    21    11    25    17     0     0    -4.0   38.004  125.869    634.3    926.3
     1     1    21    11    25    16     0     0    -5.0   38.113  125.588    663.6    922.8
     1     1    21    11    25    15     0     0    -6.0   38.215  125.320    691.0    919.7
     1     1    21    11    25    14     0     0    -7.0   38.313  125.068    717.0    917.0
     1     1    21    11    25    13     0     0    -8.0   38.406  124.832    741.5    914.3
     1     1    21    11    25    12     0     0    -9.0   38.496  124.612    764.5    911.8
     1     1    21    11    25    11     0     0   -10.0   38.588  124.394    788.3    909.3
     1     1    21    11    25    10     0     0   -11.0   38.689  124.166    815.3    906.4
     1     1    21    11    25     9     0     0   -12.0   38.800  123.928    845.0    903.3
     1     1    21    11    25     8     0     0   -13.0   38.921  123.680    877.0    900.2
     1     1    21    11    25     7     0     0   -14.0   39.051  123.424    910.9    897.1
     1     1    21    11    25     6     0     0   -15.0   39.192  123.159    946.1    893.9
     1     1    21    11    25     5     0     0   -16.0   39.344  122.888    981.9    890.9
     1     1    21    11    25     4     0     0   -17.0   39.506  122.611   1018.1    888.3
     1     1    21    11    25     3     0     0   -18.0   39.681  122.325   1055.6    884.0
     1     1    21    11    25     2     0     0   -19.0   39.874  122.022   1096.3    878.0
     1     1    21    11    25     1     0     0   -20.0   40.085  121.696   1141.5    870.8
     1     1    21    11    25     0     0     0   -21.0   40.321  121.345   1190.6    861.4
     1     1    21    11    24    23     0     0   -22.0   40.578  120.974   1240.5    850.3
     1     1    21    11    24    22     0     0   -23.0   40.854  120.589   1289.0    838.4
     1     1    21    11    24    21     0     0   -24.0   41.150  120.188   1338.1    824.3
     1     1    21    11    24    20     0     0   -25.0   41.466  119.762   1387.7    806.0
     1     1    21    11    24    19     0     0   -26.0   41.803  119.301   1438.7    783.9
     1     1    21    11    24    18     0     0   -27.0   42.158  118.793   1493.2    759.4
     1     1    21    11    24    17     0     0   -28.0   42.536  118.236   1552.7    733.3
     1     1    21    11    24    16     0     0   -29.0   42.938  117.660   1622.2    714.9
     1     1    21    11    24    15     0     0   -30.0   43.360  117.091   1698.7    703.1
     1     1    21    11    24    14     0     0   -31.0   43.799  116.535   1776.6    695.2
     1     1    21    11    24    13     0     0   -32.0   44.254  115.991   1853.8    689.4
     1     1    21    11    24    12     0     0   -33.0   44.727  115.455   1931.0    685.6
     1     1    21    11    24    11     0     0   -34.0   45.205  114.910   2005.8    684.1
     1     1    21    11    24    10     0     0   -35.0   45.663  114.344   2069.2    683.5
     1     1    21    11    24     9     0     0   -36.0   46.097  113.767   2116.9    681.1
     1     1    21    11    24     8     0     0   -37.0   46.512  113.174   2149.0    676.5
     1     1    21    11    24     7     0     0   -38.0   46.916  112.560   2165.2    670.1
     1     1    21    11    24     6     0     0   -39.0   47.311  111.923   2165.9    661.4
     1     1    21    11    24     5     0     0   -40.0   47.697  111.280   2160.7    653.2
     1     1    21    11    24     4     0     0   -41.0   48.072  110.659   2159.1    646.8
     1     1    21    11    24     3     0     0   -42.0   48.434  110.073   2160.5    641.0
     1     1    21    11    24     2     0     0   -43.0   48.777  109.532   2171.5    642.0
     1     1    21    11    24     1     0     0   -44.0   49.100  109.045   2184.7    644.3
     1     1    21    11    24     0     0     0   -45.0   49.402  108.614   2197.3    647.1
     1     1    21    11    23    23     0     0   -46.0   49.686  108.232   2208.8    650.3
     1     1    21    11    23    22     0     0   -47.0   49.955  107.896   2222.5    653.2
     1     1    21    11    23    21     0     0   -48.0   50.211  107.602   2237.5    657.6
     1     1    21    11    23    20     0     0   -49.0   50.454  107.340   2250.6    661.6
     1     1    21    11    23    19     0     0   -50.0   50.686  107.106   2260.5    665.1
     1     1    21    11    23    18     0     0   -51.0   50.907  106.898   2266.6    668.8
     1     1    21    11    23    17     0     0   -52.0   51.112  106.699   2269.1    672.7
     1     1    21    11    23    16     0     0   -53.0   51.301  106.490   2267.6    676.8
     1     1    21    11    23    15     0     0   -54.0   51.473  106.266   2264.0    680.8
     1     1    21    11    23    14     0     0   -55.0   51.630  106.023   2259.3    684.7
     1     1    21    11    23    13     0     0   -56.0   51.771  105.756   2254.3    688.4
     1     1    21    11    23    12     0     0   -57.0   51.898  105.461   2250.0    691.9
     1     1    21    11    23    11     0     0   -58.0   52.011  105.157   2244.7    694.9
     1     1    21    11    23    10     0     0   -59.0   52.113  104.869   2236.4    695.1
     1     1    21    11    23     9     0     0   -60.0   52.207  104.597   2224.3    692.3
     1     1    21    11    23     8     0     0   -61.0   52.292  104.343   2211.8    689.7
     1     1    21    11    23     7     0     0   -62.0   52.370  104.110   2198.6    687.3
     1     1    21    11    23     6     0     0   -63.0   52.441  103.902   2184.6    685.4
     1     1    21    11    23     5     0     0   -64.0   52.510  103.700   2166.5    683.9
     1     1    21    11    23     4     0     0   -65.0   52.582  103.478   2141.8    682.9
     1     1    21    11    23     3     0     0   -66.0   52.659  103.229   2108.9    682.5
     1     1    21    11    23     2     0     0   -67.0   52.740  102.954   2066.4    682.7
     1     1    21    11    23     1     0     0   -68.0   52.825  102.649   2012.6    683.8
     1     1    21    11    23     0     0     0   -69.0   52.915  102.311   1945.9    686.0
     1     1    21    11    22    23     0     0   -70.0   52.997  101.948   1876.4    689.3
     1     1    21    11    22    22     0     0   -71.0   53.064  101.570   1812.7    690.7
     1     1    21    11    22    21     0     0   -72.0   53.114  101.180   1755.3    691.2
     1     1    21    11    22    20     0     0   -73.0   53.147  100.782   1704.2    690.5
     1     1    21    11    22    19     0     0   -74.0   53.163  100.381   1659.6    688.7
     1     1    21    11    22    18     0     0   -75.0   53.161   99.979   1622.3    685.9
     1     1    21    11    22    17     0     0   -76.0   53.153   99.571   1591.5    688.0
     1     1    21    11    22    16     0     0   -77.0   53.153   99.144   1558.2    691.1
     1     1    21    11    22    15     0     0   -78.0   53.160   98.699   1521.9    694.8
     1     1    21    11    22    14     0     0   -79.0   53.175   98.239   1482.5    699.1
     1     1    21    11    22    13     0     0   -80.0   53.198   97.763   1440.0    704.0
     1     1    21    11    22    12     0     0   -81.0   53.228   97.275   1397.4    712.0
     1     1    21    11    22    11     0     0   -82.0   53.245   96.773   1361.7    723.2
     1     1    21    11    22    10     0     0   -83.0   53.237   96.254   1333.8    732.6
     1     1    21    11    22     9     0     0   -84.0   53.201   95.716   1313.0    741.0
     1     1    21    11    22     8     0     0   -85.0   53.135   95.161   1297.9    748.8
     1     1    21    11    22     7     0     0   -86.0   53.037   94.586   1285.9    753.8
     1     1    21    11    22     6     0     0   -87.0   52.906   93.992   1277.6    757.3
     1     1    21    11    22     5     0     0   -88.0   52.754   93.389   1274.5    760.0
     1     1    21    11    22     4     0     0   -89.0   52.591   92.789   1277.7    761.7
     1     1    21    11    22     3     0     0   -90.0   52.420   92.191   1284.0    758.8
     1     1    21    11    22     2     0     0   -91.0   52.247   91.587   1290.8    751.2
     1     1    21    11    22     1     0     0   -92.0   52.075   90.969   1297.8    742.2
     1     1    21    11    22     0     0     0   -93.0   51.904   90.340   1303.5    732.1
     1     1    21    11    21    23     0     0   -94.0   51.727   89.697   1309.0    723.4
     1     1    21    11    21    22     0     0   -95.0   51.540   89.039   1316.3    717.4
     1     1    21    11    21    21     0     0   -96.0   51.349   88.364   1321.6    711.1
