     2     1
    CDC1    21     9     1     0     0
    CDC1    21    10     1     0     0
     1 BACKWARD OMEGA   
  2021    10     9     9   37.500  127.000   500.0
     1 PRESSURE
     1     1    21    10     9     9     0     0     0.0   37.500  127.000    500.0    945.2
     1     1    21    10     9     8     0     0    -1.0   37.319  127.059    471.9    948.7
     1     1    21    10     9     7     0     0    -2.0   37.151  127.148    448.6    951.2
     1     1    21    10     9     6     0     0    -3.0   36.996  127.263    429.4    953.2
     1     1    21    10     9     5     0     0    -4.0   36.854  127.399    413.0    954.9
     1     1    21    10     9     4     0     0    -5.0   36.723  127.550    398.1    956.8
     1     1    21    10     9     3     0     0    -6.0   36.603  127.715    384.3    959.3
     1     1    21    10     9     2     0     0    -7.0   36.493  127.891    371.4    961.3
     1     1    21    10     9     1     0     0    -8.0   36.391  128.076    359.2    963.1
     1     1    21    10     9     0     0     0    -9.0   36.298  128.270    347.7    964.8
     1     1    21    10     8    23     0     0   -10.0   36.215  128.474    338.5    965.8
     1     1    21    10     8    22     0     0   -11.0   36.141  128.690    332.7    966.3
     1     1    21    10     8    21     0     0   -12.0   36.076  128.916    330.1    966.3
     1     1    21    10     8    20     0     0   -13.0   36.020  129.152    330.5    966.0
     1     1    21    10     8    19     0     0   -14.0   35.971  129.398    333.7    965.3
     1     1    21    10     8    18     0     0   -15.0   35.930  129.653    339.6    964.3
     1     1    21    10     8    17     0     0   -16.0   35.902  129.904    346.1    963.2
     1     1    21    10     8    16     0     0   -17.0   35.894  130.139    351.3    963.2
     1     1    21    10     8    15     0     0   -18.0   35.903  130.355    354.9    963.9
     1     1    21    10     8    14     0     0   -19.0   35.927  130.554    356.8    964.8
     1     1    21    10     8    13     0     0   -20.0   35.966  130.737    356.9    965.8
     1     1    21    10     8    12     0     0   -21.0   36.017  130.903    355.1    967.1
     1     1    21    10     8    11     0     0   -22.0   36.072  131.058    352.0    968.2
     1     1    21    10     8    10     0     0   -23.0   36.123  131.206    348.4    969.3
     1     1    21    10     8     9     0     0   -24.0   36.172  131.347    344.2    970.5
     1     1    21    10     8     8     0     0   -25.0   36.220  131.480    339.6    971.6
     1     1    21    10     8     7     0     0   -26.0   36.268  131.606    334.5    972.8
     1     1    21    10     8     6     0     0   -27.0   36.318  131.725    329.1    974.1
     1     1    21    10     8     5     0     0   -28.0   36.367  131.843    322.9    975.9
     1     1    21    10     8     4     0     0   -29.0   36.416  131.964    315.6    978.0
     1     1    21    10     8     3     0     0   -30.0   36.465  132.090    307.2    980.2
     1     1    21    10     8     2     0     0   -31.0   36.513  132.221    298.0    982.6
     1     1    21    10     8     1     0     0   -32.0   36.561  132.356    288.2    985.1
     1     1    21    10     8     0     0     0   -33.0   36.609  132.497    277.8    987.8
     1     1    21    10     7    23     0     0   -34.0   36.661  132.628    267.0    988.6
     1     1    21    10     7    22     0     0   -35.0   36.722  132.735    256.2    989.4
     1     1    21    10     7    21     0     0   -36.0   36.792  132.818    245.3    990.5
     1     1    21    10     7    20     0     0   -37.0   36.872  132.879    234.3    991.9
     1     1    21    10     7    19     0     0   -38.0   36.964  132.918    223.0    993.5
     1     1    21    10     7    18     0     0   -39.0   37.068  132.935    211.6    995.4
     1     1    21    10     7    17     0     0   -40.0   37.177  132.935    199.5    997.5
     1     1    21    10     7    16     0     0   -41.0   37.281  132.921    186.8    999.4
     1     1    21    10     7    15     0     0   -42.0   37.380  132.892    173.7   1001.4
     1     1    21    10     7    14     0     0   -43.0   37.475  132.847    160.2   1003.6
     1     1    21    10     7    13     0     0   -44.0   37.568  132.786    147.0   1005.6
     1     1    21    10     7    12     0     0   -45.0   37.658  132.706    134.3   1007.4
     1     1    21    10     7    11     0     0   -46.0   37.737  132.613    122.5   1009.1
     1     1    21    10     7    10     0     0   -47.0   37.792  132.507    111.7   1010.7
     1     1    21    10     7     9     0     0   -48.0   37.821  132.387    101.6   1010.4
     1     1    21    10     7     8     0     0   -49.0   37.822  132.250     91.9   1009.8
     1     1    21    10     7     7     0     0   -50.0   37.794  132.093     82.6   1009.1
     1     1    21    10     7     6     0     0   -51.0   37.739  131.909     73.4   1008.0
     1     1    21    10     7     5     0     0   -52.0   37.664  131.729     64.6   1007.6
     1     1    21    10     7     4     0     0   -53.0   37.579  131.581     56.2   1007.6
     1     1    21    10     7     3     0     0   -54.0   37.481  131.464     48.5   1007.7
     1     1    21    10     7     2     0     0   -55.0   37.370  131.380     41.5   1007.5
     1     1    21    10     7     1     0     0   -56.0   37.248  131.331     35.5   1007.3
     1     1    21    10     7     0     0     0   -57.0   37.115  131.315     30.7   1007.3
     1     1    21    10     6    23     0     0   -58.0   36.980  131.329     26.3   1007.2
     1     1    21    10     6    22     0     0   -59.0   36.848  131.370     22.0   1007.4
     1     1    21    10     6    21     0     0   -60.0   36.719  131.440     18.0   1007.8
     1     1    21    10     6    20     0     0   -61.0   36.593  131.541     14.5   1008.3
     1     1    21    10     6    19     0     0   -62.0   36.471  131.672     11.6   1008.9
     1     1    21    10     6    18     0     0   -63.0   36.356  131.834      9.3   1009.3
     1     1    21    10     6    17     0     0   -64.0   36.260  132.017      8.1   1009.9
     1     1    21    10     6    16     0     0   -65.0   36.194  132.216      8.1   1010.8
     1     1    21    10     6    15     0     0   -66.0   36.157  132.433      9.5   1011.9
     1     1    21    10     6    14     0     0   -67.0   36.149  132.668     12.1   1011.3
     1     1    21    10     6    13     0     0   -68.0   36.171  132.921     15.4   1009.9
     1     1    21    10     6    12     0     0   -69.0   36.223  133.192     19.3   1008.6
     1     1    21    10     6    11     0     0   -70.0   36.301  133.470     22.6   1007.2
     1     1    21    10     6    10     0     0   -71.0   36.403  133.740     24.2   1006.4
     1     1    21    10     6     9     0     0   -72.0   36.529  134.000     24.3   1005.9
     1     1    21    10     6     8     0     0   -73.0   36.679  134.250     23.1   1005.8
     1     1    21    10     6     7     0     0   -74.0   36.857  134.487     21.0   1006.1
     1     1    21    10     6     6     0     0   -75.0   37.063  134.713     18.1   1006.6
     1     1    21    10     6     5     0     0   -76.0   37.287  134.926     15.1   1007.5
     1     1    21    10     6     4     0     0   -77.0   37.517  135.133     12.5   1007.4
     1     1    21    10     6     3     0     0   -78.0   37.749  135.327     10.7   1008.3
     1     1    21    10     6     2     0     0   -79.0   37.984  135.500      9.3   1009.2
     1     1    21    10     6     1     0     0   -80.0   38.223  135.652      8.3   1010.6
     1     1    21    10     6     0     0     0   -81.0   38.467  135.783      7.4   1012.5
     1     1    21    10     5    23     0     0   -82.0   38.722  135.886      6.7   1014.5
     1     1    21    10     5    22     0     0   -83.0   38.991  135.956      6.1   1017.2
     1     1    21    10     5    21     0     0   -84.0   39.276  136.000      5.6   1020.5
     1     1    21    10     5    20     0     0   -85.0   39.581  136.024      5.3   1024.4
     1     1    21    10     5    19     0     0   -86.0   39.907  136.034      5.1   1028.7
     1     1    21    10     5    18     0     0   -87.0   40.249  136.033      5.1   1028.1
     1     1    21    10     5    17     0     0   -88.0   40.585  136.010      5.4   1025.5
     1     1    21    10     5    16     0     0   -89.0   40.902  135.967      5.9   1023.2
     1     1    21    10     5    15     0     0   -90.0   41.207  135.914      6.6   1021.0
     1     1    21    10     5    14     0     0   -91.0   41.504  135.860      7.6   1018.7
     1     1    21    10     5    13     0     0   -92.0   41.799  135.814      8.7   1016.5
     1     1    21    10     5    12     0     0   -93.0   42.097  135.785     10.1   1014.1
     1     1    21    10     5    11     0     0   -94.0   42.393  135.789     11.7   1011.7
     1     1    21    10     5    10     0     0   -95.0   42.673  135.829     13.6   1009.1
     1     1    21    10     5     9     0     0   -96.0   42.930  135.888     15.3   1006.7
