     2     1
    CDC1    21     2     1     0     0
    CDC1    21     3     1     0     0
     1 BACKWARD OMEGA   
  2021     3     2    18   37.500  127.000   500.0
     1 PRESSURE
     1     1    21     3     2    18     0     0     0.0   37.500  127.000    500.0    946.9
     1     1    21     3     2    17     0     0    -1.0   37.440  126.850    495.7    948.4
     1     1    21     3     2    16     0     0    -2.0   37.405  126.723    495.3    949.0
     1     1    21     3     2    15     0     0    -3.0   37.397  126.618    498.4    949.0
     1     1    21     3     2    14     0     0    -4.0   37.413  126.531    505.0    948.4
     1     1    21     3     2    13     0     0    -5.0   37.455  126.463    514.9    947.3
     1     1    21     3     2    12     0     0    -6.0   37.522  126.412    528.2    945.3
     1     1    21     3     2    11     0     0    -7.0   37.607  126.369    545.5    942.2
     1     1    21     3     2    10     0     0    -8.0   37.706  126.321    567.1    938.4
     1     1    21     3     2     9     0     0    -9.0   37.816  126.267    593.4    934.0
     1     1    21     3     2     8     0     0   -10.0   37.938  126.207    624.4    929.1
     1     1    21     3     2     7     0     0   -11.0   38.074  126.139    660.4    922.9
     1     1    21     3     2     6     0     0   -12.0   38.223  126.060    701.4    916.1
     1     1    21     3     2     5     0     0   -13.0   38.387  125.976    747.5    908.2
     1     1    21     3     2     4     0     0   -14.0   38.568  125.895    799.8    899.8
     1     1    21     3     2     3     0     0   -15.0   38.762  125.820    858.7    890.6
     1     1    21     3     2     2     0     0   -16.0   38.971  125.754    925.0    880.8
     1     1    21     3     2     1     0     0   -17.0   39.193  125.695    999.5    869.0
     1     1    21     3     2     0     0     0   -18.0   39.428  125.641   1082.7    856.4
     1     1    21     3     1    23     0     0   -19.0   39.676  125.588   1168.5    842.6
     1     1    21     3     1    22     0     0   -20.0   39.936  125.532   1250.9    830.1
     1     1    21     3     1    21     0     0   -21.0   40.205  125.474   1329.7    819.2
     1     1    21     3     1    20     0     0   -22.0   40.480  125.408   1403.4    809.7
     1     1    21     3     1    19     0     0   -23.0   40.761  125.337   1472.1    801.2
     1     1    21     3     1    18     0     0   -24.0   41.045  125.262   1537.0    793.4
     1     1    21     3     1    17     0     0   -25.0   41.325  125.192   1599.8    786.9
     1     1    21     3     1    16     0     0   -26.0   41.592  125.133   1661.0    780.7
     1     1    21     3     1    15     0     0   -27.0   41.852  125.082   1721.5    774.5
     1     1    21     3     1    14     0     0   -28.0   42.105  125.037   1782.2    768.1
     1     1    21     3     1    13     0     0   -29.0   42.355  124.996   1843.9    761.7
     1     1    21     3     1    12     0     0   -30.0   42.602  124.952   1907.5    756.7
     1     1    21     3     1    11     0     0   -31.0   42.847  124.892   1975.0    753.6
     1     1    21     3     1    10     0     0   -32.0   43.092  124.806   2045.9    750.1
     1     1    21     3     1     9     0     0   -33.0   43.339  124.691   2121.4    746.1
     1     1    21     3     1     8     0     0   -34.0   43.588  124.544   2202.4    741.4
     1     1    21     3     1     7     0     0   -35.0   43.844  124.362   2290.0    735.7
     1     1    21     3     1     6     0     0   -36.0   44.110  124.142   2385.9    728.9
     1     1    21     3     1     5     0     0   -37.0   44.382  123.867   2484.3    721.3
     1     1    21     3     1     4     0     0   -38.0   44.656  123.527   2581.4    714.1
     1     1    21     3     1     3     0     0   -39.0   44.934  123.121   2678.3    706.2
     1     1    21     3     1     2     0     0   -40.0   45.212  122.640   2769.2    694.2
     1     1    21     3     1     1     0     0   -41.0   45.475  122.067   2843.1    675.7
     1     1    21     3     1     0     0     0   -42.0   45.709  121.384   2903.7    656.2
     1     1    21     2    28    23     0     0   -43.0   45.913  120.593   2957.0    636.9
     1     1    21     2    28    22     0     0   -44.0   46.086  119.708   3012.0    619.7
     1     1    21     2    28    21     0     0   -45.0   46.231  118.764   3071.0    608.0
     1     1    21     2    28    20     0     0   -46.0   46.352  117.788   3126.3    598.0
     1     1    21     2    28    19     0     0   -47.0   46.456  116.802   3182.0    593.6
     1     1    21     2    28    18     0     0   -48.0   46.552  115.823   3229.9    591.8
     1     1    21     2    28    17     0     0   -49.0   46.651  114.859   3264.4    590.3
     1     1    21     2    28    16     0     0   -50.0   46.764  113.900   3277.8    584.7
     1     1    21     2    28    15     0     0   -51.0   46.893  112.926   3281.5    578.2
     1     1    21     2    28    14     0     0   -52.0   47.038  111.921   3274.7    569.7
     1     1    21     2    28    13     0     0   -53.0   47.194  110.867   3260.6    559.0
     1     1    21     2    28    12     0     0   -54.0   47.356  109.755   3245.9    549.1
     1     1    21     2    28    11     0     0   -55.0   47.506  108.614   3255.7    548.1
     1     1    21     2    28    10     0     0   -56.0   47.629  107.475   3285.6    547.7
     1     1    21     2    28     9     0     0   -57.0   47.734  106.353   3333.5    547.4
     1     1    21     2    28     8     0     0   -58.0   47.825  105.249   3393.4    545.7
     1     1    21     2    28     7     0     0   -59.0   47.906  104.140   3436.3    533.1
     1     1    21     2    28     6     0     0   -60.0   47.977  103.004   3468.4    517.2
     1     1    21     2    28     5     0     0   -61.0   48.036  101.843   3482.1    499.7
     1     1    21     2    28     4     0     0   -62.0   48.089  100.670   3484.9    482.0
     1     1    21     2    28     3     0     0   -63.0   48.147   99.499   3504.0    471.1
     1     1    21     2    28     2     0     0   -64.0   48.223   98.350   3553.8    468.5
     1     1    21     2    28     1     0     0   -65.0   48.324   97.235   3624.6    467.8
     1     1    21     2    28     0     0     0   -66.0   48.448   96.156   3725.8    472.6
     1     1    21     2    27    23     0     0   -67.0   48.581   95.105   3828.2    477.5
     1     1    21     2    27    22     0     0   -68.0   48.712   94.062   3897.0    476.3
     1     1    21     2    27    21     0     0   -69.0   48.838   93.013   3949.3    474.1
     1     1    21     2    27    20     0     0   -70.0   48.960   91.951   3980.6    468.0
     1     1    21     2    27    19     0     0   -71.0   49.068   90.872   3989.4    458.0
     1     1    21     2    27    18     0     0   -72.0   49.150   89.777   3992.6    450.2
     1     1    21     2    27    17     0     0   -73.0   49.210   88.696   4017.4    451.6
     1     1    21     2    27    16     0     0   -74.0   49.259   87.648   4035.5    453.2
     1     1    21     2    27    15     0     0   -75.0   49.301   86.635   4090.2    465.6
     1     1    21     2    27    14     0     0   -76.0   49.337   85.665   4157.9    478.6
     1     1    21     2    27    13     0     0   -77.0   49.362   84.733   4233.9    489.9
     1     1    21     2    27    12     0     0   -78.0   49.374   83.831   4314.2    499.0
     1     1    21     2    27    11     0     0   -79.0   49.376   82.954   4389.3    507.4
     1     1    21     2    27    10     0     0   -80.0   49.378   82.098   4436.8    513.4
     1     1    21     2    27     9     0     0   -81.0   49.389   81.249   4456.9    515.8
     1     1    21     2    27     8     0     0   -82.0   49.412   80.405   4466.4    519.1
     1     1    21     2    27     7     0     0   -83.0   49.444   79.564   4462.0    521.0
     1     1    21     2    27     6     0     0   -84.0   49.485   78.724   4447.2    520.8
     1     1    21     2    27     5     0     0   -85.0   49.527   77.892   4429.8    520.4
     1     1    21     2    27     4     0     0   -86.0   49.569   77.074   4416.3    520.6
     1     1    21     2    27     3     0     0   -87.0   49.611   76.272   4406.9    521.3
     1     1    21     2    27     2     0     0   -88.0   49.654   75.486   4401.6    521.8
     1     1    21     2    27     1     0     0   -89.0   49.698   74.716   4402.9    522.2
     1     1    21     2    27     0     0     0   -90.0   49.742   73.962   4413.4    522.6
     1     1    21     2    26    23     0     0   -91.0   49.791   73.229   4428.9    522.7
     1     1    21     2    26    22     0     0   -92.0   49.844   72.525   4444.0    523.2
     1     1    21     2    26    21     0     0   -93.0   49.899   71.852   4456.1    525.0
     1     1    21     2    26    20     0     0   -94.0   49.951   71.214   4462.1    527.3
     1     1    21     2    26    19     0     0   -95.0   49.993   70.614   4460.4    530.0
     1     1    21     2    26    18     0     0   -96.0   50.020   70.052   4449.2    533.3
