     2     1
    CDC1    21     4     1     0     0
    CDC1    21     5     1     0     0
     1 BACKWARD OMEGA   
  2021     5    18    18   37.500  127.000   500.0
     1 PRESSURE
     1     1    21     5    18    18     0     0     0.0   37.500  127.000    500.0    934.5
     1     1    21     5    18    17     0     0    -1.0   37.522  126.821    491.4    935.9
     1     1    21     5    18    16     0     0    -2.0   37.529  126.647    485.8    937.2
     1     1    21     5    18    15     0     0    -3.0   37.525  126.480    483.0    938.3
     1     1    21     5    18    14     0     0    -4.0   37.510  126.321    483.1    939.2
     1     1    21     5    18    13     0     0    -5.0   37.488  126.172    486.2    939.8
     1     1    21     5    18    12     0     0    -6.0   37.458  126.031    492.3    939.8
     1     1    21     5    18    11     0     0    -7.0   37.427  125.893    498.3    939.9
     1     1    21     5    18    10     0     0    -8.0   37.395  125.749    500.2    940.8
     1     1    21     5    18     9     0     0    -9.0   37.362  125.600    498.1    942.2
     1     1    21     5    18     8     0     0   -10.0   37.326  125.445    492.2    944.1
     1     1    21     5    18     7     0     0   -11.0   37.289  125.284    482.7    946.4
     1     1    21     5    18     6     0     0   -12.0   37.248  125.118    469.7    949.1
     1     1    21     5    18     5     0     0   -13.0   37.209  124.957    457.5    951.6
     1     1    21     5    18     4     0     0   -14.0   37.179  124.811    451.5    952.5
     1     1    21     5    18     3     0     0   -15.0   37.159  124.679    451.6    952.7
     1     1    21     5    18     2     0     0   -16.0   37.149  124.560    457.5    952.1
     1     1    21     5    18     1     0     0   -17.0   37.151  124.451    469.5    950.9
     1     1    21     5    18     0     0     0   -18.0   37.165  124.353    487.4    949.0
     1     1    21     5    17    23     0     0   -19.0   37.187  124.257    507.1    946.6
     1     1    21     5    17    22     0     0   -20.0   37.213  124.156    523.9    945.1
     1     1    21     5    17    21     0     0   -21.0   37.242  124.051    537.8    943.9
     1     1    21     5    17    20     0     0   -22.0   37.274  123.940    548.9    943.1
     1     1    21     5    17    19     0     0   -23.0   37.309  123.823    557.3    942.5
     1     1    21     5    17    18     0     0   -24.0   37.346  123.700    563.0    942.2
     1     1    21     5    17    17     0     0   -25.0   37.387  123.571    568.2    942.1
     1     1    21     5    17    16     0     0   -26.0   37.432  123.436    575.5    941.5
     1     1    21     5    17    15     0     0   -27.0   37.481  123.296    584.9    940.8
     1     1    21     5    17    14     0     0   -28.0   37.534  123.151    596.5    939.6
     1     1    21     5    17    13     0     0   -29.0   37.592  123.004    610.5    938.0
     1     1    21     5    17    12     0     0   -30.0   37.653  122.855    627.1    936.3
     1     1    21     5    17    11     0     0   -31.0   37.723  122.715    645.8    934.3
     1     1    21     5    17    10     0     0   -32.0   37.804  122.591    665.4    932.2
     1     1    21     5    17     9     0     0   -33.0   37.897  122.487    685.8    929.9
     1     1    21     5    17     8     0     0   -34.0   38.002  122.400    707.0    927.3
     1     1    21     5    17     7     0     0   -35.0   38.119  122.334    729.0    924.4
     1     1    21     5    17     6     0     0   -36.0   38.249  122.287    752.0    921.5
     1     1    21     5    17     5     0     0   -37.0   38.389  122.249    774.9    918.0
     1     1    21     5    17     4     0     0   -38.0   38.537  122.210    797.2    914.7
     1     1    21     5    17     3     0     0   -39.0   38.691  122.170    818.8    911.5
     1     1    21     5    17     2     0     0   -40.0   38.852  122.129    839.4    908.4
     1     1    21     5    17     1     0     0   -41.0   39.017  122.086    859.1    905.4
     1     1    21     5    17     0     0     0   -42.0   39.185  122.041    877.7    902.5
     1     1    21     5    16    23     0     0   -43.0   39.354  122.001    897.9    899.6
     1     1    21     5    16    22     0     0   -44.0   39.522  121.974    923.0    896.0
     1     1    21     5    16    21     0     0   -45.0   39.689  121.962    952.7    891.7
     1     1    21     5    16    20     0     0   -46.0   39.858  121.969    987.0    886.8
     1     1    21     5    16    19     0     0   -47.0   40.031  121.994   1025.8    881.3
     1     1    21     5    16    18     0     0   -48.0   40.212  122.030   1068.8    874.9
     1     1    21     5    16    17     0     0   -49.0   40.401  122.080   1111.1    868.4
     1     1    21     5    16    16     0     0   -50.0   40.598  122.147   1146.9    863.3
     1     1    21     5    16    15     0     0   -51.0   40.802  122.231   1176.9    859.0
     1     1    21     5    16    14     0     0   -52.0   41.012  122.329   1201.5    855.5
     1     1    21     5    16    13     0     0   -53.0   41.225  122.442   1221.6    852.7
     1     1    21     5    16    12     0     0   -54.0   41.441  122.568   1237.5    849.5
     1     1    21     5    16    11     0     0   -55.0   41.663  122.703   1255.4    845.6
     1     1    21     5    16    10     0     0   -56.0   41.891  122.842   1281.4    840.6
     1     1    21     5    16     9     0     0   -57.0   42.124  122.982   1314.9    834.7
     1     1    21     5    16     8     0     0   -58.0   42.360  123.120   1355.7    828.2
     1     1    21     5    16     7     0     0   -59.0   42.597  123.251   1403.6    822.2
     1     1    21     5    16     6     0     0   -60.0   42.830  123.366   1457.7    817.2
     1     1    21     5    16     5     0     0   -61.0   43.055  123.452   1508.3    812.2
     1     1    21     5    16     4     0     0   -62.0   43.270  123.506   1547.3    809.6
     1     1    21     5    16     3     0     0   -63.0   43.478  123.529   1575.6    808.3
     1     1    21     5    16     2     0     0   -64.0   43.680  123.526   1594.1    808.0
     1     1    21     5    16     1     0     0   -65.0   43.877  123.497   1603.7    808.6
     1     1    21     5    16     0     0     0   -66.0   44.073  123.445   1605.5    810.0
     1     1    21     5    15    23     0     0   -67.0   44.269  123.372   1607.8    811.7
     1     1    21     5    15    22     0     0   -68.0   44.469  123.280   1618.4    811.7
     1     1    21     5    15    21     0     0   -69.0   44.671  123.169   1636.0    810.8
     1     1    21     5    15    20     0     0   -70.0   44.874  123.039   1659.6    809.0
     1     1    21     5    15    19     0     0   -71.0   45.077  122.888   1687.5    805.3
     1     1    21     5    15    18     0     0   -72.0   45.278  122.716   1718.9    799.1
     1     1    21     5    15    17     0     0   -73.0   45.480  122.507   1753.8    792.1
     1     1    21     5    15    16     0     0   -74.0   45.689  122.252   1785.7    781.9
     1     1    21     5    15    15     0     0   -75.0   45.908  121.957   1818.5    771.1
     1     1    21     5    15    14     0     0   -76.0   46.141  121.627   1852.5    759.9
     1     1    21     5    15    13     0     0   -77.0   46.393  121.268   1888.1    748.7
     1     1    21     5    15    12     0     0   -78.0   46.663  120.886   1925.5    737.5
     1     1    21     5    15    11     0     0   -79.0   46.951  120.481   1967.5    726.4
     1     1    21     5    15    10     0     0   -80.0   47.257  120.057   2018.7    714.9
     1     1    21     5    15     9     0     0   -81.0   47.581  119.621   2083.3    707.4
     1     1    21     5    15     8     0     0   -82.0   47.918  119.182   2155.8    701.0
     1     1    21     5    15     7     0     0   -83.0   48.264  118.736   2231.6    694.8
     1     1    21     5    15     6     0     0   -84.0   48.614  118.279   2307.8    689.5
     1     1    21     5    15     5     0     0   -85.0   48.972  117.816   2384.2    685.0
     1     1    21     5    15     4     0     0   -86.0   49.346  117.356   2465.4    680.2
     1     1    21     5    15     3     0     0   -87.0   49.738  116.907   2551.4    673.8
     1     1    21     5    15     2     0     0   -88.0   50.148  116.480   2643.4    665.7
     1     1    21     5    15     1     0     0   -89.0   50.563  116.090   2739.0    655.4
     1     1    21     5    15     0     0     0   -90.0   50.975  115.739   2838.6    644.9
     1     1    21     5    14    23     0     0   -91.0   51.371  115.425   2934.5    633.8
     1     1    21     5    14    22     0     0   -92.0   51.742  115.153   3022.0    624.2
     1     1    21     5    14    21     0     0   -93.0   52.103  114.945   3101.8    615.1
     1     1    21     5    14    20     0     0   -94.0   52.463  114.826   3175.1    606.4
     1     1    21     5    14    19     0     0   -95.0   52.825  114.806   3239.0    597.2
     1     1    21     5    14    18     0     0   -96.0   53.190  114.887   3295.1    588.9
