     2     1
    CDC1    21     6     1     0     0
    CDC1    21     7     1     0     0
     1 BACKWARD OMEGA   
  2021     7     4    12   37.500  127.000   500.0
     1 PRESSURE
     1     1    21     7     4    12     0     0     0.0   37.500  127.000    500.0    931.9
     1     1    21     7     4    11     0     0    -1.0   37.553  126.720    490.6    933.4
     1     1    21     7     4    10     0     0    -2.0   37.599  126.452    481.7    934.9
     1     1    21     7     4     9     0     0    -3.0   37.640  126.192    473.4    936.4
     1     1    21     7     4     8     0     0    -4.0   37.680  125.938    466.0    937.6
     1     1    21     7     4     7     0     0    -5.0   37.721  125.688    459.7    938.7
     1     1    21     7     4     6     0     0    -6.0   37.767  125.441    454.8    939.6
     1     1    21     7     4     5     0     0    -7.0   37.818  125.206    450.3    940.2
     1     1    21     7     4     4     0     0    -8.0   37.870  124.999    445.1    940.9
     1     1    21     7     4     3     0     0    -9.0   37.925  124.821    439.0    941.2
     1     1    21     7     4     2     0     0   -10.0   37.979  124.671    432.4    941.6
     1     1    21     7     4     1     0     0   -11.0   38.035  124.551    425.5    941.9
     1     1    21     7     4     0     0     0   -12.0   38.094  124.460    418.6    942.1
     1     1    21     7     3    23     0     0   -13.0   38.150  124.401    410.0    941.9
     1     1    21     7     3    22     0     0   -14.0   38.197  124.376    399.0    942.2
     1     1    21     7     3    21     0     0   -15.0   38.234  124.385    385.4    942.7
     1     1    21     7     3    20     0     0   -16.0   38.262  124.428    369.1    943.2
     1     1    21     7     3    19     0     0   -17.0   38.280  124.506    350.2    943.8
     1     1    21     7     3    18     0     0   -18.0   38.285  124.622    329.0    944.5
     1     1    21     7     3    17     0     0   -19.0   38.272  124.790    307.1    946.5
     1     1    21     7     3    16     0     0   -20.0   38.230  125.025    285.5    948.4
     1     1    21     7     3    15     0     0   -21.0   38.157  125.323    264.1    950.6
     1     1    21     7     3    14     0     0   -22.0   38.056  125.680    243.2    953.1
     1     1    21     7     3    13     0     0   -23.0   37.931  126.095    223.2    955.9
     1     1    21     7     3    12     0     0   -24.0   37.792  126.566    204.8    958.9
     1     1    21     7     3    11     0     0   -25.0   37.656  127.049    187.8    961.3
     1     1    21     7     3    10     0     0   -26.0   37.533  127.502    172.1    963.8
     1     1    21     7     3     9     0     0   -27.0   37.432  127.912    158.4    968.3
     1     1    21     7     3     8     0     0   -28.0   37.353  128.276    147.2    971.6
     1     1    21     7     3     7     0     0   -29.0   37.291  128.599    138.0    974.5
     1     1    21     7     3     6     0     0   -30.0   37.245  128.889    130.5    977.0
     1     1    21     7     3     5     0     0   -31.0   37.216  129.154    124.8    978.9
     1     1    21     7     3     4     0     0   -32.0   37.208  129.403    120.7    980.4
     1     1    21     7     3     3     0     0   -33.0   37.223  129.639    118.1    981.8
     1     1    21     7     3     2     0     0   -34.0   37.264  129.865    116.8    983.0
     1     1    21     7     3     1     0     0   -35.0   37.331  130.083    116.6    984.5
     1     1    21     7     3     0     0     0   -36.0   37.425  130.296    117.2    986.6
     1     1    21     7     2    23     0     0   -37.0   37.540  130.501    117.7    988.2
     1     1    21     7     2    22     0     0   -38.0   37.669  130.689    117.0    989.2
     1     1    21     7     2    21     0     0   -39.0   37.809  130.854    115.2    990.2
     1     1    21     7     2    20     0     0   -40.0   37.959  130.994    112.1    991.2
     1     1    21     7     2    19     0     0   -41.0   38.120  131.105    108.0    992.2
     1     1    21     7     2    18     0     0   -42.0   38.290  131.184    103.0    993.1
     1     1    21     7     2    17     0     0   -43.0   38.456  131.244     97.4    993.9
     1     1    21     7     2    16     0     0   -44.0   38.606  131.301     91.2    995.0
     1     1    21     7     2    15     0     0   -45.0   38.738  131.354     84.6    996.2
     1     1    21     7     2    14     0     0   -46.0   38.848  131.406     77.6    997.6
     1     1    21     7     2    13     0     0   -47.0   38.936  131.458     70.4    998.9
     1     1    21     7     2    12     0     0   -48.0   39.001  131.513     62.8   1000.2
     1     1    21     7     2    11     0     0   -49.0   39.061  131.570     55.6   1001.5
     1     1    21     7     2    10     0     0   -50.0   39.130  131.629     49.4   1002.7
     1     1    21     7     2     9     0     0   -51.0   39.209  131.693     44.1   1004.0
     1     1    21     7     2     8     0     0   -52.0   39.299  131.761     39.8   1005.3
     1     1    21     7     2     7     0     0   -53.0   39.399  131.837     36.2   1006.7
     1     1    21     7     2     6     0     0   -54.0   39.510  131.923     33.3   1008.3
     1     1    21     7     2     5     0     0   -55.0   39.623  132.016     31.2   1010.4
     1     1    21     7     2     4     0     0   -56.0   39.732  132.113     29.7   1012.6
     1     1    21     7     2     3     0     0   -57.0   39.835  132.214     28.9   1014.9
     1     1    21     7     2     2     0     0   -58.0   39.934  132.320     28.6   1017.3
     1     1    21     7     2     1     0     0   -59.0   40.029  132.430     29.0   1019.4
     1     1    21     7     2     0     0     0   -60.0   40.121  132.546     30.0   1019.5
     1     1    21     7     1    23     0     0   -61.0   40.204  132.664     31.0   1018.1
     1     1    21     7     1    22     0     0   -62.0   40.275  132.776     31.5   1017.0
     1     1    21     7     1    21     0     0   -63.0   40.335  132.882     31.5   1016.0
     1     1    21     7     1    20     0     0   -64.0   40.386  132.981     31.1   1015.4
     1     1    21     7     1    19     0     0   -65.0   40.427  133.070     30.2   1014.9
     1     1    21     7     1    18     0     0   -66.0   40.459  133.150     28.8   1014.5
     1     1    21     7     1    17     0     0   -67.0   40.485  133.229     27.3   1014.4
     1     1    21     7     1    16     0     0   -68.0   40.508  133.316     25.7   1014.3
     1     1    21     7     1    15     0     0   -69.0   40.529  133.413     24.2   1014.3
     1     1    21     7     1    14     0     0   -70.0   40.547  133.520     22.8   1014.4
     1     1    21     7     1    13     0     0   -71.0   40.563  133.637     21.3   1014.6
     1     1    21     7     1    12     0     0   -72.0   40.578  133.767     20.0   1014.9
     1     1    21     7     1    11     0     0   -73.0   40.590  133.903     18.7   1015.5
     1     1    21     7     1    10     0     0   -74.0   40.597  134.038     17.6   1016.1
     1     1    21     7     1     9     0     0   -75.0   40.600  134.172     16.4   1016.7
     1     1    21     7     1     8     0     0   -76.0   40.601  134.304     15.3   1017.3
     1     1    21     7     1     7     0     0   -77.0   40.601  134.431     14.3   1017.9
     1     1    21     7     1     6     0     0   -78.0   40.599  134.553     13.2   1018.4
     1     1    21     7     1     5     0     0   -79.0   40.600  134.668     12.2   1018.9
     1     1    21     7     1     4     0     0   -80.0   40.603  134.773     11.4   1019.4
     1     1    21     7     1     3     0     0   -81.0   40.609  134.867     10.7   1019.7
     1     1    21     7     1     2     0     0   -82.0   40.616  134.950     10.2   1020.0
     1     1    21     7     1     1     0     0   -83.0   40.623  135.022      9.7   1020.0
     1     1    21     7     1     0     0     0   -84.0   40.628  135.086      9.3   1019.6
     1     1    21     6    30    23     0     0   -85.0   40.622  135.149      9.2   1019.2
     1     1    21     6    30    22     0     0   -86.0   40.596  135.216      9.5   1019.0
     1     1    21     6    30    21     0     0   -87.0   40.549  135.289     10.2   1018.9
     1     1    21     6    30    20     0     0   -88.0   40.483  135.366     11.4   1018.7
     1     1    21     6    30    19     0     0   -89.0   40.395  135.445     13.4   1018.4
     1     1    21     6    30    18     0     0   -90.0   40.284  135.524     16.4   1018.1
     1     1    21     6    30    17     0     0   -91.0   40.164  135.609     20.1   1017.9
     1     1    21     6    30    16     0     0   -92.0   40.048  135.712     24.2   1017.6
     1     1    21     6    30    15     0     0   -93.0   39.937  135.832     28.4   1015.8
     1     1    21     6    30    14     0     0   -94.0   39.830  135.966     32.7   1013.0
     1     1    21     6    30    13     0     0   -95.0   39.725  136.113     37.0   1010.0
     1     1    21     6    30    12     0     0   -96.0   39.623  136.272     41.2   1007.0
