     2     1
    CDC1    21     6     1     0     0
    CDC1    21     7     1     0     0
     1 BACKWARD OMEGA   
  2021     7    30     0   37.500  127.000   500.0
     1 PRESSURE
     1     1    21     7    30     0     0     0     0.0   37.500  127.000    500.0    929.1
     1     1    21     7    29    23     0     0    -1.0   37.261  127.019    484.3    930.9
     1     1    21     7    29    22     0     0    -2.0   37.030  127.010    471.4    932.5
     1     1    21     7    29    21     0     0    -3.0   36.804  126.976    460.4    934.0
     1     1    21     7    29    20     0     0    -4.0   36.582  126.919    450.6    935.5
     1     1    21     7    29    19     0     0    -5.0   36.360  126.843    441.2    937.2
     1     1    21     7    29    18     0     0    -6.0   36.136  126.750    431.4    939.0
     1     1    21     7    29    17     0     0    -7.0   35.908  126.651    422.8    941.2
     1     1    21     7    29    16     0     0    -8.0   35.674  126.555    416.9    943.0
     1     1    21     7    29    15     0     0    -9.0   35.433  126.462    413.7    944.4
     1     1    21     7    29    14     0     0   -10.0   35.184  126.374    413.7    945.6
     1     1    21     7    29    13     0     0   -11.0   34.925  126.293    416.9    946.4
     1     1    21     7    29    12     0     0   -12.0   34.663  126.226    423.7    947.0
     1     1    21     7    29    11     0     0   -13.0   34.399  126.179    432.9    946.7
     1     1    21     7    29    10     0     0   -14.0   34.138  126.155    443.5    946.2
     1     1    21     7    29     9     0     0   -15.0   33.880  126.154    455.7    945.5
     1     1    21     7    29     8     0     0   -16.0   33.625  126.176    469.7    944.6
     1     1    21     7    29     7     0     0   -17.0   33.374  126.220    485.9    943.3
     1     1    21     7    29     6     0     0   -18.0   33.129  126.288    504.7    941.8
     1     1    21     7    29     5     0     0   -19.0   32.890  126.372    525.1    940.1
     1     1    21     7    29     4     0     0   -20.0   32.659  126.467    545.7    938.7
     1     1    21     7    29     3     0     0   -21.0   32.438  126.574    566.4    937.3
     1     1    21     7    29     2     0     0   -22.0   32.230  126.693    586.8    935.6
     1     1    21     7    29     1     0     0   -23.0   32.041  126.826    606.8    934.0
     1     1    21     7    29     0     0     0   -24.0   31.869  126.975    626.7    932.5
     1     1    21     7    28    23     0     0   -25.0   31.716  127.138    646.6    930.1
     1     1    21     7    28    22     0     0   -26.0   31.576  127.316    667.4    927.6
     1     1    21     7    28    21     0     0   -27.0   31.451  127.508    688.2    925.1
     1     1    21     7    28    20     0     0   -28.0   31.337  127.710    707.6    922.2
     1     1    21     7    28    19     0     0   -29.0   31.229  127.918    724.8    919.8
     1     1    21     7    28    18     0     0   -30.0   31.126  128.132    739.1    917.7
     1     1    21     7    28    17     0     0   -31.0   31.030  128.353    752.5    916.5
     1     1    21     7    28    16     0     0   -32.0   30.943  128.582    766.2    915.0
     1     1    21     7    28    15     0     0   -33.0   30.865  128.819    780.9    913.5
     1     1    21     7    28    14     0     0   -34.0   30.795  129.061    796.5    911.9
     1     1    21     7    28    13     0     0   -35.0   30.734  129.308    813.3    910.3
     1     1    21     7    28    12     0     0   -36.0   30.681  129.558    831.2    908.7
     1     1    21     7    28    11     0     0   -37.0   30.639  129.810    849.2    906.7
     1     1    21     7    28    10     0     0   -38.0   30.610  130.063    866.2    904.7
     1     1    21     7    28     9     0     0   -39.0   30.588  130.312    881.8    902.8
     1     1    21     7    28     8     0     0   -40.0   30.566  130.555    895.8    901.1
     1     1    21     7    28     7     0     0   -41.0   30.546  130.792    908.3    899.5
     1     1    21     7    28     6     0     0   -42.0   30.525  131.023    919.5    898.1
     1     1    21     7    28     5     0     0   -43.0   30.503  131.241    928.8    897.0
     1     1    21     7    28     4     0     0   -44.0   30.476  131.443    936.4    896.1
     1     1    21     7    28     3     0     0   -45.0   30.445  131.629    941.9    895.4
     1     1    21     7    28     2     0     0   -46.0   30.410  131.801    945.3    895.0
     1     1    21     7    28     1     0     0   -47.0   30.371  131.961    946.7    894.8
     1     1    21     7    28     0     0     0   -48.0   30.329  132.109    945.9    894.9
     1     1    21     7    27    23     0     0   -49.0   30.284  132.252    945.0    895.2
     1     1    21     7    27    22     0     0   -50.0   30.238  132.395    944.5    895.3
     1     1    21     7    27    21     0     0   -51.0   30.191  132.538    945.3    895.5
     1     1    21     7    27    20     0     0   -52.0   30.142  132.681    947.8    896.0
     1     1    21     7    27    19     0     0   -53.0   30.089  132.822    952.0    896.2
     1     1    21     7    27    18     0     0   -54.0   30.030  132.962    958.0    896.3
     1     1    21     7    27    17     0     0   -55.0   29.967  133.101    964.6    895.7
     1     1    21     7    27    16     0     0   -56.0   29.899  133.237    972.0    895.0
     1     1    21     7    27    15     0     0   -57.0   29.829  133.372    979.8    894.2
     1     1    21     7    27    14     0     0   -58.0   29.756  133.506    988.0    893.4
     1     1    21     7    27    13     0     0   -59.0   29.682  133.640    996.8    892.6
     1     1    21     7    27    12     0     0   -60.0   29.607  133.776   1006.0    891.8
     1     1    21     7    27    11     0     0   -61.0   29.532  133.909   1017.2    891.3
     1     1    21     7    27    10     0     0   -62.0   29.459  134.033   1031.9    890.3
     1     1    21     7    27     9     0     0   -63.0   29.388  134.148   1050.2    888.8
     1     1    21     7    27     8     0     0   -64.0   29.319  134.255   1072.1    887.0
     1     1    21     7    27     7     0     0   -65.0   29.253  134.351   1097.7    884.9
     1     1    21     7    27     6     0     0   -66.0   29.191  134.439   1127.3    882.3
     1     1    21     7    27     5     0     0   -67.0   29.134  134.519   1158.5    879.0
     1     1    21     7    27     4     0     0   -68.0   29.084  134.595   1188.4    876.1
     1     1    21     7    27     3     0     0   -69.0   29.043  134.665   1217.1    873.3
     1     1    21     7    27     2     0     0   -70.0   29.011  134.732   1244.4    870.7
     1     1    21     7    27     1     0     0   -71.0   28.990  134.793   1270.2    868.2
     1     1    21     7    27     0     0     0   -72.0   28.980  134.850   1294.5    865.9
     1     1    21     7    26    23     0     0   -73.0   28.974  134.906   1317.7    863.8
     1     1    21     7    26    22     0     0   -74.0   28.961  134.965   1339.3    861.7
     1     1    21     7    26    21     0     0   -75.0   28.940  135.028   1359.4    859.7
     1     1    21     7    26    20     0     0   -76.0   28.912  135.095   1378.1    857.8
     1     1    21     7    26    19     0     0   -77.0   28.876  135.167   1395.3    856.0
     1     1    21     7    26    18     0     0   -78.0   28.832  135.244   1411.2    854.3
     1     1    21     7    26    17     0     0   -79.0   28.787  135.333   1425.4    852.7
     1     1    21     7    26    16     0     0   -80.0   28.751  135.439   1438.9    851.3
     1     1    21     7    26    15     0     0   -81.0   28.724  135.560   1451.0    850.0
     1     1    21     7    26    14     0     0   -82.0   28.705  135.695   1461.8    848.8
     1     1    21     7    26    13     0     0   -83.0   28.696  135.844   1471.2    847.8
     1     1    21     7    26    12     0     0   -84.0   28.697  136.007   1479.2    846.9
     1     1    21     7    26    11     0     0   -85.0   28.706  136.179   1486.3    846.2
     1     1    21     7    26    10     0     0   -86.0   28.725  136.357   1493.5    845.5
     1     1    21     7    26     9     0     0   -87.0   28.751  136.540   1500.8    844.7
     1     1    21     7    26     8     0     0   -88.0   28.786  136.728   1508.6    844.0
     1     1    21     7    26     7     0     0   -89.0   28.830  136.922   1517.2    843.2
     1     1    21     7    26     6     0     0   -90.0   28.884  137.123   1526.9    842.3
     1     1    21     7    26     5     0     0   -91.0   28.945  137.323   1539.7    841.3
     1     1    21     7    26     4     0     0   -92.0   29.011  137.517   1557.1    839.6
     1     1    21     7    26     3     0     0   -93.0   29.081  137.705   1579.3    837.5
     1     1    21     7    26     2     0     0   -94.0   29.158  137.884   1606.4    835.0
     1     1    21     7    26     1     0     0   -95.0   29.242  138.056   1638.5    831.9
     1     1    21     7    26     0     0     0   -96.0   29.332  138.222   1675.2    828.5
