     2     1
    CDC1    21     2     1     0     0
    CDC1    21     3     1     0     0
     1 BACKWARD OMEGA   
  2021     3     5     9   37.500  127.000   500.0
     1 PRESSURE
     1     1    21     3     5     9     0     0     0.0   37.500  127.000    500.0    941.1
     1     1    21     3     5     8     0     0    -1.0   37.672  126.898    528.5    935.9
     1     1    21     3     5     7     0     0    -2.0   37.855  126.796    562.0    929.7
     1     1    21     3     5     6     0     0    -3.0   38.049  126.690    600.0    923.0
     1     1    21     3     5     5     0     0    -4.0   38.238  126.572    635.2    916.5
     1     1    21     3     5     4     0     0    -5.0   38.403  126.433    659.5    912.3
     1     1    21     3     5     3     0     0    -6.0   38.541  126.274    672.3    910.0
     1     1    21     3     5     2     0     0    -7.0   38.650  126.097    673.2    909.8
     1     1    21     3     5     1     0     0    -8.0   38.731  125.903    661.5    911.7
     1     1    21     3     5     0     0     0    -9.0   38.781  125.696    636.7    915.6
     1     1    21     3     4    23     0     0   -10.0   38.810  125.478    607.7    921.0
     1     1    21     3     4    22     0     0   -11.0   38.827  125.253    582.6    925.0
     1     1    21     3     4    21     0     0   -12.0   38.828  125.016    561.1    929.0
     1     1    21     3     4    20     0     0   -13.0   38.805  124.769    543.5    932.9
     1     1    21     3     4    19     0     0   -14.0   38.752  124.514    530.2    936.6
     1     1    21     3     4    18     0     0   -15.0   38.667  124.252    521.4    940.2
     1     1    21     3     4    17     0     0   -16.0   38.558  124.003    517.7    943.4
     1     1    21     3     4    16     0     0   -17.0   38.438  123.786    519.5    945.5
     1     1    21     3     4    15     0     0   -18.0   38.313  123.599    526.6    946.8
     1     1    21     3     4    14     0     0   -19.0   38.187  123.439    538.7    947.3
     1     1    21     3     4    13     0     0   -20.0   38.063  123.305    556.0    946.9
     1     1    21     3     4    12     0     0   -21.0   37.947  123.194    578.4    945.8
     1     1    21     3     4    11     0     0   -22.0   37.830  123.086    602.9    944.2
     1     1    21     3     4    10     0     0   -23.0   37.702  122.966    626.3    943.0
     1     1    21     3     4     9     0     0   -24.0   37.561  122.838    648.3    941.7
     1     1    21     3     4     8     0     0   -25.0   37.410  122.705    668.7    939.8
     1     1    21     3     4     7     0     0   -26.0   37.251  122.565    687.3    937.8
     1     1    21     3     4     6     0     0   -27.0   37.084  122.419    703.9    935.6
     1     1    21     3     4     5     0     0   -28.0   36.913  122.280    717.1    933.5
     1     1    21     3     4     4     0     0   -29.0   36.742  122.158    725.3    932.3
     1     1    21     3     4     3     0     0   -30.0   36.568  122.051    728.3    931.6
     1     1    21     3     4     2     0     0   -31.0   36.390  121.961    726.2    931.6
     1     1    21     3     4     1     0     0   -32.0   36.204  121.886    719.3    932.2
     1     1    21     3     4     0     0     0   -33.0   36.010  121.827    707.6    933.4
     1     1    21     3     3    23     0     0   -34.0   35.801  121.777    695.5    935.0
     1     1    21     3     3    22     0     0   -35.0   35.574  121.735    687.5    935.6
     1     1    21     3     3    21     0     0   -36.0   35.327  121.700    683.5    935.6
     1     1    21     3     3    20     0     0   -37.0   35.063  121.675    683.8    935.0
     1     1    21     3     3    19     0     0   -38.0   34.779  121.657    687.7    934.9
     1     1    21     3     3    18     0     0   -39.0   34.478  121.643    693.6    935.0
     1     1    21     3     3    17     0     0   -40.0   34.171  121.641    700.4    935.3
     1     1    21     3     3    16     0     0   -41.0   33.870  121.660    708.9    935.4
     1     1    21     3     3    15     0     0   -42.0   33.579  121.702    719.8    935.3
     1     1    21     3     3    14     0     0   -43.0   33.296  121.767    733.9    935.0
     1     1    21     3     3    13     0     0   -44.0   33.023  121.858    752.4    934.3
     1     1    21     3     3    12     0     0   -45.0   32.760  121.976    776.3    933.1
     1     1    21     3     3    11     0     0   -46.0   32.503  122.114    803.9    931.7
     1     1    21     3     3    10     0     0   -47.0   32.247  122.260    830.1    928.6
     1     1    21     3     3     9     0     0   -48.0   31.995  122.413    854.2    926.1
     1     1    21     3     3     8     0     0   -49.0   31.751  122.575    876.1    923.4
     1     1    21     3     3     7     0     0   -50.0   31.520  122.749    895.8    920.5
     1     1    21     3     3     6     0     0   -51.0   31.307  122.935    913.5    917.9
     1     1    21     3     3     5     0     0   -52.0   31.122  123.136    929.7    915.6
     1     1    21     3     3     4     0     0   -53.0   30.971  123.349    945.0    913.5
     1     1    21     3     3     3     0     0   -54.0   30.855  123.573    959.2    911.7
     1     1    21     3     3     2     0     0   -55.0   30.772  123.806    972.5    910.0
     1     1    21     3     3     1     0     0   -56.0   30.722  124.046    985.0    908.6
     1     1    21     3     3     0     0     0   -57.0   30.702  124.293    996.7    907.4
     1     1    21     3     2    23     0     0   -58.0   30.715  124.543   1009.8    905.9
     1     1    21     3     2    22     0     0   -59.0   30.760  124.797   1025.7    904.1
     1     1    21     3     2    21     0     0   -60.0   30.836  125.052   1045.5    901.9
     1     1    21     3     2    20     0     0   -61.0   30.944  125.304   1070.4    899.4
     1     1    21     3     2    19     0     0   -62.0   31.080  125.553   1101.1    896.1
     1     1    21     3     2    18     0     0   -63.0   31.244  125.796   1138.2    892.0
     1     1    21     3     2    17     0     0   -64.0   31.440  126.027   1181.8    887.2
     1     1    21     3     2    16     0     0   -65.0   31.672  126.239   1232.7    881.6
     1     1    21     3     2    15     0     0   -66.0   31.943  126.433   1292.4    874.9
     1     1    21     3     2    14     0     0   -67.0   32.254  126.607   1362.4    866.4
     1     1    21     3     2    13     0     0   -68.0   32.609  126.759   1443.8    856.1
     1     1    21     3     2    12     0     0   -69.0   33.006  126.881   1534.9    843.9
     1     1    21     3     2    11     0     0   -70.0   33.431  126.953   1634.7    831.0
     1     1    21     3     2    10     0     0   -71.0   33.873  126.961   1743.1    817.6
     1     1    21     3     2     9     0     0   -72.0   34.330  126.900   1860.9    803.2
     1     1    21     3     2     8     0     0   -73.0   34.806  126.770   1989.5    788.5
     1     1    21     3     2     7     0     0   -74.0   35.297  126.576   2129.2    773.8
     1     1    21     3     2     6     0     0   -75.0   35.796  126.322   2279.4    758.9
     1     1    21     3     2     5     0     0   -76.0   36.290  126.020   2434.9    743.3
     1     1    21     3     2     4     0     0   -77.0   36.767  125.675   2592.1    728.9
     1     1    21     3     2     3     0     0   -78.0   37.233  125.287   2753.7    714.6
     1     1    21     3     2     2     0     0   -79.0   37.694  124.856   2919.7    697.9
     1     1    21     3     2     1     0     0   -80.0   38.151  124.381   3087.7    679.2
     1     1    21     3     2     0     0     0   -81.0   38.614  123.869   3260.9    662.0
     1     1    21     3     1    23     0     0   -82.0   39.086  123.322   3433.5    645.8
     1     1    21     3     1    22     0     0   -83.0   39.563  122.744   3604.0    632.3
     1     1    21     3     1    21     0     0   -84.0   40.048  122.133   3768.0    617.4
     1     1    21     3     1    20     0     0   -85.0   40.532  121.484   3917.3    599.2
     1     1    21     3     1    19     0     0   -86.0   41.014  120.797   4052.7    579.9
     1     1    21     3     1    18     0     0   -87.0   41.507  120.084   4177.4    558.5
     1     1    21     3     1    17     0     0   -88.0   42.007  119.335   4274.8    531.8
     1     1    21     3     1    16     0     0   -89.0   42.506  118.524   4349.8    504.3
     1     1    21     3     1    15     0     0   -90.0   43.003  117.644   4425.5    484.2
     1     1    21     3     1    14     0     0   -91.0   43.496  116.712   4505.3    474.2
     1     1    21     3     1    13     0     0   -92.0   43.995  115.757   4577.1    469.0
     1     1    21     3     1    12     0     0   -93.0   44.521  114.810   4643.8    467.7
     1     1    21     3     1    11     0     0   -94.0   45.058  113.859   4706.4    471.0
     1     1    21     3     1    10     0     0   -95.0   45.588  112.873   4745.6    470.8
     1     1    21     3     1     9     0     0   -96.0   46.108  111.843   4758.1    464.7
