     2     1
    CDC1    21     3     1     0     0
    CDC1    21     4     1     0     0
     1 BACKWARD OMEGA   
  2021     4    14     3   37.500  127.000   500.0
     1 PRESSURE
     1     1    21     4    14     3     0     0     0.0   37.500  127.000    500.0    938.7
     1     1    21     4    14     2     0     0    -1.0   37.607  126.719    495.3    939.3
     1     1    21     4    14     1     0     0    -2.0   37.721  126.433    492.6    939.8
     1     1    21     4    14     0     0     0    -3.0   37.841  126.140    491.9    940.1
     1     1    21     4    13    23     0     0    -4.0   37.962  125.836    492.9    940.2
     1     1    21     4    13    22     0     0    -5.0   38.080  125.516    495.5    940.3
     1     1    21     4    13    21     0     0    -6.0   38.194  125.180    500.2    940.5
     1     1    21     4    13    20     0     0    -7.0   38.304  124.830    507.7    940.3
     1     1    21     4    13    19     0     0    -8.0   38.407  124.470    519.0    939.7
     1     1    21     4    13    18     0     0    -9.0   38.504  124.103    534.8    939.1
     1     1    21     4    13    17     0     0   -10.0   38.596  123.740    554.9    938.2
     1     1    21     4    13    16     0     0   -11.0   38.685  123.393    578.8    937.2
     1     1    21     4    13    15     0     0   -12.0   38.773  123.059    606.6    936.0
     1     1    21     4    13    14     0     0   -13.0   38.861  122.736    638.1    934.6
     1     1    21     4    13    13     0     0   -14.0   38.952  122.422    673.1    931.8
     1     1    21     4    13    12     0     0   -15.0   39.049  122.118    710.9    926.5
     1     1    21     4    13    11     0     0   -16.0   39.158  121.831    751.4    921.0
     1     1    21     4    13    10     0     0   -17.0   39.281  121.567    793.6    915.3
     1     1    21     4    13     9     0     0   -18.0   39.416  121.330    837.2    909.7
     1     1    21     4    13     8     0     0   -19.0   39.558  121.121    881.6    904.1
     1     1    21     4    13     7     0     0   -20.0   39.703  120.944    926.1    898.6
     1     1    21     4    13     6     0     0   -21.0   39.848  120.802    970.1    892.8
     1     1    21     4    13     5     0     0   -22.0   40.011  120.686   1013.1    886.5
     1     1    21     4    13     4     0     0   -23.0   40.210  120.583   1054.4    878.0
     1     1    21     4    13     3     0     0   -24.0   40.444  120.486   1094.3    869.1
     1     1    21     4    13     2     0     0   -25.0   40.712  120.393   1133.6    859.4
     1     1    21     4    13     1     0     0   -26.0   41.011  120.299   1173.5    849.0
     1     1    21     4    13     0     0     0   -27.0   41.338  120.200   1215.5    837.6
     1     1    21     4    12    23     0     0   -28.0   41.688  120.089   1267.1    824.9
     1     1    21     4    12    22     0     0   -29.0   42.053  119.948   1335.4    808.1
     1     1    21     4    12    21     0     0   -30.0   42.426  119.763   1419.4    787.4
     1     1    21     4    12    20     0     0   -31.0   42.803  119.526   1519.7    768.9
     1     1    21     4    12    19     0     0   -32.0   43.186  119.237   1632.2    750.6
     1     1    21     4    12    18     0     0   -33.0   43.574  118.904   1756.1    731.0
     1     1    21     4    12    17     0     0   -34.0   43.954  118.525   1877.8    710.5
     1     1    21     4    12    16     0     0   -35.0   44.313  118.102   1986.6    693.5
     1     1    21     4    12    15     0     0   -36.0   44.653  117.639   2089.2    677.6
     1     1    21     4    12    14     0     0   -37.0   44.976  117.149   2195.1    666.9
     1     1    21     4    12    13     0     0   -38.0   45.287  116.646   2304.0    660.7
     1     1    21     4    12    12     0     0   -39.0   45.594  116.142   2413.8    655.1
     1     1    21     4    12    11     0     0   -40.0   45.904  115.644   2521.7    649.3
     1     1    21     4    12    10     0     0   -41.0   46.216  115.152   2620.1    645.1
     1     1    21     4    12     9     0     0   -42.0   46.533  114.667   2707.6    639.4
     1     1    21     4    12     8     0     0   -43.0   46.857  114.189   2784.2    632.3
     1     1    21     4    12     7     0     0   -44.0   47.195  113.723   2854.5    624.1
     1     1    21     4    12     6     0     0   -45.0   47.555  113.277   2923.0    614.4
     1     1    21     4    12     5     0     0   -46.0   47.941  112.851   2992.4    603.7
     1     1    21     4    12     4     0     0   -47.0   48.351  112.446   3062.4    593.0
     1     1    21     4    12     3     0     0   -48.0   48.786  112.071   3135.6    583.0
     1     1    21     4    12     2     0     0   -49.0   49.250  111.742   3211.5    573.8
     1     1    21     4    12     1     0     0   -50.0   49.752  111.474   3290.8    565.2
     1     1    21     4    12     0     0     0   -51.0   50.297  111.278   3374.9    558.3
     1     1    21     4    11    23     0     0   -52.0   50.853  111.118   3454.0    553.7
     1     1    21     4    11    22     0     0   -53.0   51.397  110.964   3520.1    551.5
     1     1    21     4    11    21     0     0   -54.0   51.938  110.831   3579.4    550.2
     1     1    21     4    11    20     0     0   -55.0   52.486  110.739   3637.6    549.4
     1     1    21     4    11    19     0     0   -56.0   53.042  110.678   3684.3    543.4
     1     1    21     4    11    18     0     0   -57.0   53.608  110.640   3730.1    537.3
     1     1    21     4    11    17     0     0   -58.0   54.197  110.623   3772.1    531.3
     1     1    21     4    11    16     0     0   -59.0   54.818  110.627   3811.6    525.6
     1     1    21     4    11    15     0     0   -60.0   55.465  110.646   3864.0    525.5
     1     1    21     4    11    14     0     0   -61.0   56.122  110.670   3919.5    528.1
     1     1    21     4    11    13     0     0   -62.0   56.794  110.708   3973.9    530.9
     1     1    21     4    11    12     0     0   -63.0   57.494  110.779   4030.6    533.7
     1     1    21     4    11    11     0     0   -64.0   58.195  110.880   4089.3    539.2
     1     1    21     4    11    10     0     0   -65.0   58.870  111.003   4130.8    546.3
     1     1    21     4    11     9     0     0   -66.0   59.529  111.167   4160.1    553.9
     1     1    21     4    11     8     0     0   -67.0   60.184  111.390   4175.6    558.7
     1     1    21     4    11     7     0     0   -68.0   60.839  111.684   4175.5    556.0
     1     1    21     4    11     6     0     0   -69.0   61.498  112.057   4189.3    552.1
     1     1    21     4    11     5     0     0   -70.0   62.159  112.532   4211.1    547.2
     1     1    21     4    11     4     0     0   -71.0   62.808  113.111   4238.1    546.1
     1     1    21     4    11     3     0     0   -72.0   63.428  113.778   4268.8    546.6
     1     1    21     4    11     2     0     0   -73.0   64.020  114.542   4304.7    547.8
     1     1    21     4    11     1     0     0   -74.0   64.590  115.428   4349.0    550.0
     1     1    21     4    11     0     0     0   -75.0   65.133  116.443   4401.9    552.6
     1     1    21     4    10    23     0     0   -76.0   65.636  117.528   4464.9    553.5
     1     1    21     4    10    22     0     0   -77.0   66.099  118.620   4527.7    548.7
     1     1    21     4    10    21     0     0   -78.0   66.533  119.727   4603.2    542.4
     1     1    21     4    10    20     0     0   -79.0   66.947  120.855   4680.4    531.8
     1     1    21     4    10    19     0     0   -80.0   67.347  122.002   4764.9    520.0
     1     1    21     4    10    18     0     0   -81.0   67.731  123.142   4853.4    508.4
     1     1    21     4    10    17     0     0   -82.0   68.079  124.265   4939.6    498.5
     1     1    21     4    10    16     0     0   -83.0   68.378  125.383   5023.6    489.9
     1     1    21     4    10    15     0     0   -84.0   68.640  126.480   5109.1    482.0
     1     1    21     4    10    14     0     0   -85.0   68.872  127.550   5196.8    474.3
     1     1    21     4    10    13     0     0   -86.0   69.083  128.587   5292.5    468.3
     1     1    21     4    10    12     0     0   -87.0   69.282  129.590   5391.0    462.2
     1     1    21     4    10    11     0     0   -88.0   69.485  130.545   5492.0    456.6
     1     1    21     4    10    10     0     0   -89.0   69.706  131.444   5594.4    452.0
     1     1    21     4    10     9     0     0   -90.0   69.950  132.302   5695.3    447.8
     1     1    21     4    10     8     0     0   -91.0   70.212  133.112   5791.9    443.9
     1     1    21     4    10     7     0     0   -92.0   70.489  133.864   5880.9    440.5
     1     1    21     4    10     6     0     0   -93.0   70.775  134.562   5961.6    437.6
     1     1    21     4    10     5     0     0   -94.0   71.066  135.250   6038.5    435.6
     1     1    21     4    10     4     0     0   -95.0   71.357  135.978   6114.8    433.3
     1     1    21     4    10     3     0     0   -96.0   71.644  136.760   6192.3    430.7
