     2     1
    CDC1    21     1     1     0     0
    CDC1    21     2     1     0     0
     1 BACKWARD OMEGA   
  2021     2    26    12   37.500  127.000   500.0
     1 PRESSURE
     1     1    21     2    26    12     0     0     0.0   37.500  127.000    500.0    945.1
     1     1    21     2    26    11     0     0    -1.0   37.595  127.110    540.8    938.2
     1     1    21     2    26    10     0     0    -2.0   37.683  127.240    582.1    931.2
     1     1    21     2    26     9     0     0    -3.0   37.767  127.391    624.3    924.2
     1     1    21     2    26     8     0     0    -4.0   37.851  127.560    667.9    916.7
     1     1    21     2    26     7     0     0    -5.0   37.941  127.741    713.4    910.3
     1     1    21     2    26     6     0     0    -6.0   38.041  127.923    760.5    903.9
     1     1    21     2    26     5     0     0    -7.0   38.153  128.091    807.9    897.9
     1     1    21     2    26     4     0     0    -8.0   38.278  128.231    852.7    892.2
     1     1    21     2    26     3     0     0    -9.0   38.414  128.342    894.3    886.7
     1     1    21     2    26     2     0     0   -10.0   38.557  128.422    932.1    881.4
     1     1    21     2    26     1     0     0   -11.0   38.706  128.470    966.0    875.9
     1     1    21     2    26     0     0     0   -12.0   38.861  128.486    995.6    870.6
     1     1    21     2    25    23     0     0   -13.0   39.012  128.474   1024.1    865.3
     1     1    21     2    25    22     0     0   -14.0   39.151  128.442   1055.5    859.4
     1     1    21     2    25    21     0     0   -15.0   39.279  128.390   1089.8    853.2
     1     1    21     2    25    20     0     0   -16.0   39.395  128.319   1127.1    846.7
     1     1    21     2    25    19     0     0   -17.0   39.498  128.233   1167.0    839.9
     1     1    21     2    25    18     0     0   -18.0   39.586  128.134   1209.2    833.0
     1     1    21     2    25    17     0     0   -19.0   39.672  128.030   1258.1    826.4
     1     1    21     2    25    16     0     0   -20.0   39.774  127.928   1318.6    817.6
     1     1    21     2    25    15     0     0   -21.0   39.896  127.825   1391.2    807.1
     1     1    21     2    25    14     0     0   -22.0   40.042  127.718   1476.7    795.1
     1     1    21     2    25    13     0     0   -23.0   40.218  127.600   1574.8    782.4
     1     1    21     2    25    12     0     0   -24.0   40.428  127.460   1685.1    769.1
     1     1    21     2    25    11     0     0   -25.0   40.676  127.262   1801.0    756.1
     1     1    21     2    25    10     0     0   -26.0   40.959  126.977   1911.6    745.5
     1     1    21     2    25     9     0     0   -27.0   41.272  126.609   2018.2    736.5
     1     1    21     2    25     8     0     0   -28.0   41.609  126.158   2122.8    729.3
     1     1    21     2    25     7     0     0   -29.0   41.967  125.626   2230.0    723.1
     1     1    21     2    25     6     0     0   -30.0   42.343  125.014   2347.2    717.8
     1     1    21     2    25     5     0     0   -31.0   42.716  124.335   2468.1    712.2
     1     1    21     2    25     4     0     0   -32.0   43.061  123.614   2578.2    708.6
     1     1    21     2    25     3     0     0   -33.0   43.383  122.862   2675.8    704.4
     1     1    21     2    25     2     0     0   -34.0   43.698  122.075   2754.0    691.9
     1     1    21     2    25     1     0     0   -35.0   44.027  121.247   2815.5    672.3
     1     1    21     2    25     0     0     0   -36.0   44.390  120.361   2870.6    651.4
     1     1    21     2    24    23     0     0   -37.0   44.787  119.407   2920.2    630.2
     1     1    21     2    24    22     0     0   -38.0   45.201  118.403   2967.0    612.4
     1     1    21     2    24    21     0     0   -39.0   45.616  117.373   3010.7    601.5
     1     1    21     2    24    20     0     0   -40.0   46.012  116.339   3058.0    602.4
     1     1    21     2    24    19     0     0   -41.0   46.376  115.307   3092.4    604.7
     1     1    21     2    24    18     0     0   -42.0   46.714  114.264   3113.5    603.0
     1     1    21     2    24    17     0     0   -43.0   47.040  113.209   3128.2    595.8
     1     1    21     2    24    16     0     0   -44.0   47.368  112.143   3136.6    584.9
     1     1    21     2    24    15     0     0   -45.0   47.696  111.066   3145.6    571.7
     1     1    21     2    24    14     0     0   -46.0   48.023  109.983   3161.6    559.3
     1     1    21     2    24    13     0     0   -47.0   48.345  108.915   3204.9    559.1
     1     1    21     2    24    12     0     0   -48.0   48.662  107.887   3252.4    559.7
     1     1    21     2    24    11     0     0   -49.0   48.971  106.885   3301.7    560.7
     1     1    21     2    24    10     0     0   -50.0   49.263  105.894   3349.3    560.8
     1     1    21     2    24     9     0     0   -51.0   49.528  104.910   3383.8    560.2
     1     1    21     2    24     8     0     0   -52.0   49.770  103.914   3376.7    547.8
     1     1    21     2    24     7     0     0   -53.0   49.996  102.895   3352.2    535.4
     1     1    21     2    24     6     0     0   -54.0   50.206  101.854   3315.6    526.1
     1     1    21     2    24     5     0     0   -55.0   50.420  100.774   3277.6    517.2
     1     1    21     2    24     4     0     0   -56.0   50.650   99.640   3265.1    511.0
     1     1    21     2    24     3     0     0   -57.0   50.881   98.464   3290.2    517.0
     1     1    21     2    24     2     0     0   -58.0   51.103   97.269   3321.2    523.0
     1     1    21     2    24     1     0     0   -59.0   51.310   96.080   3366.8    535.4
     1     1    21     2    24     0     0     0   -60.0   51.501   94.921   3411.4    546.5
     1     1    21     2    23    23     0     0   -61.0   51.670   93.801   3433.5    547.5
     1     1    21     2    23    22     0     0   -62.0   51.808   92.716   3463.7    549.4
     1     1    21     2    23    21     0     0   -63.0   51.920   91.656   3485.4    545.3
     1     1    21     2    23    20     0     0   -64.0   52.015   90.609   3512.2    540.0
     1     1    21     2    23    19     0     0   -65.0   52.102   89.566   3557.6    537.4
     1     1    21     2    23    18     0     0   -66.0   52.190   88.528   3625.8    538.4
     1     1    21     2    23    17     0     0   -67.0   52.281   87.482   3709.7    539.0
     1     1    21     2    23    16     0     0   -68.0   52.365   86.432   3813.8    548.4
     1     1    21     2    23    15     0     0   -69.0   52.441   85.394   3909.6    557.8
     1     1    21     2    23    14     0     0   -70.0   52.508   84.370   3994.0    566.8
     1     1    21     2    23    13     0     0   -71.0   52.563   83.358   4062.9    575.1
     1     1    21     2    23    12     0     0   -72.0   52.613   82.354   4117.5    582.4
     1     1    21     2    23    11     0     0   -73.0   52.638   81.369   4147.4    583.6
     1     1    21     2    23    10     0     0   -74.0   52.620   80.408   4171.2    585.9
     1     1    21     2    23     9     0     0   -75.0   52.561   79.461   4187.9    585.3
     1     1    21     2    23     8     0     0   -76.0   52.454   78.512   4198.1    581.1
     1     1    21     2    23     7     0     0   -77.0   52.304   77.543   4207.3    574.7
     1     1    21     2    23     6     0     0   -78.0   52.110   76.546   4215.2    566.4
     1     1    21     2    23     5     0     0   -79.0   51.871   75.523   4211.3    558.9
     1     1    21     2    23     4     0     0   -80.0   51.595   74.481   4192.3    554.3
     1     1    21     2    23     3     0     0   -81.0   51.291   73.424   4163.8    552.4
     1     1    21     2    23     2     0     0   -82.0   50.971   72.348   4129.9    552.9
     1     1    21     2    23     1     0     0   -83.0   50.642   71.259   4096.8    556.5
     1     1    21     2    23     0     0     0   -84.0   50.307   70.158   4059.7    562.3
     1     1    21     2    22    23     0     0   -85.0   49.952   69.063   4008.1    569.5
     1     1    21     2    22    22     0     0   -86.0   49.572   68.002   3931.6    578.7
     1     1    21     2    22    21     0     0   -87.0   49.182   66.975   3839.0    588.8
     1     1    21     2    22    20     0     0   -88.0   48.796   65.967   3738.3    600.5
     1     1    21     2    22    19     0     0   -89.0   48.421   64.968   3633.6    614.8
     1     1    21     2    22    18     0     0   -90.0   48.066   63.962   3516.0    625.7
     1     1    21     2    22    17     0     0   -91.0   47.739   62.936   3403.7    637.3
     1     1    21     2    22    16     0     0   -92.0   47.443   61.890   3297.3    646.8
     1     1    21     2    22    15     0     0   -93.0   47.180   60.836   3197.3    654.5
     1     1    21     2    22    14     0     0   -94.0   46.943   59.787   3102.9    662.3
     1     1    21     2    22    13     0     0   -95.0   46.726   58.744   3011.6    672.1
     1     1    21     2    22    12     0     0   -96.0   46.518   57.707   2913.2    681.9
