     2     1
    CDC1    21     6     1     0     0
    CDC1    21     7     1     0     0
     1 BACKWARD OMEGA   
  2021     7    23     0   37.500  127.000   500.0
     1 PRESSURE
     1     1    21     7    23     0     0     0     0.0   37.500  127.000    500.0    936.4
     1     1    21     7    22    23     0     0    -1.0   37.447  127.110    503.3    935.2
     1     1    21     7    22    22     0     0    -2.0   37.396  127.218    505.6    934.2
     1     1    21     7    22    21     0     0    -3.0   37.346  127.324    507.0    933.3
     1     1    21     7    22    20     0     0    -4.0   37.297  127.428    507.5    932.6
     1     1    21     7    22    19     0     0    -5.0   37.250  127.530    507.1    932.1
     1     1    21     7    22    18     0     0    -6.0   37.205  127.629    505.7    932.4
     1     1    21     7    22    17     0     0    -7.0   37.166  127.725    505.3    933.3
     1     1    21     7    22    16     0     0    -8.0   37.137  127.819    506.8    933.8
     1     1    21     7    22    15     0     0    -9.0   37.118  127.912    510.4    934.0
     1     1    21     7    22    14     0     0   -10.0   37.107  128.002    516.1    934.0
     1     1    21     7    22    13     0     0   -11.0   37.106  128.089    523.9    933.7
     1     1    21     7    22    12     0     0   -12.0   37.114  128.174    533.9    933.2
     1     1    21     7    22    11     0     0   -13.0   37.123  128.263    545.8    932.3
     1     1    21     7    22    10     0     0   -14.0   37.127  128.360    559.8    931.1
     1     1    21     7    22     9     0     0   -15.0   37.125  128.467    575.8    929.9
     1     1    21     7    22     8     0     0   -16.0   37.117  128.584    593.9    928.4
     1     1    21     7    22     7     0     0   -17.0   37.104  128.712    614.2    926.8
     1     1    21     7    22     6     0     0   -18.0   37.086  128.850    636.5    924.9
     1     1    21     7    22     5     0     0   -19.0   37.065  128.995    659.6    922.6
     1     1    21     7    22     4     0     0   -20.0   37.045  129.142    682.6    920.4
     1     1    21     7    22     3     0     0   -21.0   37.025  129.288    705.2    918.3
     1     1    21     7    22     2     0     0   -22.0   37.006  129.433    727.5    916.2
     1     1    21     7    22     1     0     0   -23.0   36.988  129.576    749.4    914.2
     1     1    21     7    22     0     0     0   -24.0   36.971  129.716    770.8    912.2
     1     1    21     7    21    23     0     0   -25.0   36.953  129.857    790.5    910.3
     1     1    21     7    21    22     0     0   -26.0   36.929  130.002    807.2    908.9
     1     1    21     7    21    21     0     0   -27.0   36.901  130.152    820.7    908.4
     1     1    21     7    21    20     0     0   -28.0   36.867  130.306    830.8    908.3
     1     1    21     7    21    19     0     0   -29.0   36.828  130.465    837.7    908.5
     1     1    21     7    21    18     0     0   -30.0   36.781  130.629    841.7    908.9
     1     1    21     7    21    17     0     0   -31.0   36.734  130.799    844.4    909.5
     1     1    21     7    21    16     0     0   -32.0   36.691  130.974    847.4    910.0
     1     1    21     7    21    15     0     0   -33.0   36.654  131.155    850.6    910.5
     1     1    21     7    21    14     0     0   -34.0   36.622  131.343    853.9    911.2
     1     1    21     7    21    13     0     0   -35.0   36.595  131.537    857.6    911.9
     1     1    21     7    21    12     0     0   -36.0   36.574  131.740    861.5    912.6
     1     1    21     7    21    11     0     0   -37.0   36.559  131.944    864.8    913.3
     1     1    21     7    21    10     0     0   -38.0   36.550  132.143    866.8    914.2
     1     1    21     7    21     9     0     0   -39.0   36.549  132.336    867.2    915.1
     1     1    21     7    21     8     0     0   -40.0   36.554  132.521    865.9    916.0
     1     1    21     7    21     7     0     0   -41.0   36.566  132.698    862.4    915.5
     1     1    21     7    21     6     0     0   -42.0   36.585  132.866    857.7    915.1
     1     1    21     7    21     5     0     0   -43.0   36.602  133.031    852.4    915.3
     1     1    21     7    21     4     0     0   -44.0   36.610  133.202    846.7    915.4
     1     1    21     7    21     3     0     0   -45.0   36.608  133.378    841.2    915.3
     1     1    21     7    21     2     0     0   -46.0   36.595  133.562    836.2    915.1
     1     1    21     7    21     1     0     0   -47.0   36.571  133.752    832.0    914.6
     1     1    21     7    21     0     0     0   -48.0   36.534  133.949    828.8    913.9
     1     1    21     7    20    23     0     0   -49.0   36.488  134.148    827.3    912.5
     1     1    21     7    20    22     0     0   -50.0   36.437  134.343    828.2    910.8
     1     1    21     7    20    21     0     0   -51.0   36.382  134.533    831.2    908.9
     1     1    21     7    20    20     0     0   -52.0   36.324  134.720    836.2    906.8
     1     1    21     7    20    19     0     0   -53.0   36.263  134.904    842.8    904.5
     1     1    21     7    20    18     0     0   -54.0   36.203  135.085    851.1    901.9
     1     1    21     7    20    17     0     0   -55.0   36.146  135.266    861.7    899.4
     1     1    21     7    20    16     0     0   -56.0   36.096  135.450    873.7    896.7
     1     1    21     7    20    15     0     0   -57.0   36.052  135.638    887.6    893.8
     1     1    21     7    20    14     0     0   -58.0   36.015  135.830    903.4    890.8
     1     1    21     7    20    13     0     0   -59.0   35.984  136.025    921.3    887.5
     1     1    21     7    20    12     0     0   -60.0   35.958  136.225    941.3    883.9
     1     1    21     7    20    11     0     0   -61.0   35.939  136.422    960.2    879.6
     1     1    21     7    20    10     0     0   -62.0   35.927  136.610    974.7    876.3
     1     1    21     7    20     9     0     0   -63.0   35.922  136.789    984.3    873.6
     1     1    21     7    20     8     0     0   -64.0   35.924  136.958    988.5    871.7
     1     1    21     7    20     7     0     0   -65.0   35.932  137.117    986.8    870.4
     1     1    21     7    20     6     0     0   -66.0   35.947  137.265    978.8    869.9
     1     1    21     7    20     5     0     0   -67.0   35.966  137.407    970.9    870.5
     1     1    21     7    20     4     0     0   -68.0   35.987  137.548    970.0    870.4
     1     1    21     7    20     3     0     0   -69.0   36.009  137.688    976.4    870.6
     1     1    21     7    20     2     0     0   -70.0   36.033  137.827    989.9    870.1
     1     1    21     7    20     1     0     0   -71.0   36.060  137.963   1010.4    868.8
     1     1    21     7    20     0     0     0   -72.0   36.091  138.097   1038.1    866.8
     1     1    21     7    19    23     0     0   -73.0   36.119  138.223   1068.6    863.5
     1     1    21     7    19    22     0     0   -74.0   36.140  138.339   1097.3    860.9
     1     1    21     7    19    21     0     0   -75.0   36.154  138.445   1124.1    858.5
     1     1    21     7    19    20     0     0   -76.0   36.161  138.543   1148.8    856.3
     1     1    21     7    19    19     0     0   -77.0   36.162  138.633   1171.4    854.2
     1     1    21     7    19    18     0     0   -78.0   36.155  138.716   1192.0    852.4
     1     1    21     7    19    17     0     0   -79.0   36.146  138.798   1210.0    851.2
     1     1    21     7    19    16     0     0   -80.0   36.139  138.884   1225.4    850.2
     1     1    21     7    19    15     0     0   -81.0   36.134  138.972   1237.9    849.5
     1     1    21     7    19    14     0     0   -82.0   36.130  139.063   1247.3    849.1
     1     1    21     7    19    13     0     0   -83.0   36.130  139.157   1253.5    849.1
     1     1    21     7    19    12     0     0   -84.0   36.133  139.253   1256.2    849.3
     1     1    21     7    19    11     0     0   -85.0   36.136  139.350   1259.9    849.6
     1     1    21     7    19    10     0     0   -86.0   36.137  139.445   1269.0    849.0
     1     1    21     7    19     9     0     0   -87.0   36.136  139.540   1283.9    847.9
     1     1    21     7    19     8     0     0   -88.0   36.132  139.633   1304.8    846.0
     1     1    21     7    19     7     0     0   -89.0   36.127  139.726   1331.9    843.4
     1     1    21     7    19     6     0     0   -90.0   36.121  139.818   1365.3    840.2
     1     1    21     7    19     5     0     0   -91.0   36.119  139.909   1401.3    836.8
     1     1    21     7    19     4     0     0   -92.0   36.125  139.998   1436.2    833.9
     1     1    21     7    19     3     0     0   -93.0   36.138  140.083   1470.0    831.5
     1     1    21     7    19     2     0     0   -94.0   36.156  140.163   1502.2    829.3
     1     1    21     7    19     1     0     0   -95.0   36.179  140.240   1533.2    827.2
     1     1    21     7    19     0     0     0   -96.0   36.207  140.312   1562.8    825.1
