     2     1
    CDC1    21     7     1     0     0
    CDC1    21     8     1     0     0
     1 BACKWARD OMEGA   
  2021     8    16     3   37.500  127.000   500.0
     1 PRESSURE
     1     1    21     8    16     3     0     0     0.0   37.500  127.000    500.0    940.4
     1     1    21     8    16     2     0     0    -1.0   37.458  127.194    493.7    940.7
     1     1    21     8    16     1     0     0    -2.0   37.418  127.402    489.6    940.6
     1     1    21     8    16     0     0     0    -3.0   37.381  127.623    488.3    941.2
     1     1    21     8    15    23     0     0    -4.0   37.347  127.848    488.8    941.5
     1     1    21     8    15    22     0     0    -5.0   37.319  128.066    489.4    942.0
     1     1    21     8    15    21     0     0    -6.0   37.295  128.278    489.8    942.5
     1     1    21     8    15    20     0     0    -7.0   37.276  128.483    489.7    943.1
     1     1    21     8    15    19     0     0    -8.0   37.262  128.680    488.8    943.7
     1     1    21     8    15    18     0     0    -9.0   37.253  128.868    486.9    944.5
     1     1    21     8    15    17     0     0   -10.0   37.256  129.055    484.1    945.2
     1     1    21     8    15    16     0     0   -11.0   37.277  129.245    481.3    945.9
     1     1    21     8    15    15     0     0   -12.0   37.317  129.442    478.1    946.7
     1     1    21     8    15    14     0     0   -13.0   37.376  129.644    474.4    947.7
     1     1    21     8    15    13     0     0   -14.0   37.456  129.855    469.9    948.9
     1     1    21     8    15    12     0     0   -15.0   37.555  130.074    464.4    950.1
     1     1    21     8    15    11     0     0   -16.0   37.662  130.292    458.1    951.8
     1     1    21     8    15    10     0     0   -17.0   37.768  130.501    451.0    953.6
     1     1    21     8    15     9     0     0   -18.0   37.875  130.702    443.3    955.5
     1     1    21     8    15     8     0     0   -19.0   37.983  130.897    435.2    957.6
     1     1    21     8    15     7     0     0   -20.0   38.094  131.086    426.6    959.9
     1     1    21     8    15     6     0     0   -21.0   38.208  131.271    417.9    962.2
     1     1    21     8    15     5     0     0   -22.0   38.330  131.456    409.5    964.8
     1     1    21     8    15     4     0     0   -23.0   38.465  131.648    401.8    967.6
     1     1    21     8    15     3     0     0   -24.0   38.611  131.846    394.9    970.5
     1     1    21     8    15     2     0     0   -25.0   38.768  132.053    388.9    973.7
     1     1    21     8    15     1     0     0   -26.0   38.937  132.269    383.7    977.1
     1     1    21     8    15     0     0     0   -27.0   39.117  132.495    379.5    980.8
     1     1    21     8    14    23     0     0   -28.0   39.303  132.725    374.4    981.0
     1     1    21     8    14    22     0     0   -29.0   39.486  132.954    367.3    981.7
     1     1    21     8    14    21     0     0   -30.0   39.667  133.184    357.9    983.0
     1     1    21     8    14    20     0     0   -31.0   39.849  133.417    346.0    984.9
     1     1    21     8    14    19     0     0   -32.0   40.033  133.655    331.4    986.8
     1     1    21     8    14    18     0     0   -33.0   40.213  133.892    314.1    986.6
     1     1    21     8    14    17     0     0   -34.0   40.384  134.127    296.7    987.5
     1     1    21     8    14    16     0     0   -35.0   40.539  134.362    280.7    988.4
     1     1    21     8    14    15     0     0   -36.0   40.678  134.597    266.0    989.4
     1     1    21     8    14    14     0     0   -37.0   40.802  134.832    252.5    990.5
     1     1    21     8    14    13     0     0   -38.0   40.911  135.067    239.9    991.2
     1     1    21     8    14    12     0     0   -39.0   41.004  135.302    227.9    990.6
     1     1    21     8    14    11     0     0   -40.0   41.091  135.544    215.8    989.9
     1     1    21     8    14    10     0     0   -41.0   41.184  135.798    202.9    989.4
     1     1    21     8    14     9     0     0   -42.0   41.282  136.066    189.3    988.8
     1     1    21     8    14     8     0     0   -43.0   41.388  136.350    175.2    988.2
     1     1    21     8    14     7     0     0   -44.0   41.503  136.650    160.4    987.9
     1     1    21     8    14     6     0     0   -45.0   41.627  136.969    145.0    988.0
     1     1    21     8    14     5     0     0   -46.0   41.757  137.302    128.6    988.7
     1     1    21     8    14     4     0     0   -47.0   41.885  137.643    111.4    990.1
     1     1    21     8    14     3     0     0   -48.0   42.011  137.989     94.1    992.3
     1     1    21     8    14     2     0     0   -49.0   42.132  138.339     77.3    994.7
     1     1    21     8    14     1     0     0   -50.0   42.244  138.690     61.9    996.3
     1     1    21     8    14     0     0     0   -51.0   42.339  139.041     48.8    997.8
     1     1    21     8    13    23     0     0   -52.0   42.409  139.385     38.3    999.3
     1     1    21     8    13    22     0     0   -53.0   42.451  139.719     30.5   1000.6
     1     1    21     8    13    21     0     0   -54.0   42.464  140.044     24.9   1001.5
     1     1    21     8    13    20     0     0   -55.0   42.457  140.365     20.9   1001.5
     1     1    21     8    13    19     0     0   -56.0   42.435  140.683     18.2   1001.4
     1     1    21     8    13    18     0     0   -57.0   42.399  140.998     16.6   1001.2
     1     1    21     8    13    17     0     0   -58.0   42.345  141.304     15.9   1000.9
     1     1    21     8    13    16     0     0   -59.0   42.271  141.600     15.5   1000.7
     1     1    21     8    13    15     0     0   -60.0   42.177  141.886     15.5   1000.4
     1     1    21     8    13    14     0     0   -61.0   42.068  142.161     15.7   1000.3
     1     1    21     8    13    13     0     0   -62.0   41.946  142.426     16.1   1000.3
     1     1    21     8    13    12     0     0   -63.0   41.816  142.683     16.9   1000.5
     1     1    21     8    13    11     0     0   -64.0   41.697  142.942     17.3   1000.4
     1     1    21     8    13    10     0     0   -65.0   41.599  143.213     16.7   1000.7
     1     1    21     8    13     9     0     0   -66.0   41.522  143.494     15.5   1001.1
     1     1    21     8    13     8     0     0   -67.0   41.465  143.786     14.1   1001.6
     1     1    21     8    13     7     0     0   -68.0   41.428  144.090     12.5   1002.2
     1     1    21     8    13     6     0     0   -69.0   41.409  144.406     11.2   1002.7
     1     1    21     8    13     5     0     0   -70.0   41.404  144.721     10.3   1003.2
     1     1    21     8    13     4     0     0   -71.0   41.408  145.017      9.9   1003.6
     1     1    21     8    13     3     0     0   -72.0   41.421  145.293      9.8   1005.1
     1     1    21     8    13     2     0     0   -73.0   41.445  145.546      9.7   1006.4
     1     1    21     8    13     1     0     0   -74.0   41.476  145.776      9.7   1007.7
     1     1    21     8    13     0     0     0   -75.0   41.514  145.983      9.9   1008.8
     1     1    21     8    12    23     0     0   -76.0   41.555  146.168     10.0   1009.6
     1     1    21     8    12    22     0     0   -77.0   41.597  146.336     10.2   1010.2
     1     1    21     8    12    21     0     0   -78.0   41.638  146.486     10.5   1010.7
     1     1    21     8    12    20     0     0   -79.0   41.680  146.619     10.7   1011.2
     1     1    21     8    12    19     0     0   -80.0   41.721  146.734     11.1   1011.4
     1     1    21     8    12    18     0     0   -81.0   41.762  146.831     11.5   1011.6
     1     1    21     8    12    17     0     0   -82.0   41.800  146.911     12.1   1012.2
     1     1    21     8    12    16     0     0   -83.0   41.832  146.971     13.1   1012.6
     1     1    21     8    12    15     0     0   -84.0   41.858  147.014     14.4   1012.9
     1     1    21     8    12    14     0     0   -85.0   41.875  147.040     16.2   1013.1
     1     1    21     8    12    13     0     0   -86.0   41.884  147.050     18.5   1013.1
     1     1    21     8    12    12     0     0   -87.0   41.885  147.047     21.6   1013.0
     1     1    21     8    12    11     0     0   -88.0   41.888  147.037     25.0   1012.1
     1     1    21     8    12    10     0     0   -89.0   41.906  147.025     28.4   1011.3
     1     1    21     8    12     9     0     0   -90.0   41.938  147.011     31.5   1010.4
     1     1    21     8    12     8     0     0   -91.0   41.985  146.993     34.3   1009.5
     1     1    21     8    12     7     0     0   -92.0   42.046  146.971     36.5   1008.6
     1     1    21     8    12     6     0     0   -93.0   42.121  146.943     38.2   1007.7
     1     1    21     8    12     5     0     0   -94.0   42.206  146.912     40.1   1007.2
     1     1    21     8    12     4     0     0   -95.0   42.295  146.881     43.1   1006.5
     1     1    21     8    12     3     0     0   -96.0   42.387  146.848     47.7   1005.7
