     2     1
    CDC1    21     4     1     0     0
    CDC1    21     5     1     0     0
     1 BACKWARD OMEGA   
  2021     5     5     6   37.500  127.000   500.0
     1 PRESSURE
     1     1    21     5     5     6     0     0     0.0   37.500  127.000    500.0    933.8
     1     1    21     5     5     5     0     0    -1.0   37.540  126.595    507.4    934.6
     1     1    21     5     5     4     0     0    -2.0   37.603  126.183    512.9    935.3
     1     1    21     5     5     3     0     0    -3.0   37.693  125.760    517.4    935.8
     1     1    21     5     5     2     0     0    -4.0   37.816  125.326    521.8    935.8
     1     1    21     5     5     1     0     0    -5.0   37.973  124.876    527.5    935.1
     1     1    21     5     5     0     0     0    -6.0   38.157  124.410    536.7    933.8
     1     1    21     5     4    23     0     0    -7.0   38.346  123.933    548.2    933.0
     1     1    21     5     4    22     0     0    -8.0   38.528  123.453    558.9    933.3
     1     1    21     5     4    21     0     0    -9.0   38.708  122.967    571.8    933.9
     1     1    21     5     4    20     0     0   -10.0   38.892  122.473    589.5    934.2
     1     1    21     5     4    19     0     0   -11.0   39.078  121.973    614.3    930.1
     1     1    21     5     4    18     0     0   -12.0   39.264  121.470    649.8    924.2
     1     1    21     5     4    17     0     0   -13.0   39.442  120.985    698.7    916.8
     1     1    21     5     4    16     0     0   -14.0   39.612  120.530    760.4    908.1
     1     1    21     5     4    15     0     0   -15.0   39.786  120.090    833.9    898.5
     1     1    21     5     4    14     0     0   -16.0   39.970  119.650    915.2    884.1
     1     1    21     5     4    13     0     0   -17.0   40.174  119.194   1000.2    864.0
     1     1    21     5     4    12     0     0   -18.0   40.404  118.707   1087.0    841.7
     1     1    21     5     4    11     0     0   -19.0   40.650  118.190   1175.5    818.4
     1     1    21     5     4    10     0     0   -20.0   40.900  117.652   1264.7    794.4
     1     1    21     5     4     9     0     0   -21.0   41.150  117.088   1351.2    770.2
     1     1    21     5     4     8     0     0   -22.0   41.392  116.491   1428.5    748.9
     1     1    21     5     4     7     0     0   -23.0   41.620  115.855   1490.6    730.5
     1     1    21     5     4     6     0     0   -24.0   41.826  115.174   1532.6    715.2
     1     1    21     5     4     5     0     0   -25.0   42.034  114.467   1565.3    709.2
     1     1    21     5     4     4     0     0   -26.0   42.268  113.755   1595.7    706.8
     1     1    21     5     4     3     0     0   -27.0   42.526  113.043   1622.9    707.7
     1     1    21     5     4     2     0     0   -28.0   42.806  112.345   1649.0    712.2
     1     1    21     5     4     1     0     0   -29.0   43.107  111.675   1672.6    714.7
     1     1    21     5     4     0     0     0   -30.0   43.424  111.039   1693.8    716.0
     1     1    21     5     3    23     0     0   -31.0   43.739  110.428   1707.0    716.8
     1     1    21     5     3    22     0     0   -32.0   44.038  109.829   1710.7    716.7
     1     1    21     5     3    21     0     0   -33.0   44.320  109.239   1707.7    714.4
     1     1    21     5     3    20     0     0   -34.0   44.586  108.655   1701.1    711.8
     1     1    21     5     3    19     0     0   -35.0   44.831  108.078   1688.4    709.7
     1     1    21     5     3    18     0     0   -36.0   45.051  107.511   1667.2    708.0
     1     1    21     5     3    17     0     0   -37.0   45.274  106.987   1647.9    707.3
     1     1    21     5     3    16     0     0   -38.0   45.531  106.533   1639.5    705.3
     1     1    21     5     3    15     0     0   -39.0   45.822  106.139   1639.5    703.3
     1     1    21     5     3    14     0     0   -40.0   46.146  105.796   1645.1    701.6
     1     1    21     5     3    13     0     0   -41.0   46.502  105.494   1653.0    700.5
     1     1    21     5     3    12     0     0   -42.0   46.891  105.223   1660.1    700.2
     1     1    21     5     3    11     0     0   -43.0   47.309  104.969   1670.6    700.0
     1     1    21     5     3    10     0     0   -44.0   47.751  104.720   1691.4    697.0
     1     1    21     5     3     9     0     0   -45.0   48.210  104.470   1723.5    693.9
     1     1    21     5     3     8     0     0   -46.0   48.681  104.217   1761.8    689.9
     1     1    21     5     3     7     0     0   -47.0   49.165  103.957   1802.2    685.5
     1     1    21     5     3     6     0     0   -48.0   49.661  103.683   1840.2    680.7
     1     1    21     5     3     5     0     0   -49.0   50.165  103.408   1867.6    677.6
     1     1    21     5     3     4     0     0   -50.0   50.667  103.137   1879.3    679.5
     1     1    21     5     3     3     0     0   -51.0   51.159  102.845   1876.6    681.7
     1     1    21     5     3     2     0     0   -52.0   51.638  102.503   1862.4    683.4
     1     1    21     5     3     1     0     0   -53.0   52.099  102.087   1839.7    683.9
     1     1    21     5     3     0     0     0   -54.0   52.534  101.575   1813.0    682.5
     1     1    21     5     2    23     0     0   -55.0   52.936  101.020   1795.2    686.6
     1     1    21     5     2    22     0     0   -56.0   53.309  100.483   1781.4    691.2
     1     1    21     5     2    21     0     0   -57.0   53.659   99.953   1768.5    697.5
     1     1    21     5     2    20     0     0   -58.0   53.989   99.423   1756.8    710.1
     1     1    21     5     2    19     0     0   -59.0   54.299   98.889   1737.3    721.8
     1     1    21     5     2    18     0     0   -60.0   54.592   98.337   1708.7    732.7
     1     1    21     5     2    17     0     0   -61.0   54.864   97.740   1673.8    742.5
     1     1    21     5     2    16     0     0   -62.0   55.116   97.098   1640.1    752.7
     1     1    21     5     2    15     0     0   -63.0   55.353   96.435   1609.8    763.0
     1     1    21     5     2    14     0     0   -64.0   55.584   95.761   1584.0    772.3
     1     1    21     5     2    13     0     0   -65.0   55.813   95.074   1563.8    780.6
     1     1    21     5     2    12     0     0   -66.0   56.046   94.377   1551.5    789.6
     1     1    21     5     2    11     0     0   -67.0   56.276   93.692   1543.8    796.7
     1     1    21     5     2    10     0     0   -68.0   56.501   93.030   1537.0    802.7
     1     1    21     5     2     9     0     0   -69.0   56.726   92.383   1531.2    807.7
     1     1    21     5     2     8     0     0   -70.0   56.955   91.750   1527.0    813.0
     1     1    21     5     2     7     0     0   -71.0   57.192   91.129   1523.8    817.6
     1     1    21     5     2     6     0     0   -72.0   57.445   90.518   1522.2    821.6
     1     1    21     5     2     5     0     0   -73.0   57.706   89.916   1519.9    822.2
     1     1    21     5     2     4     0     0   -74.0   57.961   89.322   1518.1    823.3
     1     1    21     5     2     3     0     0   -75.0   58.209   88.736   1517.6    824.3
     1     1    21     5     2     2     0     0   -76.0   58.459   88.156   1520.2    824.8
     1     1    21     5     2     1     0     0   -77.0   58.718   87.584   1527.7    824.7
     1     1    21     5     2     0     0     0   -78.0   58.989   87.016   1541.9    823.5
     1     1    21     5     1    23     0     0   -79.0   59.255   86.447   1561.9    822.1
     1     1    21     5     1    22     0     0   -80.0   59.508   85.879   1581.9    821.2
     1     1    21     5     1    21     0     0   -81.0   59.758   85.315   1603.0    820.5
     1     1    21     5     1    20     0     0   -82.0   60.009   84.759   1624.7    819.5
     1     1    21     5     1    19     0     0   -83.0   60.265   84.226   1645.1    817.5
     1     1    21     5     1    18     0     0   -84.0   60.531   83.733   1663.2    815.2
     1     1    21     5     1    17     0     0   -85.0   60.804   83.267   1680.2    813.0
     1     1    21     5     1    16     0     0   -86.0   61.079   82.812   1695.5    810.6
     1     1    21     5     1    15     0     0   -87.0   61.361   82.376   1709.3    807.9
     1     1    21     5     1    14     0     0   -88.0   61.651   81.966   1722.0    804.8
     1     1    21     5     1    13     0     0   -89.0   61.952   81.589   1734.7    801.6
     1     1    21     5     1    12     0     0   -90.0   62.270   81.255   1748.0    798.1
     1     1    21     5     1    11     0     0   -91.0   62.598   80.976   1757.2    794.8
     1     1    21     5     1    10     0     0   -92.0   62.925   80.765   1757.2    795.0
     1     1    21     5     1     9     0     0   -93.0   63.249   80.633   1746.3    796.2
     1     1    21     5     1     8     0     0   -94.0   63.571   80.581   1723.8    798.7
     1     1    21     5     1     7     0     0   -95.0   63.890   80.613   1689.3    802.3
     1     1    21     5     1     6     0     0   -96.0   64.207   80.733   1642.9    807.0
