     2     1
    CDC1    21     5     1     0     0
    CDC1    21     6     1     0     0
     1 BACKWARD OMEGA   
  2021     6     3     0   37.500  127.000   500.0
     1 PRESSURE
     1     1    21     6     3     0     0     0     0.0   37.500  127.000    500.0    931.6
     1     1    21     6     2    23     0     0    -1.0   37.266  126.951    458.1    937.6
     1     1    21     6     2    22     0     0    -2.0   37.036  126.898    424.8    942.3
     1     1    21     6     2    21     0     0    -3.0   36.810  126.850    398.4    946.3
     1     1    21     6     2    20     0     0    -4.0   36.587  126.807    377.8    949.5
     1     1    21     6     2    19     0     0    -5.0   36.365  126.775    362.0    952.0
     1     1    21     6     2    18     0     0    -6.0   36.140  126.754    350.0    954.1
     1     1    21     6     2    17     0     0    -7.0   35.911  126.749    338.8    955.8
     1     1    21     6     2    16     0     0    -8.0   35.677  126.758    326.0    958.0
     1     1    21     6     2    15     0     0    -9.0   35.440  126.781    312.1    960.2
     1     1    21     6     2    14     0     0   -10.0   35.200  126.815    297.6    962.4
     1     1    21     6     2    13     0     0   -11.0   34.960  126.858    282.9    964.8
     1     1    21     6     2    12     0     0   -12.0   34.722  126.908    268.2    967.5
     1     1    21     6     2    11     0     0   -13.0   34.495  126.973    255.0    969.9
     1     1    21     6     2    10     0     0   -14.0   34.280  127.057    245.4    971.7
     1     1    21     6     2     9     0     0   -15.0   34.075  127.162    239.3    973.1
     1     1    21     6     2     8     0     0   -16.0   33.879  127.286    236.7    974.0
     1     1    21     6     2     7     0     0   -17.0   33.691  127.430    237.7    974.5
     1     1    21     6     2     6     0     0   -18.0   33.510  127.593    242.5    974.6
     1     1    21     6     2     5     0     0   -19.0   33.336  127.770    248.9    974.3
     1     1    21     6     2     4     0     0   -20.0   33.176  127.954    254.6    974.2
     1     1    21     6     2     3     0     0   -21.0   33.031  128.143    259.7    974.1
     1     1    21     6     2     2     0     0   -22.0   32.903  128.335    264.0    973.9
     1     1    21     6     2     1     0     0   -23.0   32.794  128.531    267.7    973.8
     1     1    21     6     2     0     0     0   -24.0   32.705  128.728    270.6    973.6
     1     1    21     6     1    23     0     0   -25.0   32.628  128.930    275.3    973.0
     1     1    21     6     1    22     0     0   -26.0   32.550  129.141    284.2    971.6
     1     1    21     6     1    21     0     0   -27.0   32.472  129.362    297.6    969.6
     1     1    21     6     1    20     0     0   -28.0   32.395  129.591    315.5    967.2
     1     1    21     6     1    19     0     0   -29.0   32.319  129.827    338.0    964.4
     1     1    21     6     1    18     0     0   -30.0   32.243  130.071    365.1    961.4
     1     1    21     6     1    17     0     0   -31.0   32.176  130.320    391.5    958.1
     1     1    21     6     1    16     0     0   -32.0   32.129  130.570    412.4    955.6
     1     1    21     6     1    15     0     0   -33.0   32.102  130.820    428.1    953.7
     1     1    21     6     1    14     0     0   -34.0   32.095  131.071    438.7    952.3
     1     1    21     6     1    13     0     0   -35.0   32.107  131.320    444.6    951.4
     1     1    21     6     1    12     0     0   -36.0   32.138  131.567    445.8    950.9
     1     1    21     6     1    11     0     0   -37.0   32.176  131.812    446.6    950.7
     1     1    21     6     1    10     0     0   -38.0   32.205  132.064    451.4    949.6
     1     1    21     6     1     9     0     0   -39.0   32.228  132.325    460.0    948.0
     1     1    21     6     1     8     0     0   -40.0   32.244  132.597    472.7    946.4
     1     1    21     6     1     7     0     0   -41.0   32.253  132.883    489.3    945.1
     1     1    21     6     1     6     0     0   -42.0   32.254  133.183    509.7    943.5
     1     1    21     6     1     5     0     0   -43.0   32.261  133.491    532.8    942.0
     1     1    21     6     1     4     0     0   -44.0   32.282  133.798    557.7    940.3
     1     1    21     6     1     3     0     0   -45.0   32.318  134.105    584.7    938.5
     1     1    21     6     1     2     0     0   -46.0   32.370  134.413    613.8    936.4
     1     1    21     6     1     1     0     0   -47.0   32.437  134.720    645.3    933.7
     1     1    21     6     1     0     0     0   -48.0   32.521  135.022    679.1    930.4
     1     1    21     5    31    23     0     0   -49.0   32.615  135.311    714.4    925.5
     1     1    21     5    31    22     0     0   -50.0   32.715  135.578    750.8    920.4
     1     1    21     5    31    21     0     0   -51.0   32.824  135.822    788.0    915.1
     1     1    21     5    31    20     0     0   -52.0   32.943  136.041    826.1    909.6
     1     1    21     5    31    19     0     0   -53.0   33.075  136.234    864.8    903.9
     1     1    21     5    31    18     0     0   -54.0   33.223  136.398    904.2    897.9
     1     1    21     5    31    17     0     0   -55.0   33.371  136.529    943.9    892.2
     1     1    21     5    31    16     0     0   -56.0   33.503  136.625    984.4    886.2
     1     1    21     5    31    15     0     0   -57.0   33.618  136.689   1025.9    880.4
     1     1    21     5    31    14     0     0   -58.0   33.714  136.724   1068.3    874.8
     1     1    21     5    31    13     0     0   -59.0   33.792  136.733   1111.8    869.4
     1     1    21     5    31    12     0     0   -60.0   33.850  136.717   1156.3    864.3
     1     1    21     5    31    11     0     0   -61.0   33.901  136.695   1198.4    859.1
     1     1    21     5    31    10     0     0   -62.0   33.953  136.686   1232.9    854.9
     1     1    21     5    31     9     0     0   -63.0   34.007  136.688   1259.6    851.6
     1     1    21     5    31     8     0     0   -64.0   34.060  136.701   1277.9    849.0
     1     1    21     5    31     7     0     0   -65.0   34.114  136.725   1287.5    847.2
     1     1    21     5    31     6     0     0   -66.0   34.166  136.762   1288.2    846.2
     1     1    21     5    31     5     0     0   -67.0   34.220  136.808   1289.0    846.3
     1     1    21     5    31     4     0     0   -68.0   34.276  136.857   1299.0    844.6
     1     1    21     5    31     3     0     0   -69.0   34.334  136.907   1318.5    841.7
     1     1    21     5    31     2     0     0   -70.0   34.394  136.956   1348.0    837.8
     1     1    21     5    31     1     0     0   -71.0   34.454  137.003   1387.7    832.9
     1     1    21     5    31     0     0     0   -72.0   34.515  137.048   1438.1    827.0
     1     1    21     5    30    23     0     0   -73.0   34.580  137.082   1493.5    819.5
     1     1    21     5    30    22     0     0   -74.0   34.653  137.096   1549.2    812.7
     1     1    21     5    30    21     0     0   -75.0   34.736  137.093   1605.2    806.0
     1     1    21     5    30    20     0     0   -76.0   34.828  137.072   1662.1    799.3
     1     1    21     5    30    19     0     0   -77.0   34.932  137.035   1720.8    792.4
     1     1    21     5    30    18     0     0   -78.0   35.046  136.980   1782.0    785.5
     1     1    21     5    30    17     0     0   -79.0   35.165  136.909   1845.8    779.6
     1     1    21     5    30    16     0     0   -80.0   35.285  136.823   1912.3    773.8
     1     1    21     5    30    15     0     0   -81.0   35.406  136.723   1981.2    768.0
     1     1    21     5    30    14     0     0   -82.0   35.531  136.612   2052.3    762.2
     1     1    21     5    30    13     0     0   -83.0   35.664  136.490   2125.4    756.5
     1     1    21     5    30    12     0     0   -84.0   35.807  136.359   2200.4    750.9
     1     1    21     5    30    11     0     0   -85.0   35.965  136.203   2279.3    744.7
     1     1    21     5    30    10     0     0   -86.0   36.138  136.005   2365.5    738.4
     1     1    21     5    30     9     0     0   -87.0   36.329  135.763   2461.0    731.9
     1     1    21     5    30     8     0     0   -88.0   36.539  135.477   2568.4    725.2
     1     1    21     5    30     7     0     0   -89.0   36.768  135.145   2691.9    718.2
     1     1    21     5    30     6     0     0   -90.0   37.015  134.766   2833.9    709.0
     1     1    21     5    30     5     0     0   -91.0   37.259  134.344   2984.1    697.8
     1     1    21     5    30     4     0     0   -92.0   37.489  133.894   3131.2    688.2
     1     1    21     5    30     3     0     0   -93.0   37.712  133.430   3273.0    678.9
     1     1    21     5    30     2     0     0   -94.0   37.939  132.968   3408.7    669.7
     1     1    21     5    30     1     0     0   -95.0   38.184  132.517   3540.4    660.2
     1     1    21     5    30     0     0     0   -96.0   38.456  132.083   3659.9    646.5
