     2     1
    CDC1    21     6     1     0     0
    CDC1    21     7     1     0     0
     1 BACKWARD OMEGA   
  2021     7    24    15   37.500  127.000   500.0
     1 PRESSURE
     1     1    21     7    24    15     0     0     0.0   37.500  127.000    500.0    934.3
     1     1    21     7    24    14     0     0    -1.0   37.463  127.040    512.3    932.8
     1     1    21     7    24    13     0     0    -2.0   37.431  127.070    521.3    931.8
     1     1    21     7    24    12     0     0    -3.0   37.404  127.089    526.9    931.2
     1     1    21     7    24    11     0     0    -4.0   37.378  127.107    531.7    930.9
     1     1    21     7    24    10     0     0    -5.0   37.347  127.137    539.3    929.9
     1     1    21     7    24     9     0     0    -6.0   37.312  127.178    549.5    928.7
     1     1    21     7    24     8     0     0    -7.0   37.271  127.232    562.6    927.1
     1     1    21     7    24     7     0     0    -8.0   37.226  127.299    578.6    925.2
     1     1    21     7    24     6     0     0    -9.0   37.177  127.380    597.9    923.0
     1     1    21     7    24     5     0     0   -10.0   37.124  127.471    618.8    920.6
     1     1    21     7    24     4     0     0   -11.0   37.068  127.567    639.1    918.7
     1     1    21     7    24     3     0     0   -12.0   37.011  127.668    658.5    917.1
     1     1    21     7    24     2     0     0   -13.0   36.952  127.772    676.9    915.6
     1     1    21     7    24     1     0     0   -14.0   36.892  127.878    694.2    914.2
     1     1    21     7    24     0     0     0   -15.0   36.831  127.985    710.6    912.9
     1     1    21     7    23    23     0     0   -16.0   36.771  128.094    727.1    911.3
     1     1    21     7    23    22     0     0   -17.0   36.714  128.208    745.3    909.5
     1     1    21     7    23    21     0     0   -18.0   36.659  128.324    764.8    907.4
     1     1    21     7    23    20     0     0   -19.0   36.608  128.443    785.7    905.3
     1     1    21     7    23    19     0     0   -20.0   36.559  128.565    807.6    903.1
     1     1    21     7    23    18     0     0   -21.0   36.512  128.689    830.5    900.8
     1     1    21     7    23    17     0     0   -22.0   36.467  128.813    851.0    898.4
     1     1    21     7    23    16     0     0   -23.0   36.421  128.937    866.1    896.9
     1     1    21     7    23    15     0     0   -24.0   36.374  129.060    875.8    896.0
     1     1    21     7    23    14     0     0   -25.0   36.326  129.184    880.2    895.5
     1     1    21     7    23    13     0     0   -26.0   36.276  129.307    879.5    895.5
     1     1    21     7    23    12     0     0   -27.0   36.223  129.430    873.7    896.0
     1     1    21     7    23    11     0     0   -28.0   36.168  129.554    869.2    897.2
     1     1    21     7    23    10     0     0   -29.0   36.110  129.681    872.0    897.0
     1     1    21     7    23     9     0     0   -30.0   36.049  129.810    882.5    896.1
     1     1    21     7    23     8     0     0   -31.0   35.984  129.942    901.3    894.4
     1     1    21     7    23     7     0     0   -32.0   35.917  130.077    928.7    892.1
     1     1    21     7    23     6     0     0   -33.0   35.848  130.215    965.1    888.7
     1     1    21     7    23     5     0     0   -34.0   35.782  130.362   1005.1    884.1
     1     1    21     7    23     4     0     0   -35.0   35.720  130.523   1043.2    880.5
     1     1    21     7    23     3     0     0   -36.0   35.664  130.696   1078.8    877.2
     1     1    21     7    23     2     0     0   -37.0   35.613  130.881   1111.4    874.3
     1     1    21     7    23     1     0     0   -38.0   35.568  131.076   1140.6    871.9
     1     1    21     7    23     0     0     0   -39.0   35.529  131.281   1166.0    869.9
     1     1    21     7    22    23     0     0   -40.0   35.492  131.486   1188.5    868.2
     1     1    21     7    22    22     0     0   -41.0   35.456  131.683   1208.9    866.5
     1     1    21     7    22    21     0     0   -42.0   35.420  131.869   1227.4    864.9
     1     1    21     7    22    20     0     0   -43.0   35.384  132.047   1243.9    863.5
     1     1    21     7    22    19     0     0   -44.0   35.350  132.214   1258.3    862.1
     1     1    21     7    22    18     0     0   -45.0   35.316  132.372   1270.7    860.9
     1     1    21     7    22    17     0     0   -46.0   35.280  132.526   1284.3    860.2
     1     1    21     7    22    16     0     0   -47.0   35.236  132.683   1301.7    857.9
     1     1    21     7    22    15     0     0   -48.0   35.186  132.843   1324.0    855.0
     1     1    21     7    22    14     0     0   -49.0   35.128  133.008   1351.6    851.4
     1     1    21     7    22    13     0     0   -50.0   35.064  133.177   1385.1    847.3
     1     1    21     7    22    12     0     0   -51.0   34.994  133.351   1425.0    842.7
     1     1    21     7    22    11     0     0   -52.0   34.925  133.536   1466.7    837.4
     1     1    21     7    22    10     0     0   -53.0   34.864  133.738   1504.6    833.1
     1     1    21     7    22     9     0     0   -54.0   34.810  133.953   1537.8    829.3
     1     1    21     7    22     8     0     0   -55.0   34.764  134.179   1565.5    825.9
     1     1    21     7    22     7     0     0   -56.0   34.724  134.415   1587.0    823.1
     1     1    21     7    22     6     0     0   -57.0   34.691  134.658   1601.5    821.0
     1     1    21     7    22     5     0     0   -58.0   34.661  134.903   1609.2    820.1
     1     1    21     7    22     4     0     0   -59.0   34.628  135.145   1609.7    819.7
     1     1    21     7    22     3     0     0   -60.0   34.592  135.384   1604.1    819.7
     1     1    21     7    22     2     0     0   -61.0   34.554  135.622   1592.9    820.4
     1     1    21     7    22     1     0     0   -62.0   34.512  135.860   1576.4    821.6
     1     1    21     7    22     0     0     0   -63.0   34.466  136.098   1555.0    823.5
     1     1    21     7    21    23     0     0   -64.0   34.418  136.339   1534.9    825.4
     1     1    21     7    21    22     0     0   -65.0   34.372  136.581   1523.2    826.0
     1     1    21     7    21    21     0     0   -66.0   34.328  136.824   1520.2    825.7
     1     1    21     7    21    20     0     0   -67.0   34.285  137.068   1526.2    824.6
     1     1    21     7    21    19     0     0   -68.0   34.243  137.312   1541.6    822.5
     1     1    21     7    21    18     0     0   -69.0   34.202  137.556   1567.0    819.9
     1     1    21     7    21    17     0     0   -70.0   34.162  137.802   1598.5    818.3
     1     1    21     7    21    16     0     0   -71.0   34.121  138.050   1629.9    817.1
     1     1    21     7    21    15     0     0   -72.0   34.079  138.301   1661.2    816.0
     1     1    21     7    21    14     0     0   -73.0   34.035  138.554   1692.2    814.9
     1     1    21     7    21    13     0     0   -74.0   33.991  138.809   1722.9    813.8
     1     1    21     7    21    12     0     0   -75.0   33.945  139.065   1753.1    812.5
     1     1    21     7    21    11     0     0   -76.0   33.901  139.317   1782.9    810.9
     1     1    21     7    21    10     0     0   -77.0   33.862  139.562   1812.5    809.2
     1     1    21     7    21     9     0     0   -78.0   33.829  139.800   1842.1    807.4
     1     1    21     7    21     8     0     0   -79.0   33.802  140.029   1872.1    805.4
     1     1    21     7    21     7     0     0   -80.0   33.780  140.250   1902.6    803.6
     1     1    21     7    21     6     0     0   -81.0   33.766  140.462   1933.4    801.6
     1     1    21     7    21     5     0     0   -82.0   33.755  140.668   1965.1    799.9
     1     1    21     7    21     4     0     0   -83.0   33.747  140.871   1997.9    798.0
     1     1    21     7    21     3     0     0   -84.0   33.742  141.071   2031.5    796.0
     1     1    21     7    21     2     0     0   -85.0   33.740  141.268   2065.6    793.9
     1     1    21     7    21     1     0     0   -86.0   33.743  141.461   2099.7    791.8
     1     1    21     7    21     0     0     0   -87.0   33.751  141.651   2133.5    789.8
     1     1    21     7    20    23     0     0   -88.0   33.760  141.834   2166.9    787.4
     1     1    21     7    20    22     0     0   -89.0   33.762  142.007   2200.3    785.1
     1     1    21     7    20    21     0     0   -90.0   33.757  142.171   2234.0    782.6
     1     1    21     7    20    20     0     0   -91.0   33.741  142.327   2268.2    780.0
     1     1    21     7    20    19     0     0   -92.0   33.715  142.474   2303.2    777.3
     1     1    21     7    20    18     0     0   -93.0   33.676  142.615   2338.5    774.0
     1     1    21     7    20    17     0     0   -94.0   33.632  142.759   2374.0    770.9
     1     1    21     7    20    16     0     0   -95.0   33.588  142.916   2408.1    767.8
     1     1    21     7    20    15     0     0   -96.0   33.546  143.087   2441.2    764.9
