     2     1
    CDC1    21     8     1     0     0
    CDC1    21     9     1     0     0
     1 BACKWARD OMEGA   
  2021     9    12    12   37.500  127.000   500.0
     1 PRESSURE
     1     1    21     9    12    12     0     0     0.0   37.500  127.000    500.0    939.8
     1     1    21     9    12    11     0     0    -1.0   37.536  127.165    502.6    938.0
     1     1    21     9    12    10     0     0    -2.0   37.595  127.319    509.8    935.1
     1     1    21     9    12     9     0     0    -3.0   37.679  127.461    521.7    931.3
     1     1    21     9    12     8     0     0    -4.0   37.790  127.589    538.8    927.6
     1     1    21     9    12     7     0     0    -5.0   37.930  127.702    561.1    923.4
     1     1    21     9    12     6     0     0    -6.0   38.100  127.795    589.5    918.1
     1     1    21     9    12     5     0     0    -7.0   38.291  127.866    624.9    912.3
     1     1    21     9    12     4     0     0    -8.0   38.489  127.909    667.0    904.9
     1     1    21     9    12     3     0     0    -9.0   38.693  127.923    716.4    896.7
     1     1    21     9    12     2     0     0   -10.0   38.903  127.908    773.8    887.5
     1     1    21     9    12     1     0     0   -11.0   39.120  127.865    840.1    877.4
     1     1    21     9    12     0     0     0   -12.0   39.345  127.793    915.9    866.2
     1     1    21     9    11    23     0     0   -13.0   39.572  127.676    996.3    852.4
     1     1    21     9    11    22     0     0   -14.0   39.795  127.499   1076.5    838.8
     1     1    21     9    11    21     0     0   -15.0   40.011  127.262   1156.1    829.1
     1     1    21     9    11    20     0     0   -16.0   40.217  126.975   1231.5    822.3
     1     1    21     9    11    19     0     0   -17.0   40.411  126.646   1300.3    816.9
     1     1    21     9    11    18     0     0   -18.0   40.594  126.279   1363.1    812.6
     1     1    21     9    11    17     0     0   -19.0   40.768  125.894   1421.9    809.6
     1     1    21     9    11    16     0     0   -20.0   40.937  125.504   1477.6    807.0
     1     1    21     9    11    15     0     0   -21.0   41.107  125.109   1530.9    804.9
     1     1    21     9    11    14     0     0   -22.0   41.278  124.710   1580.7    803.0
     1     1    21     9    11    13     0     0   -23.0   41.449  124.308   1626.4    801.3
     1     1    21     9    11    12     0     0   -24.0   41.627  123.906   1668.9    799.9
     1     1    21     9    11    11     0     0   -25.0   41.808  123.499   1703.1    798.4
     1     1    21     9    11    10     0     0   -26.0   41.986  123.084   1724.3    798.7
     1     1    21     9    11     9     0     0   -27.0   42.160  122.664   1733.3    800.3
     1     1    21     9    11     8     0     0   -28.0   42.333  122.235   1727.6    797.8
     1     1    21     9    11     7     0     0   -29.0   42.505  121.791   1710.9    792.3
     1     1    21     9    11     6     0     0   -30.0   42.678  121.336   1690.3    788.0
     1     1    21     9    11     5     0     0   -31.0   42.857  120.874   1668.8    783.0
     1     1    21     9    11     4     0     0   -32.0   43.048  120.404   1649.1    777.3
     1     1    21     9    11     3     0     0   -33.0   43.253  119.920   1631.8    770.4
     1     1    21     9    11     2     0     0   -34.0   43.472  119.418   1617.6    761.4
     1     1    21     9    11     1     0     0   -35.0   43.702  118.896   1611.1    752.1
     1     1    21     9    11     0     0     0   -36.0   43.948  118.352   1614.8    742.1
     1     1    21     9    10    23     0     0   -37.0   44.201  117.794   1629.3    731.2
     1     1    21     9    10    22     0     0   -38.0   44.446  117.241   1657.2    723.6
     1     1    21     9    10    21     0     0   -39.0   44.681  116.707   1692.8    720.4
     1     1    21     9    10    20     0     0   -40.0   44.909  116.200   1731.1    718.0
     1     1    21     9    10    19     0     0   -41.0   45.134  115.726   1773.1    716.6
     1     1    21     9    10    18     0     0   -42.0   45.360  115.289   1819.9    715.3
     1     1    21     9    10    17     0     0   -43.0   45.592  114.880   1866.1    713.7
     1     1    21     9    10    16     0     0   -44.0   45.833  114.483   1906.3    712.2
     1     1    21     9    10    15     0     0   -45.0   46.082  114.091   1939.9    710.4
     1     1    21     9    10    14     0     0   -46.0   46.342  113.698   1969.7    707.7
     1     1    21     9    10    13     0     0   -47.0   46.618  113.298   1997.7    703.8
     1     1    21     9    10    12     0     0   -48.0   46.912  112.886   2025.4    698.4
     1     1    21     9    10    11     0     0   -49.0   47.220  112.461   2054.8    691.3
     1     1    21     9    10    10     0     0   -50.0   47.526  112.023   2085.2    681.9
     1     1    21     9    10     9     0     0   -51.0   47.821  111.584   2115.3    674.2
     1     1    21     9    10     8     0     0   -52.0   48.097  111.158   2142.7    667.4
     1     1    21     9    10     7     0     0   -53.0   48.354  110.743   2168.1    661.3
     1     1    21     9    10     6     0     0   -54.0   48.592  110.338   2192.0    655.9
     1     1    21     9    10     5     0     0   -55.0   48.821  109.948   2213.1    651.1
     1     1    21     9    10     4     0     0   -56.0   49.049  109.578   2236.1    651.0
     1     1    21     9    10     3     0     0   -57.0   49.271  109.233   2255.0    651.6
     1     1    21     9    10     2     0     0   -58.0   49.489  108.912   2270.4    652.8
     1     1    21     9    10     1     0     0   -59.0   49.704  108.618   2282.9    654.4
     1     1    21     9    10     0     0     0   -60.0   49.918  108.352   2293.1    656.3
     1     1    21     9     9    23     0     0   -61.0   50.121  108.116   2303.1    659.3
     1     1    21     9     9    22     0     0   -62.0   50.308  107.909   2314.8    662.6
     1     1    21     9     9    21     0     0   -63.0   50.481  107.729   2328.0    665.5
     1     1    21     9     9    20     0     0   -64.0   50.642  107.574   2343.6    668.0
     1     1    21     9     9    19     0     0   -65.0   50.796  107.442   2361.6    669.7
     1     1    21     9     9    18     0     0   -66.0   50.946  107.329   2382.5    670.5
     1     1    21     9     9    17     0     0   -67.0   51.101  107.226   2406.3    671.0
     1     1    21     9     9    16     0     0   -68.0   51.269  107.121   2430.9    671.8
     1     1    21     9     9    15     0     0   -69.0   51.449  107.014   2456.6    672.6
     1     1    21     9     9    14     0     0   -70.0   51.638  106.904   2483.4    673.4
     1     1    21     9     9    13     0     0   -71.0   51.834  106.791   2511.3    674.3
     1     1    21     9     9    12     0     0   -72.0   52.037  106.673   2540.3    675.2
     1     1    21     9     9    11     0     0   -73.0   52.239  106.560   2568.9    676.1
     1     1    21     9     9    10     0     0   -74.0   52.437  106.463   2593.0    677.5
     1     1    21     9     9     9     0     0   -75.0   52.630  106.385   2610.7    677.4
     1     1    21     9     9     8     0     0   -76.0   52.820  106.326   2624.4    676.7
     1     1    21     9     9     7     0     0   -77.0   53.007  106.288   2636.3    676.2
     1     1    21     9     9     6     0     0   -78.0   53.192  106.273   2647.2    675.7
     1     1    21     9     9     5     0     0   -79.0   53.372  106.279   2656.9    674.7
     1     1    21     9     9     4     0     0   -80.0   53.540  106.306   2665.7    673.7
     1     1    21     9     9     3     0     0   -81.0   53.697  106.352   2673.5    672.6
     1     1    21     9     9     2     0     0   -82.0   53.845  106.418   2679.9    671.4
     1     1    21     9     9     1     0     0   -83.0   53.983  106.505   2684.8    670.0
     1     1    21     9     9     0     0     0   -84.0   54.112  106.614   2688.0    668.5
     1     1    21     9     8    23     0     0   -85.0   54.235  106.744   2690.8    667.3
     1     1    21     9     8    22     0     0   -86.0   54.355  106.898   2694.8    665.5
     1     1    21     9     8    21     0     0   -87.0   54.471  107.080   2699.9    663.3
     1     1    21     9     8    20     0     0   -88.0   54.582  107.293   2706.3    660.5
     1     1    21     9     8    19     0     0   -89.0   54.687  107.543   2713.8    657.0
     1     1    21     9     8    18     0     0   -90.0   54.783  107.835   2721.4    652.2
     1     1    21     9     8    17     0     0   -91.0   54.872  108.166   2730.9    646.7
     1     1    21     9     8    16     0     0   -92.0   54.959  108.525   2747.5    640.2
     1     1    21     9     8    15     0     0   -93.0   55.045  108.917   2770.1    633.4
     1     1    21     9     8    14     0     0   -94.0   55.131  109.343   2798.7    626.3
     1     1    21     9     8    13     0     0   -95.0   55.219  109.806   2832.3    618.6
     1     1    21     9     8    12     0     0   -96.0   55.308  110.308   2873.6    612.5
