     2     1
    CDC1    21     8     1     0     0
    CDC1    21     9     1     0     0
     1 BACKWARD OMEGA   
  2021     9    25     0   37.500  127.000   500.0
     1 PRESSURE
     1     1    21     9    25     0     0     0     0.0   37.500  127.000    500.0    947.3
     1     1    21     9    24    23     0     0    -1.0   37.459  127.210    510.1    944.9
     1     1    21     9    24    22     0     0    -2.0   37.406  127.425    519.2    942.6
     1     1    21     9    24    21     0     0    -3.0   37.344  127.648    527.1    941.7
     1     1    21     9    24    20     0     0    -4.0   37.274  127.882    533.2    941.6
     1     1    21     9    24    19     0     0    -5.0   37.197  128.131    537.3    941.8
     1     1    21     9    24    18     0     0    -6.0   37.115  128.397    539.4    942.1
     1     1    21     9    24    17     0     0    -7.0   37.046  128.672    542.2    942.9
     1     1    21     9    24    16     0     0    -8.0   37.006  128.946    547.5    943.1
     1     1    21     9    24    15     0     0    -9.0   36.992  129.218    555.0    943.0
     1     1    21     9    24    14     0     0   -10.0   37.004  129.485    564.2    942.8
     1     1    21     9    24    13     0     0   -11.0   37.043  129.744    575.0    942.6
     1     1    21     9    24    12     0     0   -12.0   37.106  129.996    586.9    942.4
     1     1    21     9    24    11     0     0   -13.0   37.186  130.235    597.9    942.8
     1     1    21     9    24    10     0     0   -14.0   37.275  130.461    605.7    943.9
     1     1    21     9    24     9     0     0   -15.0   37.374  130.671    609.7    945.4
     1     1    21     9    24     8     0     0   -16.0   37.483  130.867    609.2    947.5
     1     1    21     9    24     7     0     0   -17.0   37.600  131.048    604.0    949.2
     1     1    21     9    24     6     0     0   -18.0   37.724  131.216    594.0    951.2
     1     1    21     9    24     5     0     0   -19.0   37.850  131.375    579.7    953.6
     1     1    21     9    24     4     0     0   -20.0   37.972  131.530    562.6    956.4
     1     1    21     9    24     3     0     0   -21.0   38.092  131.682    543.5    959.7
     1     1    21     9    24     2     0     0   -22.0   38.210  131.832    523.2    963.2
     1     1    21     9    24     1     0     0   -23.0   38.329  131.982    502.6    966.9
     1     1    21     9    24     0     0     0   -24.0   38.450  132.132    482.7    970.8
     1     1    21     9    23    23     0     0   -25.0   38.578  132.274    464.5    974.5
     1     1    21     9    23    22     0     0   -26.0   38.718  132.402    448.3    977.8
     1     1    21     9    23    21     0     0   -27.0   38.870  132.515    433.6    980.8
     1     1    21     9    23    20     0     0   -28.0   39.032  132.610    420.0    982.1
     1     1    21     9    23    19     0     0   -29.0   39.203  132.687    407.5    983.6
     1     1    21     9    23    18     0     0   -30.0   39.382  132.748    395.7    985.0
     1     1    21     9    23    17     0     0   -31.0   39.566  132.792    385.5    986.6
     1     1    21     9    23    16     0     0   -32.0   39.752  132.820    378.0    987.6
     1     1    21     9    23    15     0     0   -33.0   39.942  132.834    373.5    988.3
     1     1    21     9    23    14     0     0   -34.0   40.135  132.835    371.9    986.4
     1     1    21     9    23    13     0     0   -35.0   40.334  132.827    373.3    983.0
     1     1    21     9    23    12     0     0   -36.0   40.541  132.812    377.6    979.2
     1     1    21     9    23    11     0     0   -37.0   40.755  132.789    384.2    974.6
     1     1    21     9    23    10     0     0   -38.0   40.975  132.760    392.1    969.6
     1     1    21     9    23     9     0     0   -39.0   41.202  132.725    401.1    964.3
     1     1    21     9    23     8     0     0   -40.0   41.439  132.688    410.5    958.7
     1     1    21     9    23     7     0     0   -41.0   41.686  132.650    420.0    953.0
     1     1    21     9    23     6     0     0   -42.0   41.946  132.614    429.1    947.2
     1     1    21     9    23     5     0     0   -43.0   42.207  132.577    435.2    941.6
     1     1    21     9    23     4     0     0   -44.0   42.458  132.534    436.3    937.0
     1     1    21     9    23     3     0     0   -45.0   42.695  132.489    433.4    935.2
     1     1    21     9    23     2     0     0   -46.0   42.915  132.443    427.5    934.0
     1     1    21     9    23     1     0     0   -47.0   43.120  132.400    418.7    933.2
     1     1    21     9    23     0     0     0   -48.0   43.312  132.363    407.2    933.0
     1     1    21     9    22    23     0     0   -49.0   43.492  132.343    395.2    933.2
     1     1    21     9    22    22     0     0   -50.0   43.656  132.350    385.4    933.2
     1     1    21     9    22    21     0     0   -51.0   43.804  132.383    376.9    933.3
     1     1    21     9    22    20     0     0   -52.0   43.936  132.439    369.6    933.5
     1     1    21     9    22    19     0     0   -53.0   44.052  132.517    363.0    933.7
     1     1    21     9    22    18     0     0   -54.0   44.150  132.616    356.9    933.7
     1     1    21     9    22    17     0     0   -55.0   44.234  132.718    350.9    934.1
     1     1    21     9    22    16     0     0   -56.0   44.311  132.809    344.9    934.5
     1     1    21     9    22    15     0     0   -57.0   44.382  132.887    339.1    934.9
     1     1    21     9    22    14     0     0   -58.0   44.446  132.952    333.7    935.1
     1     1    21     9    22    13     0     0   -59.0   44.504  133.004    328.6    935.3
     1     1    21     9    22    12     0     0   -60.0   44.555  133.043    324.0    935.4
     1     1    21     9    22    11     0     0   -61.0   44.595  133.067    319.9    935.1
     1     1    21     9    22    10     0     0   -62.0   44.615  133.073    316.1    934.8
     1     1    21     9    22     9     0     0   -63.0   44.616  133.060    312.7    934.5
     1     1    21     9    22     8     0     0   -64.0   44.597  133.026    309.7    934.1
     1     1    21     9    22     7     0     0   -65.0   44.557  132.969    307.3    933.8
     1     1    21     9    22     6     0     0   -66.0   44.496  132.890    305.6    933.4
     1     1    21     9    22     5     0     0   -67.0   44.414  132.804    303.6    933.7
     1     1    21     9    22     4     0     0   -68.0   44.311  132.726    299.7    934.3
     1     1    21     9    22     3     0     0   -69.0   44.190  132.654    294.3    935.3
     1     1    21     9    22     2     0     0   -70.0   44.049  132.587    287.8    936.4
     1     1    21     9    22     1     0     0   -71.0   43.892  132.523    280.4    937.7
     1     1    21     9    22     0     0     0   -72.0   43.721  132.458    272.5    938.7
     1     1    21     9    21    23     0     0   -73.0   43.534  132.380    264.4    939.1
     1     1    21     9    21    22     0     0   -74.0   43.330  132.275    257.0    939.0
     1     1    21     9    21    21     0     0   -75.0   43.108  132.134    250.2    938.3
     1     1    21     9    21    20     0     0   -76.0   42.870  131.950    244.0    936.7
     1     1    21     9    21    19     0     0   -77.0   42.614  131.710    238.6    933.8
     1     1    21     9    21    18     0     0   -78.0   42.344  131.413    234.3    931.6
     1     1    21     9    21    17     0     0   -79.0   42.075  131.094    228.5    930.6
     1     1    21     9    21    16     0     0   -80.0   41.817  130.785    217.9    930.4
     1     1    21     9    21    15     0     0   -81.0   41.574  130.490    202.3    930.8
     1     1    21     9    21    14     0     0   -82.0   41.349  130.212    181.7    931.4
     1     1    21     9    21    13     0     0   -83.0   41.146  129.955    156.9    932.7
     1     1    21     9    21    12     0     0   -84.0   40.968  129.725    130.6    936.2
     1     1    21     9    21    11     0     0   -85.0   40.793  129.516    106.4    939.4
     1     1    21     9    21    10     0     0   -86.0   40.597  129.308     86.8    942.1
     1     1    21     9    21     9     0     0   -87.0   40.379  129.091     70.9    944.4
     1     1    21     9    21     8     0     0   -88.0   40.135  128.853     57.9    945.7
     1     1    21     9    21     7     0     0   -89.0   39.863  128.592     46.2    947.1
     1     1    21     9    21     6     0     0   -90.0   39.571  128.313     35.3    949.4
     1     1    21     9    21     5     0     0   -91.0   39.289  128.055     26.5    952.8
     1     1    21     9    21     4     0     0   -92.0   39.041  127.847     20.3    956.1
     1     1    21     9    21     3     0     0   -93.0   38.823  127.679     16.0    959.4
     1     1    21     9    21     2     0     0   -94.0   38.629  127.544     13.1    962.4
     1     1    21     9    21     1     0     0   -95.0   38.455  127.435     11.2    966.2
     1     1    21     9    21     0     0     0   -96.0   38.295  127.345     10.0    970.0
