     2     1
    CDC1    21     4     1     0     0
    CDC1    21     5     1     0     0
     1 BACKWARD OMEGA   
  2021     5    12     9   37.500  127.000   500.0
     1 PRESSURE
     1     1    21     5    12     9     0     0     0.0   37.500  127.000    500.0    934.9
     1     1    21     5    12     8     0     0    -1.0   37.434  127.120    513.5    932.9
     1     1    21     5    12     7     0     0    -2.0   37.362  127.253    525.6    931.2
     1     1    21     5    12     6     0     0    -3.0   37.284  127.400    536.2    929.5
     1     1    21     5    12     5     0     0    -4.0   37.195  127.571    544.8    928.5
     1     1    21     5    12     4     0     0    -5.0   37.093  127.774    551.2    928.8
     1     1    21     5    12     3     0     0    -6.0   36.978  128.012    555.7    929.3
     1     1    21     5    12     2     0     0    -7.0   36.852  128.284    558.8    929.9
     1     1    21     5    12     1     0     0    -8.0   36.716  128.593    560.9    930.7
     1     1    21     5    12     0     0     0    -9.0   36.571  128.939    562.7    931.3
     1     1    21     5    11    23     0     0   -10.0   36.418  129.312    564.1    931.3
     1     1    21     5    11    22     0     0   -11.0   36.256  129.704    565.3    931.1
     1     1    21     5    11    21     0     0   -12.0   36.088  130.117    566.1    931.0
     1     1    21     5    11    20     0     0   -13.0   35.921  130.546    566.6    932.0
     1     1    21     5    11    19     0     0   -14.0   35.760  130.989    566.9    932.9
     1     1    21     5    11    18     0     0   -15.0   35.607  131.449    567.9    933.5
     1     1    21     5    11    17     0     0   -16.0   35.473  131.916    570.9    934.5
     1     1    21     5    11    16     0     0   -17.0   35.368  132.380    575.6    935.2
     1     1    21     5    11    15     0     0   -18.0   35.291  132.834    582.0    933.5
     1     1    21     5    11    14     0     0   -19.0   35.241  133.267    590.5    931.1
     1     1    21     5    11    13     0     0   -20.0   35.215  133.676    601.9    928.6
     1     1    21     5    11    12     0     0   -21.0   35.212  134.056    616.4    926.1
     1     1    21     5    11    11     0     0   -22.0   35.229  134.402    633.0    923.0
     1     1    21     5    11    10     0     0   -23.0   35.265  134.705    650.8    919.8
     1     1    21     5    11     9     0     0   -24.0   35.321  134.963    669.4    916.9
     1     1    21     5    11     8     0     0   -25.0   35.395  135.173    688.1    913.5
     1     1    21     5    11     7     0     0   -26.0   35.488  135.335    706.5    910.3
     1     1    21     5    11     6     0     0   -27.0   35.597  135.453    724.1    907.6
     1     1    21     5    11     5     0     0   -28.0   35.710  135.530    740.2    905.6
     1     1    21     5    11     4     0     0   -29.0   35.812  135.572    755.5    903.9
     1     1    21     5    11     3     0     0   -30.0   35.902  135.580    769.7    902.6
     1     1    21     5    11     2     0     0   -31.0   35.980  135.557    783.0    901.6
     1     1    21     5    11     1     0     0   -32.0   36.044  135.505    795.9    900.9
     1     1    21     5    11     0     0     0   -33.0   36.095  135.426    808.7    900.5
     1     1    21     5    10    23     0     0   -34.0   36.141  135.327    821.9    899.9
     1     1    21     5    10    22     0     0   -35.0   36.190  135.217    835.0    899.5
     1     1    21     5    10    21     0     0   -36.0   36.241  135.098    848.2    899.2
     1     1    21     5    10    20     0     0   -37.0   36.295  134.970    861.3    898.9
     1     1    21     5    10    19     0     0   -38.0   36.352  134.835    874.1    898.4
     1     1    21     5    10    18     0     0   -39.0   36.411  134.693    886.6    898.1
     1     1    21     5    10    17     0     0   -40.0   36.465  134.547    899.4    898.0
     1     1    21     5    10    16     0     0   -41.0   36.508  134.399    912.7    897.7
     1     1    21     5    10    15     0     0   -42.0   36.541  134.249    926.2    897.4
     1     1    21     5    10    14     0     0   -43.0   36.562  134.095    939.5    896.9
     1     1    21     5    10    13     0     0   -44.0   36.572  133.938    952.1    896.3
     1     1    21     5    10    12     0     0   -45.0   36.572  133.776    963.7    895.8
     1     1    21     5    10    11     0     0   -46.0   36.571  133.614    973.1    895.4
     1     1    21     5    10    10     0     0   -47.0   36.580  133.456    979.4    895.6
     1     1    21     5    10     9     0     0   -48.0   36.598  133.303    982.7    896.2
     1     1    21     5    10     8     0     0   -49.0   36.624  133.155    983.1    897.2
     1     1    21     5    10     7     0     0   -50.0   36.659  133.012    980.4    898.6
     1     1    21     5    10     6     0     0   -51.0   36.703  132.873    974.8    900.5
     1     1    21     5    10     5     0     0   -52.0   36.755  132.725    969.3    902.6
     1     1    21     5    10     4     0     0   -53.0   36.817  132.556    968.2    904.1
     1     1    21     5    10     3     0     0   -54.0   36.888  132.364    971.5    903.7
     1     1    21     5    10     2     0     0   -55.0   36.969  132.147    981.0    901.7
     1     1    21     5    10     1     0     0   -56.0   37.060  131.908    998.5    898.6
     1     1    21     5    10     0     0     0   -57.0   37.163  131.648   1025.9    894.4
     1     1    21     5     9    23     0     0   -58.0   37.278  131.380   1059.9    888.8
     1     1    21     5     9    22     0     0   -59.0   37.406  131.114   1096.1    883.3
     1     1    21     5     9    21     0     0   -60.0   37.548  130.847   1132.3    877.4
     1     1    21     5     9    20     0     0   -61.0   37.709  130.580   1166.9    870.3
     1     1    21     5     9    19     0     0   -62.0   37.891  130.308   1198.7    863.1
     1     1    21     5     9    18     0     0   -63.0   38.101  130.028   1226.7    855.6
     1     1    21     5     9    17     0     0   -64.0   38.331  129.722   1256.5    849.0
     1     1    21     5     9    16     0     0   -65.0   38.573  129.373   1295.7    840.4
     1     1    21     5     9    15     0     0   -66.0   38.824  128.981   1345.4    829.5
     1     1    21     5     9    14     0     0   -67.0   39.085  128.549   1408.0    816.6
     1     1    21     5     9    13     0     0   -68.0   39.356  128.083   1486.7    801.4
     1     1    21     5     9    12     0     0   -69.0   39.641  127.590   1584.7    783.8
     1     1    21     5     9    11     0     0   -70.0   39.939  127.083   1700.3    770.0
     1     1    21     5     9    10     0     0   -71.0   40.247  126.579   1821.3    759.3
     1     1    21     5     9     9     0     0   -72.0   40.570  126.090   1943.5    750.0
     1     1    21     5     9     8     0     0   -73.0   40.912  125.615   2067.7    741.2
     1     1    21     5     9     7     0     0   -74.0   41.277  125.153   2196.4    732.5
     1     1    21     5     9     6     0     0   -75.0   41.660  124.703   2328.5    722.5
     1     1    21     5     9     5     0     0   -76.0   42.055  124.273   2458.5    711.7
     1     1    21     5     9     4     0     0   -77.0   42.465  123.866   2581.6    701.5
     1     1    21     5     9     3     0     0   -78.0   42.887  123.476   2698.4    695.0
     1     1    21     5     9     2     0     0   -79.0   43.312  123.093   2799.8    689.1
     1     1    21     5     9     1     0     0   -80.0   43.741  122.715   2885.1    683.6
     1     1    21     5     9     0     0     0   -81.0   44.179  122.345   2950.7    676.1
     1     1    21     5     8    23     0     0   -82.0   44.617  121.977   3000.0    666.1
     1     1    21     5     8    22     0     0   -83.0   45.042  121.603   3046.1    655.0
     1     1    21     5     8    21     0     0   -84.0   45.449  121.220   3089.7    641.3
     1     1    21     5     8    20     0     0   -85.0   45.832  120.825   3139.2    628.1
     1     1    21     5     8    19     0     0   -86.0   46.195  120.412   3195.6    615.3
     1     1    21     5     8    18     0     0   -87.0   46.538  119.977   3259.9    603.0
     1     1    21     5     8    17     0     0   -88.0   46.872  119.536   3327.3    593.9
     1     1    21     5     8    16     0     0   -89.0   47.205  119.112   3380.9    588.6
     1     1    21     5     8    15     0     0   -90.0   47.537  118.708   3423.2    585.6
     1     1    21     5     8    14     0     0   -91.0   47.869  118.328   3455.5    584.1
     1     1    21     5     8    13     0     0   -92.0   48.204  117.975   3480.7    583.5
     1     1    21     5     8    12     0     0   -93.0   48.542  117.647   3500.7    583.8
     1     1    21     5     8    11     0     0   -94.0   48.881  117.336   3522.6    584.2
     1     1    21     5     8    10     0     0   -95.0   49.216  117.034   3550.2    583.1
     1     1    21     5     8     9     0     0   -96.0   49.545  116.734   3581.6    581.5
