     2     1
    CDC1    21     5     1     0     0
    CDC1    21     6     1     0     0
     1 BACKWARD OMEGA   
  2021     6    23    18   37.500  127.000   500.0
     1 PRESSURE
     1     1    21     6    23    18     0     0     0.0   37.500  127.000    500.0    936.1
     1     1    21     6    23    17     0     0    -1.0   37.509  126.945    500.0    936.3
     1     1    21     6    23    16     0     0    -2.0   37.522  126.884    503.0    936.0
     1     1    21     6    23    15     0     0    -3.0   37.537  126.819    509.3    935.4
     1     1    21     6    23    14     0     0    -4.0   37.556  126.747    518.9    934.4
     1     1    21     6    23    13     0     0    -5.0   37.577  126.670    532.3    933.0
     1     1    21     6    23    12     0     0    -6.0   37.603  126.586    549.7    931.2
     1     1    21     6    23    11     0     0    -7.0   37.634  126.503    569.0    928.8
     1     1    21     6    23    10     0     0    -8.0   37.672  126.429    588.6    926.4
     1     1    21     6    23     9     0     0    -9.0   37.720  126.364    608.1    924.0
     1     1    21     6    23     8     0     0   -10.0   37.777  126.309    627.5    921.4
     1     1    21     6    23     7     0     0   -11.0   37.844  126.264    646.8    918.2
     1     1    21     6    23     6     0     0   -12.0   37.923  126.231    666.0    915.0
     1     1    21     6    23     5     0     0   -13.0   38.006  126.202    684.7    912.0
     1     1    21     6    23     4     0     0   -14.0   38.089  126.172    701.2    909.4
     1     1    21     6    23     3     0     0   -15.0   38.171  126.141    715.5    907.0
     1     1    21     6    23     2     0     0   -16.0   38.253  126.112    727.2    904.9
     1     1    21     6    23     1     0     0   -17.0   38.335  126.083    736.1    903.1
     1     1    21     6    23     0     0     0   -18.0   38.416  126.055    742.0    901.7
     1     1    21     6    22    23     0     0   -19.0   38.493  126.033    743.8    900.3
     1     1    21     6    22    22     0     0   -20.0   38.563  126.017    741.2    899.5
     1     1    21     6    22    21     0     0   -21.0   38.626  126.007    734.1    899.3
     1     1    21     6    22    20     0     0   -22.0   38.680  126.002    722.3    899.7
     1     1    21     6    22    19     0     0   -23.0   38.726  126.001    705.8    900.7
     1     1    21     6    22    18     0     0   -24.0   38.763  126.004    684.6    902.4
     1     1    21     6    22    17     0     0   -25.0   38.798  126.008    662.5    904.7
     1     1    21     6    22    16     0     0   -26.0   38.840  126.009    643.3    906.1
     1     1    21     6    22    15     0     0   -27.0   38.887  126.007    627.2    907.2
     1     1    21     6    22    14     0     0   -28.0   38.942  126.001    614.6    907.6
     1     1    21     6    22    13     0     0   -29.0   39.006  125.993    605.6    907.5
     1     1    21     6    22    12     0     0   -30.0   39.077  125.984    600.5    906.9
     1     1    21     6    22    11     0     0   -31.0   39.149  125.974    594.9    906.0
     1     1    21     6    22    10     0     0   -32.0   39.208  125.961    584.7    906.1
     1     1    21     6    22     9     0     0   -33.0   39.255  125.943    569.7    907.0
     1     1    21     6    22     8     0     0   -34.0   39.288  125.922    549.8    908.5
     1     1    21     6    22     7     0     0   -35.0   39.308  125.895    525.2    910.8
     1     1    21     6    22     6     0     0   -36.0   39.314  125.864    495.9    913.9
     1     1    21     6    22     5     0     0   -37.0   39.315  125.836    465.9    917.8
     1     1    21     6    22     4     0     0   -38.0   39.326  125.818    438.7    920.8
     1     1    21     6    22     3     0     0   -39.0   39.345  125.813    414.1    923.3
     1     1    21     6    22     2     0     0   -40.0   39.375  125.821    392.0    925.5
     1     1    21     6    22     1     0     0   -41.0   39.414  125.843    372.2    926.9
     1     1    21     6    22     0     0     0   -42.0   39.463  125.876    355.0    927.7
     1     1    21     6    21    23     0     0   -43.0   39.512  125.903    338.4    928.1
     1     1    21     6    21    22     0     0   -44.0   39.551  125.905    320.6    929.2
     1     1    21     6    21    21     0     0   -45.0   39.579  125.881    301.6    930.8
     1     1    21     6    21    20     0     0   -46.0   39.595  125.834    281.8    932.9
     1     1    21     6    21    19     0     0   -47.0   39.600  125.764    261.4    935.5
     1     1    21     6    21    18     0     0   -48.0   39.593  125.670    240.9    938.6
     1     1    21     6    21    17     0     0   -49.0   39.586  125.581    222.0    941.7
     1     1    21     6    21    16     0     0   -50.0   39.589  125.517    206.3    943.9
     1     1    21     6    21    15     0     0   -51.0   39.604  125.478    193.1    945.3
     1     1    21     6    21    14     0     0   -52.0   39.631  125.459    182.0    945.8
     1     1    21     6    21    13     0     0   -53.0   39.669  125.461    172.8    945.9
     1     1    21     6    21    12     0     0   -54.0   39.720  125.482    165.2    945.5
     1     1    21     6    21    11     0     0   -55.0   39.778  125.504    158.6    945.1
     1     1    21     6    21    10     0     0   -56.0   39.835  125.504    152.3    944.9
     1     1    21     6    21     9     0     0   -57.0   39.889  125.483    146.1    945.0
     1     1    21     6    21     8     0     0   -58.0   39.940  125.439    140.3    945.3
     1     1    21     6    21     7     0     0   -59.0   39.987  125.370    134.8    945.8
     1     1    21     6    21     6     0     0   -60.0   40.029  125.274    129.8    947.0
     1     1    21     6    21     5     0     0   -61.0   40.065  125.163    124.7    948.2
     1     1    21     6    21     4     0     0   -62.0   40.096  125.052    119.0    949.6
     1     1    21     6    21     3     0     0   -63.0   40.123  124.942    112.8    951.2
     1     1    21     6    21     2     0     0   -64.0   40.146  124.839    106.1    953.0
     1     1    21     6    21     1     0     0   -65.0   40.166  124.743     99.2    954.7
     1     1    21     6    21     0     0     0   -66.0   40.182  124.654     92.1    956.4
     1     1    21     6    20    23     0     0   -67.0   40.196  124.568     85.8    958.1
     1     1    21     6    20    22     0     0   -68.0   40.209  124.482     81.0    959.5
     1     1    21     6    20    21     0     0   -69.0   40.221  124.397     77.4    960.8
     1     1    21     6    20    20     0     0   -70.0   40.229  124.313     74.7    961.9
     1     1    21     6    20    19     0     0   -71.0   40.234  124.230     73.0    962.7
     1     1    21     6    20    18     0     0   -72.0   40.233  124.149     72.0    963.6
     1     1    21     6    20    17     0     0   -73.0   40.238  124.064     71.2    964.2
     1     1    21     6    20    16     0     0   -74.0   40.258  123.971     70.3    964.9
     1     1    21     6    20    15     0     0   -75.0   40.294  123.871     69.1    965.7
     1     1    21     6    20    14     0     0   -76.0   40.347  123.765     67.7    966.4
     1     1    21     6    20    13     0     0   -77.0   40.418  123.654     66.2    967.1
     1     1    21     6    20    12     0     0   -78.0   40.506  123.542     64.5    967.7
     1     1    21     6    20    11     0     0   -79.0   40.600  123.434     62.6    968.0
     1     1    21     6    20    10     0     0   -80.0   40.692  123.336     60.6    968.3
     1     1    21     6    20     9     0     0   -81.0   40.782  123.244     58.6    968.6
     1     1    21     6    20     8     0     0   -82.0   40.872  123.157     56.6    968.8
     1     1    21     6    20     7     0     0   -83.0   40.963  123.072     54.6    968.9
     1     1    21     6    20     6     0     0   -84.0   41.055  122.989     52.7    969.0
     1     1    21     6    20     5     0     0   -85.0   41.150  122.915     51.2    969.4
     1     1    21     6    20     4     0     0   -86.0   41.246  122.856     50.2    969.7
     1     1    21     6    20     3     0     0   -87.0   41.344  122.811     49.8    969.7
     1     1    21     6    20     2     0     0   -88.0   41.441  122.779     49.8    969.6
     1     1    21     6    20     1     0     0   -89.0   41.539  122.758     50.4    969.2
     1     1    21     6    20     0     0     0   -90.0   41.635  122.748     51.6    968.8
     1     1    21     6    19    23     0     0   -91.0   41.716  122.737     52.5    967.9
     1     1    21     6    19    22     0     0   -92.0   41.772  122.715     52.3    967.4
     1     1    21     6    19    21     0     0   -93.0   41.803  122.682     51.1    967.3
     1     1    21     6    19    20     0     0   -94.0   41.812  122.639     48.9    967.5
     1     1    21     6    19    19     0     0   -95.0   41.799  122.587     45.7    968.1
     1     1    21     6    19    18     0     0   -96.0   41.765  122.527     41.9    968.9
