     2     1
    CDC1    21     5     1     0     0
    CDC1    21     6     1     0     0
     1 BACKWARD OMEGA   
  2021     6    29     0   37.500  127.000   500.0
     1 PRESSURE
     1     1    21     6    29     0     0     0     0.0   37.500  127.000    500.0    929.7
     1     1    21     6    28    23     0     0    -1.0   37.439  126.987    495.7    930.6
     1     1    21     6    28    22     0     0    -2.0   37.391  126.973    493.2    931.2
     1     1    21     6    28    21     0     0    -3.0   37.356  126.958    492.3    931.5
     1     1    21     6    28    20     0     0    -4.0   37.333  126.941    492.8    931.7
     1     1    21     6    28    19     0     0    -5.0   37.322  126.921    494.7    931.8
     1     1    21     6    28    18     0     0    -6.0   37.322  126.899    497.8    931.7
     1     1    21     6    28    17     0     0    -7.0   37.327  126.875    502.2    931.0
     1     1    21     6    28    16     0     0    -8.0   37.330  126.853    508.8    930.1
     1     1    21     6    28    15     0     0    -9.0   37.333  126.833    517.6    929.0
     1     1    21     6    28    14     0     0   -10.0   37.335  126.815    528.5    927.7
     1     1    21     6    28    13     0     0   -11.0   37.336  126.799    542.0    926.1
     1     1    21     6    28    12     0     0   -12.0   37.336  126.785    558.0    924.2
     1     1    21     6    28    11     0     0   -13.0   37.337  126.776    573.7    922.5
     1     1    21     6    28    10     0     0   -14.0   37.342  126.773    586.0    921.3
     1     1    21     6    28     9     0     0   -15.0   37.350  126.777    594.6    920.4
     1     1    21     6    28     8     0     0   -16.0   37.362  126.787    599.4    919.9
     1     1    21     6    28     7     0     0   -17.0   37.378  126.804    600.4    919.7
     1     1    21     6    28     6     0     0   -18.0   37.398  126.827    597.5    919.9
     1     1    21     6    28     5     0     0   -19.0   37.417  126.855    595.4    920.5
     1     1    21     6    28     4     0     0   -20.0   37.428  126.889    598.3    920.1
     1     1    21     6    28     3     0     0   -21.0   37.432  126.928    606.5    919.2
     1     1    21     6    28     2     0     0   -22.0   37.429  126.973    620.3    917.7
     1     1    21     6    28     1     0     0   -23.0   37.420  127.024    639.8    915.5
     1     1    21     6    28     0     0     0   -24.0   37.407  127.082    665.4    912.4
     1     1    21     6    27    23     0     0   -25.0   37.391  127.143    690.4    908.4
     1     1    21     6    27    22     0     0   -26.0   37.378  127.204    708.1    906.1
     1     1    21     6    27    21     0     0   -27.0   37.365  127.264    718.1    904.7
     1     1    21     6    27    20     0     0   -28.0   37.354  127.325    720.3    904.1
     1     1    21     6    27    19     0     0   -29.0   37.342  127.384    714.6    904.4
     1     1    21     6    27    18     0     0   -30.0   37.331  127.443    700.8    905.6
     1     1    21     6    27    17     0     0   -31.0   37.318  127.504    685.2    907.8
     1     1    21     6    27    16     0     0   -32.0   37.302  127.568    673.5    909.5
     1     1    21     6    27    15     0     0   -33.0   37.283  127.636    665.8    910.8
     1     1    21     6    27    14     0     0   -34.0   37.260  127.708    662.0    911.5
     1     1    21     6    27    13     0     0   -35.0   37.235  127.783    662.1    911.9
     1     1    21     6    27    12     0     0   -36.0   37.208  127.862    665.8    911.8
     1     1    21     6    27    11     0     0   -37.0   37.180  127.947    670.5    911.5
     1     1    21     6    27    10     0     0   -38.0   37.156  128.040    672.7    911.7
     1     1    21     6    27     9     0     0   -39.0   37.136  128.140    672.8    912.3
     1     1    21     6    27     8     0     0   -40.0   37.120  128.248    670.6    913.0
     1     1    21     6    27     7     0     0   -41.0   37.107  128.364    666.1    914.1
     1     1    21     6    27     6     0     0   -42.0   37.098  128.485    659.4    915.4
     1     1    21     6    27     5     0     0   -43.0   37.086  128.614    651.1    917.1
     1     1    21     6    27     4     0     0   -44.0   37.066  128.749    642.2    918.7
     1     1    21     6    27     3     0     0   -45.0   37.038  128.893    632.8    920.5
     1     1    21     6    27     2     0     0   -46.0   37.001  129.046    623.1    922.2
     1     1    21     6    27     1     0     0   -47.0   36.958  129.209    613.2    923.7
     1     1    21     6    27     0     0     0   -48.0   36.909  129.382    603.3    925.3
     1     1    21     6    26    23     0     0   -49.0   36.856  129.556    594.9    926.6
     1     1    21     6    26    22     0     0   -50.0   36.799  129.719    589.5    927.4
     1     1    21     6    26    21     0     0   -51.0   36.738  129.871    586.9    927.8
     1     1    21     6    26    20     0     0   -52.0   36.671  130.013    587.4    928.0
     1     1    21     6    26    19     0     0   -53.0   36.596  130.142    590.9    928.3
     1     1    21     6    26    18     0     0   -54.0   36.511  130.259    597.3    928.1
     1     1    21     6    26    17     0     0   -55.0   36.419  130.364    604.4    927.4
     1     1    21     6    26    16     0     0   -56.0   36.323  130.457    610.1    927.0
     1     1    21     6    26    15     0     0   -57.0   36.225  130.538    613.7    926.7
     1     1    21     6    26    14     0     0   -58.0   36.123  130.605    615.1    926.5
     1     1    21     6    26    13     0     0   -59.0   36.019  130.660    613.8    926.5
     1     1    21     6    26    12     0     0   -60.0   35.912  130.702    609.7    926.6
     1     1    21     6    26    11     0     0   -61.0   35.802  130.743    603.5    926.9
     1     1    21     6    26    10     0     0   -62.0   35.685  130.795    596.0    927.1
     1     1    21     6    26     9     0     0   -63.0   35.560  130.859    587.4    927.5
     1     1    21     6    26     8     0     0   -64.0   35.427  130.935    577.8    928.0
     1     1    21     6    26     7     0     0   -65.0   35.284  131.023    567.2    928.5
     1     1    21     6    26     6     0     0   -66.0   35.128  131.125    555.9    929.0
     1     1    21     6    26     5     0     0   -67.0   34.972  131.229    546.4    930.1
     1     1    21     6    26     4     0     0   -68.0   34.831  131.326    541.4    931.5
     1     1    21     6    26     3     0     0   -69.0   34.709  131.417    540.5    932.3
     1     1    21     6    26     2     0     0   -70.0   34.606  131.498    543.5    932.6
     1     1    21     6    26     1     0     0   -71.0   34.525  131.570    550.4    932.5
     1     1    21     6    26     0     0     0   -72.0   34.466  131.632    561.4    931.8
     1     1    21     6    25    23     0     0   -73.0   34.416  131.681    574.0    930.3
     1     1    21     6    25    22     0     0   -74.0   34.359  131.719    585.7    929.0
     1     1    21     6    25    21     0     0   -75.0   34.295  131.744    596.6    927.8
     1     1    21     6    25    20     0     0   -76.0   34.224  131.756    606.5    926.7
     1     1    21     6    25    19     0     0   -77.0   34.146  131.755    615.4    925.7
     1     1    21     6    25    18     0     0   -78.0   34.061  131.740    623.4    924.8
     1     1    21     6    25    17     0     0   -79.0   33.974  131.725    629.6    924.2
     1     1    21     6    25    16     0     0   -80.0   33.890  131.723    633.4    923.8
     1     1    21     6    25    15     0     0   -81.0   33.810  131.733    635.0    923.8
     1     1    21     6    25    14     0     0   -82.0   33.733  131.756    634.5    924.0
     1     1    21     6    25    13     0     0   -83.0   33.660  131.792    632.1    924.4
     1     1    21     6    25    12     0     0   -84.0   33.591  131.840    627.7    925.0
     1     1    21     6    25    11     0     0   -85.0   33.522  131.900    623.9    925.7
     1     1    21     6    25    10     0     0   -86.0   33.452  131.969    622.9    925.9
     1     1    21     6    25     9     0     0   -87.0   33.380  132.048    624.9    925.7
     1     1    21     6    25     8     0     0   -88.0   33.306  132.136    630.3    925.3
     1     1    21     6    25     7     0     0   -89.0   33.228  132.233    639.4    924.3
     1     1    21     6    25     6     0     0   -90.0   33.148  132.339    652.6    922.8
     1     1    21     6    25     5     0     0   -91.0   33.074  132.443    668.1    920.9
     1     1    21     6    25     4     0     0   -92.0   33.016  132.535    684.1    919.2
     1     1    21     6    25     3     0     0   -93.0   32.976  132.616    699.9    917.6
     1     1    21     6    25     2     0     0   -94.0   32.953  132.686    715.2    916.1
     1     1    21     6    25     1     0     0   -95.0   32.947  132.746    729.8    914.6
     1     1    21     6    25     0     0     0   -96.0   32.956  132.795    743.7    913.3
