     2     1
    CDC1    21    10     1     0     0
    CDC1    21    11     1     0     0
     1 BACKWARD OMEGA   
  2021    11    27    21   37.500  127.000   500.0
     1 PRESSURE
     1     1    21    11    27    21     0     0     0.0   37.500  127.000    500.0    953.0
     1     1    21    11    27    20     0     0    -1.0   37.439  126.931    527.9    950.6
     1     1    21    11    27    19     0     0    -2.0   37.382  126.862    559.6    947.6
     1     1    21    11    27    18     0     0    -3.0   37.327  126.794    595.1    944.2
     1     1    21    11    27    17     0     0    -4.0   37.280  126.734    632.7    940.4
     1     1    21    11    27    16     0     0    -5.0   37.245  126.690    670.9    936.0
     1     1    21    11    27    15     0     0    -6.0   37.224  126.661    709.5    931.6
     1     1    21    11    27    14     0     0    -7.0   37.217  126.647    748.6    927.1
     1     1    21    11    27    13     0     0    -8.0   37.224  126.646    788.1    922.6
     1     1    21    11    27    12     0     0    -9.0   37.245  126.658    828.1    918.1
     1     1    21    11    27    11     0     0   -10.0   37.285  126.670    869.4    913.2
     1     1    21    11    27    10     0     0   -11.0   37.347  126.666    912.0    908.3
     1     1    21    11    27     9     0     0   -12.0   37.430  126.643    956.2    903.0
     1     1    21    11    27     8     0     0   -13.0   37.537  126.597   1001.7    896.9
     1     1    21    11    27     7     0     0   -14.0   37.665  126.526   1048.7    889.8
     1     1    21    11    27     6     0     0   -15.0   37.813  126.424   1097.6    882.5
     1     1    21    11    27     5     0     0   -16.0   37.975  126.296   1151.1    875.3
     1     1    21    11    27     4     0     0   -17.0   38.148  126.151   1211.7    867.2
     1     1    21    11    27     3     0     0   -18.0   38.331  125.992   1279.8    858.5
     1     1    21    11    27     2     0     0   -19.0   38.526  125.822   1355.7    848.3
     1     1    21    11    27     1     0     0   -20.0   38.734  125.644   1439.2    837.3
     1     1    21    11    27     0     0     0   -21.0   38.957  125.460   1529.7    825.7
     1     1    21    11    26    23     0     0   -22.0   39.198  125.259   1622.8    813.8
     1     1    21    11    26    22     0     0   -23.0   39.459  125.031   1712.4    802.9
     1     1    21    11    26    21     0     0   -24.0   39.739  124.775   1797.5    792.6
     1     1    21    11    26    20     0     0   -25.0   40.037  124.491   1876.7    783.9
     1     1    21    11    26    19     0     0   -26.0   40.344  124.184   1949.6    778.1
     1     1    21    11    26    18     0     0   -27.0   40.653  123.858   2013.4    773.2
     1     1    21    11    26    17     0     0   -28.0   40.963  123.522   2072.6    769.5
     1     1    21    11    26    16     0     0   -29.0   41.276  123.185   2129.9    765.3
     1     1    21    11    26    15     0     0   -30.0   41.595  122.848   2185.1    761.1
     1     1    21    11    26    14     0     0   -31.0   41.924  122.512   2237.8    756.7
     1     1    21    11    26    13     0     0   -32.0   42.269  122.174   2282.0    746.2
     1     1    21    11    26    12     0     0   -33.0   42.631  121.833   2324.9    735.3
     1     1    21    11    26    11     0     0   -34.0   42.998  121.479   2367.0    725.2
     1     1    21    11    26    10     0     0   -35.0   43.362  121.101   2406.0    714.7
     1     1    21    11    26     9     0     0   -36.0   43.725  120.698   2441.5    703.7
     1     1    21    11    26     8     0     0   -37.0   44.092  120.265   2473.2    692.0
     1     1    21    11    26     7     0     0   -38.0   44.464  119.798   2500.0    680.2
     1     1    21    11    26     6     0     0   -39.0   44.837  119.296   2520.7    669.5
     1     1    21    11    26     5     0     0   -40.0   45.218  118.775   2537.5    661.0
     1     1    21    11    26     4     0     0   -41.0   45.615  118.255   2557.0    654.9
     1     1    21    11    26     3     0     0   -42.0   46.026  117.737   2581.4    650.6
     1     1    21    11    26     2     0     0   -43.0   46.445  117.221   2614.2    649.9
     1     1    21    11    26     1     0     0   -44.0   46.861  116.711   2653.0    651.0
     1     1    21    11    26     0     0     0   -45.0   47.271  116.205   2694.4    652.0
     1     1    21    11    25    23     0     0   -46.0   47.667  115.688   2735.0    651.5
     1     1    21    11    25    22     0     0   -47.0   48.045  115.148   2774.7    649.2
     1     1    21    11    25    21     0     0   -48.0   48.415  114.584   2808.2    641.8
     1     1    21    11    25    20     0     0   -49.0   48.782  113.993   2838.6    632.2
     1     1    21    11    25    19     0     0   -50.0   49.152  113.368   2868.4    621.8
     1     1    21    11    25    18     0     0   -51.0   49.536  112.700   2897.5    610.7
     1     1    21    11    25    17     0     0   -52.0   49.934  112.005   2930.3    600.9
     1     1    21    11    25    16     0     0   -53.0   50.336  111.294   2976.1    593.7
     1     1    21    11    25    15     0     0   -54.0   50.736  110.550   3033.2    587.7
     1     1    21    11    25    14     0     0   -55.0   51.132  109.762   3104.1    585.5
     1     1    21    11    25    13     0     0   -56.0   51.514  108.938   3191.4    590.0
     1     1    21    11    25    12     0     0   -57.0   51.875  108.083   3282.0    595.6
     1     1    21    11    25    11     0     0   -58.0   52.209  107.187   3373.8    599.8
     1     1    21    11    25    10     0     0   -59.0   52.506  106.241   3451.2    599.1
     1     1    21    11    25     9     0     0   -60.0   52.766  105.235   3515.9    596.3
     1     1    21    11    25     8     0     0   -61.0   52.995  104.146   3545.8    583.0
     1     1    21    11    25     7     0     0   -62.0   53.210  102.944   3558.1    568.5
     1     1    21    11    25     6     0     0   -63.0   53.409  101.608   3556.1    554.9
     1     1    21    11    25     5     0     0   -64.0   53.592  100.150   3540.3    542.1
     1     1    21    11    25     4     0     0   -65.0   53.746   98.608   3543.5    542.6
     1     1    21    11    25     3     0     0   -66.0   53.855   97.008   3537.8    547.6
     1     1    21    11    25     2     0     0   -67.0   53.912   95.368   3529.9    560.7
     1     1    21    11    25     1     0     0   -68.0   53.918   93.699   3503.2    572.9
     1     1    21    11    25     0     0     0   -69.0   53.887   91.990   3467.9    583.5
     1     1    21    11    24    23     0     0   -70.0   53.824   90.271   3421.1    589.8
     1     1    21    11    24    22     0     0   -71.0   53.728   88.594   3369.9    598.4
     1     1    21    11    24    21     0     0   -72.0   53.596   86.972   3306.0    610.1
     1     1    21    11    24    20     0     0   -73.0   53.431   85.409   3237.8    627.5
     1     1    21    11    24    19     0     0   -74.0   53.250   83.907   3170.0    646.3
     1     1    21    11    24    18     0     0   -75.0   53.080   82.458   3116.2    666.7
     1     1    21    11    24    17     0     0   -76.0   52.925   81.053   3067.8    677.7
     1     1    21    11    24    16     0     0   -77.0   52.769   79.686   3030.3    685.9
     1     1    21    11    24    15     0     0   -78.0   52.606   78.342   2985.8    687.4
     1     1    21    11    24    14     0     0   -79.0   52.432   77.005   2931.5    686.5
     1     1    21    11    24    13     0     0   -80.0   52.252   75.669   2864.4    682.8
     1     1    21    11    24    12     0     0   -81.0   52.073   74.334   2794.6    681.4
     1     1    21    11    24    11     0     0   -82.0   51.903   73.018   2732.5    683.1
     1     1    21    11    24    10     0     0   -83.0   51.741   71.736   2681.2    686.3
     1     1    21    11    24     9     0     0   -84.0   51.577   70.498   2638.6    690.9
     1     1    21    11    24     8     0     0   -85.0   51.407   69.308   2601.2    697.1
     1     1    21    11    24     7     0     0   -86.0   51.232   68.171   2563.9    704.7
     1     1    21    11    24     6     0     0   -87.0   51.057   67.084   2521.5    712.0
     1     1    21    11    24     5     0     0   -88.0   50.896   66.039   2479.2    718.1
     1     1    21    11    24     4     0     0   -89.0   50.757   65.028   2446.3    723.0
     1     1    21    11    24     3     0     0   -90.0   50.633   64.033   2417.3    723.6
     1     1    21    11    24     2     0     0   -91.0   50.518   63.041   2395.8    723.3
     1     1    21    11    24     1     0     0   -92.0   50.406   62.045   2378.0    723.0
     1     1    21    11    24     0     0     0   -93.0   50.290   61.041   2358.0    723.6
     1     1    21    11    23    23     0     0   -94.0   50.185   60.022   2332.5    725.1
     1     1    21    11    23    22     0     0   -95.0   50.109   58.992   2310.1    730.0
     1     1    21    11    23    21     0     0   -96.0   50.060   57.960   2287.1    735.1
