     2     1
    CDC1    21     6     1     0     0
    CDC1    21     7     1     0     0
     1 BACKWARD OMEGA   
  2021     7    22     9   37.500  127.000   500.0
     1 PRESSURE
     1     1    21     7    22     9     0     0     0.0   37.500  127.000    500.0    936.9
     1     1    21     7    22     8     0     0    -1.0   37.488  127.080    512.4    935.3
     1     1    21     7    22     7     0     0    -2.0   37.469  127.169    527.2    933.3
     1     1    21     7    22     6     0     0    -3.0   37.443  127.268    544.5    931.1
     1     1    21     7    22     5     0     0    -4.0   37.412  127.375    563.8    928.8
     1     1    21     7    22     4     0     0    -5.0   37.381  127.488    584.0    926.5
     1     1    21     7    22     3     0     0    -6.0   37.349  127.606    605.0    925.0
     1     1    21     7    22     2     0     0    -7.0   37.316  127.728    626.5    923.5
     1     1    21     7    22     1     0     0    -8.0   37.284  127.854    648.1    921.6
     1     1    21     7    22     0     0     0    -9.0   37.253  127.984    669.3    919.8
     1     1    21     7    21    23     0     0   -10.0   37.221  128.117    689.0    917.7
     1     1    21     7    21    22     0     0   -11.0   37.188  128.255    706.3    916.1
     1     1    21     7    21    21     0     0   -12.0   37.151  128.399    720.9    914.9
     1     1    21     7    21    20     0     0   -13.0   37.112  128.547    732.8    913.9
     1     1    21     7    21    19     0     0   -14.0   37.069  128.702    741.9    913.3
     1     1    21     7    21    18     0     0   -15.0   37.022  128.862    748.2    913.0
     1     1    21     7    21    17     0     0   -16.0   36.975  129.026    753.4    912.9
     1     1    21     7    21    16     0     0   -17.0   36.933  129.193    758.9    912.5
     1     1    21     7    21    15     0     0   -18.0   36.898  129.363    764.6    912.1
     1     1    21     7    21    14     0     0   -19.0   36.868  129.536    770.4    911.6
     1     1    21     7    21    13     0     0   -20.0   36.844  129.711    776.0    911.2
     1     1    21     7    21    12     0     0   -21.0   36.827  129.890    781.4    910.8
     1     1    21     7    21    11     0     0   -22.0   36.817  130.068    786.7    911.0
     1     1    21     7    21    10     0     0   -23.0   36.814  130.243    791.4    911.8
     1     1    21     7    21     9     0     0   -24.0   36.818  130.414    795.6    912.6
     1     1    21     7    21     8     0     0   -25.0   36.828  130.580    799.0    913.5
     1     1    21     7    21     7     0     0   -26.0   36.846  130.739    801.5    914.4
     1     1    21     7    21     6     0     0   -27.0   36.871  130.891    802.9    915.4
     1     1    21     7    21     5     0     0   -28.0   36.898  131.039    802.3    916.8
     1     1    21     7    21     4     0     0   -29.0   36.922  131.190    798.6    918.6
     1     1    21     7    21     3     0     0   -30.0   36.940  131.344    792.4    920.7
     1     1    21     7    21     2     0     0   -31.0   36.954  131.501    784.0    923.0
     1     1    21     7    21     1     0     0   -32.0   36.961  131.663    773.9    925.6
     1     1    21     7    21     0     0     0   -33.0   36.961  131.830    762.6    928.2
     1     1    21     7    20    23     0     0   -34.0   36.953  131.995    752.5    930.5
     1     1    21     7    20    22     0     0   -35.0   36.938  132.152    745.6    932.1
     1     1    21     7    20    21     0     0   -36.0   36.915  132.302    741.7    933.2
     1     1    21     7    20    20     0     0   -37.0   36.885  132.445    740.7    933.9
     1     1    21     7    20    19     0     0   -38.0   36.848  132.582    742.1    933.2
     1     1    21     7    20    18     0     0   -39.0   36.804  132.713    746.1    931.5
     1     1    21     7    20    17     0     0   -40.0   36.758  132.843    751.7    929.6
     1     1    21     7    20    16     0     0   -41.0   36.714  132.977    758.1    927.8
     1     1    21     7    20    15     0     0   -42.0   36.671  133.115    765.2    925.9
     1     1    21     7    20    14     0     0   -43.0   36.630  133.255    773.2    924.0
     1     1    21     7    20    13     0     0   -44.0   36.591  133.399    782.0    922.1
     1     1    21     7    20    12     0     0   -45.0   36.554  133.545    791.7    920.1
     1     1    21     7    20    11     0     0   -46.0   36.520  133.689    800.2    917.9
     1     1    21     7    20    10     0     0   -47.0   36.487  133.823    805.4    916.2
     1     1    21     7    20     9     0     0   -48.0   36.458  133.947    807.2    915.0
     1     1    21     7    20     8     0     0   -49.0   36.431  134.061    805.4    914.2
     1     1    21     7    20     7     0     0   -50.0   36.408  134.164    799.9    913.9
     1     1    21     7    20     6     0     0   -51.0   36.388  134.254    790.7    914.1
     1     1    21     7    20     5     0     0   -52.0   36.370  134.340    782.3    915.3
     1     1    21     7    20     4     0     0   -53.0   36.355  134.431    779.0    915.4
     1     1    21     7    20     3     0     0   -54.0   36.342  134.526    781.0    915.1
     1     1    21     7    20     2     0     0   -55.0   36.331  134.628    788.3    914.2
     1     1    21     7    20     1     0     0   -56.0   36.323  134.735    801.2    912.7
     1     1    21     7    20     0     0     0   -57.0   36.318  134.848    819.5    910.6
     1     1    21     7    19    23     0     0   -58.0   36.305  134.959    840.7    907.4
     1     1    21     7    19    22     0     0   -59.0   36.276  135.057    861.7    904.3
     1     1    21     7    19    21     0     0   -60.0   36.230  135.145    882.8    901.0
     1     1    21     7    19    20     0     0   -61.0   36.169  135.221    904.0    897.7
     1     1    21     7    19    19     0     0   -62.0   36.093  135.288    925.8    894.5
     1     1    21     7    19    18     0     0   -63.0   36.002  135.345    948.3    891.0
     1     1    21     7    19    17     0     0   -64.0   35.905  135.403    970.6    887.6
     1     1    21     7    19    16     0     0   -65.0   35.807  135.469    991.2    884.6
     1     1    21     7    19    15     0     0   -66.0   35.709  135.545   1010.1    881.6
     1     1    21     7    19    14     0     0   -67.0   35.611  135.629   1027.4    878.9
     1     1    21     7    19    13     0     0   -68.0   35.512  135.724   1043.1    876.3
     1     1    21     7    19    12     0     0   -69.0   35.413  135.829   1057.2    873.8
     1     1    21     7    19    11     0     0   -70.0   35.315  135.944   1072.3    871.3
     1     1    21     7    19    10     0     0   -71.0   35.220  136.070   1091.1    868.1
     1     1    21     7    19     9     0     0   -72.0   35.128  136.205   1113.3    864.7
     1     1    21     7    19     8     0     0   -73.0   35.038  136.351   1139.0    860.9
     1     1    21     7    19     7     0     0   -74.0   34.949  136.508   1168.0    857.5
     1     1    21     7    19     6     0     0   -75.0   34.862  136.676   1200.2    854.3
     1     1    21     7    19     5     0     0   -76.0   34.780  136.850   1233.7    851.2
     1     1    21     7    19     4     0     0   -77.0   34.710  137.024   1267.1    848.3
     1     1    21     7    19     3     0     0   -78.0   34.651  137.197   1299.9    845.1
     1     1    21     7    19     2     0     0   -79.0   34.602  137.367   1331.7    841.8
     1     1    21     7    19     1     0     0   -80.0   34.563  137.534   1362.5    838.8
     1     1    21     7    19     0     0     0   -81.0   34.533  137.697   1392.5    837.1
     1     1    21     7    18    23     0     0   -82.0   34.506  137.851   1422.0    835.3
     1     1    21     7    18    22     0     0   -83.0   34.475  137.997   1449.7    833.5
     1     1    21     7    18    21     0     0   -84.0   34.440  138.134   1476.5    831.8
     1     1    21     7    18    20     0     0   -85.0   34.402  138.262   1502.3    830.2
     1     1    21     7    18    19     0     0   -86.0   34.361  138.383   1527.2    828.7
     1     1    21     7    18    18     0     0   -87.0   34.315  138.495   1551.2    827.2
     1     1    21     7    18    17     0     0   -88.0   34.267  138.607   1576.1    826.0
     1     1    21     7    18    16     0     0   -89.0   34.219  138.723   1603.6    824.4
     1     1    21     7    18    15     0     0   -90.0   34.170  138.845   1633.4    822.6
     1     1    21     7    18    14     0     0   -91.0   34.121  138.972   1665.4    820.6
     1     1    21     7    18    13     0     0   -92.0   34.072  139.104   1699.3    818.5
     1     1    21     7    18    12     0     0   -93.0   34.024  139.241   1734.7    816.1
     1     1    21     7    18    11     0     0   -94.0   33.972  139.378   1770.5    813.3
     1     1    21     7    18    10     0     0   -95.0   33.915  139.510   1804.9    810.9
     1     1    21     7    18     9     0     0   -96.0   33.850  139.639   1838.6    808.7
