     2     1
    CDC1    21     8     1     0     0
    CDC1    21     9     1     0     0
     1 BACKWARD OMEGA   
  2021     9     3    12   37.500  127.000   500.0
     1 PRESSURE
     1     1    21     9     3    12     0     0     0.0   37.500  127.000    500.0    935.7
     1     1    21     9     3    11     0     0    -1.0   37.619  127.068    522.7    930.9
     1     1    21     9     3    10     0     0    -2.0   37.728  127.142    543.7    926.3
     1     1    21     9     3     9     0     0    -3.0   37.826  127.222    562.4    922.1
     1     1    21     9     3     8     0     0    -4.0   37.914  127.307    578.5    918.4
     1     1    21     9     3     7     0     0    -5.0   37.992  127.399    591.6    915.0
     1     1    21     9     3     6     0     0    -6.0   38.059  127.498    601.4    912.1
     1     1    21     9     3     5     0     0    -7.0   38.121  127.603    609.3    911.1
     1     1    21     9     3     4     0     0    -8.0   38.180  127.716    616.1    910.2
     1     1    21     9     3     3     0     0    -9.0   38.238  127.836    622.2    909.5
     1     1    21     9     3     2     0     0   -10.0   38.294  127.963    627.8    908.8
     1     1    21     9     3     1     0     0   -11.0   38.349  128.096    632.9    908.4
     1     1    21     9     3     0     0     0   -12.0   38.402  128.235    637.9    908.0
     1     1    21     9     2    23     0     0   -13.0   38.446  128.370    642.1    907.6
     1     1    21     9     2    22     0     0   -14.0   38.473  128.491    644.4    907.7
     1     1    21     9     2    21     0     0   -15.0   38.482  128.600    644.8    908.1
     1     1    21     9     2    20     0     0   -16.0   38.475  128.696    643.1    908.9
     1     1    21     9     2    19     0     0   -17.0   38.452  128.782    639.1    910.0
     1     1    21     9     2    18     0     0   -18.0   38.413  128.856    633.0    911.5
     1     1    21     9     2    17     0     0   -19.0   38.370  128.935    625.5    913.4
     1     1    21     9     2    16     0     0   -20.0   38.335  129.031    618.3    915.0
     1     1    21     9     2    15     0     0   -21.0   38.307  129.144    611.4    916.6
     1     1    21     9     2    14     0     0   -22.0   38.287  129.275    604.8    918.2
     1     1    21     9     2    13     0     0   -23.0   38.276  129.424    598.5    919.8
     1     1    21     9     2    12     0     0   -24.0   38.272  129.591    592.6    921.4
     1     1    21     9     2    11     0     0   -25.0   38.276  129.770    587.6    923.1
     1     1    21     9     2    10     0     0   -26.0   38.286  129.955    583.4    924.7
     1     1    21     9     2     9     0     0   -27.0   38.303  130.144    580.4    927.0
     1     1    21     9     2     8     0     0   -28.0   38.326  130.335    578.5    929.4
     1     1    21     9     2     7     0     0   -29.0   38.357  130.530    577.5    931.7
     1     1    21     9     2     6     0     0   -30.0   38.394  130.727    577.4    934.0
     1     1    21     9     2     5     0     0   -31.0   38.439  130.929    578.6    936.1
     1     1    21     9     2     4     0     0   -32.0   38.495  131.137    581.8    938.1
     1     1    21     9     2     3     0     0   -33.0   38.561  131.350    586.9    940.1
     1     1    21     9     2     2     0     0   -34.0   38.639  131.568    594.0    941.9
     1     1    21     9     2     1     0     0   -35.0   38.729  131.789    603.2    943.7
     1     1    21     9     2     0     0     0   -36.0   38.834  132.013    614.7    945.4
     1     1    21     9     1    23     0     0   -37.0   38.946  132.238    626.6    947.2
     1     1    21     9     1    22     0     0   -38.0   39.057  132.464    635.8    949.6
     1     1    21     9     1    21     0     0   -39.0   39.164  132.691    641.4    949.4
     1     1    21     9     1    20     0     0   -40.0   39.266  132.918    643.5    949.3
     1     1    21     9     1    19     0     0   -41.0   39.361  133.144    641.8    949.8
     1     1    21     9     1    18     0     0   -42.0   39.451  133.369    635.7    950.9
     1     1    21     9     1    17     0     0   -43.0   39.536  133.585    627.0    952.3
     1     1    21     9     1    16     0     0   -44.0   39.618  133.787    618.0    953.5
     1     1    21     9     1    15     0     0   -45.0   39.697  133.975    609.2    954.9
     1     1    21     9     1    14     0     0   -46.0   39.773  134.150    600.8    956.2
     1     1    21     9     1    13     0     0   -47.0   39.844  134.313    593.2    957.6
     1     1    21     9     1    12     0     0   -48.0   39.911  134.467    586.7    958.8
     1     1    21     9     1    11     0     0   -49.0   39.972  134.610    581.6    960.5
     1     1    21     9     1    10     0     0   -50.0   40.025  134.743    577.0    961.7
     1     1    21     9     1     9     0     0   -51.0   40.068  134.862    573.5    962.3
     1     1    21     9     1     8     0     0   -52.0   40.103  134.966    571.1    962.8
     1     1    21     9     1     7     0     0   -53.0   40.128  135.055    569.8    962.7
     1     1    21     9     1     6     0     0   -54.0   40.145  135.127    569.3    962.5
     1     1    21     9     1     5     0     0   -55.0   40.162  135.192    569.1    961.6
     1     1    21     9     1     4     0     0   -56.0   40.190  135.255    569.6    960.7
     1     1    21     9     1     3     0     0   -57.0   40.228  135.317    570.4    959.6
     1     1    21     9     1     2     0     0   -58.0   40.277  135.378    571.7    958.5
     1     1    21     9     1     1     0     0   -59.0   40.336  135.439    573.7    957.2
     1     1    21     9     1     0     0     0   -60.0   40.406  135.500    576.5    955.8
     1     1    21     8    31    23     0     0   -61.0   40.478  135.552    578.9    954.7
     1     1    21     8    31    22     0     0   -62.0   40.543  135.586    578.5    954.2
     1     1    21     8    31    21     0     0   -63.0   40.603  135.603    575.3    954.2
     1     1    21     8    31    20     0     0   -64.0   40.657  135.603    569.0    954.6
     1     1    21     8    31    19     0     0   -65.0   40.704  135.587    559.6    955.5
     1     1    21     8    31    18     0     0   -66.0   40.746  135.556    546.7    956.9
     1     1    21     8    31    17     0     0   -67.0   40.784  135.514    533.3    958.6
     1     1    21     8    31    16     0     0   -68.0   40.821  135.468    522.7    959.8
     1     1    21     8    31    15     0     0   -69.0   40.856  135.417    514.9    960.6
     1     1    21     8    31    14     0     0   -70.0   40.890  135.362    509.9    961.2
     1     1    21     8    31    13     0     0   -71.0   40.922  135.302    507.5    961.6
     1     1    21     8    31    12     0     0   -72.0   40.953  135.237    507.7    961.6
     1     1    21     8    31    11     0     0   -73.0   40.992  135.168    510.8    961.5
     1     1    21     8    31    10     0     0   -74.0   41.050  135.093    516.7    960.8
     1     1    21     8    31     9     0     0   -75.0   41.128  135.012    525.7    959.7
     1     1    21     8    31     8     0     0   -76.0   41.224  134.922    538.3    957.3
     1     1    21     8    31     7     0     0   -77.0   41.337  134.824    555.1    954.2
     1     1    21     8    31     6     0     0   -78.0   41.466  134.715    576.7    950.3
     1     1    21     8    31     5     0     0   -79.0   41.607  134.595    602.0    945.4
     1     1    21     8    31     4     0     0   -80.0   41.758  134.463    629.8    940.2
     1     1    21     8    31     3     0     0   -81.0   41.920  134.322    660.2    934.0
     1     1    21     8    31     2     0     0   -82.0   42.096  134.172    693.2    927.3
     1     1    21     8    31     1     0     0   -83.0   42.287  134.014    729.3    920.1
     1     1    21     8    31     0     0     0   -84.0   42.496  133.849    769.0    912.2
     1     1    21     8    30    23     0     0   -85.0   42.716  133.676    810.0    904.9
     1     1    21     8    30    22     0     0   -86.0   42.940  133.493    848.9    898.3
     1     1    21     8    30    21     0     0   -87.0   43.168  133.302    885.2    892.2
     1     1    21     8    30    20     0     0   -88.0   43.404  133.106    918.4    886.7
     1     1    21     8    30    19     0     0   -89.0   43.650  132.907    947.8    881.4
     1     1    21     8    30    18     0     0   -90.0   43.907  132.705    972.5    876.7
     1     1    21     8    30    17     0     0   -91.0   44.173  132.495    996.7    872.6
     1     1    21     8    30    16     0     0   -92.0   44.441  132.269   1026.4    866.1
     1     1    21     8    30    15     0     0   -93.0   44.707  132.026   1063.2    859.4
     1     1    21     8    30    14     0     0   -94.0   44.970  131.770   1108.9    852.3
     1     1    21     8    30    13     0     0   -95.0   45.225  131.503   1164.3    845.4
     1     1    21     8    30    12     0     0   -96.0   45.470  131.230   1228.7    838.2
