     2     1
    CDC1    21     3     1     0     0
    CDC1    21     4     1     0     0
     1 BACKWARD OMEGA   
  2021     4    19    15   37.500  127.000   500.0
     1 PRESSURE
     1     1    21     4    19    15     0     0     0.0   37.500  127.000    500.0    939.7
     1     1    21     4    19    14     0     0    -1.0   37.566  126.614    536.9    936.4
     1     1    21     4    19    13     0     0    -2.0   37.608  126.215    569.6    934.5
     1     1    21     4    19    12     0     0    -3.0   37.626  125.807    598.4    933.6
     1     1    21     4    19    11     0     0    -4.0   37.623  125.394    623.2    933.4
     1     1    21     4    19    10     0     0    -5.0   37.606  124.980    644.4    933.4
     1     1    21     4    19     9     0     0    -6.0   37.572  124.566    661.2    932.8
     1     1    21     4    19     8     0     0    -7.0   37.524  124.150    673.9    933.0
     1     1    21     4    19     7     0     0    -8.0   37.463  123.730    683.5    933.3
     1     1    21     4    19     6     0     0    -9.0   37.394  123.306    691.0    933.7
     1     1    21     4    19     5     0     0   -10.0   37.321  122.891    696.5    934.1
     1     1    21     4    19     4     0     0   -11.0   37.247  122.495    700.4    934.7
     1     1    21     4    19     3     0     0   -12.0   37.172  122.115    704.0    934.0
     1     1    21     4    19     2     0     0   -13.0   37.096  121.750    709.7    933.1
     1     1    21     4    19     1     0     0   -14.0   37.021  121.393    719.0    931.8
     1     1    21     4    19     0     0     0   -15.0   36.947  121.042    733.8    929.9
     1     1    21     4    18    23     0     0   -16.0   36.873  120.679    750.6    927.0
     1     1    21     4    18    22     0     0   -17.0   36.794  120.295    766.0    924.7
     1     1    21     4    18    21     0     0   -18.0   36.708  119.887    780.0    922.5
     1     1    21     4    18    20     0     0   -19.0   36.613  119.461    793.0    920.5
     1     1    21     4    18    19     0     0   -20.0   36.505  119.020    805.9    918.7
     1     1    21     4    18    18     0     0   -21.0   36.381  118.569    819.7    917.0
     1     1    21     4    18    17     0     0   -22.0   36.239  118.138    838.5    915.2
     1     1    21     4    18    16     0     0   -23.0   36.084  117.756    865.0    912.0
     1     1    21     4    18    15     0     0   -24.0   35.915  117.422    897.2    907.7
     1     1    21     4    18    14     0     0   -25.0   35.735  117.134    933.2    901.7
     1     1    21     4    18    13     0     0   -26.0   35.546  116.892    972.8    895.8
     1     1    21     4    18    12     0     0   -27.0   35.349  116.695   1015.9    890.2
     1     1    21     4    18    11     0     0   -28.0   35.156  116.533   1061.8    885.3
     1     1    21     4    18    10     0     0   -29.0   34.981  116.398   1109.8    880.7
     1     1    21     4    18     9     0     0   -30.0   34.823  116.286   1160.0    875.7
     1     1    21     4    18     8     0     0   -31.0   34.687  116.194   1212.2    870.8
     1     1    21     4    18     7     0     0   -32.0   34.571  116.120   1266.6    865.9
     1     1    21     4    18     6     0     0   -33.0   34.475  116.063   1322.9    860.5
     1     1    21     4    18     5     0     0   -34.0   34.399  116.022   1376.9    854.3
     1     1    21     4    18     4     0     0   -35.0   34.340  115.997   1425.2    849.3
     1     1    21     4    18     3     0     0   -36.0   34.296  115.988   1466.9    845.0
     1     1    21     4    18     2     0     0   -37.0   34.269  115.993   1501.8    841.5
     1     1    21     4    18     1     0     0   -38.0   34.257  116.012   1529.6    838.7
     1     1    21     4    18     0     0     0   -39.0   34.262  116.045   1550.1    836.7
     1     1    21     4    17    23     0     0   -40.0   34.285  116.074   1567.5    835.4
     1     1    21     4    17    22     0     0   -41.0   34.326  116.079   1585.6    833.6
     1     1    21     4    17    21     0     0   -42.0   34.386  116.062   1604.4    831.7
     1     1    21     4    17    20     0     0   -43.0   34.463  116.022   1624.2    829.6
     1     1    21     4    17    19     0     0   -44.0   34.554  115.959   1645.2    827.3
     1     1    21     4    17    18     0     0   -45.0   34.659  115.872   1667.4    824.8
     1     1    21     4    17    17     0     0   -46.0   34.773  115.763   1695.4    821.9
     1     1    21     4    17    16     0     0   -47.0   34.896  115.633   1732.6    817.5
     1     1    21     4    17    15     0     0   -48.0   35.031  115.482   1780.5    811.6
     1     1    21     4    17    14     0     0   -49.0   35.181  115.313   1840.2    803.9
     1     1    21     4    17    13     0     0   -50.0   35.354  115.129   1913.8    794.5
     1     1    21     4    17    12     0     0   -51.0   35.556  114.929   2003.2    782.2
     1     1    21     4    17    11     0     0   -52.0   35.792  114.711   2104.3    766.3
     1     1    21     4    17    10     0     0   -53.0   36.060  114.470   2209.7    749.6
     1     1    21     4    17     9     0     0   -54.0   36.364  114.203   2318.9    731.1
     1     1    21     4    17     8     0     0   -55.0   36.707  113.904   2428.6    711.2
     1     1    21     4    17     7     0     0   -56.0   37.092  113.573   2534.0    690.4
     1     1    21     4    17     6     0     0   -57.0   37.519  113.211   2628.4    669.0
     1     1    21     4    17     5     0     0   -58.0   37.975  112.831   2716.9    647.7
     1     1    21     4    17     4     0     0   -59.0   38.452  112.446   2811.4    627.0
     1     1    21     4    17     3     0     0   -60.0   38.956  112.064   2915.9    609.5
     1     1    21     4    17     2     0     0   -61.0   39.487  111.694   3026.1    593.0
     1     1    21     4    17     1     0     0   -62.0   40.052  111.341   3145.3    577.8
     1     1    21     4    17     0     0     0   -63.0   40.634  111.005   3282.3    570.0
     1     1    21     4    16    23     0     0   -64.0   41.215  110.689   3415.0    563.4
     1     1    21     4    16    22     0     0   -65.0   41.793  110.402   3542.9    558.8
     1     1    21     4    16    21     0     0   -66.0   42.385  110.162   3672.1    554.9
     1     1    21     4    16    20     0     0   -67.0   42.989  109.964   3793.3    547.6
     1     1    21     4    16    19     0     0   -68.0   43.593  109.788   3903.7    539.0
     1     1    21     4    16    18     0     0   -69.0   44.196  109.642   4005.8    531.3
     1     1    21     4    16    17     0     0   -70.0   44.794  109.521   4101.6    524.1
     1     1    21     4    16    16     0     0   -71.0   45.386  109.409   4186.1    513.5
     1     1    21     4    16    15     0     0   -72.0   45.977  109.298   4263.8    501.6
     1     1    21     4    16    14     0     0   -73.0   46.577  109.195   4340.2    490.3
     1     1    21     4    16    13     0     0   -74.0   47.198  109.113   4415.7    479.3
     1     1    21     4    16    12     0     0   -75.0   47.842  109.064   4504.5    472.1
     1     1    21     4    16    11     0     0   -76.0   48.484  109.041   4602.7    467.6
     1     1    21     4    16    10     0     0   -77.0   49.104  109.040   4689.3    464.0
     1     1    21     4    16     9     0     0   -78.0   49.708  109.066   4763.7    461.0
     1     1    21     4    16     8     0     0   -79.0   50.302  109.120   4830.0    460.1
     1     1    21     4    16     7     0     0   -80.0   50.890  109.190   4888.5    461.0
     1     1    21     4    16     6     0     0   -81.0   51.477  109.273   4934.1    462.5
     1     1    21     4    16     5     0     0   -82.0   52.072  109.367   4977.4    464.3
     1     1    21     4    16     4     0     0   -83.0   52.684  109.461   5017.9    463.4
     1     1    21     4    16     3     0     0   -84.0   53.322  109.525   5045.7    458.1
     1     1    21     4    16     2     0     0   -85.0   53.996  109.554   5076.4    453.0
     1     1    21     4    16     1     0     0   -86.0   54.719  109.574   5109.0    447.8
     1     1    21     4    16     0     0     0   -87.0   55.494  109.559   5155.0    446.6
     1     1    21     4    15    23     0     0   -88.0   56.272  109.386   5198.8    449.5
     1     1    21     4    15    22     0     0   -89.0   57.016  109.000   5226.8    454.0
     1     1    21     4    15    21     0     0   -90.0   57.735  108.421   5239.3    460.0
     1     1    21     4    15    20     0     0   -91.0   58.429  107.637   5236.2    468.7
     1     1    21     4    15    19     0     0   -92.0   59.097  106.655   5195.4    477.9
     1     1    21     4    15    18     0     0   -93.0   59.753  105.508   5108.3    486.3
     1     1    21     4    15    17     0     0   -94.0   60.377  104.199   4983.0    493.4
     1     1    21     4    15    16     0     0   -95.0   60.946  102.729   4842.2    500.3
     1     1    21     4    15    15     0     0   -96.0   61.473  101.110   4700.7    509.3
