     2     1
    CDC1    21     9     1     0     0
    CDC1    21    10     1     0     0
     1 BACKWARD OMEGA   
  2021    10     6     6   37.500  127.000   500.0
     1 PRESSURE
     1     1    21    10     6     6     0     0     0.0   37.500  127.000    500.0    942.1
     1     1    21    10     6     5     0     0    -1.0   37.398  127.146    481.0    944.4
     1     1    21    10     6     4     0     0    -2.0   37.319  127.295    465.8    946.1
     1     1    21    10     6     3     0     0    -3.0   37.261  127.445    453.7    947.4
     1     1    21    10     6     2     0     0    -4.0   37.226  127.597    444.4    949.2
     1     1    21    10     6     1     0     0    -5.0   37.214  127.749    437.5    951.1
     1     1    21    10     6     0     0     0    -6.0   37.225  127.904    432.5    952.8
     1     1    21    10     5    23     0     0    -7.0   37.251  128.051    428.2    953.3
     1     1    21    10     5    22     0     0    -8.0   37.284  128.177    423.5    954.0
     1     1    21    10     5    21     0     0    -9.0   37.325  128.281    418.1    954.7
     1     1    21    10     5    20     0     0   -10.0   37.372  128.363    412.0    955.4
     1     1    21    10     5    19     0     0   -11.0   37.427  128.422    405.3    956.1
     1     1    21    10     5    18     0     0   -12.0   37.489  128.456    397.9    956.9
     1     1    21    10     5    17     0     0   -13.0   37.560  128.475    390.4    957.2
     1     1    21    10     5    16     0     0   -14.0   37.643  128.488    383.7    957.0
     1     1    21    10     5    15     0     0   -15.0   37.738  128.495    377.9    956.5
     1     1    21    10     5    14     0     0   -16.0   37.845  128.498    373.1    955.6
     1     1    21    10     5    13     0     0   -17.0   37.964  128.498    369.3    954.5
     1     1    21    10     5    12     0     0   -18.0   38.097  128.496    366.4    953.0
     1     1    21    10     5    11     0     0   -19.0   38.229  128.494    362.8    951.2
     1     1    21    10     5    10     0     0   -20.0   38.348  128.489    356.6    950.0
     1     1    21    10     5     9     0     0   -21.0   38.452  128.482    347.7    949.2
     1     1    21    10     5     8     0     0   -22.0   38.543  128.473    335.9    948.9
     1     1    21    10     5     7     0     0   -23.0   38.618  128.464    321.3    949.0
     1     1    21    10     5     6     0     0   -24.0   38.680  128.453    304.1    949.7
     1     1    21    10     5     5     0     0   -25.0   38.728  128.435    286.2    951.3
     1     1    21    10     5     4     0     0   -26.0   38.765  128.403    269.1    952.6
     1     1    21    10     5     3     0     0   -27.0   38.790  128.356    252.8    954.0
     1     1    21    10     5     2     0     0   -28.0   38.804  128.293    237.3    955.4
     1     1    21    10     5     1     0     0   -29.0   38.805  128.214    222.8    956.8
     1     1    21    10     5     0     0     0   -30.0   38.793  128.118    209.2    958.2
     1     1    21    10     4    23     0     0   -31.0   38.768  128.022    196.6    959.3
     1     1    21    10     4    22     0     0   -32.0   38.732  127.937    185.3    960.0
     1     1    21    10     4    21     0     0   -33.0   38.683  127.861    175.0    961.0
     1     1    21    10     4    20     0     0   -34.0   38.620  127.789    165.8    962.2
     1     1    21    10     4    19     0     0   -35.0   38.540  127.719    157.5    963.6
     1     1    21    10     4    18     0     0   -36.0   38.441  127.643    150.0    965.3
     1     1    21    10     4    17     0     0   -37.0   38.322  127.552    143.1    967.4
     1     1    21    10     4    16     0     0   -38.0   38.185  127.439    136.5    970.5
     1     1    21    10     4    15     0     0   -39.0   38.036  127.311    130.1    974.5
     1     1    21    10     4    14     0     0   -40.0   37.874  127.174    123.5    978.7
     1     1    21    10     4    13     0     0   -41.0   37.702  127.031    116.6    983.1
     1     1    21    10     4    12     0     0   -42.0   37.517  126.886    109.3    987.8
     1     1    21    10     4    11     0     0   -43.0   37.325  126.746    102.1    990.0
     1     1    21    10     4    10     0     0   -44.0   37.130  126.619     95.5    991.8
     1     1    21    10     4     9     0     0   -45.0   36.934  126.501     89.2    993.4
     1     1    21    10     4     8     0     0   -46.0   36.735  126.390     82.8    995.0
     1     1    21    10     4     7     0     0   -47.0   36.533  126.286     76.0    996.6
     1     1    21    10     4     6     0     0   -48.0   36.326  126.185     68.6    998.0
     1     1    21    10     4     5     0     0   -49.0   36.107  126.085     60.8    999.9
     1     1    21    10     4     4     0     0   -50.0   35.867  125.987     52.9   1001.9
     1     1    21    10     4     3     0     0   -51.0   35.604  125.889     45.3   1004.0
     1     1    21    10     4     2     0     0   -52.0   35.316  125.790     38.2   1006.2
     1     1    21    10     4     1     0     0   -53.0   35.003  125.686     32.0   1008.5
     1     1    21    10     4     0     0     0   -54.0   34.673  125.589     27.3   1010.9
     1     1    21    10     3    23     0     0   -55.0   34.342  125.514     24.4   1012.2
     1     1    21    10     3    22     0     0   -56.0   34.009  125.469     23.1   1013.0
     1     1    21    10     3    21     0     0   -57.0   33.674  125.454     22.9   1013.7
     1     1    21    10     3    20     0     0   -58.0   33.335  125.471     23.4   1014.1
     1     1    21    10     3    19     0     0   -59.0   32.990  125.521     24.5   1014.4
     1     1    21    10     3    18     0     0   -60.0   32.639  125.607     26.0   1014.7
     1     1    21    10     3    17     0     0   -61.0   32.296  125.728     27.6   1014.7
     1     1    21    10     3    16     0     0   -62.0   31.978  125.877     29.0   1014.4
     1     1    21    10     3    15     0     0   -63.0   31.686  126.050     30.4   1014.3
     1     1    21    10     3    14     0     0   -64.0   31.420  126.244     31.9   1014.4
     1     1    21    10     3    13     0     0   -65.0   31.178  126.456     33.6   1014.6
     1     1    21    10     3    12     0     0   -66.0   30.960  126.683     35.5   1014.9
     1     1    21    10     3    11     0     0   -67.0   30.763  126.922     37.4   1015.2
     1     1    21    10     3    10     0     0   -68.0   30.587  127.168     38.8   1015.6
     1     1    21    10     3     9     0     0   -69.0   30.429  127.422     39.8   1016.2
     1     1    21    10     3     8     0     0   -70.0   30.288  127.685     40.1   1016.3
     1     1    21    10     3     7     0     0   -71.0   30.163  127.957     39.8   1016.2
     1     1    21    10     3     6     0     0   -72.0   30.051  128.238     38.8   1016.2
     1     1    21    10     3     5     0     0   -73.0   29.954  128.529     37.9   1016.0
     1     1    21    10     3     4     0     0   -74.0   29.875  128.827     37.9   1015.3
     1     1    21    10     3     3     0     0   -75.0   29.815  129.127     39.0   1014.6
     1     1    21    10     3     2     0     0   -76.0   29.775  129.425     41.1   1013.9
     1     1    21    10     3     1     0     0   -77.0   29.756  129.716     44.7   1013.0
     1     1    21    10     3     0     0     0   -78.0   29.760  129.998     50.0   1012.1
     1     1    21    10     2    23     0     0   -79.0   29.783  130.266     56.8   1011.0
     1     1    21    10     2    22     0     0   -80.0   29.822  130.519     64.6   1009.9
     1     1    21    10     2    21     0     0   -81.0   29.874  130.758     73.6   1008.7
     1     1    21    10     2    20     0     0   -82.0   29.938  130.983     84.1   1006.8
     1     1    21    10     2    19     0     0   -83.0   30.012  131.194     96.4   1004.5
     1     1    21    10     2    18     0     0   -84.0   30.094  131.393    110.8   1001.6
     1     1    21    10     2    17     0     0   -85.0   30.182  131.580    126.8    998.5
     1     1    21    10     2    16     0     0   -86.0   30.274  131.760    143.4    995.6
     1     1    21    10     2    15     0     0   -87.0   30.370  131.931    159.9    992.7
     1     1    21    10     2    14     0     0   -88.0   30.468  132.093    175.9    990.1
     1     1    21    10     2    13     0     0   -89.0   30.568  132.244    190.9    987.6
     1     1    21    10     2    12     0     0   -90.0   30.669  132.383    204.3    985.1
     1     1    21    10     2    11     0     0   -91.0   30.773  132.505    215.6    982.5
     1     1    21    10     2    10     0     0   -92.0   30.885  132.600    224.7    980.6
     1     1    21    10     2     9     0     0   -93.0   31.002  132.669    231.8    978.9
     1     1    21    10     2     8     0     0   -94.0   31.124  132.714    237.1    977.3
     1     1    21    10     2     7     0     0   -95.0   31.250  132.737    240.9    975.8
     1     1    21    10     2     6     0     0   -96.0   31.380  132.739    243.5    974.4
