     2     1
    CDC1    21    10     1     0     0
    CDC1    21    11     1     0     0
     1 BACKWARD OMEGA   
  2021    11    25     9   37.500  127.000   500.0
     1 PRESSURE
     1     1    21    11    25     9     0     0     0.0   37.500  127.000    500.0    939.2
     1     1    21    11    25     8     0     0    -1.0   37.618  126.707    538.6    934.9
     1     1    21    11    25     7     0     0    -2.0   37.738  126.407    583.1    929.8
     1     1    21    11    25     6     0     0    -3.0   37.863  126.101    633.7    924.2
     1     1    21    11    25     5     0     0    -4.0   37.994  125.797    686.4    917.2
     1     1    21    11    25     4     0     0    -5.0   38.128  125.502    738.0    910.9
     1     1    21    11    25     3     0     0    -6.0   38.268  125.212    788.7    905.0
     1     1    21    11    25     2     0     0    -7.0   38.415  124.922    839.0    899.1
     1     1    21    11    25     1     0     0    -8.0   38.568  124.628    889.0    893.4
     1     1    21    11    25     0     0     0    -9.0   38.729  124.327    939.4    888.0
     1     1    21    11    24    23     0     0   -10.0   38.896  124.011    987.9    882.3
     1     1    21    11    24    22     0     0   -11.0   39.067  123.682   1032.5    878.0
     1     1    21    11    24    21     0     0   -12.0   39.244  123.348   1073.6    874.7
     1     1    21    11    24    20     0     0   -13.0   39.428  123.014   1111.9    872.1
     1     1    21    11    24    19     0     0   -14.0   39.620  122.688   1148.5    870.2
     1     1    21    11    24    18     0     0   -15.0   39.821  122.373   1183.5    867.2
     1     1    21    11    24    17     0     0   -16.0   40.028  122.057   1215.2    861.6
     1     1    21    11    24    16     0     0   -17.0   40.238  121.728   1244.5    855.2
     1     1    21    11    24    15     0     0   -18.0   40.452  121.381   1271.5    848.3
     1     1    21    11    24    14     0     0   -19.0   40.670  121.017   1297.4    840.7
     1     1    21    11    24    13     0     0   -20.0   40.894  120.636   1323.8    831.8
     1     1    21    11    24    12     0     0   -21.0   41.129  120.240   1352.3    821.5
     1     1    21    11    24    11     0     0   -22.0   41.378  119.815   1382.2    807.9
     1     1    21    11    24    10     0     0   -23.0   41.647  119.349   1415.0    789.7
     1     1    21    11    24     9     0     0   -24.0   41.944  118.836   1453.3    768.6
     1     1    21    11    24     8     0     0   -25.0   42.276  118.274   1498.0    744.0
     1     1    21    11    24     7     0     0   -26.0   42.651  117.661   1551.8    719.6
     1     1    21    11    24     6     0     0   -27.0   43.053  117.011   1618.0    707.8
     1     1    21    11    24     5     0     0   -28.0   43.463  116.349   1682.8    700.4
     1     1    21    11    24     4     0     0   -29.0   43.876  115.691   1740.1    695.5
     1     1    21    11    24     3     0     0   -30.0   44.291  115.035   1789.0    693.2
     1     1    21    11    24     2     0     0   -31.0   44.700  114.386   1830.4    696.1
     1     1    21    11    24     1     0     0   -32.0   45.095  113.748   1860.1    699.2
     1     1    21    11    24     0     0     0   -33.0   45.475  113.126   1877.6    699.3
     1     1    21    11    23    23     0     0   -34.0   45.836  112.516   1887.5    698.1
     1     1    21    11    23    22     0     0   -35.0   46.176  111.914   1890.6    692.7
     1     1    21    11    23    21     0     0   -36.0   46.501  111.316   1896.2    685.3
     1     1    21    11    23    20     0     0   -37.0   46.814  110.723   1907.3    676.1
     1     1    21    11    23    19     0     0   -38.0   47.120  110.131   1925.6    665.0
     1     1    21    11    23    18     0     0   -39.0   47.419  109.544   1956.9    657.4
     1     1    21    11    23    17     0     0   -40.0   47.708  108.975   1991.0    654.3
     1     1    21    11    23    16     0     0   -41.0   47.979  108.439   2016.9    655.0
     1     1    21    11    23    15     0     0   -42.0   48.230  107.936   2031.8    657.0
     1     1    21    11    23    14     0     0   -43.0   48.461  107.462   2036.6    660.4
     1     1    21    11    23    13     0     0   -44.0   48.674  107.007   2033.7    664.1
     1     1    21    11    23    12     0     0   -45.0   48.874  106.563   2027.0    667.9
     1     1    21    11    23    11     0     0   -46.0   49.063  106.132   2019.8    671.6
     1     1    21    11    23    10     0     0   -47.0   49.239  105.722   2015.0    674.5
     1     1    21    11    23     9     0     0   -48.0   49.402  105.339   2010.4    677.2
     1     1    21    11    23     8     0     0   -49.0   49.550  104.985   2004.4    679.5
     1     1    21    11    23     7     0     0   -50.0   49.684  104.655   1991.3    676.4
     1     1    21    11    23     6     0     0   -51.0   49.806  104.340   1976.8    673.3
     1     1    21    11    23     5     0     0   -52.0   49.923  104.027   1962.7    670.4
     1     1    21    11    23     4     0     0   -53.0   50.044  103.699   1951.7    666.9
     1     1    21    11    23     3     0     0   -54.0   50.169  103.352   1941.3    663.7
     1     1    21    11    23     2     0     0   -55.0   50.301  102.983   1928.2    660.2
     1     1    21    11    23     1     0     0   -56.0   50.441  102.592   1909.5    656.8
     1     1    21    11    23     0     0     0   -57.0   50.585  102.175   1882.9    654.1
     1     1    21    11    22    23     0     0   -58.0   50.724  101.741   1851.9    652.0
     1     1    21    11    22    22     0     0   -59.0   50.852  101.302   1821.6    649.2
     1     1    21    11    22    21     0     0   -60.0   50.966  100.861   1792.4    646.0
     1     1    21    11    22    20     0     0   -61.0   51.068  100.419   1765.1    642.4
     1     1    21    11    22    19     0     0   -62.0   51.156   99.979   1741.1    638.8
     1     1    21    11    22    18     0     0   -63.0   51.227   99.546   1728.8    643.4
     1     1    21    11    22    17     0     0   -64.0   51.291   99.109   1716.3    647.0
     1     1    21    11    22    16     0     0   -65.0   51.360   98.657   1700.8    651.2
     1     1    21    11    22    15     0     0   -66.0   51.436   98.193   1682.5    655.7
     1     1    21    11    22    14     0     0   -67.0   51.520   97.720   1661.7    660.3
     1     1    21    11    22    13     0     0   -68.0   51.610   97.239   1641.4    667.7
     1     1    21    11    22    12     0     0   -69.0   51.703   96.752   1622.3    677.8
     1     1    21    11    22    11     0     0   -70.0   51.783   96.257   1604.9    688.2
     1     1    21    11    22    10     0     0   -71.0   51.836   95.752   1589.6    698.3
     1     1    21    11    22     9     0     0   -72.0   51.859   95.238   1576.9    708.1
     1     1    21    11    22     8     0     0   -73.0   51.853   94.711   1563.4    714.2
     1     1    21    11    22     7     0     0   -74.0   51.815   94.167   1549.1    717.1
     1     1    21    11    22     6     0     0   -75.0   51.748   93.603   1536.2    719.4
     1     1    21    11    22     5     0     0   -76.0   51.659   93.023   1526.2    720.4
     1     1    21    11    22     4     0     0   -77.0   51.561   92.430   1521.1    719.1
     1     1    21    11    22     3     0     0   -78.0   51.458   91.819   1515.5    711.1
     1     1    21    11    22     2     0     0   -79.0   51.353   91.185   1511.0    702.1
     1     1    21    11    22     1     0     0   -80.0   51.245   90.532   1505.8    692.1
     1     1    21    11    22     0     0     0   -81.0   51.135   89.867   1499.5    682.9
     1     1    21    11    21    23     0     0   -82.0   51.012   89.191   1496.1    680.1
     1     1    21    11    21    22     0     0   -83.0   50.875   88.497   1491.3    676.7
     1     1    21    11    21    21     0     0   -84.0   50.733   87.781   1483.6    673.2
     1     1    21    11    21    20     0     0   -85.0   50.589   87.047   1481.0    679.1
     1     1    21    11    21    19     0     0   -86.0   50.437   86.307   1483.1    691.3
     1     1    21    11    21    18     0     0   -87.0   50.276   85.568   1485.4    703.9
     1     1    21    11    21    17     0     0   -88.0   50.095   84.844   1485.5    716.7
     1     1    21    11    21    16     0     0   -89.0   49.882   84.178   1485.8    733.1
     1     1    21    11    21    15     0     0   -90.0   49.642   83.604   1487.8    750.3
     1     1    21    11    21    14     0     0   -91.0   49.384   83.124   1489.6    763.9
     1     1    21    11    21    13     0     0   -92.0   49.115   82.730   1491.6    774.1
     1     1    21    11    21    12     0     0   -93.0   48.846   82.409   1492.8    780.3
     1     1    21    11    21    11     0     0   -94.0   48.586   82.140   1495.5    782.2
     1     1    21    11    21    10     0     0   -95.0   48.342   81.905   1504.9    782.7
     1     1    21    11    21     9     0     0   -96.0   48.114   81.694   1521.1    782.1
