     2     1
    CDC1    20    12     1     0     0
    CDC1    21     1     1     0     0
     1 BACKWARD OMEGA   
  2021     1    19     0   37.500  127.000   500.0
     1 PRESSURE
     1     1    21     1    19     0     0     0     0.0   37.500  127.000    500.0    946.9
     1     1    21     1    18    23     0     0    -1.0   37.654  126.984    580.5    935.1
     1     1    21     1    18    22     0     0    -2.0   37.843  126.955    671.7    920.6
     1     1    21     1    18    21     0     0    -3.0   38.073  126.901    773.3    903.9
     1     1    21     1    18    20     0     0    -4.0   38.345  126.819    885.0    886.5
     1     1    21     1    18    19     0     0    -5.0   38.663  126.704   1007.2    867.3
     1     1    21     1    18    18     0     0    -6.0   39.028  126.546   1139.7    846.8
     1     1    21     1    18    17     0     0    -7.0   39.440  126.321   1281.5    826.1
     1     1    21     1    18    16     0     0    -8.0   39.896  126.010   1432.6    804.2
     1     1    21     1    18    15     0     0    -9.0   40.395  125.628   1595.0    786.0
     1     1    21     1    18    14     0     0   -10.0   40.933  125.196   1767.3    768.9
     1     1    21     1    18    13     0     0   -11.0   41.513  124.731   1947.7    751.3
     1     1    21     1    18    12     0     0   -12.0   42.134  124.253   2131.9    733.2
     1     1    21     1    18    11     0     0   -13.0   42.774  123.757   2308.2    717.5
     1     1    21     1    18    10     0     0   -14.0   43.411  123.237   2462.1    707.6
     1     1    21     1    18     9     0     0   -15.0   44.058  122.705   2596.8    697.4
     1     1    21     1    18     8     0     0   -16.0   44.732  122.164   2714.4    680.2
     1     1    21     1    18     7     0     0   -17.0   45.438  121.606   2822.5    655.0
     1     1    21     1    18     6     0     0   -18.0   46.178  121.041   2941.2    628.8
     1     1    21     1    18     5     0     0   -19.0   46.927  120.486   3067.2    603.8
     1     1    21     1    18     4     0     0   -20.0   47.670  119.960   3190.1    584.1
     1     1    21     1    18     3     0     0   -21.0   48.408  119.495   3316.9    572.6
     1     1    21     1    18     2     0     0   -22.0   49.142  119.113   3437.1    563.1
     1     1    21     1    18     1     0     0   -23.0   49.881  118.833   3554.7    554.3
     1     1    21     1    18     0     0     0   -24.0   50.620  118.647   3670.4    544.9
     1     1    21     1    17    23     0     0   -25.0   51.328  118.516   3787.1    535.3
     1     1    21     1    17    22     0     0   -26.0   51.979  118.422   3904.0    525.5
     1     1    21     1    17    21     0     0   -27.0   52.581  118.374   4022.9    514.8
     1     1    21     1    17    20     0     0   -28.0   53.145  118.355   4135.6    501.2
     1     1    21     1    17    19     0     0   -29.0   53.678  118.355   4245.9    488.4
     1     1    21     1    17    18     0     0   -30.0   54.185  118.388   4353.1    476.4
     1     1    21     1    17    17     0     0   -31.0   54.660  118.461   4454.5    465.2
     1     1    21     1    17    16     0     0   -32.0   55.093  118.579   4550.0    456.3
     1     1    21     1    17    15     0     0   -33.0   55.475  118.744   4648.1    450.7
     1     1    21     1    17    14     0     0   -34.0   55.803  118.952   4741.6    445.5
     1     1    21     1    17    13     0     0   -35.0   56.072  119.211   4832.3    440.4
     1     1    21     1    17    12     0     0   -36.0   56.283  119.528   4921.6    435.3
     1     1    21     1    17    11     0     0   -37.0   56.442  119.883   5008.8    430.0
     1     1    21     1    17    10     0     0   -38.0   56.564  120.251   5091.9    425.2
     1     1    21     1    17     9     0     0   -39.0   56.656  120.631   5169.9    420.7
     1     1    21     1    17     8     0     0   -40.0   56.719  121.025   5242.6    416.6
     1     1    21     1    17     7     0     0   -41.0   56.752  121.434   5310.4    412.8
     1     1    21     1    17     6     0     0   -42.0   56.755  121.860   5373.4    409.3
     1     1    21     1    17     5     0     0   -43.0   56.728  122.287   5428.2    406.4
     1     1    21     1    17     4     0     0   -44.0   56.673  122.694   5480.8    403.6
     1     1    21     1    17     3     0     0   -45.0   56.593  123.074   5528.2    401.0
     1     1    21     1    17     2     0     0   -46.0   56.491  123.423   5571.3    398.9
     1     1    21     1    17     1     0     0   -47.0   56.364  123.739   5610.6    397.0
     1     1    21     1    17     0     0     0   -48.0   56.214  124.020   5646.4    395.5
     1     1    21     1    16    23     0     0   -49.0   56.041  124.262   5677.9    394.5
     1     1    21     1    16    22     0     0   -50.0   55.848  124.460   5701.9    394.1
     1     1    21     1    16    21     0     0   -51.0   55.636  124.611   5719.7    394.0
     1     1    21     1    16    20     0     0   -52.0   55.403  124.707   5731.3    394.3
     1     1    21     1    16    19     0     0   -53.0   55.151  124.744   5736.6    394.9
     1     1    21     1    16    18     0     0   -54.0   54.880  124.715   5737.9    396.2
     1     1    21     1    16    17     0     0   -55.0   54.605  124.617   5735.3    398.2
     1     1    21     1    16    16     0     0   -56.0   54.342  124.456   5728.0    400.1
     1     1    21     1    16    15     0     0   -57.0   54.093  124.233   5716.0    401.8
     1     1    21     1    16    14     0     0   -58.0   53.861  123.952   5700.2    403.2
     1     1    21     1    16    13     0     0   -59.0   53.649  123.615   5682.0    404.2
     1     1    21     1    16    12     0     0   -60.0   53.457  123.224   5663.1    404.8
     1     1    21     1    16    11     0     0   -61.0   53.288  122.794   5645.1    404.5
     1     1    21     1    16    10     0     0   -62.0   53.146  122.337   5628.9    404.1
     1     1    21     1    16     9     0     0   -63.0   53.033  121.852   5615.5    404.1
     1     1    21     1    16     8     0     0   -64.0   52.948  121.338   5600.6    404.0
     1     1    21     1    16     7     0     0   -65.0   52.889  120.797   5582.6    404.0
     1     1    21     1    16     6     0     0   -66.0   52.850  120.229   5559.9    404.1
     1     1    21     1    16     5     0     0   -67.0   52.832  119.634   5540.0    405.4
     1     1    21     1    16     4     0     0   -68.0   52.842  119.011   5536.3    406.2
     1     1    21     1    16     3     0     0   -69.0   52.882  118.354   5541.8    406.3
     1     1    21     1    16     2     0     0   -70.0   52.951  117.660   5556.3    405.5
     1     1    21     1    16     1     0     0   -71.0   53.057  116.925   5571.7    402.4
     1     1    21     1    16     0     0     0   -72.0   53.206  116.148   5589.8    398.2
     1     1    21     1    15    23     0     0   -73.0   53.394  115.320   5604.4    393.3
     1     1    21     1    15    22     0     0   -74.0   53.617  114.430   5602.5    388.5
     1     1    21     1    15    21     0     0   -75.0   53.879  113.483   5585.6    384.1
     1     1    21     1    15    20     0     0   -76.0   54.179  112.477   5557.6    380.5
     1     1    21     1    15    19     0     0   -77.0   54.519  111.415   5544.1    383.2
     1     1    21     1    15    18     0     0   -78.0   54.902  110.299   5518.9    387.1
     1     1    21     1    15    17     0     0   -79.0   55.337  109.139   5517.8    399.0
     1     1    21     1    15    16     0     0   -80.0   55.833  107.945   5517.9    411.5
     1     1    21     1    15    15     0     0   -81.0   56.391  106.709   5506.1    421.9
     1     1    21     1    15    14     0     0   -82.0   57.018  105.415   5487.7    430.1
     1     1    21     1    15    13     0     0   -83.0   57.721  104.065   5464.2    437.0
     1     1    21     1    15    12     0     0   -84.0   58.498  102.702   5430.7    441.5
     1     1    21     1    15    11     0     0   -85.0   59.327  101.348   5381.5    443.3
     1     1    21     1    15    10     0     0   -86.0   60.199   99.999   5316.4    444.4
     1     1    21     1    15     9     0     0   -87.0   61.092   98.727   5258.4    449.9
     1     1    21     1    15     8     0     0   -88.0   61.986   97.575   5193.5    453.3
     1     1    21     1    15     7     0     0   -89.0   62.875   96.549   5136.9    457.3
     1     1    21     1    15     6     0     0   -90.0   63.739   95.668   5091.7    459.2
     1     1    21     1    15     5     0     0   -91.0   64.578   94.924   5062.7    458.5
     1     1    21     1    15     4     0     0   -92.0   65.389   94.289   5050.1    457.0
     1     1    21     1    15     3     0     0   -93.0   66.158   93.754   5044.7    454.1
     1     1    21     1    15     2     0     0   -94.0   66.882   93.309   5044.0    450.3
     1     1    21     1    15     1     0     0   -95.0   67.561   92.949   5047.1    446.8
     1     1    21     1    15     0     0     0   -96.0   68.192   92.654   5070.7    449.4
