     2     1
    CDC1    21     6     1     0     0
    CDC1    21     7     1     0     0
     1 BACKWARD OMEGA   
  2021     7    26     0   37.500  127.000   500.0
     1 PRESSURE
     1     1    21     7    26     0     0     0     0.0   37.500  127.000    500.0    931.5
     1     1    21     7    25    23     0     0    -1.0   37.417  127.113    510.6    930.1
     1     1    21     7    25    22     0     0    -2.0   37.328  127.220    523.9    928.3
     1     1    21     7    25    21     0     0    -3.0   37.233  127.321    539.8    926.3
     1     1    21     7    25    20     0     0    -4.0   37.130  127.420    558.5    924.1
     1     1    21     7    25    19     0     0    -5.0   37.018  127.518    580.0    921.9
     1     1    21     7    25    18     0     0    -6.0   36.896  127.618    603.8    920.1
     1     1    21     7    25    17     0     0    -7.0   36.765  127.738    629.5    917.9
     1     1    21     7    25    16     0     0    -8.0   36.627  127.889    657.0    915.1
     1     1    21     7    25    15     0     0    -9.0   36.486  128.069    686.0    912.2
     1     1    21     7    25    14     0     0   -10.0   36.343  128.276    716.4    909.1
     1     1    21     7    25    13     0     0   -11.0   36.198  128.505    748.3    905.8
     1     1    21     7    25    12     0     0   -12.0   36.053  128.755    781.7    902.3
     1     1    21     7    25    11     0     0   -13.0   35.908  129.012    813.8    898.9
     1     1    21     7    25    10     0     0   -14.0   35.762  129.268    841.4    895.9
     1     1    21     7    25     9     0     0   -15.0   35.615  129.521    864.4    893.2
     1     1    21     7    25     8     0     0   -16.0   35.468  129.772    882.3    890.8
     1     1    21     7    25     7     0     0   -17.0   35.320  130.019    894.8    888.8
     1     1    21     7    25     6     0     0   -18.0   35.176  130.266    901.6    888.3
     1     1    21     7    25     5     0     0   -19.0   35.038  130.516    906.2    888.6
     1     1    21     7    25     4     0     0   -20.0   34.904  130.769    912.8    889.1
     1     1    21     7    25     3     0     0   -21.0   34.773  131.023    922.4    889.4
     1     1    21     7    25     2     0     0   -22.0   34.648  131.274    935.8    889.2
     1     1    21     7    25     1     0     0   -23.0   34.528  131.523    954.3    888.2
     1     1    21     7    25     0     0     0   -24.0   34.414  131.765    979.0    886.4
     1     1    21     7    24    23     0     0   -25.0   34.310  132.003   1008.4    883.5
     1     1    21     7    24    22     0     0   -26.0   34.216  132.235   1039.8    880.6
     1     1    21     7    24    21     0     0   -27.0   34.133  132.464   1072.9    877.5
     1     1    21     7    24    20     0     0   -28.0   34.057  132.693   1106.2    873.9
     1     1    21     7    24    19     0     0   -29.0   33.985  132.926   1138.7    870.5
     1     1    21     7    24    18     0     0   -30.0   33.919  133.165   1169.9    867.3
     1     1    21     7    24    17     0     0   -31.0   33.858  133.407   1200.0    864.5
     1     1    21     7    24    16     0     0   -32.0   33.805  133.647   1229.7    861.8
     1     1    21     7    24    15     0     0   -33.0   33.759  133.885   1259.2    859.2
     1     1    21     7    24    14     0     0   -34.0   33.720  134.119   1288.8    856.7
     1     1    21     7    24    13     0     0   -35.0   33.688  134.345   1318.5    853.9
     1     1    21     7    24    12     0     0   -36.0   33.663  134.562   1348.8    851.0
     1     1    21     7    24    11     0     0   -37.0   33.648  134.770   1376.7    847.9
     1     1    21     7    24    10     0     0   -38.0   33.644  134.972   1398.9    845.7
     1     1    21     7    24     9     0     0   -39.0   33.649  135.170   1415.2    843.8
     1     1    21     7    24     8     0     0   -40.0   33.657  135.367   1425.9    842.3
     1     1    21     7    24     7     0     0   -41.0   33.669  135.562   1431.2    841.3
     1     1    21     7    24     6     0     0   -42.0   33.683  135.757   1430.9    840.8
     1     1    21     7    24     5     0     0   -43.0   33.698  135.950   1427.0    841.0
     1     1    21     7    24     4     0     0   -44.0   33.713  136.138   1420.6    841.4
     1     1    21     7    24     3     0     0   -45.0   33.726  136.322   1412.1    842.0
     1     1    21     7    24     2     0     0   -46.0   33.738  136.501   1401.5    842.8
     1     1    21     7    24     1     0     0   -47.0   33.749  136.674   1388.9    843.9
     1     1    21     7    24     0     0     0   -48.0   33.759  136.842   1374.6    845.2
     1     1    21     7    23    23     0     0   -49.0   33.766  137.007   1360.7    846.2
     1     1    21     7    23    22     0     0   -50.0   33.773  137.176   1350.5    846.7
     1     1    21     7    23    21     0     0   -51.0   33.777  137.347   1344.2    846.8
     1     1    21     7    23    20     0     0   -52.0   33.779  137.520   1342.2    846.6
     1     1    21     7    23    19     0     0   -53.0   33.777  137.697   1345.7    846.8
     1     1    21     7    23    18     0     0   -54.0   33.771  137.875   1354.6    846.4
     1     1    21     7    23    17     0     0   -55.0   33.759  138.050   1366.2    845.8
     1     1    21     7    23    16     0     0   -56.0   33.742  138.216   1377.5    845.4
     1     1    21     7    23    15     0     0   -57.0   33.720  138.375   1387.9    845.3
     1     1    21     7    23    14     0     0   -58.0   33.691  138.528   1396.5    845.3
     1     1    21     7    23    13     0     0   -59.0   33.658  138.676   1403.0    845.6
     1     1    21     7    23    12     0     0   -60.0   33.619  138.820   1406.8    846.1
     1     1    21     7    23    11     0     0   -61.0   33.576  138.960   1407.9    846.9
     1     1    21     7    23    10     0     0   -62.0   33.529  139.094   1406.3    848.0
     1     1    21     7    23     9     0     0   -63.0   33.479  139.222   1402.1    849.3
     1     1    21     7    23     8     0     0   -64.0   33.424  139.344   1395.4    850.9
     1     1    21     7    23     7     0     0   -65.0   33.364  139.461   1386.4    852.7
     1     1    21     7    23     6     0     0   -66.0   33.301  139.573   1375.0    854.8
     1     1    21     7    23     5     0     0   -67.0   33.236  139.689   1362.5    857.2
     1     1    21     7    23     4     0     0   -68.0   33.171  139.817   1351.2    859.4
     1     1    21     7    23     3     0     0   -69.0   33.108  139.957   1340.9    861.5
     1     1    21     7    23     2     0     0   -70.0   33.046  140.110   1332.0    863.5
     1     1    21     7    23     1     0     0   -71.0   32.989  140.275   1324.9    865.2
     1     1    21     7    23     0     0     0   -72.0   32.936  140.451   1319.7    866.7
     1     1    21     7    22    23     0     0   -73.0   32.884  140.633   1318.7    867.8
     1     1    21     7    22    22     0     0   -74.0   32.828  140.813   1323.3    868.0
     1     1    21     7    22    21     0     0   -75.0   32.768  140.990   1334.1    867.5
     1     1    21     7    22    20     0     0   -76.0   32.704  141.165   1351.1    866.3
     1     1    21     7    22    19     0     0   -77.0   32.637  141.336   1374.7    864.2
     1     1    21     7    22    18     0     0   -78.0   32.566  141.502   1405.0    861.4
     1     1    21     7    22    17     0     0   -79.0   32.496  141.671   1438.8    858.3
     1     1    21     7    22    16     0     0   -80.0   32.429  141.851   1471.4    855.2
     1     1    21     7    22    15     0     0   -81.0   32.364  142.040   1502.7    852.3
     1     1    21     7    22    14     0     0   -82.0   32.301  142.239   1532.2    849.7
     1     1    21     7    22    13     0     0   -83.0   32.238  142.446   1559.3    847.2
     1     1    21     7    22    12     0     0   -84.0   32.175  142.663   1583.3    844.9
     1     1    21     7    22    11     0     0   -85.0   32.114  142.881   1605.2    842.4
     1     1    21     7    22    10     0     0   -86.0   32.058  143.093   1624.1    840.2
     1     1    21     7    22     9     0     0   -87.0   32.006  143.300   1640.2    838.2
     1     1    21     7    22     8     0     0   -88.0   31.958  143.500   1653.2    836.6
     1     1    21     7    22     7     0     0   -89.0   31.915  143.693   1662.7    835.4
     1     1    21     7    22     6     0     0   -90.0   31.876  143.879   1668.4    834.5
     1     1    21     7    22     5     0     0   -91.0   31.842  144.064   1674.0    834.1
     1     1    21     7    22     4     0     0   -92.0   31.812  144.251   1685.3    832.8
     1     1    21     7    22     3     0     0   -93.0   31.787  144.441   1701.8    831.1
     1     1    21     7    22     2     0     0   -94.0   31.767  144.633   1724.0    828.9
     1     1    21     7    22     1     0     0   -95.0   31.750  144.824   1752.1    826.0
     1     1    21     7    22     0     0     0   -96.0   31.738  145.015   1786.4    822.4
