     2     1
    CDC1    21     3     1     0     0
    CDC1    21     4     1     0     0
     1 BACKWARD OMEGA   
  2021     4    13     6   37.500  127.000   500.0
     1 PRESSURE
     1     1    21     4    13     6     0     0     0.0   37.500  127.000    500.0    934.1
     1     1    21     4    13     5     0     0    -1.0   37.776  126.726    545.4    926.6
     1     1    21     4    13     4     0     0    -2.0   38.072  126.480    595.4    918.1
     1     1    21     4    13     3     0     0    -3.0   38.387  126.256    649.1    908.6
     1     1    21     4    13     2     0     0    -4.0   38.725  126.048    705.9    898.2
     1     1    21     4    13     1     0     0    -5.0   39.091  125.848    765.6    887.4
     1     1    21     4    13     0     0     0    -6.0   39.492  125.654    828.5    876.2
     1     1    21     4    12    23     0     0    -7.0   39.913  125.469    891.5    864.9
     1     1    21     4    12    22     0     0    -8.0   40.329  125.290    952.6    857.5
     1     1    21     4    12    21     0     0    -9.0   40.744  125.111   1012.4    851.1
     1     1    21     4    12    20     0     0   -10.0   41.160  124.929   1072.0    845.3
     1     1    21     4    12    19     0     0   -11.0   41.579  124.743   1132.4    839.5
     1     1    21     4    12    18     0     0   -12.0   42.003  124.551   1195.7    833.5
     1     1    21     4    12    17     0     0   -13.0   42.418  124.360   1252.6    826.8
     1     1    21     4    12    16     0     0   -14.0   42.811  124.170   1294.7    826.7
     1     1    21     4    12    15     0     0   -15.0   43.190  123.973   1320.2    828.6
     1     1    21     4    12    14     0     0   -16.0   43.562  123.768   1329.9    831.6
     1     1    21     4    12    13     0     0   -17.0   43.935  123.556   1325.2    835.5
     1     1    21     4    12    12     0     0   -18.0   44.318  123.337   1307.6    840.2
     1     1    21     4    12    11     0     0   -19.0   44.694  123.098   1283.5    845.3
     1     1    21     4    12    10     0     0   -20.0   45.035  122.820   1258.1    847.7
     1     1    21     4    12     9     0     0   -21.0   45.337  122.507   1227.3    845.3
     1     1    21     4    12     8     0     0   -22.0   45.593  122.160   1191.3    838.4
     1     1    21     4    12     7     0     0   -23.0   45.805  121.782   1152.1    832.3
     1     1    21     4    12     6     0     0   -24.0   45.986  121.383   1108.8    827.3
     1     1    21     4    12     5     0     0   -25.0   46.153  120.980   1066.0    823.5
     1     1    21     4    12     4     0     0   -26.0   46.326  120.593   1029.6    819.1
     1     1    21     4    12     3     0     0   -27.0   46.511  120.234    997.9    815.0
     1     1    21     4    12     2     0     0   -28.0   46.713  119.915    970.3    812.4
     1     1    21     4    12     1     0     0   -29.0   46.938  119.648    945.7    812.9
     1     1    21     4    12     0     0     0   -30.0   47.191  119.447    920.5    814.3
     1     1    21     4    11    23     0     0   -31.0   47.460  119.300    890.4    817.3
     1     1    21     4    11    22     0     0   -32.0   47.725  119.196    853.8    821.7
     1     1    21     4    11    21     0     0   -33.0   47.979  119.136    812.1    826.5
     1     1    21     4    11    20     0     0   -34.0   48.220  119.121    764.5    831.9
     1     1    21     4    11    19     0     0   -35.0   48.447  119.149    710.6    838.0
     1     1    21     4    11    18     0     0   -36.0   48.657  119.221    649.7    844.8
     1     1    21     4    11    17     0     0   -37.0   48.850  119.336    585.0    852.3
     1     1    21     4    11    16     0     0   -38.0   49.022  119.472    521.5    858.7
     1     1    21     4    11    15     0     0   -39.0   49.177  119.614    462.1    864.9
     1     1    21     4    11    14     0     0   -40.0   49.319  119.753    407.9    870.7
     1     1    21     4    11    13     0     0   -41.0   49.452  119.881    359.3    875.7
     1     1    21     4    11    12     0     0   -42.0   49.581  119.989    316.4    879.6
     1     1    21     4    11    11     0     0   -43.0   49.704  120.077    280.5    884.3
     1     1    21     4    11    10     0     0   -44.0   49.819  120.145    252.2    888.0
     1     1    21     4    11     9     0     0   -45.0   49.921  120.194    229.7    891.1
     1     1    21     4    11     8     0     0   -46.0   50.008  120.224    211.9    893.6
     1     1    21     4    11     7     0     0   -47.0   50.076  120.236    198.1    895.9
     1     1    21     4    11     6     0     0   -48.0   50.124  120.234    187.5    897.4
     1     1    21     4    11     5     0     0   -49.0   50.159  120.220    178.6    898.3
     1     1    21     4    11     4     0     0   -50.0   50.193  120.195    170.1    899.2
     1     1    21     4    11     3     0     0   -51.0   50.224  120.158    162.2    900.0
     1     1    21     4    11     2     0     0   -52.0   50.250  120.109    154.9    900.7
     1     1    21     4    11     1     0     0   -53.0   50.270  120.048    148.3    901.2
     1     1    21     4    11     0     0     0   -54.0   50.283  119.974    142.3    901.9
     1     1    21     4    10    23     0     0   -55.0   50.296  119.894    137.4    903.2
     1     1    21     4    10    22     0     0   -56.0   50.317  119.812    134.0    904.2
     1     1    21     4    10    21     0     0   -57.0   50.345  119.728    132.2    905.0
     1     1    21     4    10    20     0     0   -58.0   50.382  119.644    132.2    905.7
     1     1    21     4    10    19     0     0   -59.0   50.427  119.558    134.1    906.2
     1     1    21     4    10    18     0     0   -60.0   50.482  119.471    138.3    906.4
     1     1    21     4    10    17     0     0   -61.0   50.552  119.373    144.8    906.0
     1     1    21     4    10    16     0     0   -62.0   50.645  119.254    153.9    905.4
     1     1    21     4    10    15     0     0   -63.0   50.761  119.112    166.2    904.7
     1     1    21     4    10    14     0     0   -64.0   50.901  118.948    182.7    903.7
     1     1    21     4    10    13     0     0   -65.0   51.066  118.756    204.7    902.0
     1     1    21     4    10    12     0     0   -66.0   51.260  118.533    233.8    899.1
     1     1    21     4    10    11     0     0   -67.0   51.475  118.270    269.8    895.3
     1     1    21     4    10    10     0     0   -68.0   51.703  117.969    310.4    891.3
     1     1    21     4    10     9     0     0   -69.0   51.943  117.634    355.4    886.9
     1     1    21     4    10     8     0     0   -70.0   52.195  117.276    404.1    879.8
     1     1    21     4    10     7     0     0   -71.0   52.458  116.897    456.6    870.8
     1     1    21     4    10     6     0     0   -72.0   52.738  116.502    514.6    858.9
     1     1    21     4    10     5     0     0   -73.0   53.040  116.118    577.2    846.2
     1     1    21     4    10     4     0     0   -74.0   53.359  115.766    639.4    832.9
     1     1    21     4    10     3     0     0   -75.0   53.685  115.442    698.5    819.6
     1     1    21     4    10     2     0     0   -76.0   54.016  115.140    753.5    807.3
     1     1    21     4    10     1     0     0   -77.0   54.348  114.858    804.3    795.5
     1     1    21     4    10     0     0     0   -78.0   54.680  114.592    851.1    784.7
     1     1    21     4     9    23     0     0   -79.0   54.998  114.335    894.6    775.1
     1     1    21     4     9    22     0     0   -80.0   55.291  114.077    936.4    773.0
     1     1    21     4     9    21     0     0   -81.0   55.562  113.825    973.7    771.8
     1     1    21     4     9    20     0     0   -82.0   55.816  113.583   1008.0    771.0
     1     1    21     4     9    19     0     0   -83.0   56.056  113.351   1040.8    770.5
     1     1    21     4     9    18     0     0   -84.0   56.284  113.132   1073.1    770.1
     1     1    21     4     9    17     0     0   -85.0   56.503  112.919   1098.2    769.7
     1     1    21     4     9    16     0     0   -86.0   56.718  112.709   1110.6    771.6
     1     1    21     4     9    15     0     0   -87.0   56.933  112.504   1110.2    774.9
     1     1    21     4     9    14     0     0   -88.0   57.150  112.306   1097.6    780.3
     1     1    21     4     9    13     0     0   -89.0   57.370  112.113   1073.0    787.0
     1     1    21     4     9    12     0     0   -90.0   57.596  111.926   1037.9    795.8
     1     1    21     4     9    11     0     0   -91.0   57.822  111.738   1000.0    806.6
     1     1    21     4     9    10     0     0   -92.0   58.041  111.548    966.0    816.2
     1     1    21     4     9     9     0     0   -93.0   58.253  111.359    935.7    825.3
     1     1    21     4     9     8     0     0   -94.0   58.460  111.179    909.1    833.8
     1     1    21     4     9     7     0     0   -95.0   58.662  111.010    886.0    841.4
     1     1    21     4     9     6     0     0   -96.0   58.858  110.856    866.5    848.4
