     2     1
    CDC1    21    10     1     0     0
    CDC1    21    11     1     0     0
     1 BACKWARD OMEGA   
  2021    11    27    18   37.500  127.000   500.0
     1 PRESSURE
     1     1    21    11    27    18     0     0     0.0   37.500  127.000    500.0    953.1
     1     1    21    11    27    17     0     0    -1.0   37.452  126.940    535.8    949.5
     1     1    21    11    27    16     0     0    -2.0   37.414  126.896    572.1    945.9
     1     1    21    11    27    15     0     0    -3.0   37.387  126.868    608.9    942.2
     1     1    21    11    27    14     0     0    -4.0   37.372  126.856    646.1    938.0
     1     1    21    11    27    13     0     0    -5.0   37.371  126.859    683.7    933.4
     1     1    21    11    27    12     0     0    -6.0   37.385  126.876    721.9    928.7
     1     1    21    11    27    11     0     0    -7.0   37.418  126.893    761.3    923.7
     1     1    21    11    27    10     0     0    -8.0   37.472  126.897    802.3    918.6
     1     1    21    11    27     9     0     0    -9.0   37.549  126.884    845.1    912.9
     1     1    21    11    27     8     0     0   -10.0   37.647  126.852    889.8    906.5
     1     1    21    11    27     7     0     0   -11.0   37.764  126.796    936.9    899.7
     1     1    21    11    27     6     0     0   -12.0   37.902  126.713    986.2    892.0
     1     1    21    11    27     5     0     0   -13.0   38.055  126.605   1039.9    884.4
     1     1    21    11    27     4     0     0   -14.0   38.219  126.478   1100.4    875.9
     1     1    21    11    27     3     0     0   -15.0   38.394  126.336   1168.2    866.8
     1     1    21    11    27     2     0     0   -16.0   38.581  126.182   1243.7    857.1
     1     1    21    11    27     1     0     0   -17.0   38.781  126.020   1327.1    846.2
     1     1    21    11    27     0     0     0   -18.0   38.995  125.852   1418.1    834.2
     1     1    21    11    26    23     0     0   -19.0   39.228  125.668   1511.8    821.6
     1     1    21    11    26    22     0     0   -20.0   39.481  125.457   1602.6    810.2
     1     1    21    11    26    21     0     0   -21.0   39.756  125.219   1689.4    799.5
     1     1    21    11    26    20     0     0   -22.0   40.052  124.955   1771.0    789.7
     1     1    21    11    26    19     0     0   -23.0   40.362  124.668   1846.6    783.3
     1     1    21    11    26    18     0     0   -24.0   40.678  124.365   1913.3    778.0
     1     1    21    11    26    17     0     0   -25.0   40.996  124.052   1975.7    773.7
     1     1    21    11    26    16     0     0   -26.0   41.317  123.739   2037.4    768.8
     1     1    21    11    26    15     0     0   -27.0   41.645  123.426   2098.3    763.9
     1     1    21    11    26    14     0     0   -28.0   41.981  123.116   2158.1    758.9
     1     1    21    11    26    13     0     0   -29.0   42.332  122.809   2216.5    753.6
     1     1    21    11    26    12     0     0   -30.0   42.697  122.505   2274.5    749.3
     1     1    21    11    26    11     0     0   -31.0   43.065  122.192   2324.4    739.6
     1     1    21    11    26    10     0     0   -32.0   43.429  121.857   2370.3    729.5
     1     1    21    11    26     9     0     0   -33.0   43.790  121.498   2412.6    719.0
     1     1    21    11    26     8     0     0   -34.0   44.152  121.114   2451.0    708.0
     1     1    21    11    26     7     0     0   -35.0   44.520  120.701   2484.6    696.4
     1     1    21    11    26     6     0     0   -36.0   44.896  120.252   2512.4    684.2
     1     1    21    11    26     5     0     0   -37.0   45.289  119.784   2536.7    672.7
     1     1    21    11    26     4     0     0   -38.0   45.700  119.320   2562.2    664.4
     1     1    21    11    26     3     0     0   -39.0   46.124  118.861   2589.7    658.0
     1     1    21    11    26     2     0     0   -40.0   46.559  118.405   2620.2    653.7
     1     1    21    11    26     1     0     0   -41.0   47.005  117.950   2654.2    651.2
     1     1    21    11    26     0     0     0   -42.0   47.462  117.494   2691.9    650.7
     1     1    21    11    25    23     0     0   -43.0   47.905  117.031   2728.6    649.5
     1     1    21    11    25    22     0     0   -44.0   48.315  116.557   2765.3    647.7
     1     1    21    11    25    21     0     0   -45.0   48.703  116.067   2801.6    645.5
     1     1    21    11    25    20     0     0   -46.0   49.079  115.559   2837.2    643.0
     1     1    21    11    25    19     0     0   -47.0   49.453  115.027   2871.3    640.1
     1     1    21    11    25    18     0     0   -48.0   49.831  114.464   2894.2    631.2
     1     1    21    11    25    17     0     0   -49.0   50.216  113.875   2915.1    621.3
     1     1    21    11    25    16     0     0   -50.0   50.613  113.258   2941.9    610.9
     1     1    21    11    25    15     0     0   -51.0   51.025  112.597   2976.3    600.3
     1     1    21    11    25    14     0     0   -52.0   51.441  111.891   3025.5    594.3
     1     1    21    11    25    13     0     0   -53.0   51.850  111.141   3084.4    590.4
     1     1    21    11    25    12     0     0   -54.0   52.258  110.338   3151.4    588.1
     1     1    21    11    25    11     0     0   -55.0   52.647  109.480   3229.3    589.6
     1     1    21    11    25    10     0     0   -56.0   52.989  108.577   3307.2    592.2
     1     1    21    11    25     9     0     0   -57.0   53.280  107.626   3381.2    596.5
     1     1    21    11    25     8     0     0   -58.0   53.523  106.621   3438.4    596.8
     1     1    21    11    25     7     0     0   -59.0   53.721  105.556   3488.3    598.7
     1     1    21    11    25     6     0     0   -60.0   53.881  104.417   3515.2    595.3
     1     1    21    11    25     5     0     0   -61.0   54.022  103.202   3523.9    586.7
     1     1    21    11    25     4     0     0   -62.0   54.156  101.918   3526.7    577.4
     1     1    21    11    25     3     0     0   -63.0   54.279  100.556   3515.8    566.7
     1     1    21    11    25     2     0     0   -64.0   54.382   99.112   3502.2    562.3
     1     1    21    11    25     1     0     0   -65.0   54.452   97.591   3473.1    561.6
     1     1    21    11    25     0     0     0   -66.0   54.476   96.010   3440.9    571.1
     1     1    21    11    24    23     0     0   -67.0   54.451   94.405   3397.8    582.4
     1     1    21    11    24    22     0     0   -68.0   54.384   92.811   3350.3    594.0
     1     1    21    11    24    21     0     0   -69.0   54.279   91.257   3287.7    604.4
     1     1    21    11    24    20     0     0   -70.0   54.141   89.758   3206.8    614.0
     1     1    21    11    24    19     0     0   -71.0   53.970   88.313   3111.0    625.5
     1     1    21    11    24    18     0     0   -72.0   53.772   86.914   3004.6    638.7
     1     1    21    11    24    17     0     0   -73.0   53.567   85.541   2911.9    656.6
     1     1    21    11    24    16     0     0   -74.0   53.365   84.189   2844.4    673.4
     1     1    21    11    24    15     0     0   -75.0   53.157   82.876   2796.4    691.4
     1     1    21    11    24    14     0     0   -76.0   52.936   81.607   2752.8    704.7
     1     1    21    11    24    13     0     0   -77.0   52.700   80.376   2710.0    716.2
     1     1    21    11    24    12     0     0   -78.0   52.450   79.163   2655.5    721.7
     1     1    21    11    24    11     0     0   -79.0   52.211   77.954   2588.1    719.6
     1     1    21    11    24    10     0     0   -80.0   52.000   76.743   2524.7    716.5
     1     1    21    11    24     9     0     0   -81.0   51.810   75.529   2466.8    713.6
     1     1    21    11    24     8     0     0   -82.0   51.632   74.314   2416.0    712.8
     1     1    21    11    24     7     0     0   -83.0   51.456   73.109   2370.9    713.8
     1     1    21    11    24     6     0     0   -84.0   51.276   71.923   2328.5    717.1
     1     1    21    11    24     5     0     0   -85.0   51.103   70.771   2289.0    722.4
     1     1    21    11    24     4     0     0   -86.0   50.949   69.663   2252.8    728.8
     1     1    21    11    24     3     0     0   -87.0   50.813   68.600   2221.6    736.2
     1     1    21    11    24     2     0     0   -88.0   50.692   67.579   2195.9    743.0
     1     1    21    11    24     1     0     0   -89.0   50.581   66.590   2175.3    747.2
     1     1    21    11    24     0     0     0   -90.0   50.472   65.622   2162.4    750.5
     1     1    21    11    23    23     0     0   -91.0   50.368   64.664   2152.7    751.9
     1     1    21    11    23    22     0     0   -92.0   50.279   63.703   2140.6    750.9
     1     1    21    11    23    21     0     0   -93.0   50.211   62.729   2130.0    749.8
     1     1    21    11    23    20     0     0   -94.0   50.168   61.735   2121.5    748.8
     1     1    21    11    23    19     0     0   -95.0   50.151   60.715   2115.0    747.7
     1     1    21    11    23    18     0     0   -96.0   50.159   59.667   2112.6    747.4
