     2     1
    CDC1    21     7     1     0     0
    CDC1    21     8     1     0     0
     1 BACKWARD OMEGA   
  2021     8     4    18   37.500  127.000   500.0
     1 PRESSURE
     1     1    21     8     4    18     0     0     0.0   37.500  127.000    500.0    934.3
     1     1    21     8     4    17     0     0    -1.0   37.375  126.813    489.4    936.5
     1     1    21     8     4    16     0     0    -2.0   37.251  126.648    482.1    938.1
     1     1    21     8     4    15     0     0    -3.0   37.128  126.501    477.8    939.4
     1     1    21     8     4    14     0     0    -4.0   37.006  126.372    476.5    940.3
     1     1    21     8     4    13     0     0    -5.0   36.886  126.257    478.2    940.8
     1     1    21     8     4    12     0     0    -6.0   36.767  126.157    483.0    941.0
     1     1    21     8     4    11     0     0    -7.0   36.649  126.068    487.7    940.8
     1     1    21     8     4    10     0     0    -8.0   36.530  125.993    489.0    941.4
     1     1    21     8     4     9     0     0    -9.0   36.410  125.928    486.7    942.2
     1     1    21     8     4     8     0     0   -10.0   36.289  125.876    480.7    943.4
     1     1    21     8     4     7     0     0   -11.0   36.168  125.834    471.3    944.9
     1     1    21     8     4     6     0     0   -12.0   36.046  125.804    458.3    946.8
     1     1    21     8     4     5     0     0   -13.0   35.919  125.781    445.4    949.2
     1     1    21     8     4     4     0     0   -14.0   35.787  125.761    436.3    950.8
     1     1    21     8     4     3     0     0   -15.0   35.649  125.745    430.8    952.0
     1     1    21     8     4     2     0     0   -16.0   35.506  125.732    429.0    952.7
     1     1    21     8     4     1     0     0   -17.0   35.359  125.721    431.1    952.9
     1     1    21     8     4     0     0     0   -18.0   35.208  125.711    437.3    952.7
     1     1    21     8     3    23     0     0   -19.0   35.052  125.702    444.6    951.6
     1     1    21     8     3    22     0     0   -20.0   34.892  125.701    449.7    951.2
     1     1    21     8     3    21     0     0   -21.0   34.729  125.713    452.2    951.0
     1     1    21     8     3    20     0     0   -22.0   34.562  125.741    452.3    951.1
     1     1    21     8     3    19     0     0   -23.0   34.390  125.784    450.3    951.4
     1     1    21     8     3    18     0     0   -24.0   34.213  125.844    446.7    951.8
     1     1    21     8     3    17     0     0   -25.0   34.038  125.922    444.2    952.6
     1     1    21     8     3    16     0     0   -26.0   33.870  126.019    444.8    952.7
     1     1    21     8     3    15     0     0   -27.0   33.711  126.133    448.1    952.5
     1     1    21     8     3    14     0     0   -28.0   33.559  126.262    453.7    952.1
     1     1    21     8     3    13     0     0   -29.0   33.414  126.406    461.3    951.5
     1     1    21     8     3    12     0     0   -30.0   33.278  126.563    470.4    950.7
     1     1    21     8     3    11     0     0   -31.0   33.144  126.731    481.3    949.2
     1     1    21     8     3    10     0     0   -32.0   33.007  126.912    494.9    947.6
     1     1    21     8     3     9     0     0   -33.0   32.867  127.104    511.1    945.6
     1     1    21     8     3     8     0     0   -34.0   32.723  127.309    530.2    943.5
     1     1    21     8     3     7     0     0   -35.0   32.575  127.526    552.5    941.1
     1     1    21     8     3     6     0     0   -36.0   32.424  127.753    577.1    938.2
     1     1    21     8     3     5     0     0   -37.0   32.267  127.984    603.2    935.5
     1     1    21     8     3     4     0     0   -38.0   32.103  128.209    629.9    932.8
     1     1    21     8     3     3     0     0   -39.0   31.932  128.427    657.5    929.5
     1     1    21     8     3     2     0     0   -40.0   31.753  128.637    686.0    926.2
     1     1    21     8     3     1     0     0   -41.0   31.567  128.840    715.3    923.1
     1     1    21     8     3     0     0     0   -42.0   31.371  129.036    745.0    920.0
     1     1    21     8     2    23     0     0   -43.0   31.165  129.233    772.8    917.1
     1     1    21     8     2    22     0     0   -44.0   30.948  129.441    796.0    915.0
     1     1    21     8     2    21     0     0   -45.0   30.722  129.658    814.9    913.5
     1     1    21     8     2    20     0     0   -46.0   30.485  129.883    829.8    912.6
     1     1    21     8     2    19     0     0   -47.0   30.239  130.114    841.0    912.1
     1     1    21     8     2    18     0     0   -48.0   29.986  130.348    848.3    911.9
     1     1    21     8     2    17     0     0   -49.0   29.735  130.585    852.3    910.8
     1     1    21     8     2    16     0     0   -50.0   29.493  130.828    854.8    910.0
     1     1    21     8     2    15     0     0   -51.0   29.263  131.074    856.1    909.4
     1     1    21     8     2    14     0     0   -52.0   29.045  131.323    856.7    909.0
     1     1    21     8     2    13     0     0   -53.0   28.842  131.573    856.9    908.8
     1     1    21     8     2    12     0     0   -54.0   28.654  131.825    856.8    908.7
     1     1    21     8     2    11     0     0   -55.0   28.476  132.067    857.5    908.7
     1     1    21     8     2    10     0     0   -56.0   28.304  132.291    859.2    908.6
     1     1    21     8     2     9     0     0   -57.0   28.134  132.497    862.1    908.4
     1     1    21     8     2     8     0     0   -58.0   27.968  132.685    866.1    908.3
     1     1    21     8     2     7     0     0   -59.0   27.806  132.858    871.2    908.1
     1     1    21     8     2     6     0     0   -60.0   27.648  133.015    877.3    907.7
     1     1    21     8     2     5     0     0   -61.0   27.500  133.159    882.7    907.3
     1     1    21     8     2     4     0     0   -62.0   27.371  133.292    884.6    907.4
     1     1    21     8     2     3     0     0   -63.0   27.260  133.414    883.6    907.8
     1     1    21     8     2     2     0     0   -64.0   27.169  133.526    879.8    908.5
     1     1    21     8     2     1     0     0   -65.0   27.096  133.629    873.4    909.4
     1     1    21     8     2     0     0     0   -66.0   27.042  133.723    864.6    910.5
     1     1    21     8     1    23     0     0   -67.0   26.993  133.802    856.1    911.5
     1     1    21     8     1    22     0     0   -68.0   26.936  133.859    850.4    911.9
     1     1    21     8     1    21     0     0   -69.0   26.868  133.895    847.4    912.1
     1     1    21     8     1    20     0     0   -70.0   26.789  133.909    846.9    911.9
     1     1    21     8     1    19     0     0   -71.0   26.697  133.901    848.9    911.5
     1     1    21     8     1    18     0     0   -72.0   26.591  133.870    853.3    910.8
     1     1    21     8     1    17     0     0   -73.0   26.472  133.833    858.3    910.0
     1     1    21     8     1    16     0     0   -74.0   26.344  133.808    862.8    909.5
     1     1    21     8     1    15     0     0   -75.0   26.208  133.794    867.1    909.1
     1     1    21     8     1    14     0     0   -76.0   26.065  133.792    871.8    908.6
     1     1    21     8     1    13     0     0   -77.0   25.915  133.803    877.2    908.1
     1     1    21     8     1    12     0     0   -78.0   25.760  133.829    883.8    907.5
     1     1    21     8     1    11     0     0   -79.0   25.608  133.863    892.3    906.7
     1     1    21     8     1    10     0     0   -80.0   25.469  133.903    902.4    905.7
     1     1    21     8     1     9     0     0   -81.0   25.344  133.947    913.6    904.6
     1     1    21     8     1     8     0     0   -82.0   25.233  133.997    925.5    903.4
     1     1    21     8     1     7     0     0   -83.0   25.137  134.054    937.8    902.1
     1     1    21     8     1     6     0     0   -84.0   25.058  134.118    950.1    900.7
     1     1    21     8     1     5     0     0   -85.0   25.000  134.182    962.1    899.4
     1     1    21     8     1     4     0     0   -86.0   24.969  134.239    974.2    898.1
     1     1    21     8     1     3     0     0   -87.0   24.962  134.288    986.3    896.9
     1     1    21     8     1     2     0     0   -88.0   24.979  134.329    998.6    895.6
     1     1    21     8     1     1     0     0   -89.0   25.018  134.362   1011.1    894.3
     1     1    21     8     1     0     0     0   -90.0   25.079  134.386   1023.8    893.0
     1     1    21     7    31    23     0     0   -91.0   25.146  134.394   1037.3    891.6
     1     1    21     7    31    22     0     0   -92.0   25.207  134.375   1051.6    890.1
     1     1    21     7    31    21     0     0   -93.0   25.260  134.329   1066.8    888.5
     1     1    21     7    31    20     0     0   -94.0   25.304  134.256   1082.8    886.8
     1     1    21     7    31    19     0     0   -95.0   25.337  134.156   1099.8    885.1
     1     1    21     7    31    18     0     0   -96.0   25.359  134.029   1117.9    883.2
