     2     1
    CDC1    21     2     1     0     0
    CDC1    21     3     1     0     0
     1 BACKWARD OMEGA   
  2021     3    11    12   37.500  127.000   500.0
     1 PRESSURE
     1     1    21     3    11    12     0     0     0.0   37.500  127.000    500.0    943.8
     1     1    21     3    11    11     0     0    -1.0   37.474  126.994    504.4    943.8
     1     1    21     3    11    10     0     0    -2.0   37.440  126.972    509.9    943.7
     1     1    21     3    11     9     0     0    -3.0   37.396  126.934    516.7    943.6
     1     1    21     3    11     8     0     0    -4.0   37.343  126.883    524.5    943.4
     1     1    21     3    11     7     0     0    -5.0   37.279  126.821    533.4    943.2
     1     1    21     3    11     6     0     0    -6.0   37.204  126.749    543.2    942.9
     1     1    21     3    11     5     0     0    -7.0   37.123  126.671    552.5    943.0
     1     1    21     3    11     4     0     0    -8.0   37.041  126.589    559.6    943.4
     1     1    21     3    11     3     0     0    -9.0   36.958  126.505    564.8    944.1
     1     1    21     3    11     2     0     0   -10.0   36.875  126.420    568.3    944.9
     1     1    21     3    11     1     0     0   -11.0   36.792  126.335    570.3    945.8
     1     1    21     3    11     0     0     0   -12.0   36.709  126.251    571.1    946.9
     1     1    21     3    10    23     0     0   -13.0   36.617  126.172    572.3    947.1
     1     1    21     3    10    22     0     0   -14.0   36.510  126.103    575.8    947.0
     1     1    21     3    10    21     0     0   -15.0   36.388  126.045    581.9    946.6
     1     1    21     3    10    20     0     0   -16.0   36.254  125.998    591.0    945.8
     1     1    21     3    10    19     0     0   -17.0   36.110  125.962    603.4    944.8
     1     1    21     3    10    18     0     0   -18.0   35.958  125.940    619.6    943.3
     1     1    21     3    10    17     0     0   -19.0   35.811  125.939    638.3    941.3
     1     1    21     3    10    16     0     0   -20.0   35.679  125.963    658.9    938.9
     1     1    21     3    10    15     0     0   -21.0   35.562  126.010    681.3    936.2
     1     1    21     3    10    14     0     0   -22.0   35.461  126.076    705.5    933.2
     1     1    21     3    10    13     0     0   -23.0   35.377  126.158    731.7    929.9
     1     1    21     3    10    12     0     0   -24.0   35.309  126.254    759.9    926.4
     1     1    21     3    10    11     0     0   -25.0   35.259  126.362    790.0    922.5
     1     1    21     3    10    10     0     0   -26.0   35.224  126.485    821.3    918.5
     1     1    21     3    10     9     0     0   -27.0   35.207  126.619    854.3    914.2
     1     1    21     3    10     8     0     0   -28.0   35.206  126.765    889.1    909.8
     1     1    21     3    10     7     0     0   -29.0   35.222  126.919    926.1    905.2
     1     1    21     3    10     6     0     0   -30.0   35.255  127.080    965.6    899.8
     1     1    21     3    10     5     0     0   -31.0   35.312  127.239   1006.3    894.1
     1     1    21     3    10     4     0     0   -32.0   35.397  127.389   1046.6    888.7
     1     1    21     3    10     3     0     0   -33.0   35.509  127.531   1085.9    883.5
     1     1    21     3    10     2     0     0   -34.0   35.646  127.668   1123.6    879.1
     1     1    21     3    10     1     0     0   -35.0   35.807  127.802   1159.2    874.9
     1     1    21     3    10     0     0     0   -36.0   35.991  127.937   1192.0    871.2
     1     1    21     3     9    23     0     0   -37.0   36.198  128.062   1225.6    867.6
     1     1    21     3     9    22     0     0   -38.0   36.427  128.166   1263.9    863.2
     1     1    21     3     9    21     0     0   -39.0   36.679  128.247   1307.3    858.4
     1     1    21     3     9    20     0     0   -40.0   36.954  128.301   1356.5    852.7
     1     1    21     3     9    19     0     0   -41.0   37.254  128.326   1412.7    846.3
     1     1    21     3     9    18     0     0   -42.0   37.582  128.320   1476.8    838.1
     1     1    21     3     9    17     0     0   -43.0   37.934  128.262   1547.4    825.4
     1     1    21     3     9    16     0     0   -44.0   38.307  128.136   1624.6    811.6
     1     1    21     3     9    15     0     0   -45.0   38.707  127.938   1708.6    796.5
     1     1    21     3     9    14     0     0   -46.0   39.136  127.666   1801.3    778.9
     1     1    21     3     9    13     0     0   -47.0   39.601  127.318   1907.6    761.5
     1     1    21     3     9    12     0     0   -48.0   40.097  126.900   2030.8    746.4
     1     1    21     3     9    11     0     0   -49.0   40.601  126.434   2165.4    733.7
     1     1    21     3     9    10     0     0   -50.0   41.090  125.932   2296.9    722.5
     1     1    21     3     9     9     0     0   -51.0   41.573  125.382   2421.9    713.6
     1     1    21     3     9     8     0     0   -52.0   42.057  124.778   2536.1    706.6
     1     1    21     3     9     7     0     0   -53.0   42.540  124.121   2634.4    701.0
     1     1    21     3     9     6     0     0   -54.0   43.028  123.450   2724.3    700.4
     1     1    21     3     9     5     0     0   -55.0   43.526  122.799   2805.8    697.2
     1     1    21     3     9     4     0     0   -56.0   44.033  122.148   2879.2    685.7
     1     1    21     3     9     3     0     0   -57.0   44.549  121.468   2945.2    667.6
     1     1    21     3     9     2     0     0   -58.0   45.091  120.741   3013.5    647.0
     1     1    21     3     9     1     0     0   -59.0   45.685  119.983   3094.8    624.2
     1     1    21     3     9     0     0     0   -60.0   46.336  119.216   3206.0    606.9
     1     1    21     3     8    23     0     0   -61.0   47.016  118.418   3330.3    594.0
     1     1    21     3     8    22     0     0   -62.0   47.703  117.560   3459.3    586.1
     1     1    21     3     8    21     0     0   -63.0   48.379  116.657   3582.7    578.2
     1     1    21     3     8    20     0     0   -64.0   49.042  115.724   3696.9    571.0
     1     1    21     3     8    19     0     0   -65.0   49.733  114.749   3805.5    560.3
     1     1    21     3     8    18     0     0   -66.0   50.470  113.735   3900.1    539.8
     1     1    21     3     8    17     0     0   -67.0   51.226  112.674   4004.5    520.5
     1     1    21     3     8    16     0     0   -68.0   51.969  111.544   4135.5    509.6
     1     1    21     3     8    15     0     0   -69.0   52.704  110.338   4283.5    501.9
     1     1    21     3     8    14     0     0   -70.0   53.435  109.080   4448.7    497.1
     1     1    21     3     8    13     0     0   -71.0   54.158  107.781   4625.4    496.1
     1     1    21     3     8    12     0     0   -72.0   54.880  106.417   4791.9    493.9
     1     1    21     3     8    11     0     0   -73.0   55.559  104.988   4945.6    493.3
     1     1    21     3     8    10     0     0   -74.0   56.168  103.499   5051.8    486.4
     1     1    21     3     8     9     0     0   -75.0   56.732  101.942   5150.6    482.8
     1     1    21     3     8     8     0     0   -76.0   57.262  100.302   5247.0    482.8
     1     1    21     3     8     7     0     0   -77.0   57.749   98.579   5315.4    481.8
     1     1    21     3     8     6     0     0   -78.0   58.176   96.792   5342.3    478.3
     1     1    21     3     8     5     0     0   -79.0   58.515   94.962   5338.9    475.7
     1     1    21     3     8     4     0     0   -80.0   58.747   93.110   5314.8    475.6
     1     1    21     3     8     3     0     0   -81.0   58.884   91.251   5283.0    478.7
     1     1    21     3     8     2     0     0   -82.0   58.948   89.395   5251.9    483.6
     1     1    21     3     8     1     0     0   -83.0   58.958   87.551   5225.8    490.2
     1     1    21     3     8     0     0     0   -84.0   58.919   85.741   5194.6    496.8
     1     1    21     3     7    23     0     0   -85.0   58.798   84.011   5140.3    502.1
     1     1    21     3     7    22     0     0   -86.0   58.574   82.386   5063.6    508.4
     1     1    21     3     7    21     0     0   -87.0   58.275   80.837   4966.0    513.6
     1     1    21     3     7    20     0     0   -88.0   57.921   79.338   4850.7    521.0
     1     1    21     3     7    19     0     0   -89.0   57.522   77.876   4709.3    532.4
     1     1    21     3     7    18     0     0   -90.0   57.089   76.468   4528.9    547.0
     1     1    21     3     7    17     0     0   -91.0   56.640   75.128   4340.9    564.1
     1     1    21     3     7    16     0     0   -92.0   56.190   73.826   4170.1    577.6
     1     1    21     3     7    15     0     0   -93.0   55.740   72.529   4025.7    588.3
     1     1    21     3     7    14     0     0   -94.0   55.280   71.220   3902.1    594.8
     1     1    21     3     7    13     0     0   -95.0   54.801   69.898   3795.8    598.5
     1     1    21     3     7    12     0     0   -96.0   54.299   68.596   3702.7    604.5
