     2     1
    CDC1    21     4     1     0     0
    CDC1    21     5     1     0     0
     1 BACKWARD OMEGA   
  2021     5    26     6   37.500  127.000   500.0
     1 PRESSURE
     1     1    21     5    26     6     0     0     0.0   37.500  127.000    500.0    929.4
     1     1    21     5    26     5     0     0    -1.0   37.132  126.731    485.6    933.5
     1     1    21     5    26     4     0     0    -2.0   36.776  126.499    470.4    937.9
     1     1    21     5    26     3     0     0    -3.0   36.431  126.300    455.1    942.0
     1     1    21     5    26     2     0     0    -4.0   36.094  126.131    440.3    946.0
     1     1    21     5    26     1     0     0    -5.0   35.767  125.988    426.5    949.8
     1     1    21     5    26     0     0     0    -6.0   35.449  125.865    413.8    953.4
     1     1    21     5    25    23     0     0    -7.0   35.151  125.754    404.0    956.0
     1     1    21     5    25    22     0     0    -8.0   34.886  125.650    397.8    957.9
     1     1    21     5    25    21     0     0    -9.0   34.652  125.555    394.1    959.4
     1     1    21     5    25    20     0     0   -10.0   34.449  125.472    391.9    960.6
     1     1    21     5    25    19     0     0   -11.0   34.277  125.400    390.9    961.5
     1     1    21     5    25    18     0     0   -12.0   34.132  125.337    390.7    962.2
     1     1    21     5    25    17     0     0   -13.0   34.013  125.278    392.7    962.6
     1     1    21     5    25    16     0     0   -14.0   33.917  125.216    398.9    962.1
     1     1    21     5    25    15     0     0   -15.0   33.844  125.150    409.2    961.1
     1     1    21     5    25    14     0     0   -16.0   33.796  125.076    424.0    959.6
     1     1    21     5    25    13     0     0   -17.0   33.772  124.994    443.6    957.4
     1     1    21     5    25    12     0     0   -18.0   33.774  124.901    468.7    954.5
     1     1    21     5    25    11     0     0   -19.0   33.801  124.779    495.9    951.1
     1     1    21     5    25    10     0     0   -20.0   33.847  124.616    521.6    948.3
     1     1    21     5    25     9     0     0   -21.0   33.914  124.418    545.8    945.7
     1     1    21     5    25     8     0     0   -22.0   34.006  124.188    568.7    943.4
     1     1    21     5    25     7     0     0   -23.0   34.124  123.934    590.6    941.2
     1     1    21     5    25     6     0     0   -24.0   34.274  123.662    612.2    939.0
     1     1    21     5    25     5     0     0   -25.0   34.443  123.371    631.9    936.4
     1     1    21     5    25     4     0     0   -26.0   34.616  123.053    648.4    934.0
     1     1    21     5    25     3     0     0   -27.0   34.805  122.703    662.7    931.8
     1     1    21     5    25     2     0     0   -28.0   35.017  122.318    675.9    929.0
     1     1    21     5    25     1     0     0   -29.0   35.250  121.909    689.8    926.7
     1     1    21     5    25     0     0     0   -30.0   35.507  121.489    706.6    924.6
     1     1    21     5    24    23     0     0   -31.0   35.760  121.064    720.8    922.0
     1     1    21     5    24    22     0     0   -32.0   35.981  120.636    724.7    921.3
     1     1    21     5    24    21     0     0   -33.0   36.183  120.194    718.1    922.0
     1     1    21     5    24    20     0     0   -34.0   36.376  119.734    702.4    924.1
     1     1    21     5    24    19     0     0   -35.0   36.565  119.258    681.4    927.4
     1     1    21     5    24    18     0     0   -36.0   36.768  118.768    660.3    930.9
     1     1    21     5    24    17     0     0   -37.0   36.968  118.296    648.4    933.6
     1     1    21     5    24    16     0     0   -38.0   37.134  117.867    649.0    933.0
     1     1    21     5    24    15     0     0   -39.0   37.260  117.463    657.5    930.6
     1     1    21     5    24    14     0     0   -40.0   37.345  117.068    668.9    922.6
     1     1    21     5    24    13     0     0   -41.0   37.390  116.668    680.9    914.4
     1     1    21     5    24    12     0     0   -42.0   37.398  116.248    690.0    906.3
     1     1    21     5    24    11     0     0   -43.0   37.400  115.807    700.0    899.8
     1     1    21     5    24    10     0     0   -44.0   37.420  115.347    714.3    891.6
     1     1    21     5    24     9     0     0   -45.0   37.454  114.866    732.1    881.0
     1     1    21     5    24     8     0     0   -46.0   37.499  114.361    750.4    866.1
     1     1    21     5    24     7     0     0   -47.0   37.552  113.827    767.5    850.1
     1     1    21     5    24     6     0     0   -48.0   37.610  113.257    780.9    833.5
     1     1    21     5    24     5     0     0   -49.0   37.681  112.663    792.4    817.9
     1     1    21     5    24     4     0     0   -50.0   37.766  112.078    805.3    807.1
     1     1    21     5    24     3     0     0   -51.0   37.858  111.513    818.8    798.5
     1     1    21     5    24     2     0     0   -52.0   37.953  110.970    832.2    790.5
     1     1    21     5    24     1     0     0   -53.0   38.045  110.446    845.1    783.0
     1     1    21     5    24     0     0     0   -54.0   38.132  109.941    857.0    776.6
     1     1    21     5    23    23     0     0   -55.0   38.222  109.452    868.4    774.7
     1     1    21     5    23    22     0     0   -56.0   38.324  108.977    877.8    773.2
     1     1    21     5    23    21     0     0   -57.0   38.435  108.516    885.5    771.9
     1     1    21     5    23    20     0     0   -58.0   38.549  108.072    892.0    770.9
     1     1    21     5    23    19     0     0   -59.0   38.661  107.647    897.6    770.2
     1     1    21     5    23    18     0     0   -60.0   38.767  107.243    902.7    769.0
     1     1    21     5    23    17     0     0   -61.0   38.867  106.854    905.7    767.5
     1     1    21     5    23    16     0     0   -62.0   38.969  106.473    905.2    767.2
     1     1    21     5    23    15     0     0   -63.0   39.077  106.097    903.6    767.6
     1     1    21     5    23    14     0     0   -64.0   39.197  105.722    903.5    768.4
     1     1    21     5    23    13     0     0   -65.0   39.334  105.345    907.3    769.6
     1     1    21     5    23    12     0     0   -66.0   39.491  104.961    917.2    770.7
     1     1    21     5    23    11     0     0   -67.0   39.656  104.560    927.7    768.5
     1     1    21     5    23    10     0     0   -68.0   39.814  104.141    935.1    768.0
     1     1    21     5    23     9     0     0   -69.0   39.967  103.706    939.0    768.9
     1     1    21     5    23     8     0     0   -70.0   40.113  103.261    939.1    768.6
     1     1    21     5    23     7     0     0   -71.0   40.255  102.808    937.1    768.3
     1     1    21     5    23     6     0     0   -72.0   40.392  102.351    931.8    766.3
     1     1    21     5    23     5     0     0   -73.0   40.525  101.894    926.7    759.9
     1     1    21     5    23     4     0     0   -74.0   40.658  101.444    928.6    753.5
     1     1    21     5    23     3     0     0   -75.0   40.788  101.000    936.2    747.8
     1     1    21     5    23     2     0     0   -76.0   40.917  100.563    948.6    742.7
     1     1    21     5    23     1     0     0   -77.0   41.044  100.133    965.3    738.4
     1     1    21     5    23     0     0     0   -78.0   41.168   99.713    986.2    735.2
     1     1    21     5    22    23     0     0   -79.0   41.285   99.302   1004.9    733.3
     1     1    21     5    22    22     0     0   -80.0   41.392   98.896   1013.8    732.8
     1     1    21     5    22    21     0     0   -81.0   41.487   98.499   1012.1    733.3
     1     1    21     5    22    20     0     0   -82.0   41.570   98.112    999.4    734.8
     1     1    21     5    22    19     0     0   -83.0   41.642   97.738    975.4    737.2
     1     1    21     5    22    18     0     0   -84.0   41.704   97.381    941.3    742.3
     1     1    21     5    22    17     0     0   -85.0   41.761   97.042    905.9    750.6
     1     1    21     5    22    16     0     0   -86.0   41.823   96.717    875.6    757.6
     1     1    21     5    22    15     0     0   -87.0   41.889   96.401    849.8    763.9
     1     1    21     5    22    14     0     0   -88.0   41.963   96.089    828.6    769.9
     1     1    21     5    22    13     0     0   -89.0   42.047   95.779    812.2    775.8
     1     1    21     5    22    12     0     0   -90.0   42.143   95.467    800.8    781.5
     1     1    21     5    22    11     0     0   -91.0   42.238   95.149    790.5    787.0
     1     1    21     5    22    10     0     0   -92.0   42.317   94.823    777.6    793.0
     1     1    21     5    22     9     0     0   -93.0   42.380   94.495    762.3    799.0
     1     1    21     5    22     8     0     0   -94.0   42.426   94.170    744.7    804.3
     1     1    21     5    22     7     0     0   -95.0   42.454   93.853    724.7    809.1
     1     1    21     5    22     6     0     0   -96.0   42.464   93.546    702.5    813.6
