     2     1
    CDC1    21     4     1     0     0
    CDC1    21     5     1     0     0
     1 BACKWARD OMEGA   
  2021     5    10    12   37.500  127.000   500.0
     1 PRESSURE
     1     1    21     5    10    12     0     0     0.0   37.500  127.000    500.0    935.0
     1     1    21     5    10    11     0     0    -1.0   37.487  127.036    497.3    935.3
     1     1    21     5    10    10     0     0    -2.0   37.462  127.054    497.2    935.3
     1     1    21     5    10     9     0     0    -3.0   37.424  127.055    499.5    935.1
     1     1    21     5    10     8     0     0    -4.0   37.372  127.041    504.3    934.8
     1     1    21     5    10     7     0     0    -5.0   37.306  127.012    511.4    934.3
     1     1    21     5    10     6     0     0    -6.0   37.226  126.972    520.9    933.7
     1     1    21     5    10     5     0     0    -7.0   37.144  126.932    534.2    933.0
     1     1    21     5    10     4     0     0    -8.0   37.072  126.904    553.3    931.4
     1     1    21     5    10     3     0     0    -9.0   37.010  126.885    578.7    929.2
     1     1    21     5    10     2     0     0   -10.0   36.959  126.873    611.1    926.2
     1     1    21     5    10     1     0     0   -11.0   36.920  126.866    651.1    922.0
     1     1    21     5    10     0     0     0   -12.0   36.894  126.859    698.5    916.7
     1     1    21     5     9    23     0     0   -13.0   36.882  126.839    746.7    910.4
     1     1    21     5     9    22     0     0   -14.0   36.883  126.795    788.8    905.8
     1     1    21     5     9    21     0     0   -15.0   36.898  126.730    823.9    902.1
     1     1    21     5     9    20     0     0   -16.0   36.927  126.645    851.4    899.4
     1     1    21     5     9    19     0     0   -17.0   36.969  126.544    871.0    897.7
     1     1    21     5     9    18     0     0   -18.0   37.026  126.425    882.4    896.9
     1     1    21     5     9    17     0     0   -19.0   37.089  126.290    893.3    896.9
     1     1    21     5     9    16     0     0   -20.0   37.152  126.136    912.1    895.6
     1     1    21     5     9    15     0     0   -21.0   37.212  125.963    939.0    893.6
     1     1    21     5     9    14     0     0   -22.0   37.269  125.774    974.9    890.5
     1     1    21     5     9    13     0     0   -23.0   37.321  125.569   1020.9    886.5
     1     1    21     5     9    12     0     0   -24.0   37.367  125.349   1079.0    881.6
     1     1    21     5     9    11     0     0   -25.0   37.412  125.116   1144.2    875.5
     1     1    21     5     9    10     0     0   -26.0   37.464  124.870   1210.4    869.6
     1     1    21     5     9     9     0     0   -27.0   37.524  124.609   1275.7    863.3
     1     1    21     5     9     8     0     0   -28.0   37.594  124.334   1339.1    856.5
     1     1    21     5     9     7     0     0   -29.0   37.677  124.045   1399.9    850.0
     1     1    21     5     9     6     0     0   -30.0   37.775  123.744   1458.5    844.0
     1     1    21     5     9     5     0     0   -31.0   37.885  123.442   1516.5    838.3
     1     1    21     5     9     4     0     0   -32.0   38.008  123.150   1575.3    832.5
     1     1    21     5     9     3     0     0   -33.0   38.144  122.869   1635.4    826.8
     1     1    21     5     9     2     0     0   -34.0   38.293  122.598   1697.0    821.1
     1     1    21     5     9     1     0     0   -35.0   38.456  122.335   1759.4    814.2
     1     1    21     5     9     0     0     0   -36.0   38.632  122.071   1822.2    806.4
     1     1    21     5     8    23     0     0   -37.0   38.821  121.795   1881.0    798.4
     1     1    21     5     8    22     0     0   -38.0   39.019  121.501   1933.3    791.5
     1     1    21     5     8    21     0     0   -39.0   39.228  121.196   1977.7    785.5
     1     1    21     5     8    20     0     0   -40.0   39.447  120.884   2014.3    780.2
     1     1    21     5     8    19     0     0   -41.0   39.678  120.570   2043.6    775.6
     1     1    21     5     8    18     0     0   -42.0   39.919  120.258   2066.8    771.7
     1     1    21     5     8    17     0     0   -43.0   40.177  119.945   2093.3    765.4
     1     1    21     5     8    16     0     0   -44.0   40.457  119.615   2130.8    752.0
     1     1    21     5     8    15     0     0   -45.0   40.763  119.261   2180.5    736.0
     1     1    21     5     8    14     0     0   -46.0   41.096  118.887   2238.1    717.5
     1     1    21     5     8    13     0     0   -47.0   41.455  118.498   2298.8    697.3
     1     1    21     5     8    12     0     0   -48.0   41.843  118.105   2357.5    675.9
     1     1    21     5     8    11     0     0   -49.0   42.268  117.716   2416.5    653.2
     1     1    21     5     8    10     0     0   -50.0   42.742  117.342   2489.2    636.4
     1     1    21     5     8     9     0     0   -51.0   43.254  116.984   2582.4    628.1
     1     1    21     5     8     8     0     0   -52.0   43.796  116.646   2688.3    620.2
     1     1    21     5     8     7     0     0   -53.0   44.367  116.328   2811.2    612.1
     1     1    21     5     8     6     0     0   -54.0   44.964  116.031   2956.0    603.7
     1     1    21     5     8     5     0     0   -55.0   45.560  115.753   3112.6    595.8
     1     1    21     5     8     4     0     0   -56.0   46.133  115.506   3257.4    589.8
     1     1    21     5     8     3     0     0   -57.0   46.687  115.313   3391.0    584.3
     1     1    21     5     8     2     0     0   -58.0   47.225  115.198   3512.1    579.4
     1     1    21     5     8     1     0     0   -59.0   47.748  115.170   3616.4    573.8
     1     1    21     5     8     0     0     0   -60.0   48.257  115.212   3703.5    567.4
     1     1    21     5     7    23     0     0   -61.0   48.738  115.282   3776.8    562.1
     1     1    21     5     7    22     0     0   -62.0   49.180  115.365   3840.5    558.0
     1     1    21     5     7    21     0     0   -63.0   49.587  115.483   3900.3    554.3
     1     1    21     5     7    20     0     0   -64.0   49.965  115.658   3961.5    550.6
     1     1    21     5     7    19     0     0   -65.0   50.320  115.883   4023.9    545.1
     1     1    21     5     7    18     0     0   -66.0   50.656  116.139   4092.1    539.2
     1     1    21     5     7    17     0     0   -67.0   50.971  116.408   4151.3    533.3
     1     1    21     5     7    16     0     0   -68.0   51.263  116.680   4190.2    530.1
     1     1    21     5     7    15     0     0   -69.0   51.533  116.965   4209.1    528.6
     1     1    21     5     7    14     0     0   -70.0   51.782  117.274   4208.7    528.7
     1     1    21     5     7    13     0     0   -71.0   52.010  117.613   4188.2    530.0
     1     1    21     5     7    12     0     0   -72.0   52.219  117.981   4148.1    532.0
     1     1    21     5     7    11     0     0   -73.0   52.399  118.350   4100.2    534.9
     1     1    21     5     7    10     0     0   -74.0   52.537  118.692   4055.8    536.8
     1     1    21     5     7     9     0     0   -75.0   52.637  119.007   4011.5    538.4
     1     1    21     5     7     8     0     0   -76.0   52.699  119.294   3967.5    540.5
     1     1    21     5     7     7     0     0   -77.0   52.724  119.558   3922.9    542.8
     1     1    21     5     7     6     0     0   -78.0   52.711  119.799   3877.4    545.5
     1     1    21     5     7     5     0     0   -79.0   52.677  120.015   3836.5    549.1
     1     1    21     5     7     4     0     0   -80.0   52.641  120.200   3808.1    552.3
     1     1    21     5     7     3     0     0   -81.0   52.607  120.354   3790.6    554.5
     1     1    21     5     7     2     0     0   -82.0   52.575  120.479   3783.7    555.7
     1     1    21     5     7     1     0     0   -83.0   52.544  120.576   3787.4    556.1
     1     1    21     5     7     0     0     0   -84.0   52.513  120.646   3801.6    555.5
     1     1    21     5     6    23     0     0   -85.0   52.485  120.668   3822.3    554.0
     1     1    21     5     6    22     0     0   -86.0   52.460  120.627   3846.1    552.2
     1     1    21     5     6    21     0     0   -87.0   52.436  120.523   3872.3    549.9
     1     1    21     5     6    20     0     0   -88.0   52.411  120.358   3900.3    547.4
     1     1    21     5     6    19     0     0   -89.0   52.383  120.132   3929.0    544.5
     1     1    21     5     6    18     0     0   -90.0   52.350  119.844   3959.0    542.2
     1     1    21     5     6    17     0     0   -91.0   52.324  119.524   3989.2    540.9
     1     1    21     5     6    16     0     0   -92.0   52.320  119.203   4013.0    540.1
     1     1    21     5     6    15     0     0   -93.0   52.337  118.879   4032.3    539.7
     1     1    21     5     6    14     0     0   -94.0   52.377  118.553   4047.0    539.6
     1     1    21     5     6    13     0     0   -95.0   52.440  118.223   4057.3    539.8
     1     1    21     5     6    12     0     0   -96.0   52.525  117.887   4062.7    540.1
