     2     1
    CDC1    21     3     1     0     0
    CDC1    21     4     1     0     0
     1 BACKWARD OMEGA   
  2021     4    18     3   37.500  127.000   500.0
     1 PRESSURE
     1     1    21     4    18     3     0     0     0.0   37.500  127.000    500.0    936.8
     1     1    21     4    18     2     0     0    -1.0   37.723  126.775    536.3    930.9
     1     1    21     4    18     1     0     0    -2.0   37.964  126.561    574.1    924.7
     1     1    21     4    18     0     0     0    -3.0   38.222  126.363    613.3    918.3
     1     1    21     4    17    23     0     0    -4.0   38.490  126.174    651.9    910.7
     1     1    21     4    17    22     0     0    -5.0   38.760  125.982    687.4    903.8
     1     1    21     4    17    21     0     0    -6.0   39.034  125.789    720.2    897.4
     1     1    21     4    17    20     0     0    -7.0   39.312  125.596    750.4    891.5
     1     1    21     4    17    19     0     0    -8.0   39.595  125.405    778.6    885.7
     1     1    21     4    17    18     0     0    -9.0   39.886  125.218    805.6    880.1
     1     1    21     4    17    17     0     0   -10.0   40.178  125.043    836.6    876.3
     1     1    21     4    17    16     0     0   -11.0   40.463  124.887    876.6    872.4
     1     1    21     4    17    15     0     0   -12.0   40.743  124.755    923.8    867.8
     1     1    21     4    17    14     0     0   -13.0   41.020  124.648    978.1    861.5
     1     1    21     4    17    13     0     0   -14.0   41.294  124.570   1039.9    854.3
     1     1    21     4    17    12     0     0   -15.0   41.564  124.524   1109.3    846.1
     1     1    21     4    17    11     0     0   -16.0   41.826  124.491   1174.8    836.9
     1     1    21     4    17    10     0     0   -17.0   42.076  124.450   1223.5    830.8
     1     1    21     4    17     9     0     0   -18.0   42.317  124.400   1254.4    826.7
     1     1    21     4    17     8     0     0   -19.0   42.551  124.339   1267.8    825.2
     1     1    21     4    17     7     0     0   -20.0   42.781  124.261   1265.7    828.1
     1     1    21     4    17     6     0     0   -21.0   43.013  124.162   1249.7    832.4
     1     1    21     4    17     5     0     0   -22.0   43.243  124.054   1231.4    837.8
     1     1    21     4    17     4     0     0   -23.0   43.469  123.956   1220.3    841.0
     1     1    21     4    17     3     0     0   -24.0   43.693  123.875   1214.9    843.3
     1     1    21     4    17     2     0     0   -25.0   43.917  123.817   1213.9    844.9
     1     1    21     4    17     1     0     0   -26.0   44.141  123.788   1216.5    845.9
     1     1    21     4    17     0     0     0   -27.0   44.366  123.793   1222.1    846.5
     1     1    21     4    16    23     0     0   -28.0   44.585  123.808   1228.1    846.6
     1     1    21     4    16    22     0     0   -29.0   44.795  123.807   1231.8    847.0
     1     1    21     4    16    21     0     0   -30.0   44.994  123.795   1231.0    847.7
     1     1    21     4    16    20     0     0   -31.0   45.184  123.772   1223.6    846.1
     1     1    21     4    16    19     0     0   -32.0   45.362  123.739   1210.7    845.0
     1     1    21     4    16    18     0     0   -33.0   45.531  123.701   1192.1    844.6
     1     1    21     4    16    17     0     0   -34.0   45.702  123.656   1171.0    844.8
     1     1    21     4    16    16     0     0   -35.0   45.887  123.602   1152.0    844.2
     1     1    21     4    16    15     0     0   -36.0   46.089  123.547   1134.5    843.1
     1     1    21     4    16    14     0     0   -37.0   46.307  123.495   1118.0    841.7
     1     1    21     4    16    13     0     0   -38.0   46.543  123.455   1102.2    840.0
     1     1    21     4    16    12     0     0   -39.0   46.797  123.435   1086.5    838.1
     1     1    21     4    16    11     0     0   -40.0   47.053  123.451   1064.6    836.7
     1     1    21     4    16    10     0     0   -41.0   47.292  123.515   1029.5    838.1
     1     1    21     4    16     9     0     0   -42.0   47.510  123.624    982.1    841.8
     1     1    21     4    16     8     0     0   -43.0   47.699  123.771    925.4    848.3
     1     1    21     4    16     7     0     0   -44.0   47.854  123.948    863.0    855.3
     1     1    21     4    16     6     0     0   -45.0   47.971  124.150    797.3    863.2
     1     1    21     4    16     5     0     0   -46.0   48.045  124.370    734.7    872.4
     1     1    21     4    16     4     0     0   -47.0   48.072  124.595    680.5    880.6
     1     1    21     4    16     3     0     0   -48.0   48.051  124.824    633.3    888.7
     1     1    21     4    16     2     0     0   -49.0   47.985  125.052    591.5    895.3
     1     1    21     4    16     1     0     0   -50.0   47.874  125.280    553.1    899.9
     1     1    21     4    16     0     0     0   -51.0   47.723  125.508    517.6    904.6
     1     1    21     4    15    23     0     0   -52.0   47.540  125.738    484.3    909.6
     1     1    21     4    15    22     0     0   -53.0   47.330  125.969    452.1    914.3
     1     1    21     4    15    21     0     0   -54.0   47.090  126.196    421.4    918.4
     1     1    21     4    15    20     0     0   -55.0   46.815  126.410    392.0    922.0
     1     1    21     4    15    19     0     0   -56.0   46.499  126.601    363.7    924.5
     1     1    21     4    15    18     0     0   -57.0   46.142  126.755    336.3    926.4
     1     1    21     4    15    17     0     0   -58.0   45.752  126.864    309.5    928.5
     1     1    21     4    15    16     0     0   -59.0   45.340  126.931    283.0    930.8
     1     1    21     4    15    15     0     0   -60.0   44.911  126.958    257.0    932.2
     1     1    21     4    15    14     0     0   -61.0   44.493  126.951    232.5    930.2
     1     1    21     4    15    13     0     0   -62.0   44.106  126.923    210.8    928.5
     1     1    21     4    15    12     0     0   -63.0   43.747  126.885    191.7    926.6
     1     1    21     4    15    11     0     0   -64.0   43.413  126.830    175.7    924.5
     1     1    21     4    15    10     0     0   -65.0   43.091  126.745    162.7    922.7
     1     1    21     4    15     9     0     0   -66.0   42.770  126.621    151.4    921.3
     1     1    21     4    15     8     0     0   -67.0   42.441  126.455    140.6    921.6
     1     1    21     4    15     7     0     0   -68.0   42.100  126.258    130.3    928.3
     1     1    21     4    15     6     0     0   -69.0   41.753  126.043    120.5    934.9
     1     1    21     4    15     5     0     0   -70.0   41.421  125.831    111.1    941.4
     1     1    21     4    15     4     0     0   -71.0   41.121  125.641    101.9    947.2
     1     1    21     4    15     3     0     0   -72.0   40.852  125.479     92.8    952.3
     1     1    21     4    15     2     0     0   -73.0   40.609  125.349     84.0    956.7
     1     1    21     4    15     1     0     0   -74.0   40.391  125.255     75.6    960.6
     1     1    21     4    15     0     0     0   -75.0   40.193  125.198     67.4    963.4
     1     1    21     4    14    23     0     0   -76.0   40.006  125.160     59.8    965.5
     1     1    21     4    14    22     0     0   -77.0   39.820  125.119     52.9    969.2
     1     1    21     4    14    21     0     0   -78.0   39.632  125.070     46.4    973.1
     1     1    21     4    14    20     0     0   -79.0   39.440  125.011     40.1    977.1
     1     1    21     4    14    19     0     0   -80.0   39.244  124.940     33.7    981.4
     1     1    21     4    14    18     0     0   -81.0   39.041  124.852     27.1    986.0
     1     1    21     4    14    17     0     0   -82.0   38.842  124.749     21.4    990.7
     1     1    21     4    14    16     0     0   -83.0   38.657  124.631     17.4    994.7
     1     1    21     4    14    15     0     0   -84.0   38.486  124.501     14.7    998.3
     1     1    21     4    14    14     0     0   -85.0   38.326  124.361     13.2   1001.5
     1     1    21     4    14    13     0     0   -86.0   38.176  124.213     12.7   1004.3
     1     1    21     4    14    12     0     0   -87.0   38.034  124.064     13.1   1006.6
     1     1    21     4    14    11     0     0   -88.0   37.895  123.900     13.7   1008.6
     1     1    21     4    14    10     0     0   -89.0   37.749  123.710     13.5   1011.0
     1     1    21     4    14     9     0     0   -90.0   37.595  123.496     12.5   1013.5
     1     1    21     4    14     8     0     0   -91.0   37.435  123.261     11.1   1015.5
     1     1    21     4    14     7     0     0   -92.0   37.275  123.012      9.6   1016.6
     1     1    21     4    14     6     0     0   -93.0   37.121  122.759      8.0   1017.5
     1     1    21     4    14     5     0     0   -94.0   36.980  122.522      6.6   1018.2
     1     1    21     4    14     4     0     0   -95.0   36.859  122.321      5.5   1018.1
     1     1    21     4    14     3     0     0   -96.0   36.759  122.151      4.8   1017.9
