     3     1
    CDC1    21     3     1     0     0
    CDC1    21     4     1     0     0
    CDC1    21     5     1     0     0
     1 BACKWARD OMEGA   
  2021     4    30    18   37.500  127.000   500.0
     1 PRESSURE
     1     1    21     4    30    18     0     0     0.0   37.500  127.000    500.0    926.6
     1     1    21     4    30    17     0     0    -1.0   37.499  126.983    487.6    928.9
     1     1    21     4    30    16     0     0    -2.0   37.505  126.959    483.4    929.8
     1     1    21     4    30    15     0     0    -3.0   37.519  126.928    486.9    929.7
     1     1    21     4    30    14     0     0    -4.0   37.541  126.890    498.3    928.6
     1     1    21     4    30    13     0     0    -5.0   37.571  126.847    517.8    926.6
     1     1    21     4    30    12     0     0    -6.0   37.608  126.799    546.1    923.6
     1     1    21     4    30    11     0     0    -7.0   37.663  126.738    579.0    919.0
     1     1    21     4    30    10     0     0    -8.0   37.744  126.655    611.4    914.8
     1     1    21     4    30     9     0     0    -9.0   37.852  126.554    643.2    910.0
     1     1    21     4    30     8     0     0   -10.0   37.984  126.437    674.7    904.9
     1     1    21     4    30     7     0     0   -11.0   38.141  126.310    706.5    899.5
     1     1    21     4    30     6     0     0   -12.0   38.321  126.177    739.6    893.9
     1     1    21     4    30     5     0     0   -13.0   38.514  126.051    773.1    887.5
     1     1    21     4    30     4     0     0   -14.0   38.709  125.939    805.5    881.5
     1     1    21     4    30     3     0     0   -15.0   38.908  125.842    837.5    875.5
     1     1    21     4    30     2     0     0   -16.0   39.113  125.760    869.2    869.5
     1     1    21     4    30     1     0     0   -17.0   39.324  125.696    900.7    863.3
     1     1    21     4    30     0     0     0   -18.0   39.540  125.652    932.0    856.9
     1     1    21     4    29    23     0     0   -19.0   39.744  125.619    960.1    850.9
     1     1    21     4    29    22     0     0   -20.0   39.919  125.586    980.5    846.6
     1     1    21     4    29    21     0     0   -21.0   40.066  125.546    993.4    844.3
     1     1    21     4    29    20     0     0   -22.0   40.183  125.492    998.8    843.9
     1     1    21     4    29    19     0     0   -23.0   40.274  125.420    996.8    844.5
     1     1    21     4    29    18     0     0   -24.0   40.345  125.329    988.0    846.2
     1     1    21     4    29    17     0     0   -25.0   40.396  125.228    973.9    848.7
     1     1    21     4    29    16     0     0   -26.0   40.423  125.130    955.3    851.6
     1     1    21     4    29    15     0     0   -27.0   40.426  125.038    931.5    855.2
     1     1    21     4    29    14     0     0   -28.0   40.404  124.954    902.1    859.4
     1     1    21     4    29    13     0     0   -29.0   40.357  124.879    867.6    863.9
     1     1    21     4    29    12     0     0   -30.0   40.287  124.817    828.3    869.0
     1     1    21     4    29    11     0     0   -31.0   40.194  124.762    785.4    874.7
     1     1    21     4    29    10     0     0   -32.0   40.078  124.710    739.1    880.8
     1     1    21     4    29     9     0     0   -33.0   39.937  124.659    689.4    888.2
     1     1    21     4    29     8     0     0   -34.0   39.763  124.608    636.5    897.1
     1     1    21     4    29     7     0     0   -35.0   39.554  124.554    580.8    906.1
     1     1    21     4    29     6     0     0   -36.0   39.309  124.502    523.6    915.8
     1     1    21     4    29     5     0     0   -37.0   39.046  124.451    470.7    926.0
     1     1    21     4    29     4     0     0   -38.0   38.788  124.403    427.0    934.8
     1     1    21     4    29     3     0     0   -39.0   38.541  124.360    391.9    942.5
     1     1    21     4    29     2     0     0   -40.0   38.308  124.320    364.5    948.6
     1     1    21     4    29     1     0     0   -41.0   38.093  124.283    343.8    953.7
     1     1    21     4    29     0     0     0   -42.0   37.897  124.247    329.0    958.0
     1     1    21     4    28    23     0     0   -43.0   37.719  124.204    316.1    961.9
     1     1    21     4    28    22     0     0   -44.0   37.557  124.146    301.2    966.2
     1     1    21     4    28    21     0     0   -45.0   37.408  124.075    283.9    969.9
     1     1    21     4    28    20     0     0   -46.0   37.271  123.987    263.9    973.3
     1     1    21     4    28    19     0     0   -47.0   37.142  123.887    241.0    977.1
     1     1    21     4    28    18     0     0   -48.0   37.022  123.775    214.6    981.6
     1     1    21     4    28    17     0     0   -49.0   36.905  123.662    187.1    985.8
     1     1    21     4    28    16     0     0   -50.0   36.787  123.558    160.9    989.0
     1     1    21     4    28    15     0     0   -51.0   36.669  123.464    136.5    992.2
     1     1    21     4    28    14     0     0   -52.0   36.549  123.382    113.7    995.5
     1     1    21     4    28    13     0     0   -53.0   36.428  123.312     92.8    998.7
     1     1    21     4    28    12     0     0   -54.0   36.307  123.257     74.1   1001.7
     1     1    21     4    28    11     0     0   -55.0   36.189  123.218     58.3   1003.6
     1     1    21     4    28    10     0     0   -56.0   36.078  123.193     45.9   1005.2
     1     1    21     4    28     9     0     0   -57.0   35.972  123.180     36.1   1006.7
     1     1    21     4    28     8     0     0   -58.0   35.871  123.177     28.4   1008.1
     1     1    21     4    28     7     0     0   -59.0   35.771  123.181     22.5   1009.3
     1     1    21     4    28     6     0     0   -60.0   35.674  123.190     18.0   1010.4
     1     1    21     4    28     5     0     0   -61.0   35.585  123.198     14.2   1011.2
     1     1    21     4    28     4     0     0   -62.0   35.508  123.197     11.0   1012.2
     1     1    21     4    28     3     0     0   -63.0   35.444  123.186      8.2   1012.6
     1     1    21     4    28     2     0     0   -64.0   35.394  123.165      5.2   1012.8
     1     1    21     4    28     1     0     0   -65.0   35.357  123.134      1.9   1013.1
     1     1    21     4    28     0     0     0   -66.0   35.333  123.092      0.0   1013.4
     1     1    21     4    27    23     0     0   -67.0   35.312  123.031      0.0   1013.4
     1     1    21     4    27    22     0     0   -68.0   35.281  122.942      0.0   1013.5
     1     1    21     4    27    21     0     0   -69.0   35.239  122.826      0.0   1013.6
     1     1    21     4    27    20     0     0   -70.0   35.187  122.683      0.0   1013.6
     1     1    21     4    27    19     0     0   -71.0   35.124  122.512      0.0   1013.6
     1     1    21     4    27    18     0     0   -72.0   35.050  122.316      0.0   1013.1
     1     1    21     4    27    17     0     0   -73.0   34.968  122.125      0.0   1012.2
     1     1    21     4    27    16     0     0   -74.0   34.884  121.965      0.0   1011.6
     1     1    21     4    27    15     0     0   -75.0   34.800  121.833      0.0   1011.1
     1     1    21     4    27    14     0     0   -76.0   34.719  121.728      0.0   1010.7
     1     1    21     4    27    13     0     0   -77.0   34.641  121.649      0.0   1010.4
     1     1    21     4    27    12     0     0   -78.0   34.567  121.592      0.0   1010.1
     1     1    21     4    27    11     0     0   -79.0   34.491  121.541      0.0   1010.2
     1     1    21     4    27    10     0     0   -80.0   34.410  121.478      0.0   1010.3
     1     1    21     4    27     9     0     0   -81.0   34.325  121.404      0.0   1010.4
     1     1    21     4    27     8     0     0   -82.0   34.239  121.319      0.0   1010.5
     1     1    21     4    27     7     0     0   -83.0   34.151  121.225      0.0   1010.6
     1     1    21     4    27     6     0     0   -84.0   34.065  121.122      0.0   1010.5
     1     1    21     4    27     5     0     0   -85.0   33.980  121.023      0.0   1010.4
     1     1    21     4    27     4     0     0   -86.0   33.896  120.942      0.0   1010.4
     1     1    21     4    27     3     0     0   -87.0   33.812  120.878      0.3   1010.3
     1     1    21     4    27     2     0     0   -88.0   33.726  120.829      0.8   1010.3
     1     1    21     4    27     1     0     0   -89.0   33.637  120.796      1.6   1010.4
     1     1    21     4    27     0     0     0   -90.0   33.546  120.776      2.7   1010.6
     1     1    21     4    26    23     0     0   -91.0   33.450  120.768      3.6   1011.1
     1     1    21     4    26    22     0     0   -92.0   33.347  120.769      4.0   1011.6
     1     1    21     4    26    21     0     0   -93.0   33.236  120.781      3.9   1012.2
     1     1    21     4    26    20     0     0   -94.0   33.119  120.803      3.4   1012.9
     1     1    21     4    26    19     0     0   -95.0   32.995  120.836      2.5   1013.6
     1     1    21     4    26    18     0     0   -96.0   32.865  120.883      1.3   1014.4
