     2     1
    CDC1    21     3     1     0     0
    CDC1    21     4     1     0     0
     1 BACKWARD OMEGA   
  2021     4    24    21   37.500  127.000   500.0
     1 PRESSURE
     1     1    21     4    24    21     0     0     0.0   37.500  127.000    500.0    941.5
     1     1    21     4    24    20     0     0    -1.0   37.699  127.155    512.4    935.5
     1     1    21     4    24    19     0     0    -2.0   37.928  127.307    519.0    929.9
     1     1    21     4    24    18     0     0    -3.0   38.190  127.462    520.2    924.3
     1     1    21     4    24    17     0     0    -4.0   38.463  127.609    523.6    921.0
     1     1    21     4    24    16     0     0    -5.0   38.727  127.732    535.3    916.6
     1     1    21     4    24    15     0     0    -6.0   38.985  127.828    555.2    911.3
     1     1    21     4    24    14     0     0    -7.0   39.240  127.893    583.3    905.2
     1     1    21     4    24    13     0     0    -8.0   39.493  127.925    619.4    898.1
     1     1    21     4    24    12     0     0    -9.0   39.746  127.927    663.5    889.2
     1     1    21     4    24    11     0     0   -10.0   40.002  127.924    710.8    879.9
     1     1    21     4    24    10     0     0   -11.0   40.261  127.936    756.6    873.0
     1     1    21     4    24     9     0     0   -12.0   40.521  127.954    800.2    866.6
     1     1    21     4    24     8     0     0   -13.0   40.781  127.972    841.6    860.6
     1     1    21     4    24     7     0     0   -14.0   41.040  127.983    881.1    854.8
     1     1    21     4    24     6     0     0   -15.0   41.297  127.984    918.6    849.0
     1     1    21     4    24     5     0     0   -16.0   41.544  127.981    954.0    843.1
     1     1    21     4    24     4     0     0   -17.0   41.771  127.986    985.5    837.8
     1     1    21     4    24     3     0     0   -18.0   41.981  128.000   1011.9    833.4
     1     1    21     4    24     2     0     0   -19.0   42.172  128.021   1032.1    829.8
     1     1    21     4    24     1     0     0   -20.0   42.345  128.052   1045.5    827.2
     1     1    21     4    24     0     0     0   -21.0   42.501  128.091   1051.4    825.6
     1     1    21     4    23    23     0     0   -22.0   42.647  128.121   1054.4    827.7
     1     1    21     4    23    22     0     0   -23.0   42.790  128.123   1055.9    829.4
     1     1    21     4    23    21     0     0   -24.0   42.929  128.097   1056.0    831.1
     1     1    21     4    23    20     0     0   -25.0   43.065  128.041   1055.0    832.8
     1     1    21     4    23    19     0     0   -26.0   43.196  127.956   1053.2    834.4
     1     1    21     4    23    18     0     0   -27.0   43.320  127.840   1051.0    836.0
     1     1    21     4    23    17     0     0   -28.0   43.424  127.714   1051.0    837.4
     1     1    21     4    23    16     0     0   -29.0   43.494  127.596   1055.1    837.7
     1     1    21     4    23    15     0     0   -30.0   43.527  127.490   1062.7    837.4
     1     1    21     4    23    14     0     0   -31.0   43.520  127.400   1074.0    837.3
     1     1    21     4    23    13     0     0   -32.0   43.474  127.330   1088.5    836.1
     1     1    21     4    23    12     0     0   -33.0   43.387  127.281   1107.1    833.8
     1     1    21     4    23    11     0     0   -34.0   43.275  127.250   1129.0    830.3
     1     1    21     4    23    10     0     0   -35.0   43.151  127.226   1152.5    826.5
     1     1    21     4    23     9     0     0   -36.0   43.015  127.213   1176.8    822.3
     1     1    21     4    23     8     0     0   -37.0   42.864  127.211   1200.8    817.8
     1     1    21     4    23     7     0     0   -38.0   42.698  127.223   1223.7    813.0
     1     1    21     4    23     6     0     0   -39.0   42.513  127.252   1244.3    807.9
     1     1    21     4    23     5     0     0   -40.0   42.307  127.295   1268.7    806.5
     1     1    21     4    23     4     0     0   -41.0   42.075  127.352   1299.5    804.2
     1     1    21     4    23     3     0     0   -42.0   41.814  127.424   1335.9    801.4
     1     1    21     4    23     2     0     0   -43.0   41.523  127.516   1377.2    798.5
     1     1    21     4    23     1     0     0   -44.0   41.202  127.634   1423.4    797.2
     1     1    21     4    23     0     0     0   -45.0   40.855  127.784   1472.5    796.2
     1     1    21     4    22    23     0     0   -46.0   40.498  127.947   1514.1    795.6
     1     1    21     4    22    22     0     0   -47.0   40.154  128.100   1540.0    797.6
     1     1    21     4    22    21     0     0   -48.0   39.830  128.238   1552.4    801.3
     1     1    21     4    22    20     0     0   -49.0   39.533  128.355   1552.1    806.2
     1     1    21     4    22    19     0     0   -50.0   39.266  128.450   1540.3    811.4
     1     1    21     4    22    18     0     0   -51.0   39.028  128.521   1518.4    817.0
     1     1    21     4    22    17     0     0   -52.0   38.803  128.593   1493.2    823.3
     1     1    21     4    22    16     0     0   -53.0   38.575  128.693   1470.5    828.9
     1     1    21     4    22    15     0     0   -54.0   38.347  128.822   1450.4    834.4
     1     1    21     4    22    14     0     0   -55.0   38.117  128.981   1432.9    839.6
     1     1    21     4    22    13     0     0   -56.0   37.888  129.168   1418.3    844.5
     1     1    21     4    22    12     0     0   -57.0   37.659  129.383   1406.8    848.9
     1     1    21     4    22    11     0     0   -58.0   37.444  129.617   1397.1    852.0
     1     1    21     4    22    10     0     0   -59.0   37.256  129.862   1386.6    853.5
     1     1    21     4    22     9     0     0   -60.0   37.095  130.115   1378.2    855.1
     1     1    21     4    22     8     0     0   -61.0   36.961  130.374   1371.7    857.0
     1     1    21     4    22     7     0     0   -62.0   36.854  130.639   1366.8    858.8
     1     1    21     4    22     6     0     0   -63.0   36.776  130.909   1363.0    860.5
     1     1    21     4    22     5     0     0   -64.0   36.728  131.173   1362.6    862.2
     1     1    21     4    22     4     0     0   -65.0   36.709  131.423   1368.1    863.2
     1     1    21     4    22     3     0     0   -66.0   36.717  131.654   1379.1    863.6
     1     1    21     4    22     2     0     0   -67.0   36.749  131.867   1395.5    863.5
     1     1    21     4    22     1     0     0   -68.0   36.802  132.060   1417.2    862.9
     1     1    21     4    22     0     0     0   -69.0   36.873  132.232   1444.0    861.9
     1     1    21     4    21    23     0     0   -70.0   36.959  132.381   1474.5    860.0
     1     1    21     4    21    22     0     0   -71.0   37.057  132.505   1507.6    857.9
     1     1    21     4    21    21     0     0   -72.0   37.169  132.604   1541.8    854.5
     1     1    21     4    21    20     0     0   -73.0   37.293  132.674   1577.7    851.2
     1     1    21     4    21    19     0     0   -74.0   37.430  132.716   1614.4    848.0
     1     1    21     4    21    18     0     0   -75.0   37.578  132.729   1650.6    844.8
     1     1    21     4    21    17     0     0   -76.0   37.732  132.714   1685.8    842.0
     1     1    21     4    21    16     0     0   -77.0   37.885  132.674   1719.2    839.4
     1     1    21     4    21    15     0     0   -78.0   38.036  132.612   1751.5    836.9
     1     1    21     4    21    14     0     0   -79.0   38.185  132.531   1783.1    834.3
     1     1    21     4    21    13     0     0   -80.0   38.332  132.433   1813.5    830.9
     1     1    21     4    21    12     0     0   -81.0   38.477  132.318   1843.3    826.8
     1     1    21     4    21    11     0     0   -82.0   38.627  132.192   1875.3    822.5
     1     1    21     4    21    10     0     0   -83.0   38.787  132.056   1909.7    817.6
     1     1    21     4    21     9     0     0   -84.0   38.958  131.909   1947.9    812.0
     1     1    21     4    21     8     0     0   -85.0   39.138  131.745   1990.3    805.6
     1     1    21     4    21     7     0     0   -86.0   39.327  131.563   2037.4    798.4
     1     1    21     4    21     6     0     0   -87.0   39.524  131.359   2089.4    790.2
     1     1    21     4    21     5     0     0   -88.0   39.730  131.125   2140.7    780.6
     1     1    21     4    21     4     0     0   -89.0   39.943  130.857   2189.3    771.0
     1     1    21     4    21     3     0     0   -90.0   40.165  130.558   2234.4    759.8
     1     1    21     4    21     2     0     0   -91.0   40.397  130.232   2279.8    747.9
     1     1    21     4    21     1     0     0   -92.0   40.635  129.880   2330.0    736.0
     1     1    21     4    21     0     0     0   -93.0   40.874  129.505   2387.7    725.2
     1     1    21     4    20    23     0     0   -94.0   41.098  129.107   2444.5    714.0
     1     1    21     4    20    22     0     0   -95.0   41.300  128.685   2491.2    704.7
     1     1    21     4    20    21     0     0   -96.0   41.484  128.244   2525.7    696.9
