     2     1
    CDC1    21     7     1     0     0
    CDC1    21     8     1     0     0
     1 BACKWARD OMEGA   
  2021     8     9     9   37.500  127.000   500.0
     1 PRESSURE
     1     1    21     8     9     9     0     0     0.0   37.500  127.000    500.0    930.7
     1     1    21     8     9     8     0     0    -1.0   37.667  126.969    496.8    928.4
     1     1    21     8     9     7     0     0    -2.0   37.842  126.966    491.2    926.2
     1     1    21     8     9     6     0     0    -3.0   38.026  126.994    483.4    924.0
     1     1    21     8     9     5     0     0    -4.0   38.218  127.056    476.0    921.9
     1     1    21     8     9     4     0     0    -5.0   38.420  127.155    470.7    918.8
     1     1    21     8     9     3     0     0    -6.0   38.630  127.293    467.2    915.2
     1     1    21     8     9     2     0     0    -7.0   38.847  127.470    464.8    911.1
     1     1    21     8     9     1     0     0    -8.0   39.069  127.690    463.2    909.2
     1     1    21     8     9     0     0     0    -9.0   39.292  127.956    461.5    908.4
     1     1    21     8     8    23     0     0   -10.0   39.510  128.262    458.5    908.3
     1     1    21     8     8    22     0     0   -11.0   39.717  128.600    454.3    909.2
     1     1    21     8     8    21     0     0   -12.0   39.914  128.970    449.2    911.1
     1     1    21     8     8    20     0     0   -13.0   40.099  129.364    443.7    913.8
     1     1    21     8     8    19     0     0   -14.0   40.271  129.772    438.0    916.4
     1     1    21     8     8    18     0     0   -15.0   40.429  130.184    432.5    920.6
     1     1    21     8     8    17     0     0   -16.0   40.578  130.570    427.8    926.6
     1     1    21     8     8    16     0     0   -17.0   40.722  130.902    424.5    931.3
     1     1    21     8     8    15     0     0   -18.0   40.863  131.179    422.6    935.0
     1     1    21     8     8    14     0     0   -19.0   41.001  131.399    422.2    937.4
     1     1    21     8     8    13     0     0   -20.0   41.135  131.559    423.5    938.7
     1     1    21     8     8    12     0     0   -21.0   41.265  131.662    427.0    938.7
     1     1    21     8     8    11     0     0   -22.0   41.385  131.727    431.0    937.3
     1     1    21     8     8    10     0     0   -23.0   41.491  131.780    433.1    936.2
     1     1    21     8     8     9     0     0   -24.0   41.582  131.820    432.9    935.4
     1     1    21     8     8     8     0     0   -25.0   41.661  131.849    430.2    934.8
     1     1    21     8     8     7     0     0   -26.0   41.728  131.870    424.9    934.5
     1     1    21     8     8     6     0     0   -27.0   41.784  131.883    416.8    934.5
     1     1    21     8     8     5     0     0   -28.0   41.844  131.889    408.1    935.2
     1     1    21     8     8     4     0     0   -29.0   41.921  131.888    400.7    935.2
     1     1    21     8     8     3     0     0   -30.0   42.015  131.881    394.8    934.6
     1     1    21     8     8     2     0     0   -31.0   42.125  131.867    390.3    933.6
     1     1    21     8     8     1     0     0   -32.0   42.253  131.848    386.9    932.1
     1     1    21     8     8     0     0     0   -33.0   42.397  131.824    384.6    930.2
     1     1    21     8     7    23     0     0   -34.0   42.543  131.789    382.2    928.0
     1     1    21     8     7    22     0     0   -35.0   42.676  131.740    379.0    927.1
     1     1    21     8     7    21     0     0   -36.0   42.798  131.679    374.9    926.1
     1     1    21     8     7    20     0     0   -37.0   42.909  131.608    370.3    925.1
     1     1    21     8     7    19     0     0   -38.0   43.011  131.530    365.5    924.0
     1     1    21     8     7    18     0     0   -39.0   43.105  131.445    360.8    922.9
     1     1    21     8     7    17     0     0   -40.0   43.190  131.366    356.7    922.2
     1     1    21     8     7    16     0     0   -41.0   43.266  131.303    353.4    921.7
     1     1    21     8     7    15     0     0   -42.0   43.335  131.256    350.7    921.4
     1     1    21     8     7    14     0     0   -43.0   43.396  131.222    348.4    921.2
     1     1    21     8     7    13     0     0   -44.0   43.449  131.201    346.3    921.2
     1     1    21     8     7    12     0     0   -45.0   43.496  131.193    344.4    921.3
     1     1    21     8     7    11     0     0   -46.0   43.534  131.190    340.8    921.3
     1     1    21     8     7    10     0     0   -47.0   43.564  131.186    334.0    921.8
     1     1    21     8     7     9     0     0   -48.0   43.585  131.182    324.0    922.6
     1     1    21     8     7     8     0     0   -49.0   43.596  131.176    311.0    923.7
     1     1    21     8     7     7     0     0   -50.0   43.599  131.169    295.3    925.1
     1     1    21     8     7     6     0     0   -51.0   43.592  131.163    277.0    926.8
     1     1    21     8     7     5     0     0   -52.0   43.577  131.157    258.9    929.1
     1     1    21     8     7     4     0     0   -53.0   43.550  131.150    243.3    930.9
     1     1    21     8     7     3     0     0   -54.0   43.513  131.142    230.0    932.4
     1     1    21     8     7     2     0     0   -55.0   43.464  131.133    218.6    933.8
     1     1    21     8     7     1     0     0   -56.0   43.403  131.124    209.0    934.9
     1     1    21     8     7     0     0     0   -57.0   43.330  131.114    201.0    935.8
     1     1    21     8     6    23     0     0   -58.0   43.254  131.101    194.7    936.0
     1     1    21     8     6    22     0     0   -59.0   43.182  131.081    190.1    935.8
     1     1    21     8     6    21     0     0   -60.0   43.114  131.053    187.3    935.3
     1     1    21     8     6    20     0     0   -61.0   43.051  131.018    186.2    934.6
     1     1    21     8     6    19     0     0   -62.0   42.991  130.974    186.8    933.6
     1     1    21     8     6    18     0     0   -63.0   42.936  130.922    189.4    932.2
     1     1    21     8     6    17     0     0   -64.0   42.878  130.863    192.5    930.8
     1     1    21     8     6    16     0     0   -65.0   42.813  130.800    194.8    929.4
     1     1    21     8     6    15     0     0   -66.0   42.740  130.731    196.4    927.9
     1     1    21     8     6    14     0     0   -67.0   42.660  130.657    197.2    926.4
     1     1    21     8     6    13     0     0   -68.0   42.573  130.579    197.0    924.9
     1     1    21     8     6    12     0     0   -69.0   42.478  130.497    195.8    923.7
     1     1    21     8     6    11     0     0   -70.0   42.377  130.410    196.1    923.5
     1     1    21     8     6    10     0     0   -71.0   42.273  130.317    200.2    922.6
     1     1    21     8     6     9     0     0   -72.0   42.166  130.218    208.0    921.1
     1     1    21     8     6     8     0     0   -73.0   42.056  130.115    219.4    919.1
     1     1    21     8     6     7     0     0   -74.0   41.944  130.006    234.4    916.7
     1     1    21     8     6     6     0     0   -75.0   41.831  129.894    252.5    915.1
     1     1    21     8     6     5     0     0   -76.0   41.723  129.776    270.2    913.7
     1     1    21     8     6     4     0     0   -77.0   41.624  129.653    284.6    912.9
     1     1    21     8     6     3     0     0   -78.0   41.532  129.527    295.9    912.3
     1     1    21     8     6     2     0     0   -79.0   41.444  129.398    304.2    911.9
     1     1    21     8     6     1     0     0   -80.0   41.360  129.267    309.7    911.7
     1     1    21     8     6     0     0     0   -81.0   41.277  129.133    312.4    911.8
     1     1    21     8     5    23     0     0   -82.0   41.194  128.992    312.0    911.5
     1     1    21     8     5    22     0     0   -83.0   41.111  128.837    308.0    911.5
     1     1    21     8     5    21     0     0   -84.0   41.029  128.667    300.3    911.7
     1     1    21     8     5    20     0     0   -85.0   40.949  128.482    288.8    912.1
     1     1    21     8     5    19     0     0   -86.0   40.873  128.282    273.6    912.6
     1     1    21     8     5    18     0     0   -87.0   40.802  128.067    254.6    913.4
     1     1    21     8     5    17     0     0   -88.0   40.733  127.853    234.8    914.5
     1     1    21     8     5    16     0     0   -89.0   40.664  127.653    217.7    915.2
     1     1    21     8     5    15     0     0   -90.0   40.593  127.468    203.5    916.2
     1     1    21     8     5    14     0     0   -91.0   40.520  127.297    193.1    919.5
     1     1    21     8     5    13     0     0   -92.0   40.444  127.140    186.6    921.9
     1     1    21     8     5    12     0     0   -93.0   40.363  126.996    184.1    923.9
     1     1    21     8     5    11     0     0   -94.0   40.274  126.857    182.8    926.0
     1     1    21     8     5    10     0     0   -95.0   40.174  126.720    180.2    928.4
     1     1    21     8     5     9     0     0   -96.0   40.065  126.587    176.2    931.0
