     2     1
    CDC1    21     7     1     0     0
    CDC1    21     8     1     0     0
     1 BACKWARD OMEGA   
  2021     8    22     6   37.500  127.000   500.0
     1 PRESSURE
     1     1    21     8    22     6     0     0     0.0   37.500  127.000    500.0    934.0
     1     1    21     8    22     5     0     0    -1.0   37.468  126.748    496.9    935.5
     1     1    21     8    22     4     0     0    -2.0   37.446  126.504    494.4    936.9
     1     1    21     8    22     3     0     0    -3.0   37.435  126.267    492.4    938.1
     1     1    21     8    22     2     0     0    -4.0   37.437  126.035    490.8    939.2
     1     1    21     8    22     1     0     0    -5.0   37.453  125.809    489.6    940.3
     1     1    21     8    22     0     0     0    -6.0   37.487  125.586    488.8    941.3
     1     1    21     8    21    23     0     0    -7.0   37.527  125.352    489.3    942.2
     1     1    21     8    21    22     0     0    -8.0   37.564  125.094    490.9    943.1
     1     1    21     8    21    21     0     0    -9.0   37.597  124.814    494.1    943.5
     1     1    21     8    21    20     0     0   -10.0   37.624  124.514    499.4    943.7
     1     1    21     8    21    19     0     0   -11.0   37.643  124.197    507.1    943.8
     1     1    21     8    21    18     0     0   -12.0   37.657  123.863    517.6    943.8
     1     1    21     8    21    17     0     0   -13.0   37.682  123.534    528.5    942.8
     1     1    21     8    21    16     0     0   -14.0   37.737  123.230    537.5    942.0
     1     1    21     8    21    15     0     0   -15.0   37.828  122.949    545.6    941.1
     1     1    21     8    21    14     0     0   -16.0   37.958  122.692    553.5    940.2
     1     1    21     8    21    13     0     0   -17.0   38.130  122.457    562.0    938.9
     1     1    21     8    21    12     0     0   -18.0   38.339  122.250    571.1    936.5
     1     1    21     8    21    11     0     0   -19.0   38.559  122.072    577.9    934.1
     1     1    21     8    21    10     0     0   -20.0   38.765  121.920    580.1    932.5
     1     1    21     8    21     9     0     0   -21.0   38.959  121.792    578.0    931.4
     1     1    21     8    21     8     0     0   -22.0   39.143  121.685    572.1    930.7
     1     1    21     8    21     7     0     0   -23.0   39.317  121.598    562.7    930.5
     1     1    21     8    21     6     0     0   -24.0   39.482  121.528    550.2    930.6
     1     1    21     8    21     5     0     0   -25.0   39.642  121.480    536.6    931.2
     1     1    21     8    21     4     0     0   -26.0   39.802  121.457    524.0    931.6
     1     1    21     8    21     3     0     0   -27.0   39.962  121.458    512.2    932.0
     1     1    21     8    21     2     0     0   -28.0   40.119  121.482    501.0    931.6
     1     1    21     8    21     1     0     0   -29.0   40.275  121.525    490.5    931.1
     1     1    21     8    21     0     0     0   -30.0   40.429  121.587    480.6    930.6
     1     1    21     8    20    23     0     0   -31.0   40.551  121.650    470.5    931.0
     1     1    21     8    20    22     0     0   -32.0   40.616  121.695    458.9    932.2
     1     1    21     8    20    21     0     0   -33.0   40.624  121.723    446.0    934.2
     1     1    21     8    20    20     0     0   -34.0   40.575  121.734    431.7    936.8
     1     1    21     8    20    19     0     0   -35.0   40.470  121.732    415.7    940.2
     1     1    21     8    20    18     0     0   -36.0   40.309  121.717    398.1    944.4
     1     1    21     8    20    17     0     0   -37.0   40.122  121.704    379.9    948.7
     1     1    21     8    20    16     0     0   -38.0   39.939  121.704    362.8    951.9
     1     1    21     8    20    15     0     0   -39.0   39.759  121.715    346.9    954.4
     1     1    21     8    20    14     0     0   -40.0   39.584  121.737    332.5    956.9
     1     1    21     8    20    13     0     0   -41.0   39.412  121.769    319.8    959.3
     1     1    21     8    20    12     0     0   -42.0   39.241  121.812    309.1    961.5
     1     1    21     8    20    11     0     0   -43.0   39.070  121.859    299.7    963.7
     1     1    21     8    20    10     0     0   -44.0   38.898  121.903    290.5    965.8
     1     1    21     8    20     9     0     0   -45.0   38.726  121.943    281.3    967.8
     1     1    21     8    20     8     0     0   -46.0   38.554  121.980    271.6    969.8
     1     1    21     8    20     7     0     0   -47.0   38.383  122.013    261.2    971.9
     1     1    21     8    20     6     0     0   -48.0   38.213  122.043    249.6    974.1
     1     1    21     8    20     5     0     0   -49.0   38.041  122.075    237.6    976.6
     1     1    21     8    20     4     0     0   -50.0   37.863  122.117    226.0    978.9
     1     1    21     8    20     3     0     0   -51.0   37.679  122.169    215.3    981.2
     1     1    21     8    20     2     0     0   -52.0   37.489  122.231    205.7    983.2
     1     1    21     8    20     1     0     0   -53.0   37.291  122.303    197.5    984.0
     1     1    21     8    20     0     0     0   -54.0   37.085  122.384    190.9    984.5
     1     1    21     8    19    23     0     0   -55.0   36.871  122.466    185.6    984.9
     1     1    21     8    19    22     0     0   -56.0   36.648  122.542    181.1    985.2
     1     1    21     8    19    21     0     0   -57.0   36.420  122.613    177.3    985.4
     1     1    21     8    19    20     0     0   -58.0   36.189  122.676    174.2    985.6
     1     1    21     8    19    19     0     0   -59.0   35.957  122.731    171.6    985.7
     1     1    21     8    19    18     0     0   -60.0   35.723  122.779    169.4    985.8
     1     1    21     8    19    17     0     0   -61.0   35.500  122.826    167.1    986.1
     1     1    21     8    19    16     0     0   -62.0   35.296  122.880    164.3    986.4
     1     1    21     8    19    15     0     0   -63.0   35.111  122.939    161.6    986.8
     1     1    21     8    19    14     0     0   -64.0   34.944  123.003    159.3    987.3
     1     1    21     8    19    13     0     0   -65.0   34.796  123.071    157.5    988.1
     1     1    21     8    19    12     0     0   -66.0   34.666  123.143    156.3    988.8
     1     1    21     8    19    11     0     0   -67.0   34.551  123.215    154.6    989.3
     1     1    21     8    19    10     0     0   -68.0   34.448  123.282    151.6    990.0
     1     1    21     8    19     9     0     0   -69.0   34.354  123.344    147.1    990.8
     1     1    21     8    19     8     0     0   -70.0   34.269  123.400    141.3    991.7
     1     1    21     8    19     7     0     0   -71.0   34.192  123.452    134.2    992.7
     1     1    21     8    19     6     0     0   -72.0   34.121  123.497    125.8    993.9
     1     1    21     8    19     5     0     0   -73.0   34.056  123.539    118.5    995.2
     1     1    21     8    19     4     0     0   -74.0   33.997  123.578    114.5    995.9
     1     1    21     8    19     3     0     0   -75.0   33.943  123.616    113.6    996.2
     1     1    21     8    19     2     0     0   -76.0   33.895  123.652    115.7    996.2
     1     1    21     8    19     1     0     0   -77.0   33.855  123.686    120.8    995.7
     1     1    21     8    19     0     0     0   -78.0   33.823  123.719    128.8    995.0
     1     1    21     8    18    23     0     0   -79.0   33.797  123.752    139.0    993.5
     1     1    21     8    18    22     0     0   -80.0   33.773  123.786    150.3    992.2
     1     1    21     8    18    21     0     0   -81.0   33.753  123.821    162.7    990.7
     1     1    21     8    18    20     0     0   -82.0   33.735  123.857    176.3    989.1
     1     1    21     8    18    19     0     0   -83.0   33.719  123.894    190.9    987.5
     1     1    21     8    18    18     0     0   -84.0   33.706  123.932    206.7    985.6
     1     1    21     8    18    17     0     0   -85.0   33.700  123.971    222.1    983.3
     1     1    21     8    18    16     0     0   -86.0   33.707  124.014    236.1    981.3
     1     1    21     8    18    15     0     0   -87.0   33.727  124.060    248.6    979.6
     1     1    21     8    18    14     0     0   -88.0   33.761  124.110    259.6    978.0
     1     1    21     8    18    13     0     0   -89.0   33.808  124.164    269.0    976.6
     1     1    21     8    18    12     0     0   -90.0   33.869  124.221    276.8    975.3
     1     1    21     8    18    11     0     0   -91.0   33.942  124.280    282.9    974.4
     1     1    21     8    18    10     0     0   -92.0   34.022  124.337    287.2    973.6
     1     1    21     8    18     9     0     0   -93.0   34.109  124.393    289.8    973.1
     1     1    21     8    18     8     0     0   -94.0   34.201  124.449    291.1    972.7
     1     1    21     8    18     7     0     0   -95.0   34.297  124.506    291.1    972.5
     1     1    21     8    18     6     0     0   -96.0   34.395  124.564    290.2    972.4
