     2     1
    CDC1    21    10     1     0     0
    CDC1    21    11     1     0     0
     1 BACKWARD OMEGA   
  2021    11    20    18   37.500  127.000   500.0
     1 PRESSURE
     1     1    21    11    20    18     0     0     0.0   37.500  127.000    500.0    941.6
     1     1    21    11    20    17     0     0    -1.0   37.411  126.964    486.5    943.7
     1     1    21    11    20    16     0     0    -2.0   37.335  126.928    476.7    945.3
     1     1    21    11    20    15     0     0    -3.0   37.271  126.891    470.6    946.3
     1     1    21    11    20    14     0     0    -4.0   37.219  126.855    468.0    947.0
     1     1    21    11    20    13     0     0    -5.0   37.177  126.820    469.1    947.2
     1     1    21    11    20    12     0     0    -6.0   37.146  126.786    473.8    947.0
     1     1    21    11    20    11     0     0    -7.0   37.122  126.753    480.2    946.3
     1     1    21    11    20    10     0     0    -8.0   37.101  126.722    485.9    945.9
     1     1    21    11    20     9     0     0    -9.0   37.084  126.692    491.1    945.5
     1     1    21    11    20     8     0     0   -10.0   37.071  126.662    495.6    945.2
     1     1    21    11    20     7     0     0   -11.0   37.064  126.631    499.6    944.9
     1     1    21    11    20     6     0     0   -12.0   37.062  126.601    502.9    944.8
     1     1    21    11    20     5     0     0   -13.0   37.064  126.574    506.1    944.7
     1     1    21    11    20     4     0     0   -14.0   37.071  126.557    509.7    944.5
     1     1    21    11    20     3     0     0   -15.0   37.081  126.550    513.6    944.2
     1     1    21    11    20     2     0     0   -16.0   37.094  126.550    517.8    943.8
     1     1    21    11    20     1     0     0   -17.0   37.111  126.559    522.4    943.4
     1     1    21    11    20     0     0     0   -18.0   37.131  126.577    527.3    942.8
     1     1    21    11    19    23     0     0   -19.0   37.155  126.600    532.1    941.8
     1     1    21    11    19    22     0     0   -20.0   37.183  126.625    536.5    940.8
     1     1    21    11    19    21     0     0   -21.0   37.214  126.654    540.3    939.9
     1     1    21    11    19    20     0     0   -22.0   37.247  126.686    543.6    939.0
     1     1    21    11    19    19     0     0   -23.0   37.284  126.723    546.2    938.1
     1     1    21    11    19    18     0     0   -24.0   37.323  126.764    548.2    937.3
     1     1    21    11    19    17     0     0   -25.0   37.367  126.794    550.0    936.9
     1     1    21    11    19    16     0     0   -26.0   37.419  126.796    552.3    936.5
     1     1    21    11    19    15     0     0   -27.0   37.480  126.770    555.1    936.2
     1     1    21    11    19    14     0     0   -28.0   37.549  126.715    558.7    935.3
     1     1    21    11    19    13     0     0   -29.0   37.626  126.632    563.6    934.0
     1     1    21    11    19    12     0     0   -30.0   37.711  126.522    570.5    932.6
     1     1    21    11    19    11     0     0   -31.0   37.802  126.400    582.0    930.7
     1     1    21    11    19    10     0     0   -32.0   37.901  126.280    600.8    927.7
     1     1    21    11    19     9     0     0   -33.0   38.011  126.162    627.0    923.8
     1     1    21    11    19     8     0     0   -34.0   38.134  126.044    660.5    918.4
     1     1    21    11    19     7     0     0   -35.0   38.274  125.922    701.5    912.0
     1     1    21    11    19     6     0     0   -36.0   38.434  125.794    750.3    904.7
     1     1    21    11    19     5     0     0   -37.0   38.605  125.649    804.5    897.0
     1     1    21    11    19     4     0     0   -38.0   38.776  125.479    861.3    889.9
     1     1    21    11    19     3     0     0   -39.0   38.943  125.283    920.3    883.0
     1     1    21    11    19     2     0     0   -40.0   39.107  125.062    980.9    875.5
     1     1    21    11    19     1     0     0   -41.0   39.266  124.816   1041.9    868.7
     1     1    21    11    19     0     0     0   -42.0   39.419  124.547   1102.6    862.8
     1     1    21    11    18    23     0     0   -43.0   39.572  124.248   1159.6    857.3
     1     1    21    11    18    22     0     0   -44.0   39.730  123.914   1210.4    853.5
     1     1    21    11    18    21     0     0   -45.0   39.896  123.552   1255.5    851.0
     1     1    21    11    18    20     0     0   -46.0   40.079  123.167   1296.5    849.6
     1     1    21    11    18    19     0     0   -47.0   40.285  122.762   1336.6    848.2
     1     1    21    11    18    18     0     0   -48.0   40.522  122.335   1378.3    844.2
     1     1    21    11    18    17     0     0   -49.0   40.766  121.888   1413.3    834.6
     1     1    21    11    18    16     0     0   -50.0   40.998  121.430   1435.2    826.4
     1     1    21    11    18    15     0     0   -51.0   41.226  120.955   1445.5    818.2
     1     1    21    11    18    14     0     0   -52.0   41.457  120.456   1446.2    809.7
     1     1    21    11    18    13     0     0   -53.0   41.700  119.926   1439.5    799.6
     1     1    21    11    18    12     0     0   -54.0   41.958  119.357   1429.4    784.1
     1     1    21    11    18    11     0     0   -55.0   42.217  118.757   1426.5    766.1
     1     1    21    11    18    10     0     0   -56.0   42.465  118.128   1436.1    745.0
     1     1    21    11    18     9     0     0   -57.0   42.702  117.473   1458.7    727.7
     1     1    21    11    18     8     0     0   -58.0   42.923  116.811   1495.2    720.4
     1     1    21    11    18     7     0     0   -59.0   43.130  116.154   1537.6    713.9
     1     1    21    11    18     6     0     0   -60.0   43.334  115.497   1585.7    708.1
     1     1    21    11    18     5     0     0   -61.0   43.550  114.839   1638.6    704.0
     1     1    21    11    18     4     0     0   -62.0   43.785  114.185   1697.4    703.7
     1     1    21    11    18     3     0     0   -63.0   44.035  113.532   1754.4    703.8
     1     1    21    11    18     2     0     0   -64.0   44.296  112.870   1809.4    704.1
     1     1    21    11    18     1     0     0   -65.0   44.565  112.194   1860.1    702.9
     1     1    21    11    18     0     0     0   -66.0   44.840  111.497   1905.7    699.3
     1     1    21    11    17    23     0     0   -67.0   45.113  110.782   1947.7    693.5
     1     1    21    11    17    22     0     0   -68.0   45.373  110.052   1987.3    683.7
     1     1    21    11    17    21     0     0   -69.0   45.612  109.309   2021.3    673.4
     1     1    21    11    17    20     0     0   -70.0   45.828  108.556   2047.5    665.3
     1     1    21    11    17    19     0     0   -71.0   46.021  107.800   2061.8    659.5
     1     1    21    11    17    18     0     0   -72.0   46.196  107.044   2063.4    656.7
     1     1    21    11    17    17     0     0   -73.0   46.368  106.297   2060.2    656.1
     1     1    21    11    17    16     0     0   -74.0   46.547  105.558   2059.8    655.3
     1     1    21    11    17    15     0     0   -75.0   46.725  104.820   2058.8    653.3
     1     1    21    11    17    14     0     0   -76.0   46.902  104.060   2054.2    645.4
     1     1    21    11    17    13     0     0   -77.0   47.079  103.254   2054.1    635.8
     1     1    21    11    17    12     0     0   -78.0   47.257  102.389   2057.9    624.1
     1     1    21    11    17    11     0     0   -79.0   47.437  101.447   2061.1    606.6
     1     1    21    11    17    10     0     0   -80.0   47.622  100.409   2064.5    588.0
     1     1    21    11    17     9     0     0   -81.0   47.804   99.291   2071.6    580.3
     1     1    21    11    17     8     0     0   -82.0   47.970   98.134   2074.8    581.1
     1     1    21    11    17     7     0     0   -83.0   48.116   96.965   2073.4    589.5
     1     1    21    11    17     6     0     0   -84.0   48.236   95.816   2071.3    605.7
     1     1    21    11    17     5     0     0   -85.0   48.339   94.707   2069.8    618.8
     1     1    21    11    17     4     0     0   -86.0   48.433   93.622   2076.6    621.3
     1     1    21    11    17     3     0     0   -87.0   48.514   92.532   2093.2    621.8
     1     1    21    11    17     2     0     0   -88.0   48.579   91.408   2105.7    613.7
     1     1    21    11    17     1     0     0   -89.0   48.626   90.221   2116.9    604.3
     1     1    21    11    17     0     0     0   -90.0   48.652   88.994   2136.4    606.8
     1     1    21    11    16    23     0     0   -91.0   48.643   87.774   2139.7    614.3
     1     1    21    11    16    22     0     0   -92.0   48.586   86.622   2133.9    636.2
     1     1    21    11    16    21     0     0   -93.0   48.480   85.583   2112.6    662.1
     1     1    21    11    16    20     0     0   -94.0   48.334   84.649   2078.6    685.6
     1     1    21    11    16    19     0     0   -95.0   48.164   83.789   2041.0    704.0
     1     1    21    11    16    18     0     0   -96.0   47.981   82.979   2011.5    719.3
