     2     1
    CDC1    21     6     1     0     0
    CDC1    21     7     1     0     0
     1 BACKWARD OMEGA   
  2021     7     2    12   37.500  127.000   500.0
     1 PRESSURE
     1     1    21     7     2    12     0     0     0.0   37.500  127.000    500.0    934.4
     1     1    21     7     2    11     0     0    -1.0   37.484  127.213    512.1    931.9
     1     1    21     7     2    10     0     0    -2.0   37.494  127.418    521.5    929.8
     1     1    21     7     2     9     0     0    -3.0   37.529  127.612    528.1    928.5
     1     1    21     7     2     8     0     0    -4.0   37.587  127.793    531.6    927.9
     1     1    21     7     2     7     0     0    -5.0   37.667  127.957    532.1    927.3
     1     1    21     7     2     6     0     0    -6.0   37.765  128.104    530.3    926.7
     1     1    21     7     2     5     0     0    -7.0   37.869  128.243    528.0    926.4
     1     1    21     7     2     4     0     0    -8.0   37.964  128.386    527.0    926.0
     1     1    21     7     2     3     0     0    -9.0   38.050  128.535    527.2    925.7
     1     1    21     7     2     2     0     0   -10.0   38.128  128.691    528.5    925.5
     1     1    21     7     2     1     0     0   -11.0   38.198  128.855    531.0    925.4
     1     1    21     7     2     0     0     0   -12.0   38.261  129.031    534.8    925.4
     1     1    21     7     1    23     0     0   -13.0   38.322  129.209    539.4    925.0
     1     1    21     7     1    22     0     0   -14.0   38.389  129.382    544.6    924.6
     1     1    21     7     1    21     0     0   -15.0   38.461  129.549    550.2    924.2
     1     1    21     7     1    20     0     0   -16.0   38.536  129.710    556.5    923.6
     1     1    21     7     1    19     0     0   -17.0   38.614  129.864    563.3    923.1
     1     1    21     7     1    18     0     0   -18.0   38.693  130.012    570.8    922.5
     1     1    21     7     1    17     0     0   -19.0   38.767  130.150    578.2    922.8
     1     1    21     7     1    16     0     0   -20.0   38.827  130.274    584.6    923.2
     1     1    21     7     1    15     0     0   -21.0   38.875  130.387    589.8    923.7
     1     1    21     7     1    14     0     0   -22.0   38.911  130.488    593.8    924.2
     1     1    21     7     1    13     0     0   -23.0   38.936  130.580    596.6    924.8
     1     1    21     7     1    12     0     0   -24.0   38.949  130.664    598.3    925.5
     1     1    21     7     1    11     0     0   -25.0   38.954  130.745    599.5    926.5
     1     1    21     7     1    10     0     0   -26.0   38.953  130.828    600.9    927.5
     1     1    21     7     1     9     0     0   -27.0   38.945  130.913    602.5    928.6
     1     1    21     7     1     8     0     0   -28.0   38.930  131.002    604.3    929.7
     1     1    21     7     1     7     0     0   -29.0   38.908  131.094    606.5    930.9
     1     1    21     7     1     6     0     0   -30.0   38.878  131.189    609.0    932.0
     1     1    21     7     1     5     0     0   -31.0   38.848  131.284    613.3    933.2
     1     1    21     7     1     4     0     0   -32.0   38.822  131.372    621.4    933.7
     1     1    21     7     1     3     0     0   -33.0   38.802  131.452    633.0    933.7
     1     1    21     7     1     2     0     0   -34.0   38.788  131.524    648.4    932.9
     1     1    21     7     1     1     0     0   -35.0   38.783  131.586    667.5    931.6
     1     1    21     7     1     0     0     0   -36.0   38.786  131.637    690.7    929.7
     1     1    21     6    30    23     0     0   -37.0   38.779  131.675    715.6    927.0
     1     1    21     6    30    22     0     0   -38.0   38.744  131.700    740.3    924.5
     1     1    21     6    30    21     0     0   -39.0   38.681  131.714    764.6    921.9
     1     1    21     6    30    20     0     0   -40.0   38.588  131.718    788.5    919.4
     1     1    21     6    30    19     0     0   -41.0   38.465  131.713    812.0    917.0
     1     1    21     6    30    18     0     0   -42.0   38.311  131.701    835.1    914.5
     1     1    21     6    30    17     0     0   -43.0   38.146  131.696    856.5    912.3
     1     1    21     6    30    16     0     0   -44.0   37.989  131.714    875.7    910.7
     1     1    21     6    30    15     0     0   -45.0   37.841  131.755    892.1    909.5
     1     1    21     6    30    14     0     0   -46.0   37.702  131.822    905.8    908.7
     1     1    21     6    30    13     0     0   -47.0   37.573  131.915    916.8    908.3
     1     1    21     6    30    12     0     0   -48.0   37.454  132.036    924.8    907.9
     1     1    21     6    30    11     0     0   -49.0   37.343  132.169    931.2    907.6
     1     1    21     6    30    10     0     0   -50.0   37.238  132.296    936.0    907.4
     1     1    21     6    30     9     0     0   -51.0   37.137  132.414    939.9    907.1
     1     1    21     6    30     8     0     0   -52.0   37.040  132.521    942.7    906.7
     1     1    21     6    30     7     0     0   -53.0   36.944  132.616    944.4    905.3
     1     1    21     6    30     6     0     0   -54.0   36.849  132.697    945.1    904.1
     1     1    21     6    30     5     0     0   -55.0   36.754  132.770    945.4    903.0
     1     1    21     6    30     4     0     0   -56.0   36.659  132.842    945.7    901.9
     1     1    21     6    30     3     0     0   -57.0   36.565  132.910    946.1    900.7
     1     1    21     6    30     2     0     0   -58.0   36.474  132.977    946.6    899.6
     1     1    21     6    30     1     0     0   -59.0   36.384  133.040    947.3    898.6
     1     1    21     6    30     0     0     0   -60.0   36.298  133.101    948.1    897.5
     1     1    21     6    29    23     0     0   -61.0   36.217  133.155    947.7    896.2
     1     1    21     6    29    22     0     0   -62.0   36.143  133.199    945.2    895.5
     1     1    21     6    29    21     0     0   -63.0   36.077  133.235    940.6    895.0
     1     1    21     6    29    20     0     0   -64.0   36.019  133.262    934.1    894.9
     1     1    21     6    29    19     0     0   -65.0   35.969  133.281    925.9    895.0
     1     1    21     6    29    18     0     0   -66.0   35.929  133.292    916.0    895.3
     1     1    21     6    29    17     0     0   -67.0   35.897  133.305    907.3    896.2
     1     1    21     6    29    16     0     0   -68.0   35.871  133.326    902.2    896.4
     1     1    21     6    29    15     0     0   -69.0   35.852  133.353    900.8    896.3
     1     1    21     6    29    14     0     0   -70.0   35.840  133.387    903.2    895.8
     1     1    21     6    29    13     0     0   -71.0   35.835  133.427    909.2    895.0
     1     1    21     6    29    12     0     0   -72.0   35.836  133.472    919.0    893.8
     1     1    21     6    29    11     0     0   -73.0   35.854  133.527    928.9    891.9
     1     1    21     6    29    10     0     0   -74.0   35.896  133.594    936.7    890.6
     1     1    21     6    29     9     0     0   -75.0   35.963  133.675    941.9    889.7
     1     1    21     6    29     8     0     0   -76.0   36.056  133.770    944.4    889.1
     1     1    21     6    29     7     0     0   -77.0   36.176  133.880    944.3    889.0
     1     1    21     6    29     6     0     0   -78.0   36.325  134.005    941.5    889.2
     1     1    21     6    29     5     0     0   -79.0   36.494  134.142    939.6    890.1
     1     1    21     6    29     4     0     0   -80.0   36.675  134.288    939.6    890.4
     1     1    21     6    29     3     0     0   -81.0   36.866  134.445    941.5    890.6
     1     1    21     6    29     2     0     0   -82.0   37.065  134.613    944.8    890.5
     1     1    21     6    29     1     0     0   -83.0   37.270  134.795    948.7    890.3
     1     1    21     6    29     0     0     0   -84.0   37.481  134.994    952.2    890.0
     1     1    21     6    28    23     0     0   -85.0   37.675  135.205    952.2    888.8
     1     1    21     6    28    22     0     0   -86.0   37.834  135.426    949.4    888.0
     1     1    21     6    28    21     0     0   -87.0   37.958  135.656    943.5    887.3
     1     1    21     6    28    20     0     0   -88.0   38.048  135.897    935.4    886.5
     1     1    21     6    28    19     0     0   -89.0   38.103  136.147    925.7    885.5
     1     1    21     6    28    18     0     0   -90.0   38.125  136.408    914.8    884.1
     1     1    21     6    28    17     0     0   -91.0   38.121  136.677    903.3    882.4
     1     1    21     6    28    16     0     0   -92.0   38.103  136.951    892.2    880.4
     1     1    21     6    28    15     0     0   -93.0   38.072  137.230    882.3    878.1
     1     1    21     6    28    14     0     0   -94.0   38.029  137.511    874.7    875.5
     1     1    21     6    28    13     0     0   -95.0   37.980  137.795    870.9    875.8
     1     1    21     6    28    12     0     0   -96.0   37.927  138.083    870.0    875.8
