     2     1
    CDC1    21     1     1     0     0
    CDC1    21     2     1     0     0
     1 BACKWARD OMEGA   
  2021     2     5    15   37.500  127.000   500.0
     1 PRESSURE
     1     1    21     2     5    15     0     0     0.0   37.500  127.000    500.0    935.4
     1     1    21     2     5    14     0     0    -1.0   37.363  126.607    488.4    938.9
     1     1    21     2     5    13     0     0    -2.0   37.206  126.239    470.3    943.5
     1     1    21     2     5    12     0     0    -3.0   37.031  125.900    445.7    948.6
     1     1    21     2     5    11     0     0    -4.0   36.840  125.588    417.4    955.0
     1     1    21     2     5    10     0     0    -5.0   36.636  125.299    387.6    961.5
     1     1    21     2     5     9     0     0    -6.0   36.418  125.034    357.2    967.3
     1     1    21     2     5     8     0     0    -7.0   36.190  124.796    327.5    972.2
     1     1    21     2     5     7     0     0    -8.0   35.953  124.586    300.1    976.6
     1     1    21     2     5     6     0     0    -9.0   35.709  124.406    274.6    980.8
     1     1    21     2     5     5     0     0   -10.0   35.470  124.261    251.4    984.8
     1     1    21     2     5     4     0     0   -11.0   35.248  124.152    230.7    988.4
     1     1    21     2     5     3     0     0   -12.0   35.042  124.075    212.4    991.8
     1     1    21     2     5     2     0     0   -13.0   34.853  124.026    196.6    994.9
     1     1    21     2     5     1     0     0   -14.0   34.680  123.999    183.9    997.3
     1     1    21     2     5     0     0     0   -15.0   34.523  123.990    174.1    999.3
     1     1    21     2     4    23     0     0   -16.0   34.383  123.988    167.2   1000.8
     1     1    21     2     4    22     0     0   -17.0   34.257  123.982    162.8   1001.9
     1     1    21     2     4    21     0     0   -18.0   34.146  123.972    160.8   1002.7
     1     1    21     2     4    20     0     0   -19.0   34.050  123.959    161.4   1003.2
     1     1    21     2     4    19     0     0   -20.0   33.967  123.943    164.3   1003.4
     1     1    21     2     4    18     0     0   -21.0   33.897  123.921    169.9   1003.2
     1     1    21     2     4    17     0     0   -22.0   33.839  123.900    177.2   1002.8
     1     1    21     2     4    16     0     0   -23.0   33.794  123.887    185.2   1002.4
     1     1    21     2     4    15     0     0   -24.0   33.763  123.880    194.0   1002.0
     1     1    21     2     4    14     0     0   -25.0   33.744  123.878    203.4   1001.2
     1     1    21     2     4    13     0     0   -26.0   33.740  123.881    213.5   1000.1
     1     1    21     2     4    12     0     0   -27.0   33.749  123.886    224.3    998.9
     1     1    21     2     4    11     0     0   -28.0   33.770  123.890    236.0    997.4
     1     1    21     2     4    10     0     0   -29.0   33.801  123.889    248.5    995.9
     1     1    21     2     4     9     0     0   -30.0   33.839  123.882    262.0    994.2
     1     1    21     2     4     8     0     0   -31.0   33.886  123.871    276.4    992.5
     1     1    21     2     4     7     0     0   -32.0   33.938  123.853    291.9    990.7
     1     1    21     2     4     6     0     0   -33.0   33.997  123.831    308.6    988.8
     1     1    21     2     4     5     0     0   -34.0   34.070  123.813    327.3    986.6
     1     1    21     2     4     4     0     0   -35.0   34.166  123.808    348.8    983.9
     1     1    21     2     4     3     0     0   -36.0   34.285  123.815    373.6    981.0
     1     1    21     2     4     2     0     0   -37.0   34.429  123.835    402.7    977.2
     1     1    21     2     4     1     0     0   -38.0   34.601  123.867    437.2    972.4
     1     1    21     2     4     0     0     0   -39.0   34.805  123.909    478.5    966.8
     1     1    21     2     3    23     0     0   -40.0   35.034  123.932    524.2    959.8
     1     1    21     2     3    22     0     0   -41.0   35.278  123.904    571.2    953.5
     1     1    21     2     3    21     0     0   -42.0   35.536  123.826    618.4    947.6
     1     1    21     2     3    20     0     0   -43.0   35.811  123.702    667.0    941.2
     1     1    21     2     3    19     0     0   -44.0   36.108  123.537    718.8    934.7
     1     1    21     2     3    18     0     0   -45.0   36.430  123.337    776.9    927.9
     1     1    21     2     3    17     0     0   -46.0   36.754  123.104    835.3    920.6
     1     1    21     2     3    16     0     0   -47.0   37.057  122.841    885.7    915.3
     1     1    21     2     3    15     0     0   -48.0   37.350  122.552    926.4    911.4
     1     1    21     2     3    14     0     0   -49.0   37.639  122.239    957.0    907.1
     1     1    21     2     3    13     0     0   -50.0   37.929  121.905    979.6    902.9
     1     1    21     2     3    12     0     0   -51.0   38.230  121.555    998.0    899.3
     1     1    21     2     3    11     0     0   -52.0   38.524  121.201   1015.2    895.6
     1     1    21     2     3    10     0     0   -53.0   38.788  120.854   1031.4    891.5
     1     1    21     2     3     9     0     0   -54.0   39.021  120.509   1044.9    887.6
     1     1    21     2     3     8     0     0   -55.0   39.225  120.167   1054.2    884.1
     1     1    21     2     3     7     0     0   -56.0   39.402  119.823   1058.9    879.5
     1     1    21     2     3     6     0     0   -57.0   39.557  119.477   1060.5    873.4
     1     1    21     2     3     5     0     0   -58.0   39.700  119.123   1063.8    867.5
     1     1    21     2     3     4     0     0   -59.0   39.840  118.751   1070.0    859.8
     1     1    21     2     3     3     0     0   -60.0   39.974  118.358   1076.6    851.1
     1     1    21     2     3     2     0     0   -61.0   40.101  117.938   1079.8    840.8
     1     1    21     2     3     1     0     0   -62.0   40.219  117.487   1076.9    830.1
     1     1    21     2     3     0     0     0   -63.0   40.330  117.005   1066.6    818.6
     1     1    21     2     2    23     0     0   -64.0   40.445  116.499   1056.4    808.3
     1     1    21     2     2    22     0     0   -65.0   40.571  115.968   1048.5    796.7
     1     1    21     2     2    21     0     0   -66.0   40.702  115.409   1039.4    785.2
     1     1    21     2     2    20     0     0   -67.0   40.834  114.825   1025.7    775.7
     1     1    21     2     2    19     0     0   -68.0   40.962  114.225   1006.1    771.2
     1     1    21     2     2    18     0     0   -69.0   41.081  113.616    978.0    768.5
     1     1    21     2     2    17     0     0   -70.0   41.203  113.013    951.4    768.4
     1     1    21     2     2    16     0     0   -71.0   41.338  112.426    935.2    768.1
     1     1    21     2     2    15     0     0   -72.0   41.471  111.862    927.3    770.4
     1     1    21     2     2    14     0     0   -73.0   41.592  111.325    922.6    772.6
     1     1    21     2     2    13     0     0   -74.0   41.687  110.808    916.4    775.2
     1     1    21     2     2    12     0     0   -75.0   41.746  110.312    904.4    778.3
     1     1    21     2     2    11     0     0   -76.0   41.781  109.828    886.0    781.7
     1     1    21     2     2    10     0     0   -77.0   41.816  109.349    864.5    783.2
     1     1    21     2     2     9     0     0   -78.0   41.851  108.869    841.9    784.7
     1     1    21     2     2     8     0     0   -79.0   41.881  108.386    819.0    786.1
     1     1    21     2     2     7     0     0   -80.0   41.901  107.898    796.5    787.4
     1     1    21     2     2     6     0     0   -81.0   41.905  107.403    775.9    788.6
     1     1    21     2     2     5     0     0   -82.0   41.914  106.920    758.0    790.3
     1     1    21     2     2     4     0     0   -83.0   41.948  106.467    740.9    791.9
     1     1    21     2     2     3     0     0   -84.0   42.006  106.044    723.5    793.6
     1     1    21     2     2     2     0     0   -85.0   42.087  105.650    704.8    795.4
     1     1    21     2     2     1     0     0   -86.0   42.190  105.285    683.8    797.3
     1     1    21     2     2     0     0     0   -87.0   42.313  104.949    659.7    799.8
     1     1    21     2     1    23     0     0   -88.0   42.435  104.615    639.8    804.9
     1     1    21     2     1    22     0     0   -89.0   42.535  104.257    631.4    808.2
     1     1    21     2     1    21     0     0   -90.0   42.614  103.875    635.3    809.6
     1     1    21     2     1    20     0     0   -91.0   42.675  103.471    651.8    809.6
     1     1    21     2     1    19     0     0   -92.0   42.722  103.047    680.6    808.5
     1     1    21     2     1    18     0     0   -93.0   42.757  102.607    721.8    806.2
     1     1    21     2     1    17     0     0   -94.0   42.791  102.179    767.3    800.5
     1     1    21     2     1    16     0     0   -95.0   42.833  101.785    809.5    795.1
     1     1    21     2     1    15     0     0   -96.0   42.885  101.419    848.5    789.8
