     2     1
    CDC1    21     8     1     0     0
    CDC1    21     9     1     0     0
     1 BACKWARD OMEGA   
  2021     9    26    21   37.500  127.000   500.0
     1 PRESSURE
     1     1    21     9    26    21     0     0     0.0   37.500  127.000    500.0    941.1
     1     1    21     9    26    20     0     0    -1.0   37.390  127.166    486.0    942.2
     1     1    21     9    26    19     0     0    -2.0   37.292  127.334    476.4    942.6
     1     1    21     9    26    18     0     0    -3.0   37.207  127.503    470.9    942.5
     1     1    21     9    26    17     0     0    -4.0   37.142  127.674    469.0    943.4
     1     1    21     9    26    16     0     0    -5.0   37.100  127.845    469.8    944.1
     1     1    21     9    26    15     0     0    -6.0   37.078  128.016    473.0    944.5
     1     1    21     9    26    14     0     0    -7.0   37.075  128.187    478.3    944.5
     1     1    21     9    26    13     0     0    -8.0   37.088  128.358    485.5    944.4
     1     1    21     9    26    12     0     0    -9.0   37.118  128.527    494.5    944.1
     1     1    21     9    26    11     0     0   -10.0   37.158  128.697    504.8    943.7
     1     1    21     9    26    10     0     0   -11.0   37.204  128.871    515.6    943.3
     1     1    21     9    26     9     0     0   -12.0   37.256  129.046    527.2    942.8
     1     1    21     9    26     8     0     0   -13.0   37.313  129.224    539.7    942.4
     1     1    21     9    26     7     0     0   -14.0   37.374  129.403    553.3    942.0
     1     1    21     9    26     6     0     0   -15.0   37.440  129.584    568.0    941.5
     1     1    21     9    26     5     0     0   -16.0   37.511  129.761    584.6    940.9
     1     1    21     9    26     4     0     0   -17.0   37.586  129.931    603.8    939.2
     1     1    21     9    26     3     0     0   -18.0   37.665  130.092    625.5    937.6
     1     1    21     9    26     2     0     0   -19.0   37.748  130.242    649.2    935.6
     1     1    21     9    26     1     0     0   -20.0   37.832  130.379    674.4    933.5
     1     1    21     9    26     0     0     0   -21.0   37.920  130.502    701.2    931.1
     1     1    21     9    25    23     0     0   -22.0   38.005  130.613    725.9    928.6
     1     1    21     9    25    22     0     0   -23.0   38.083  130.715    744.5    927.2
     1     1    21     9    25    21     0     0   -24.0   38.154  130.807    757.1    926.6
     1     1    21     9    25    20     0     0   -25.0   38.216  130.889    763.8    926.6
     1     1    21     9    25    19     0     0   -26.0   38.269  130.962    764.6    927.2
     1     1    21     9    25    18     0     0   -27.0   38.314  131.027    759.7    928.4
     1     1    21     9    25    17     0     0   -28.0   38.352  131.091    751.4    930.3
     1     1    21     9    25    16     0     0   -29.0   38.386  131.165    741.7    932.3
     1     1    21     9    25    15     0     0   -30.0   38.415  131.250    730.7    934.6
     1     1    21     9    25    14     0     0   -31.0   38.441  131.345    718.5    937.2
     1     1    21     9    25    13     0     0   -32.0   38.463  131.451    705.3    940.0
     1     1    21     9    25    12     0     0   -33.0   38.484  131.569    691.1    943.2
     1     1    21     9    25    11     0     0   -34.0   38.508  131.697    677.3    946.5
     1     1    21     9    25    10     0     0   -35.0   38.543  131.836    665.1    949.6
     1     1    21     9    25     9     0     0   -36.0   38.587  131.985    654.5    952.8
     1     1    21     9    25     8     0     0   -37.0   38.641  132.143    645.5    956.0
     1     1    21     9    25     7     0     0   -38.0   38.705  132.312    638.1    959.2
     1     1    21     9    25     6     0     0   -39.0   38.777  132.489    632.3    962.5
     1     1    21     9    25     5     0     0   -40.0   38.849  132.672    627.1    963.0
     1     1    21     9    25     4     0     0   -41.0   38.909  132.856    623.0    963.3
     1     1    21     9    25     3     0     0   -42.0   38.959  133.041    619.7    963.5
     1     1    21     9    25     2     0     0   -43.0   38.998  133.228    617.3    963.7
     1     1    21     9    25     1     0     0   -44.0   39.028  133.420    615.4    963.8
     1     1    21     9    25     0     0     0   -45.0   39.048  133.616    614.0    963.9
     1     1    21     9    24    23     0     0   -46.0   39.064  133.821    611.4    963.6
     1     1    21     9    24    22     0     0   -47.0   39.085  134.035    606.4    963.8
     1     1    21     9    24    21     0     0   -48.0   39.111  134.258    598.7    964.3
     1     1    21     9    24    20     0     0   -49.0   39.144  134.488    588.0    965.2
     1     1    21     9    24    19     0     0   -50.0   39.186  134.722    574.2    966.6
     1     1    21     9    24    18     0     0   -51.0   39.239  134.958    556.9    968.6
     1     1    21     9    24    17     0     0   -52.0   39.302  135.192    539.6    969.7
     1     1    21     9    24    16     0     0   -53.0   39.376  135.421    527.2    969.6
     1     1    21     9    24    15     0     0   -54.0   39.460  135.646    519.6    969.2
     1     1    21     9    24    14     0     0   -55.0   39.553  135.868    517.0    968.5
     1     1    21     9    24    13     0     0   -56.0   39.655  136.087    519.4    967.5
     1     1    21     9    24    12     0     0   -57.0   39.765  136.306    526.6    966.1
     1     1    21     9    24    11     0     0   -58.0   39.888  136.523    534.9    964.5
     1     1    21     9    24    10     0     0   -59.0   40.029  136.736    539.9    963.6
     1     1    21     9    24     9     0     0   -60.0   40.190  136.946    542.2    960.9
     1     1    21     9    24     8     0     0   -61.0   40.369  137.151    542.9    958.5
     1     1    21     9    24     7     0     0   -62.0   40.568  137.353    542.4    956.4
     1     1    21     9    24     6     0     0   -63.0   40.786  137.555    541.1    954.7
     1     1    21     9    24     5     0     0   -64.0   41.020  137.750    541.6    953.7
     1     1    21     9    24     4     0     0   -65.0   41.265  137.930    546.0    952.1
     1     1    21     9    24     3     0     0   -66.0   41.523  138.096    554.4    950.2
     1     1    21     9    24     2     0     0   -67.0   41.796  138.250    567.0    948.0
     1     1    21     9    24     1     0     0   -68.0   42.086  138.394    583.8    945.4
     1     1    21     9    24     0     0     0   -69.0   42.397  138.530    605.3    942.4
     1     1    21     9    23    23     0     0   -70.0   42.712  138.666    628.9    937.8
     1     1    21     9    23    22     0     0   -71.0   43.014  138.806    651.8    932.9
     1     1    21     9    23    21     0     0   -72.0   43.300  138.951    673.8    928.4
     1     1    21     9    23    20     0     0   -73.0   43.571  139.107    694.9    924.4
     1     1    21     9    23    19     0     0   -74.0   43.828  139.277    714.9    920.8
     1     1    21     9    23    18     0     0   -75.0   44.070  139.466    733.8    917.7
     1     1    21     9    23    17     0     0   -76.0   44.307  139.673    752.9    915.4
     1     1    21     9    23    16     0     0   -77.0   44.546  139.900    773.8    913.1
     1     1    21     9    23    15     0     0   -78.0   44.789  140.152    796.5    910.9
     1     1    21     9    23    14     0     0   -79.0   45.036  140.427    821.3    908.7
     1     1    21     9    23    13     0     0   -80.0   45.287  140.718    847.3    906.0
     1     1    21     9    23    12     0     0   -81.0   45.543  141.018    874.5    903.5
     1     1    21     9    23    11     0     0   -82.0   45.799  141.316    899.5    900.9
     1     1    21     9    23    10     0     0   -83.0   46.052  141.602    919.2    899.6
     1     1    21     9    23     9     0     0   -84.0   46.303  141.877    933.1    899.0
     1     1    21     9    23     8     0     0   -85.0   46.556  142.144    941.0    899.1
     1     1    21     9    23     7     0     0   -86.0   46.813  142.404    942.7    900.2
     1     1    21     9    23     6     0     0   -87.0   47.079  142.657    938.2    901.3
     1     1    21     9    23     5     0     0   -88.0   47.354  142.903    931.9    902.8
     1     1    21     9    23     4     0     0   -89.0   47.634  143.144    928.1    903.3
     1     1    21     9    23     3     0     0   -90.0   47.915  143.377    926.8    903.1
     1     1    21     9    23     2     0     0   -91.0   48.192  143.605    928.4    902.8
     1     1    21     9    23     1     0     0   -92.0   48.464  143.835    933.4    902.3
     1     1    21     9    23     0     0     0   -93.0   48.729  144.072    942.1    901.5
     1     1    21     9    22    23     0     0   -94.0   48.985  144.313    953.4    900.3
     1     1    21     9    22    22     0     0   -95.0   49.229  144.555    966.2    899.3
     1     1    21     9    22    21     0     0   -96.0   49.461  144.798    980.4    898.3
