     2     1
    CDC1    21     7     1     0     0
    CDC1    21     8     1     0     0
     1 BACKWARD OMEGA   
  2021     8     7    12   37.500  127.000   500.0
     1 PRESSURE
     1     1    21     8     7    12     0     0     0.0   37.500  127.000    500.0    930.1
     1     1    21     8     7    11     0     0    -1.0   37.583  127.006    512.9    927.3
     1     1    21     8     7    10     0     0    -2.0   37.668  127.003    524.0    924.7
     1     1    21     8     7     9     0     0    -3.0   37.756  126.990    533.2    922.4
     1     1    21     8     7     8     0     0    -4.0   37.848  126.968    540.4    920.4
     1     1    21     8     7     7     0     0    -5.0   37.944  126.935    545.5    918.6
     1     1    21     8     7     6     0     0    -6.0   38.045  126.891    548.4    917.0
     1     1    21     8     7     5     0     0    -7.0   38.143  126.844    549.3    916.0
     1     1    21     8     7     4     0     0    -8.0   38.229  126.800    548.4    915.2
     1     1    21     8     7     3     0     0    -9.0   38.304  126.759    545.5    914.8
     1     1    21     8     7     2     0     0   -10.0   38.367  126.722    540.6    914.8
     1     1    21     8     7     1     0     0   -11.0   38.417  126.689    533.6    915.1
     1     1    21     8     7     0     0     0   -12.0   38.456  126.660    524.4    915.8
     1     1    21     8     6    23     0     0   -13.0   38.492  126.634    516.0    916.6
     1     1    21     8     6    22     0     0   -14.0   38.531  126.608    510.6    916.7
     1     1    21     8     6    21     0     0   -15.0   38.573  126.582    508.3    916.4
     1     1    21     8     6    20     0     0   -16.0   38.619  126.555    509.3    915.7
     1     1    21     8     6    19     0     0   -17.0   38.668  126.527    513.4    914.6
     1     1    21     8     6    18     0     0   -18.0   38.719  126.495    520.8    913.2
     1     1    21     8     6    17     0     0   -19.0   38.764  126.461    529.1    911.7
     1     1    21     8     6    16     0     0   -20.0   38.796  126.428    536.6    910.7
     1     1    21     8     6    15     0     0   -21.0   38.815  126.394    543.1    910.0
     1     1    21     8     6    14     0     0   -22.0   38.820  126.361    548.6    909.6
     1     1    21     8     6    13     0     0   -23.0   38.812  126.329    553.2    909.4
     1     1    21     8     6    12     0     0   -24.0   38.791  126.299    556.9    909.6
     1     1    21     8     6    11     0     0   -25.0   38.763  126.264    559.3    909.9
     1     1    21     8     6    10     0     0   -26.0   38.734  126.219    559.8    910.5
     1     1    21     8     6     9     0     0   -27.0   38.704  126.163    558.4    911.4
     1     1    21     8     6     8     0     0   -28.0   38.672  126.097    554.8    912.6
     1     1    21     8     6     7     0     0   -29.0   38.640  126.019    549.1    914.1
     1     1    21     8     6     6     0     0   -30.0   38.607  125.931    541.0    915.9
     1     1    21     8     6     5     0     0   -31.0   38.569  125.837    531.7    918.4
     1     1    21     8     6     4     0     0   -32.0   38.524  125.745    522.2    920.8
     1     1    21     8     6     3     0     0   -33.0   38.470  125.657    512.6    923.4
     1     1    21     8     6     2     0     0   -34.0   38.406  125.572    502.8    926.0
     1     1    21     8     6     1     0     0   -35.0   38.333  125.494    492.8    928.8
     1     1    21     8     6     0     0     0   -36.0   38.248  125.422    482.9    931.8
     1     1    21     8     5    23     0     0   -37.0   38.159  125.344    471.8    934.6
     1     1    21     8     5    22     0     0   -38.0   38.071  125.248    458.0    937.9
     1     1    21     8     5    21     0     0   -39.0   37.985  125.136    441.9    941.6
     1     1    21     8     5    20     0     0   -40.0   37.898  125.008    423.7    945.6
     1     1    21     8     5    19     0     0   -41.0   37.811  124.866    404.3    949.5
     1     1    21     8     5    18     0     0   -42.0   37.723  124.712    384.2    953.4
     1     1    21     8     5    17     0     0   -43.0   37.630  124.557    366.0    956.9
     1     1    21     8     5    16     0     0   -44.0   37.529  124.411    351.7    959.8
     1     1    21     8     5    15     0     0   -45.0   37.423  124.278    340.5    961.6
     1     1    21     8     5    14     0     0   -46.0   37.312  124.157    332.2    962.8
     1     1    21     8     5    13     0     0   -47.0   37.197  124.051    326.5    963.7
     1     1    21     8     5    12     0     0   -48.0   37.078  123.959    323.4    964.3
     1     1    21     8     5    11     0     0   -49.0   36.954  123.880    321.3    964.6
     1     1    21     8     5    10     0     0   -50.0   36.826  123.812    318.9    965.0
     1     1    21     8     5     9     0     0   -51.0   36.695  123.757    316.1    965.4
     1     1    21     8     5     8     0     0   -52.0   36.559  123.713    313.1    965.9
     1     1    21     8     5     7     0     0   -53.0   36.422  123.682    309.8    966.4
     1     1    21     8     5     6     0     0   -54.0   36.282  123.664    306.3    966.9
     1     1    21     8     5     5     0     0   -55.0   36.141  123.658    303.0    967.4
     1     1    21     8     5     4     0     0   -56.0   36.001  123.667    300.2    967.8
     1     1    21     8     5     3     0     0   -57.0   35.861  123.689    298.0    968.1
     1     1    21     8     5     2     0     0   -58.0   35.721  123.722    296.4    968.4
     1     1    21     8     5     1     0     0   -59.0   35.579  123.766    295.2    968.6
     1     1    21     8     5     0     0     0   -60.0   35.436  123.820    294.6    968.8
     1     1    21     8     4    23     0     0   -61.0   35.291  123.877    294.4    969.0
     1     1    21     8     4    22     0     0   -62.0   35.141  123.931    294.6    969.2
     1     1    21     8     4    21     0     0   -63.0   34.988  123.983    295.1    969.4
     1     1    21     8     4    20     0     0   -64.0   34.834  124.037    295.5    969.7
     1     1    21     8     4    19     0     0   -65.0   34.683  124.098    295.8    970.2
     1     1    21     8     4    18     0     0   -66.0   34.533  124.167    295.8    970.6
     1     1    21     8     4    17     0     0   -67.0   34.388  124.249    297.4    970.9
     1     1    21     8     4    16     0     0   -68.0   34.249  124.347    302.2    970.6
     1     1    21     8     4    15     0     0   -69.0   34.113  124.460    310.2    970.0
     1     1    21     8     4    14     0     0   -70.0   33.980  124.588    321.2    969.1
     1     1    21     8     4    13     0     0   -71.0   33.847  124.730    335.1    967.8
     1     1    21     8     4    12     0     0   -72.0   33.712  124.886    351.9    966.2
     1     1    21     8     4    11     0     0   -73.0   33.574  125.058    368.0    964.3
     1     1    21     8     4    10     0     0   -74.0   33.435  125.245    380.1    963.0
     1     1    21     8     4     9     0     0   -75.0   33.295  125.446    388.6    961.8
     1     1    21     8     4     8     0     0   -76.0   33.156  125.662    394.1    961.0
     1     1    21     8     4     7     0     0   -77.0   33.016  125.891    397.4    960.6
     1     1    21     8     4     6     0     0   -78.0   32.876  126.133    399.0    960.4
     1     1    21     8     4     5     0     0   -79.0   32.737  126.386    401.1    960.5
     1     1    21     8     4     4     0     0   -80.0   32.600  126.646    405.7    960.1
     1     1    21     8     4     3     0     0   -81.0   32.466  126.911    412.5    959.5
     1     1    21     8     4     2     0     0   -82.0   32.337  127.179    421.1    958.3
     1     1    21     8     4     1     0     0   -83.0   32.213  127.446    431.1    957.1
     1     1    21     8     4     0     0     0   -84.0   32.095  127.711    441.9    955.6
     1     1    21     8     3    23     0     0   -85.0   31.976  127.974    452.2    953.7
     1     1    21     8     3    22     0     0   -86.0   31.847  128.239    460.8    952.4
     1     1    21     8     3    21     0     0   -87.0   31.708  128.507    467.8    951.4
     1     1    21     8     3    20     0     0   -88.0   31.556  128.781    473.5    950.6
     1     1    21     8     3    19     0     0   -89.0   31.392  129.059    478.2    950.1
     1     1    21     8     3    18     0     0   -90.0   31.214  129.344    482.3    949.8
     1     1    21     8     3    17     0     0   -91.0   31.032  129.637    486.6    949.5
     1     1    21     8     3    16     0     0   -92.0   30.860  129.938    492.6    948.9
     1     1    21     8     3    15     0     0   -93.0   30.698  130.248    500.5    948.2
     1     1    21     8     3    14     0     0   -94.0   30.547  130.565    510.5    947.3
     1     1    21     8     3    13     0     0   -95.0   30.409  130.889    523.2    946.1
     1     1    21     8     3    12     0     0   -96.0   30.285  131.221    539.0    944.6
