     2     1
    CDC1    20    12     1     0     0
    CDC1    21     1     1     0     0
     1 BACKWARD OMEGA   
  2021     1    15    12   37.500  127.000   500.0
     1 PRESSURE
     1     1    21     1    15    12     0     0     0.0   37.500  127.000    500.0    934.8
     1     1    21     1    15    11     0     0    -1.0   37.668  126.636    521.1    931.9
     1     1    21     1    15    10     0     0    -2.0   37.853  126.300    542.6    928.6
     1     1    21     1    15     9     0     0    -3.0   38.054  125.984    564.5    925.0
     1     1    21     1    15     8     0     0    -4.0   38.274  125.683    587.3    921.1
     1     1    21     1    15     7     0     0    -5.0   38.514  125.389    611.6    916.8
     1     1    21     1    15     6     0     0    -6.0   38.779  125.096    638.4    911.8
     1     1    21     1    15     5     0     0    -7.0   39.041  124.820    663.3    906.8
     1     1    21     1    15     4     0     0    -8.0   39.272  124.577    680.5    903.8
     1     1    21     1    15     3     0     0    -9.0   39.473  124.368    689.2    902.3
     1     1    21     1    15     2     0     0   -10.0   39.644  124.192    688.8    901.9
     1     1    21     1    15     1     0     0   -11.0   39.788  124.047    679.3    902.7
     1     1    21     1    15     0     0     0   -12.0   39.905  123.934    660.7    904.7
     1     1    21     1    14    23     0     0   -13.0   39.988  123.832    635.3    908.9
     1     1    21     1    14    22     0     0   -14.0   40.030  123.718    605.1    913.9
     1     1    21     1    14    21     0     0   -15.0   40.028  123.589    570.8    919.5
     1     1    21     1    14    20     0     0   -16.0   39.979  123.445    532.6    926.1
     1     1    21     1    14    19     0     0   -17.0   39.882  123.288    491.4    933.8
     1     1    21     1    14    18     0     0   -18.0   39.735  123.122    448.1    942.2
     1     1    21     1    14    17     0     0   -19.0   39.554  122.981    406.8    950.6
     1     1    21     1    14    16     0     0   -20.0   39.352  122.895    369.8    957.2
     1     1    21     1    14    15     0     0   -21.0   39.129  122.858    336.1    962.7
     1     1    21     1    14    14     0     0   -22.0   38.885  122.868    305.4    967.9
     1     1    21     1    14    13     0     0   -23.0   38.622  122.922    278.3    972.7
     1     1    21     1    14    12     0     0   -24.0   38.345  123.020    255.5    977.1
     1     1    21     1    14    11     0     0   -25.0   38.068  123.144    236.2    981.3
     1     1    21     1    14    10     0     0   -26.0   37.800  123.281    219.3    985.4
     1     1    21     1    14     9     0     0   -27.0   37.544  123.433    204.4    989.5
     1     1    21     1    14     8     0     0   -28.0   37.302  123.600    191.1    991.4
     1     1    21     1    14     7     0     0   -29.0   37.078  123.776    179.3    992.7
     1     1    21     1    14     6     0     0   -30.0   36.873  123.960    169.1    994.0
     1     1    21     1    14     5     0     0   -31.0   36.696  124.152    163.1    995.2
     1     1    21     1    14     4     0     0   -32.0   36.551  124.353    163.3    995.4
     1     1    21     1    14     3     0     0   -33.0   36.437  124.559    169.6    995.0
     1     1    21     1    14     2     0     0   -34.0   36.352  124.769    182.2    993.8
     1     1    21     1    14     1     0     0   -35.0   36.293  124.982    201.9    992.1
     1     1    21     1    14     0     0     0   -36.0   36.263  125.190    228.5    987.6
     1     1    21     1    13    23     0     0   -37.0   36.260  125.371    257.7    981.9
     1     1    21     1    13    22     0     0   -38.0   36.281  125.511    285.1    977.3
     1     1    21     1    13    21     0     0   -39.0   36.325  125.612    310.6    973.3
     1     1    21     1    13    20     0     0   -40.0   36.392  125.678    334.0    969.9
     1     1    21     1    13    19     0     0   -41.0   36.483  125.711    355.3    966.8
     1     1    21     1    13    18     0     0   -42.0   36.598  125.713    374.4    964.3
     1     1    21     1    13    17     0     0   -43.0   36.725  125.690    393.8    961.6
     1     1    21     1    13    16     0     0   -44.0   36.850  125.641    415.9    958.2
     1     1    21     1    13    15     0     0   -45.0   36.973  125.569    441.0    954.7
     1     1    21     1    13    14     0     0   -46.0   37.097  125.475    469.6    951.0
     1     1    21     1    13    13     0     0   -47.0   37.224  125.363    501.9    947.2
     1     1    21     1    13    12     0     0   -48.0   37.356  125.234    538.5    943.0
     1     1    21     1    13    11     0     0   -49.0   37.493  125.075    573.8    938.6
     1     1    21     1    13    10     0     0   -50.0   37.634  124.874    600.6    934.0
     1     1    21     1    13     9     0     0   -51.0   37.778  124.630    618.5    930.4
     1     1    21     1    13     8     0     0   -52.0   37.932  124.351    628.1    928.0
     1     1    21     1    13     7     0     0   -53.0   38.105  124.044    630.5    926.7
     1     1    21     1    13     6     0     0   -54.0   38.306  123.717    627.6    926.4
     1     1    21     1    13     5     0     0   -55.0   38.513  123.394    621.3    927.1
     1     1    21     1    13     4     0     0   -56.0   38.694  123.085    611.4    928.4
     1     1    21     1    13     3     0     0   -57.0   38.848  122.782    597.1    930.6
     1     1    21     1    13     2     0     0   -58.0   38.974  122.477    578.2    933.5
     1     1    21     1    13     1     0     0   -59.0   39.069  122.158    555.6    934.8
     1     1    21     1    13     0     0     0   -60.0   39.134  121.815    531.8    936.3
     1     1    21     1    12    23     0     0   -61.0   39.175  121.453    510.8    938.7
     1     1    21     1    12    22     0     0   -62.0   39.193  121.081    495.3    939.9
     1     1    21     1    12    21     0     0   -63.0   39.188  120.696    484.6    940.6
     1     1    21     1    12    20     0     0   -64.0   39.157  120.297    477.9    940.8
     1     1    21     1    12    19     0     0   -65.0   39.099  119.883    475.0    939.7
     1     1    21     1    12    18     0     0   -66.0   39.019  119.452    477.1    935.8
     1     1    21     1    12    17     0     0   -67.0   38.937  119.012    485.5    931.8
     1     1    21     1    12    16     0     0   -68.0   38.863  118.570    498.4    927.4
     1     1    21     1    12    15     0     0   -69.0   38.788  118.126    514.4    923.1
     1     1    21     1    12    14     0     0   -70.0   38.701  117.680    531.9    919.1
     1     1    21     1    12    13     0     0   -71.0   38.595  117.232    548.7    913.1
     1     1    21     1    12    12     0     0   -72.0   38.464  116.781    562.6    906.1
     1     1    21     1    12    11     0     0   -73.0   38.332  116.330    581.2    900.2
     1     1    21     1    12    10     0     0   -74.0   38.232  115.878    612.4    891.7
     1     1    21     1    12     9     0     0   -75.0   38.167  115.425    656.5    880.9
     1     1    21     1    12     8     0     0   -76.0   38.138  114.971    713.5    867.5
     1     1    21     1    12     7     0     0   -77.0   38.147  114.507    778.3    849.3
     1     1    21     1    12     6     0     0   -78.0   38.196  114.022    845.4    830.0
     1     1    21     1    12     5     0     0   -79.0   38.284  113.510    907.7    809.6
     1     1    21     1    12     4     0     0   -80.0   38.421  112.967    961.8    789.0
     1     1    21     1    12     3     0     0   -81.0   38.616  112.393   1009.1    770.0
     1     1    21     1    12     2     0     0   -82.0   38.870  111.793   1053.3    757.1
     1     1    21     1    12     1     0     0   -83.0   39.182  111.171   1092.4    745.3
     1     1    21     1    12     0     0     0   -84.0   39.557  110.532   1125.8    734.8
     1     1    21     1    11    23     0     0   -85.0   39.973  109.861   1152.6    727.4
     1     1    21     1    11    22     0     0   -86.0   40.384  109.153   1177.6    730.7
     1     1    21     1    11    21     0     0   -87.0   40.778  108.418   1197.1    733.3
     1     1    21     1    11    20     0     0   -88.0   41.168  107.658   1213.3    734.7
     1     1    21     1    11    19     0     0   -89.0   41.558  106.869   1230.7    735.9
     1     1    21     1    11    18     0     0   -90.0   41.950  106.049   1253.7    735.1
     1     1    21     1    11    17     0     0   -91.0   42.354  105.202   1278.0    731.7
     1     1    21     1    11    16     0     0   -92.0   42.774  104.344   1302.9    731.2
     1     1    21     1    11    15     0     0   -93.0   43.219  103.480   1332.9    726.9
     1     1    21     1    11    14     0     0   -94.0   43.712  102.603   1372.5    716.2
     1     1    21     1    11    13     0     0   -95.0   44.269  101.703   1418.4    695.0
     1     1    21     1    11    12     0     0   -96.0   44.901  100.770   1468.3    666.5
