     2     1
    CDC1    21     8     1     0     0
    CDC1    21     9     1     0     0
     1 BACKWARD OMEGA   
  2021     9    14    15   37.500  127.000   500.0
     1 PRESSURE
     1     1    21     9    14    15     0     0     0.0   37.500  127.000    500.0    940.7
     1     1    21     9    14    14     0     0    -1.0   37.536  127.403    518.0    936.3
     1     1    21     9    14    13     0     0    -2.0   37.573  127.777    533.7    934.5
     1     1    21     9    14    12     0     0    -3.0   37.615  128.118    545.5    934.0
     1     1    21     9    14    11     0     0    -4.0   37.661  128.440    555.2    933.8
     1     1    21     9    14    10     0     0    -5.0   37.704  128.752    565.5    933.5
     1     1    21     9    14     9     0     0    -6.0   37.745  129.050    576.8    933.1
     1     1    21     9    14     8     0     0    -7.0   37.782  129.331    589.6    932.6
     1     1    21     9    14     7     0     0    -8.0   37.814  129.591    604.4    931.9
     1     1    21     9    14     6     0     0    -9.0   37.839  129.827    621.6    931.0
     1     1    21     9    14     5     0     0   -10.0   37.859  130.045    638.6    929.9
     1     1    21     9    14     4     0     0   -11.0   37.876  130.250    652.5    930.3
     1     1    21     9    14     3     0     0   -12.0   37.891  130.446    663.0    931.0
     1     1    21     9    14     2     0     0   -13.0   37.904  130.634    670.2    932.1
     1     1    21     9    14     1     0     0   -14.0   37.915  130.816    674.3    933.4
     1     1    21     9    14     0     0     0   -15.0   37.922  130.993    675.4    935.1
     1     1    21     9    13    23     0     0   -16.0   37.925  131.156    675.4    937.0
     1     1    21     9    13    22     0     0   -17.0   37.920  131.298    676.8    938.3
     1     1    21     9    13    21     0     0   -18.0   37.908  131.422    679.4    939.2
     1     1    21     9    13    20     0     0   -19.0   37.887  131.528    683.1    939.9
     1     1    21     9    13    19     0     0   -20.0   37.858  131.619    687.9    940.3
     1     1    21     9    13    18     0     0   -21.0   37.820  131.697    693.6    940.4
     1     1    21     9    13    17     0     0   -22.0   37.780  131.771    700.5    940.6
     1     1    21     9    13    16     0     0   -23.0   37.746  131.846    708.7    940.6
     1     1    21     9    13    15     0     0   -24.0   37.719  131.922    718.6    940.4
     1     1    21     9    13    14     0     0   -25.0   37.700  131.998    730.6    940.0
     1     1    21     9    13    13     0     0   -26.0   37.690  132.072    745.0    939.2
     1     1    21     9    13    12     0     0   -27.0   37.688  132.145    762.3    938.2
     1     1    21     9    13    11     0     0   -28.0   37.696  132.208    782.4    936.5
     1     1    21     9    13    10     0     0   -29.0   37.715  132.254    804.6    934.6
     1     1    21     9    13     9     0     0   -30.0   37.744  132.281    829.0    932.3
     1     1    21     9    13     8     0     0   -31.0   37.782  132.290    855.8    929.6
     1     1    21     9    13     7     0     0   -32.0   37.831  132.280    884.9    926.5
     1     1    21     9    13     6     0     0   -33.0   37.889  132.252    916.5    923.1
     1     1    21     9    13     5     0     0   -34.0   37.952  132.221    949.0    919.2
     1     1    21     9    13     4     0     0   -35.0   38.020  132.201    979.8    915.4
     1     1    21     9    13     3     0     0   -36.0   38.092  132.187   1008.7    911.9
     1     1    21     9    13     2     0     0   -37.0   38.168  132.179   1035.3    908.8
     1     1    21     9    13     1     0     0   -38.0   38.249  132.177   1059.1    906.1
     1     1    21     9    13     0     0     0   -39.0   38.334  132.180   1079.9    903.8
     1     1    21     9    12    23     0     0   -40.0   38.427  132.181   1099.6    901.5
     1     1    21     9    12    22     0     0   -41.0   38.531  132.172   1121.7    898.6
     1     1    21     9    12    21     0     0   -42.0   38.644  132.151   1146.2    895.4
     1     1    21     9    12    20     0     0   -43.0   38.767  132.117   1173.5    891.8
     1     1    21     9    12    19     0     0   -44.0   38.897  132.069   1204.5    887.6
     1     1    21     9    12    18     0     0   -45.0   39.034  132.006   1239.9    882.8
     1     1    21     9    12    17     0     0   -46.0   39.176  131.926   1276.6    877.5
     1     1    21     9    12    16     0     0   -47.0   39.322  131.830   1310.6    872.5
     1     1    21     9    12    15     0     0   -48.0   39.476  131.720   1342.4    867.2
     1     1    21     9    12    14     0     0   -49.0   39.644  131.600   1372.7    861.7
     1     1    21     9    12    13     0     0   -50.0   39.830  131.472   1402.2    856.1
     1     1    21     9    12    12     0     0   -51.0   40.041  131.339   1431.9    849.9
     1     1    21     9    12    11     0     0   -52.0   40.276  131.193   1464.9    840.8
     1     1    21     9    12    10     0     0   -53.0   40.532  131.021   1506.0    830.0
     1     1    21     9    12     9     0     0   -54.0   40.813  130.822   1555.2    817.7
     1     1    21     9    12     8     0     0   -55.0   41.123  130.591   1613.1    804.0
     1     1    21     9    12     7     0     0   -56.0   41.468  130.326   1680.3    788.7
     1     1    21     9    12     6     0     0   -57.0   41.854  130.024   1757.6    771.4
     1     1    21     9    12     5     0     0   -58.0   42.264  129.684   1852.0    755.8
     1     1    21     9    12     4     0     0   -59.0   42.672  129.315   1962.3    742.0
     1     1    21     9    12     3     0     0   -60.0   43.073  128.940   2085.9    731.8
     1     1    21     9    12     2     0     0   -61.0   43.469  128.575   2215.7    722.0
     1     1    21     9    12     1     0     0   -62.0   43.870  128.226   2350.1    712.4
     1     1    21     9    12     0     0     0   -63.0   44.284  127.905   2487.3    703.6
     1     1    21     9    11    23     0     0   -64.0   44.707  127.608   2620.3    696.0
     1     1    21     9    11    22     0     0   -65.0   45.124  127.326   2737.2    691.1
     1     1    21     9    11    21     0     0   -66.0   45.523  127.062   2836.2    685.6
     1     1    21     9    11    20     0     0   -67.0   45.900  126.821   2923.8    680.2
     1     1    21     9    11    19     0     0   -68.0   46.261  126.604   3005.9    674.5
     1     1    21     9    11    18     0     0   -69.0   46.610  126.414   3087.8    668.1
     1     1    21     9    11    17     0     0   -70.0   46.957  126.267   3167.7    660.9
     1     1    21     9    11    16     0     0   -71.0   47.307  126.180   3240.0    654.3
     1     1    21     9    11    15     0     0   -72.0   47.654  126.152   3302.4    648.0
     1     1    21     9    11    14     0     0   -73.0   47.991  126.175   3353.1    642.4
     1     1    21     9    11    13     0     0   -74.0   48.313  126.246   3392.0    637.9
     1     1    21     9    11    12     0     0   -75.0   48.619  126.367   3418.5    634.7
     1     1    21     9    11    11     0     0   -76.0   48.890  126.527   3438.4    632.8
     1     1    21     9    11    10     0     0   -77.0   49.112  126.707   3455.4    631.1
     1     1    21     9    11     9     0     0   -78.0   49.285  126.905   3469.2    629.9
     1     1    21     9    11     8     0     0   -79.0   49.410  127.113   3478.8    629.3
     1     1    21     9    11     7     0     0   -80.0   49.487  127.323   3483.1    629.2
     1     1    21     9    11     6     0     0   -81.0   49.516  127.523   3481.1    629.7
     1     1    21     9    11     5     0     0   -82.0   49.507  127.701   3476.8    630.1
     1     1    21     9    11     4     0     0   -83.0   49.473  127.848   3478.5    629.7
     1     1    21     9    11     3     0     0   -84.0   49.414  127.959   3486.4    628.8
     1     1    21     9    11     2     0     0   -85.0   49.333  128.029   3500.3    627.5
     1     1    21     9    11     1     0     0   -86.0   49.231  128.053   3519.7    625.9
     1     1    21     9    11     0     0     0   -87.0   49.108  128.028   3543.4    624.0
     1     1    21     9    10    23     0     0   -88.0   48.969  127.947   3563.8    622.0
     1     1    21     9    10    22     0     0   -89.0   48.817  127.805   3576.0    621.3
     1     1    21     9    10    21     0     0   -90.0   48.657  127.601   3579.6    621.4
     1     1    21     9    10    20     0     0   -91.0   48.492  127.332   3573.8    621.9
     1     1    21     9    10    19     0     0   -92.0   48.331  126.998   3559.1    623.1
     1     1    21     9    10    18     0     0   -93.0   48.177  126.602   3535.6    625.2
     1     1    21     9    10    17     0     0   -94.0   48.036  126.160   3509.8    628.1
     1     1    21     9    10    16     0     0   -95.0   47.908  125.691   3492.3    630.1
     1     1    21     9    10    15     0     0   -96.0   47.794  125.193   3484.7    631.5
