     2     1
    CDC1    21     6     1     0     0
    CDC1    21     7     1     0     0
     1 BACKWARD OMEGA   
  2021     7    30     9   37.500  127.000   500.0
     1 PRESSURE
     1     1    21     7    30     9     0     0     0.0   37.500  127.000    500.0    926.1
     1     1    21     7    30     8     0     0    -1.0   37.276  126.969    486.4    928.2
     1     1    21     7    30     7     0     0    -2.0   37.048  126.944    469.8    930.6
     1     1    21     7    30     6     0     0    -3.0   36.816  126.925    450.3    933.4
     1     1    21     7    30     5     0     0    -4.0   36.582  126.902    431.4    936.8
     1     1    21     7    30     4     0     0    -5.0   36.349  126.867    415.5    939.6
     1     1    21     7    30     3     0     0    -6.0   36.115  126.819    403.1    942.1
     1     1    21     7    30     2     0     0    -7.0   35.879  126.760    394.4    944.3
     1     1    21     7    30     1     0     0    -8.0   35.642  126.689    389.5    946.0
     1     1    21     7    30     0     0     0    -9.0   35.400  126.606    388.7    947.3
     1     1    21     7    29    23     0     0   -10.0   35.154  126.506    389.7    947.6
     1     1    21     7    29    22     0     0   -11.0   34.905  126.390    390.0    948.5
     1     1    21     7    29    21     0     0   -12.0   34.653  126.267    388.7    949.8
     1     1    21     7    29    20     0     0   -13.0   34.399  126.144    385.5    951.3
     1     1    21     7    29    19     0     0   -14.0   34.140  126.022    380.1    953.0
     1     1    21     7    29    18     0     0   -15.0   33.874  125.901    372.3    954.9
     1     1    21     7    29    17     0     0   -16.0   33.603  125.791    365.0    957.3
     1     1    21     7    29    16     0     0   -17.0   33.331  125.697    360.8    959.0
     1     1    21     7    29    15     0     0   -18.0   33.058  125.618    360.5    960.1
     1     1    21     7    29    14     0     0   -19.0   32.785  125.555    364.7    960.7
     1     1    21     7    29    13     0     0   -20.0   32.513  125.505    373.9    960.6
     1     1    21     7    29    12     0     0   -21.0   32.243  125.474    387.7    959.1
     1     1    21     7    29    11     0     0   -22.0   31.976  125.467    403.8    956.6
     1     1    21     7    29    10     0     0   -23.0   31.713  125.483    420.4    954.3
     1     1    21     7    29     9     0     0   -24.0   31.458  125.521    437.8    952.0
     1     1    21     7    29     8     0     0   -25.0   31.213  125.577    456.6    949.7
     1     1    21     7    29     7     0     0   -26.0   30.979  125.648    477.2    947.2
     1     1    21     7    29     6     0     0   -27.0   30.759  125.732    500.3    944.7
     1     1    21     7    29     5     0     0   -28.0   30.554  125.827    524.5    942.3
     1     1    21     7    29     4     0     0   -29.0   30.368  125.933    548.2    940.2
     1     1    21     7    29     3     0     0   -30.0   30.202  126.051    571.4    938.3
     1     1    21     7    29     2     0     0   -31.0   30.056  126.183    594.0    936.5
     1     1    21     7    29     1     0     0   -32.0   29.934  126.330    616.0    934.8
     1     1    21     7    29     0     0     0   -33.0   29.835  126.493    637.3    932.8
     1     1    21     7    28    23     0     0   -34.0   29.750  126.671    656.9    930.4
     1     1    21     7    28    22     0     0   -35.0   29.668  126.866    674.7    928.4
     1     1    21     7    28    21     0     0   -36.0   29.591  127.079    689.9    926.8
     1     1    21     7    28    20     0     0   -37.0   29.519  127.308    702.1    925.6
     1     1    21     7    28    19     0     0   -38.0   29.452  127.555    710.7    924.8
     1     1    21     7    28    18     0     0   -39.0   29.386  127.813    714.9    923.8
     1     1    21     7    28    17     0     0   -40.0   29.319  128.076    717.8    923.1
     1     1    21     7    28    16     0     0   -41.0   29.252  128.343    723.6    921.9
     1     1    21     7    28    15     0     0   -42.0   29.185  128.614    732.0    920.4
     1     1    21     7    28    14     0     0   -43.0   29.118  128.886    743.0    918.8
     1     1    21     7    28    13     0     0   -44.0   29.051  129.159    756.6    916.9
     1     1    21     7    28    12     0     0   -45.0   28.981  129.432    772.8    914.9
     1     1    21     7    28    11     0     0   -46.0   28.914  129.705    789.7    912.6
     1     1    21     7    28    10     0     0   -47.0   28.856  129.981    805.0    910.6
     1     1    21     7    28     9     0     0   -48.0   28.801  130.256    818.7    909.0
     1     1    21     7    28     8     0     0   -49.0   28.743  130.525    830.5    907.6
     1     1    21     7    28     7     0     0   -50.0   28.681  130.787    840.4    906.5
     1     1    21     7    28     6     0     0   -51.0   28.615  131.044    848.6    905.5
     1     1    21     7    28     5     0     0   -52.0   28.541  131.288    854.4    904.9
     1     1    21     7    28     4     0     0   -53.0   28.458  131.517    857.0    904.8
     1     1    21     7    28     3     0     0   -54.0   28.366  131.732    856.7    905.0
     1     1    21     7    28     2     0     0   -55.0   28.265  131.936    853.5    905.5
     1     1    21     7    28     1     0     0   -56.0   28.157  132.131    847.6    906.4
     1     1    21     7    28     0     0     0   -57.0   28.043  132.318    839.3    907.6
     1     1    21     7    27    23     0     0   -58.0   27.923  132.505    829.7    908.7
     1     1    21     7    27    22     0     0   -59.0   27.799  132.697    820.2    909.9
     1     1    21     7    27    21     0     0   -60.0   27.670  132.893    810.7    911.0
     1     1    21     7    27    20     0     0   -61.0   27.535  133.095    801.1    912.1
     1     1    21     7    27    19     0     0   -62.0   27.392  133.297    791.3    913.2
     1     1    21     7    27    18     0     0   -63.0   27.243  133.493    781.2    914.4
     1     1    21     7    27    17     0     0   -64.0   27.084  133.677    772.4    915.8
     1     1    21     7    27    16     0     0   -65.0   26.915  133.848    765.7    916.8
     1     1    21     7    27    15     0     0   -66.0   26.737  134.005    760.9    917.5
     1     1    21     7    27    14     0     0   -67.0   26.552  134.149    758.0    918.0
     1     1    21     7    27    13     0     0   -68.0   26.360  134.282    756.5    918.2
     1     1    21     7    27    12     0     0   -69.0   26.163  134.405    756.2    918.1
     1     1    21     7    27    11     0     0   -70.0   25.962  134.520    755.4    918.1
     1     1    21     7    27    10     0     0   -71.0   25.758  134.632    753.2    918.4
     1     1    21     7    27     9     0     0   -72.0   25.551  134.744    749.5    918.8
     1     1    21     7    27     8     0     0   -73.0   25.339  134.857    744.1    919.3
     1     1    21     7    27     7     0     0   -74.0   25.121  134.974    737.2    919.9
     1     1    21     7    27     6     0     0   -75.0   24.898  135.094    728.8    920.8
     1     1    21     7    27     5     0     0   -76.0   24.678  135.209    719.1    921.9
     1     1    21     7    27     4     0     0   -77.0   24.468  135.316    707.3    923.3
     1     1    21     7    27     3     0     0   -78.0   24.267  135.416    694.0    924.9
     1     1    21     7    27     2     0     0   -79.0   24.076  135.514    679.8    926.6
     1     1    21     7    27     1     0     0   -80.0   23.895  135.611    664.9    928.3
     1     1    21     7    27     0     0     0   -81.0   23.725  135.711    649.6    930.2
     1     1    21     7    26    23     0     0   -82.0   23.567  135.801    635.3    932.1
     1     1    21     7    26    22     0     0   -83.0   23.422  135.866    623.2    933.5
     1     1    21     7    26    21     0     0   -84.0   23.292  135.906    613.5    934.6
     1     1    21     7    26    20     0     0   -85.0   23.178  135.921    606.0    935.5
     1     1    21     7    26    19     0     0   -86.0   23.080  135.911    601.0    936.1
     1     1    21     7    26    18     0     0   -87.0   22.999  135.874    598.5    936.5
     1     1    21     7    26    17     0     0   -88.0   22.928  135.831    596.8    936.4
     1     1    21     7    26    16     0     0   -89.0   22.864  135.797    594.8    936.6
     1     1    21     7    26    15     0     0   -90.0   22.805  135.776    592.1    936.7
     1     1    21     7    26    14     0     0   -91.0   22.752  135.768    588.9    936.9
     1     1    21     7    26    13     0     0   -92.0   22.706  135.773    585.1    937.2
     1     1    21     7    26    12     0     0   -93.0   22.666  135.793    580.6    937.5
     1     1    21     7    26    11     0     0   -94.0   22.634  135.823    575.8    938.1
     1     1    21     7    26    10     0     0   -95.0   22.610  135.857    571.1    938.5
     1     1    21     7    26     9     0     0   -96.0   22.595  135.895    566.6    939.0
