     2     1
    CDC1    21     4     1     0     0
    CDC1    21     5     1     0     0
     1 BACKWARD OMEGA   
  2021     5    25     0   37.500  127.000   500.0
     1 PRESSURE
     1     1    21     5    25     0     0     0     0.0   37.500  127.000    500.0    928.7
     1     1    21     5    24    23     0     0    -1.0   37.362  126.658    448.9    937.7
     1     1    21     5    24    22     0     0    -2.0   37.238  126.347    407.0    944.7
     1     1    21     5    24    21     0     0    -3.0   37.115  126.065    370.5    950.7
     1     1    21     5    24    20     0     0    -4.0   36.982  125.813    336.6    955.8
     1     1    21     5    24    19     0     0    -5.0   36.830  125.591    303.4    960.9
     1     1    21     5    24    18     0     0    -6.0   36.649  125.400    269.9    966.2
     1     1    21     5    24    17     0     0    -7.0   36.455  125.231    239.8    972.0
     1     1    21     5    24    16     0     0    -8.0   36.266  125.076    216.5    976.5
     1     1    21     5    24    15     0     0    -9.0   36.087  124.934    199.3    979.8
     1     1    21     5    24    14     0     0   -10.0   35.920  124.808    188.0    981.6
     1     1    21     5    24    13     0     0   -11.0   35.767  124.700    182.9    982.8
     1     1    21     5    24    12     0     0   -12.0   35.628  124.612    184.3    983.3
     1     1    21     5    24    11     0     0   -13.0   35.512  124.530    189.5    982.7
     1     1    21     5    24    10     0     0   -14.0   35.423  124.437    195.3    982.3
     1     1    21     5    24     9     0     0   -15.0   35.362  124.332    201.9    981.9
     1     1    21     5    24     8     0     0   -16.0   35.329  124.214    209.5    981.0
     1     1    21     5    24     7     0     0   -17.0   35.324  124.083    218.1    980.1
     1     1    21     5    24     6     0     0   -18.0   35.346  123.939    227.7    979.1
     1     1    21     5    24     5     0     0   -19.0   35.387  123.793    236.0    978.0
     1     1    21     5    24     4     0     0   -20.0   35.441  123.659    240.7    977.7
     1     1    21     5    24     3     0     0   -21.0   35.508  123.535    242.2    977.9
     1     1    21     5    24     2     0     0   -22.0   35.587  123.420    240.7    978.4
     1     1    21     5    24     1     0     0   -23.0   35.679  123.313    236.5    979.3
     1     1    21     5    24     0     0     0   -24.0   35.784  123.211    229.9    980.5
     1     1    21     5    23    23     0     0   -25.0   35.887  123.110    221.6    981.6
     1     1    21     5    23    22     0     0   -26.0   35.977  123.006    212.0    982.8
     1     1    21     5    23    21     0     0   -27.0   36.055  122.898    201.4    984.2
     1     1    21     5    23    20     0     0   -28.0   36.122  122.789    190.0    985.3
     1     1    21     5    23    19     0     0   -29.0   36.179  122.678    178.0    986.5
     1     1    21     5    23    18     0     0   -30.0   36.228  122.565    165.5    987.7
     1     1    21     5    23    17     0     0   -31.0   36.269  122.460    153.6    989.4
     1     1    21     5    23    16     0     0   -32.0   36.302  122.373    142.8    990.7
     1     1    21     5    23    15     0     0   -33.0   36.327  122.305    133.1    991.9
     1     1    21     5    23    14     0     0   -34.0   36.346  122.256    124.2    993.1
     1     1    21     5    23    13     0     0   -35.0   36.358  122.227    115.8    994.2
     1     1    21     5    23    12     0     0   -36.0   36.364  122.218    107.6    995.4
     1     1    21     5    23    11     0     0   -37.0   36.367  122.219     99.2    996.5
     1     1    21     5    23    10     0     0   -38.0   36.372  122.219     90.6    997.8
     1     1    21     5    23     9     0     0   -39.0   36.377  122.217     81.8    999.1
     1     1    21     5    23     8     0     0   -40.0   36.384  122.214     73.1   1000.4
     1     1    21     5    23     7     0     0   -41.0   36.389  122.207     65.0   1001.1
     1     1    21     5    23     6     0     0   -42.0   36.392  122.194     57.6   1001.9
     1     1    21     5    23     5     0     0   -43.0   36.378  122.178     51.4   1002.4
     1     1    21     5    23     4     0     0   -44.0   36.332  122.163     46.4   1002.7
     1     1    21     5    23     3     0     0   -45.0   36.255  122.151     42.5   1003.0
     1     1    21     5    23     2     0     0   -46.0   36.146  122.144     39.3   1003.1
     1     1    21     5    23     1     0     0   -47.0   36.006  122.144     36.4   1003.3
     1     1    21     5    23     0     0     0   -48.0   35.836  122.154     33.5   1003.6
     1     1    21     5    22    23     0     0   -49.0   35.645  122.174     30.4   1003.7
     1     1    21     5    22    22     0     0   -50.0   35.444  122.204     27.2   1003.9
     1     1    21     5    22    21     0     0   -51.0   35.237  122.241     24.0   1004.1
     1     1    21     5    22    20     0     0   -52.0   35.027  122.281     21.0   1004.3
     1     1    21     5    22    19     0     0   -53.0   34.817  122.321     18.5   1005.2
     1     1    21     5    22    18     0     0   -54.0   34.610  122.361     16.6   1006.3
     1     1    21     5    22    17     0     0   -55.0   34.410  122.402     15.2   1007.6
     1     1    21     5    22    16     0     0   -56.0   34.221  122.448     14.3   1008.9
     1     1    21     5    22    15     0     0   -57.0   34.042  122.497     13.9   1010.1
     1     1    21     5    22    14     0     0   -58.0   33.871  122.550     13.9   1010.9
     1     1    21     5    22    13     0     0   -59.0   33.710  122.603     14.4   1011.6
     1     1    21     5    22    12     0     0   -60.0   33.558  122.655     15.2   1012.1
     1     1    21     5    22    11     0     0   -61.0   33.414  122.712     16.2   1012.4
     1     1    21     5    22    10     0     0   -62.0   33.276  122.782     16.9   1012.7
     1     1    21     5    22     9     0     0   -63.0   33.146  122.867     17.2   1013.0
     1     1    21     5    22     8     0     0   -64.0   33.023  122.968     17.2   1013.3
     1     1    21     5    22     7     0     0   -65.0   32.908  123.084     16.9   1013.5
     1     1    21     5    22     6     0     0   -66.0   32.801  123.218     16.4   1013.8
     1     1    21     5    22     5     0     0   -67.0   32.706  123.353     15.8   1013.8
     1     1    21     5    22     4     0     0   -68.0   32.624  123.474     15.2   1013.9
     1     1    21     5    22     3     0     0   -69.0   32.552  123.580     14.6   1013.9
     1     1    21     5    22     2     0     0   -70.0   32.491  123.672     14.0   1013.8
     1     1    21     5    22     1     0     0   -71.0   32.440  123.751     13.3   1013.6
     1     1    21     5    22     0     0     0   -72.0   32.399  123.817     12.4   1013.5
     1     1    21     5    21    23     0     0   -73.0   32.362  123.871     11.8   1013.4
     1     1    21     5    21    22     0     0   -74.0   32.325  123.916     11.9   1013.0
     1     1    21     5    21    21     0     0   -75.0   32.288  123.951     12.5   1012.6
     1     1    21     5    21    20     0     0   -76.0   32.250  123.977     13.9   1012.1
     1     1    21     5    21    19     0     0   -77.0   32.210  123.995     16.5   1011.3
     1     1    21     5    21    18     0     0   -78.0   32.168  124.005     20.9   1010.4
     1     1    21     5    21    17     0     0   -79.0   32.124  124.016     26.6   1009.2
     1     1    21     5    21    16     0     0   -80.0   32.079  124.032     32.5   1008.3
     1     1    21     5    21    15     0     0   -81.0   32.033  124.052     37.7   1007.4
     1     1    21     5    21    14     0     0   -82.0   31.988  124.074     42.0   1006.8
     1     1    21     5    21    13     0     0   -83.0   31.944  124.098     44.7   1006.3
     1     1    21     5    21    12     0     0   -84.0   31.898  124.123     45.6   1006.0
     1     1    21     5    21    11     0     0   -85.0   31.855  124.150     45.9   1006.2
     1     1    21     5    21    10     0     0   -86.0   31.818  124.181     46.6   1006.2
     1     1    21     5    21     9     0     0   -87.0   31.787  124.216     47.8   1006.1
     1     1    21     5    21     8     0     0   -88.0   31.761  124.256     49.6   1006.0
     1     1    21     5    21     7     0     0   -89.0   31.742  124.299     52.2   1005.8
     1     1    21     5    21     6     0     0   -90.0   31.729  124.347     55.5   1005.6
     1     1    21     5    21     5     0     0   -91.0   31.735  124.390     59.3   1005.1
     1     1    21     5    21     4     0     0   -92.0   31.769  124.417     63.1   1004.7
     1     1    21     5    21     3     0     0   -93.0   31.831  124.428     67.0   1004.4
     1     1    21     5    21     2     0     0   -94.0   31.918  124.421     71.0   1004.2
     1     1    21     5    21     1     0     0   -95.0   32.030  124.397     74.9   1004.1
     1     1    21     5    21     0     0     0   -96.0   32.164  124.354     78.6   1003.8
