     2     1
    CDC1    21     4     1     0     0
    CDC1    21     5     1     0     0
     1 BACKWARD OMEGA   
  2021     5    17    15   37.500  127.000   500.0
     1 PRESSURE
     1     1    21     5    17    15     0     0     0.0   37.500  127.000    500.0    932.7
     1     1    21     5    17    14     0     0    -1.0   37.600  126.951    504.5    930.8
     1     1    21     5    17    13     0     0    -2.0   37.707  126.886    509.5    928.9
     1     1    21     5    17    12     0     0    -3.0   37.822  126.805    515.5    926.9
     1     1    21     5    17    11     0     0    -4.0   37.940  126.720    523.5    924.7
     1     1    21     5    17    10     0     0    -5.0   38.054  126.644    534.2    922.2
     1     1    21     5    17     9     0     0    -6.0   38.164  126.579    547.6    919.4
     1     1    21     5    17     8     0     0    -7.0   38.270  126.525    563.7    916.3
     1     1    21     5    17     7     0     0    -8.0   38.373  126.483    582.3    913.0
     1     1    21     5    17     6     0     0    -9.0   38.471  126.455    603.5    909.5
     1     1    21     5    17     5     0     0   -10.0   38.575  126.442    623.3    905.5
     1     1    21     5    17     4     0     0   -11.0   38.692  126.446    637.5    902.0
     1     1    21     5    17     3     0     0   -12.0   38.823  126.468    645.8    898.9
     1     1    21     5    17     2     0     0   -13.0   38.966  126.508    647.6    896.3
     1     1    21     5    17     1     0     0   -14.0   39.122  126.567    642.7    894.2
     1     1    21     5    17     0     0     0   -15.0   39.291  126.645    630.6    892.6
     1     1    21     5    16    23     0     0   -16.0   39.468  126.732    618.2    891.3
     1     1    21     5    16    22     0     0   -17.0   39.654  126.817    612.4    888.3
     1     1    21     5    16    21     0     0   -18.0   39.851  126.900    613.7    884.5
     1     1    21     5    16    20     0     0   -19.0   40.061  126.980    622.9    880.2
     1     1    21     5    16    19     0     0   -20.0   40.285  127.048    640.0    875.7
     1     1    21     5    16    18     0     0   -21.0   40.522  127.098    664.6    870.4
     1     1    21     5    16    17     0     0   -22.0   40.767  127.147    694.0    864.4
     1     1    21     5    16    16     0     0   -23.0   41.011  127.214    725.9    858.4
     1     1    21     5    16    15     0     0   -24.0   41.256  127.301    762.0    851.8
     1     1    21     5    16    14     0     0   -25.0   41.506  127.407    803.9    844.5
     1     1    21     5    16    13     0     0   -26.0   41.760  127.532    853.8    836.8
     1     1    21     5    16    12     0     0   -27.0   42.022  127.676    913.6    829.9
     1     1    21     5    16    11     0     0   -28.0   42.278  127.823    977.0    821.6
     1     1    21     5    16    10     0     0   -29.0   42.519  127.960   1036.7    814.9
     1     1    21     5    16     9     0     0   -30.0   42.737  128.082   1092.0    812.5
     1     1    21     5    16     8     0     0   -31.0   42.930  128.181   1139.2    810.7
     1     1    21     5    16     7     0     0   -32.0   43.101  128.262   1178.7    809.4
     1     1    21     5    16     6     0     0   -33.0   43.252  128.327   1210.8    808.4
     1     1    21     5    16     5     0     0   -34.0   43.394  128.380   1237.9    807.9
     1     1    21     5    16     4     0     0   -35.0   43.537  128.423   1262.0    807.4
     1     1    21     5    16     3     0     0   -36.0   43.680  128.457   1284.2    806.9
     1     1    21     5    16     2     0     0   -37.0   43.826  128.479   1305.4    806.4
     1     1    21     5    16     1     0     0   -38.0   43.975  128.491   1326.1    806.0
     1     1    21     5    16     0     0     0   -39.0   44.127  128.491   1347.0    805.6
     1     1    21     5    15    23     0     0   -40.0   44.283  128.470   1369.6    805.0
     1     1    21     5    15    22     0     0   -41.0   44.445  128.423   1394.5    804.1
     1     1    21     5    15    21     0     0   -42.0   44.613  128.349   1421.6    803.2
     1     1    21     5    15    20     0     0   -43.0   44.787  128.250   1450.7    802.4
     1     1    21     5    15    19     0     0   -44.0   44.967  128.127   1481.4    801.6
     1     1    21     5    15    18     0     0   -45.0   45.150  127.974   1512.4    799.8
     1     1    21     5    15    17     0     0   -46.0   45.331  127.772   1544.2    797.6
     1     1    21     5    15    16     0     0   -47.0   45.506  127.514   1579.0    795.2
     1     1    21     5    15    15     0     0   -48.0   45.681  127.206   1618.0    794.4
     1     1    21     5    15    14     0     0   -49.0   45.860  126.852   1659.5    793.6
     1     1    21     5    15    13     0     0   -50.0   46.050  126.457   1703.5    792.4
     1     1    21     5    15    12     0     0   -51.0   46.256  126.026   1750.2    790.4
     1     1    21     5    15    11     0     0   -52.0   46.480  125.554   1800.5    787.3
     1     1    21     5    15    10     0     0   -53.0   46.727  125.035   1856.2    782.9
     1     1    21     5    15     9     0     0   -54.0   47.006  124.467   1914.7    770.6
     1     1    21     5    15     8     0     0   -55.0   47.323  123.850   1982.9    755.7
     1     1    21     5    15     7     0     0   -56.0   47.688  123.203   2064.6    738.3
     1     1    21     5    15     6     0     0   -57.0   48.113  122.560   2162.3    719.4
     1     1    21     5    15     5     0     0   -58.0   48.576  121.934   2271.7    699.5
     1     1    21     5    15     4     0     0   -59.0   49.052  121.326   2386.7    681.6
     1     1    21     5    15     3     0     0   -60.0   49.548  120.746   2510.3    664.9
     1     1    21     5    15     2     0     0   -61.0   50.076  120.214   2646.2    649.4
     1     1    21     5    15     1     0     0   -62.0   50.621  119.762   2791.5    637.5
     1     1    21     5    15     0     0     0   -63.0   51.167  119.410   2932.5    627.7
     1     1    21     5    14    23     0     0   -64.0   51.688  119.149   3057.2    618.1
     1     1    21     5    14    22     0     0   -65.0   52.167  118.976   3157.7    610.4
     1     1    21     5    14    21     0     0   -66.0   52.616  118.907   3236.2    603.2
     1     1    21     5    14    20     0     0   -67.0   53.035  118.944   3292.1    595.4
     1     1    21     5    14    19     0     0   -68.0   53.421  119.082   3331.0    589.1
     1     1    21     5    14    18     0     0   -69.0   53.780  119.322   3353.3    584.7
     1     1    21     5    14    17     0     0   -70.0   54.111  119.644   3363.3    582.7
     1     1    21     5    14    16     0     0   -71.0   54.412  120.021   3363.7    582.1
     1     1    21     5    14    15     0     0   -72.0   54.679  120.440   3360.1    583.3
     1     1    21     5    14    14     0     0   -73.0   54.910  120.889   3354.1    585.2
     1     1    21     5    14    13     0     0   -74.0   55.103  121.343   3352.1    587.7
     1     1    21     5    14    12     0     0   -75.0   55.256  121.780   3357.3    589.9
     1     1    21     5    14    11     0     0   -76.0   55.375  122.186   3364.0    590.4
     1     1    21     5    14    10     0     0   -77.0   55.469  122.556   3366.1    591.5
     1     1    21     5    14     9     0     0   -78.0   55.540  122.890   3361.9    592.8
     1     1    21     5    14     8     0     0   -79.0   55.593  123.187   3351.0    594.5
     1     1    21     5    14     7     0     0   -80.0   55.629  123.450   3333.4    596.6
     1     1    21     5    14     6     0     0   -81.0   55.648  123.678   3308.8    599.1
     1     1    21     5    14     5     0     0   -82.0   55.656  123.875   3275.9    602.5
     1     1    21     5    14     4     0     0   -83.0   55.659  124.046   3235.6    606.4
     1     1    21     5    14     3     0     0   -84.0   55.659  124.193   3188.0    610.8
     1     1    21     5    14     2     0     0   -85.0   55.657  124.317   3133.4    615.8
     1     1    21     5    14     1     0     0   -86.0   55.654  124.420   3072.4    621.2
     1     1    21     5    14     0     0     0   -87.0   55.652  124.504   3005.3    627.1
     1     1    21     5    13    23     0     0   -88.0   55.650  124.577   2937.2    633.2
     1     1    21     5    13    22     0     0   -89.0   55.645  124.649   2875.1    638.5
     1     1    21     5    13    21     0     0   -90.0   55.637  124.720   2818.7    643.3
     1     1    21     5    13    20     0     0   -91.0   55.625  124.791   2768.4    647.7
     1     1    21     5    13    19     0     0   -92.0   55.610  124.862   2724.3    651.6
     1     1    21     5    13    18     0     0   -93.0   55.591  124.932   2686.9    654.9
     1     1    21     5    13    17     0     0   -94.0   55.573  125.010   2653.2    658.0
     1     1    21     5    13    16     0     0   -95.0   55.559  125.104   2619.9    660.9
     1     1    21     5    13    15     0     0   -96.0   55.548  125.215   2586.9    663.9
