     2     1
    CDC1    21     5     1     0     0
    CDC1    21     6     1     0     0
     1 BACKWARD OMEGA   
  2021     6    26     0   37.500  127.000   500.0
     1 PRESSURE
     1     1    21     6    26     0     0     0     0.0   37.500  127.000    500.0    934.9
     1     1    21     6    25    23     0     0    -1.0   37.395  126.998    496.2    935.6
     1     1    21     6    25    22     0     0    -2.0   37.289  126.980    493.1    936.2
     1     1    21     6    25    21     0     0    -3.0   37.180  126.948    490.7    936.8
     1     1    21     6    25    20     0     0    -4.0   37.069  126.900    489.1    937.4
     1     1    21     6    25    19     0     0    -5.0   36.954  126.837    488.3    938.0
     1     1    21     6    25    18     0     0    -6.0   36.836  126.759    488.5    938.5
     1     1    21     6    25    17     0     0    -7.0   36.716  126.675    490.5    939.0
     1     1    21     6    25    16     0     0    -8.0   36.598  126.596    495.3    939.0
     1     1    21     6    25    15     0     0    -9.0   36.482  126.522    503.2    938.7
     1     1    21     6    25    14     0     0   -10.0   36.368  126.452    514.5    938.0
     1     1    21     6    25    13     0     0   -11.0   36.253  126.386    529.3    936.9
     1     1    21     6    25    12     0     0   -12.0   36.139  126.324    548.1    935.4
     1     1    21     6    25    11     0     0   -13.0   36.024  126.271    567.2    933.4
     1     1    21     6    25    10     0     0   -14.0   35.912  126.227    582.3    932.2
     1     1    21     6    25     9     0     0   -15.0   35.802  126.192    593.2    931.5
     1     1    21     6    25     8     0     0   -16.0   35.696  126.167    599.7    931.1
     1     1    21     6    25     7     0     0   -17.0   35.595  126.150    601.4    931.1
     1     1    21     6    25     6     0     0   -18.0   35.500  126.140    598.2    931.6
     1     1    21     6    25     5     0     0   -19.0   35.409  126.134    594.1    932.6
     1     1    21     6    25     4     0     0   -20.0   35.323  126.128    593.5    932.9
     1     1    21     6    25     3     0     0   -21.0   35.241  126.120    596.1    932.8
     1     1    21     6    25     2     0     0   -22.0   35.164  126.109    602.0    932.4
     1     1    21     6    25     1     0     0   -23.0   35.092  126.093    611.1    931.8
     1     1    21     6    25     0     0     0   -24.0   35.024  126.072    623.2    930.8
     1     1    21     6    24    23     0     0   -25.0   34.959  126.042    636.2    929.5
     1     1    21     6    24    22     0     0   -26.0   34.894  126.000    647.2    928.8
     1     1    21     6    24    21     0     0   -27.0   34.829  125.949    656.1    928.3
     1     1    21     6    24    20     0     0   -28.0   34.763  125.888    663.1    928.1
     1     1    21     6    24    19     0     0   -29.0   34.694  125.819    668.0    928.2
     1     1    21     6    24    18     0     0   -30.0   34.623  125.740    670.8    928.5
     1     1    21     6    24    17     0     0   -31.0   34.549  125.661    675.9    928.9
     1     1    21     6    24    16     0     0   -32.0   34.470  125.589    687.5    928.0
     1     1    21     6    24    15     0     0   -33.0   34.389  125.524    705.9    926.3
     1     1    21     6    24    14     0     0   -34.0   34.306  125.467    731.3    923.8
     1     1    21     6    24    13     0     0   -35.0   34.222  125.417    764.0    920.6
     1     1    21     6    24    12     0     0   -36.0   34.138  125.376    804.5    916.6
     1     1    21     6    24    11     0     0   -37.0   34.061  125.343    848.6    911.9
     1     1    21     6    24    10     0     0   -38.0   33.998  125.317    891.9    907.8
     1     1    21     6    24     9     0     0   -39.0   33.950  125.294    934.1    903.8
     1     1    21     6    24     8     0     0   -40.0   33.917  125.275    974.8    899.4
     1     1    21     6    24     7     0     0   -41.0   33.901  125.257   1013.6    895.3
     1     1    21     6    24     6     0     0   -42.0   33.904  125.237   1050.1    891.5
     1     1    21     6    24     5     0     0   -43.0   33.921  125.208   1084.7    888.0
     1     1    21     6    24     4     0     0   -44.0   33.949  125.161   1117.3    884.8
     1     1    21     6    24     3     0     0   -45.0   33.987  125.096   1148.0    881.8
     1     1    21     6    24     2     0     0   -46.0   34.033  125.011   1177.1    879.2
     1     1    21     6    24     1     0     0   -47.0   34.089  124.906   1204.4    876.5
     1     1    21     6    24     0     0     0   -48.0   34.151  124.780   1230.2    874.1
     1     1    21     6    23    23     0     0   -49.0   34.210  124.642   1254.0    871.6
     1     1    21     6    23    22     0     0   -50.0   34.251  124.504   1275.5    869.5
     1     1    21     6    23    21     0     0   -51.0   34.274  124.366   1294.1    867.7
     1     1    21     6    23    20     0     0   -52.0   34.279  124.231   1309.5    866.2
     1     1    21     6    23    19     0     0   -53.0   34.264  124.101   1321.7    865.0
     1     1    21     6    23    18     0     0   -54.0   34.228  123.978   1331.0    864.2
     1     1    21     6    23    17     0     0   -55.0   34.191  123.865   1341.3    863.8
     1     1    21     6    23    16     0     0   -56.0   34.173  123.763   1356.8    862.3
     1     1    21     6    23    15     0     0   -57.0   34.175  123.669   1377.5    860.3
     1     1    21     6    23    14     0     0   -58.0   34.199  123.581   1403.6    857.7
     1     1    21     6    23    13     0     0   -59.0   34.245  123.497   1435.6    854.4
     1     1    21     6    23    12     0     0   -60.0   34.316  123.414   1473.9    850.5
     1     1    21     6    23    11     0     0   -61.0   34.407  123.325   1512.3    845.8
     1     1    21     6    23    10     0     0   -62.0   34.515  123.224   1544.5    842.4
     1     1    21     6    23     9     0     0   -63.0   34.641  123.110   1570.0    839.6
     1     1    21     6    23     8     0     0   -64.0   34.784  122.984   1588.3    837.4
     1     1    21     6    23     7     0     0   -65.0   34.947  122.845   1598.9    835.9
     1     1    21     6    23     6     0     0   -66.0   35.129  122.697   1602.5    835.5
     1     1    21     6    23     5     0     0   -67.0   35.322  122.538   1605.7    836.2
     1     1    21     6    23     4     0     0   -68.0   35.517  122.359   1611.2    835.7
     1     1    21     6    23     3     0     0   -69.0   35.710  122.161   1619.7    834.9
     1     1    21     6    23     2     0     0   -70.0   35.901  121.943   1631.1    833.8
     1     1    21     6    23     1     0     0   -71.0   36.091  121.705   1645.4    832.5
     1     1    21     6    23     0     0     0   -72.0   36.279  121.447   1662.7    831.0
     1     1    21     6    22    23     0     0   -73.0   36.461  121.185   1678.7    829.2
     1     1    21     6    22    22     0     0   -74.0   36.629  120.941   1688.6    828.6
     1     1    21     6    22    21     0     0   -75.0   36.785  120.714   1691.8    828.7
     1     1    21     6    22    20     0     0   -76.0   36.928  120.506   1687.7    829.6
     1     1    21     6    22    19     0     0   -77.0   37.058  120.319   1676.1    831.2
     1     1    21     6    22    18     0     0   -78.0   37.174  120.153   1656.5    833.6
     1     1    21     6    22    17     0     0   -79.0   37.283  119.998   1633.3    836.6
     1     1    21     6    22    16     0     0   -80.0   37.385  119.843   1612.3    838.5
     1     1    21     6    22    15     0     0   -81.0   37.480  119.686   1593.1    840.2
     1     1    21     6    22    14     0     0   -82.0   37.568  119.530   1575.5    841.0
     1     1    21     6    22    13     0     0   -83.0   37.652  119.379   1560.8    841.2
     1     1    21     6    22    12     0     0   -84.0   37.733  119.232   1549.3    841.0
     1     1    21     6    22    11     0     0   -85.0   37.816  119.096   1539.9    840.7
     1     1    21     6    22    10     0     0   -86.0   37.907  118.977   1533.0    840.1
     1     1    21     6    22     9     0     0   -87.0   38.005  118.872   1527.9    839.2
     1     1    21     6    22     8     0     0   -88.0   38.112  118.781   1524.6    838.0
     1     1    21     6    22     7     0     0   -89.0   38.227  118.702   1523.1    836.5
     1     1    21     6    22     6     0     0   -90.0   38.350  118.633   1523.5    834.6
     1     1    21     6    22     5     0     0   -91.0   38.477  118.562   1524.6    832.3
     1     1    21     6    22     4     0     0   -92.0   38.602  118.479   1524.5    830.0
     1     1    21     6    22     3     0     0   -93.0   38.727  118.386   1523.5    827.7
     1     1    21     6    22     2     0     0   -94.0   38.852  118.284   1521.5    825.3
     1     1    21     6    22     1     0     0   -95.0   38.978  118.172   1518.5    822.8
     1     1    21     6    22     0     0     0   -96.0   39.105  118.052   1514.6    820.2
