     2     1
    CDC1    21     4     1     0     0
    CDC1    21     5     1     0     0
     1 BACKWARD OMEGA   
  2021     5    21     0   37.500  127.000   500.0
     1 PRESSURE
     1     1    21     5    21     0     0     0     0.0   37.500  127.000    500.0    927.9
     1     1    21     5    20    23     0     0    -1.0   37.765  126.827    491.5    925.6
     1     1    21     5    20    22     0     0    -2.0   38.011  126.682    482.7    923.5
     1     1    21     5    20    21     0     0    -3.0   38.240  126.562    473.4    921.7
     1     1    21     5    20    20     0     0    -4.0   38.457  126.462    463.6    920.1
     1     1    21     5    20    19     0     0    -5.0   38.664  126.378    453.4    918.6
     1     1    21     5    20    18     0     0    -6.0   38.864  126.306    442.9    917.3
     1     1    21     5    20    17     0     0    -7.0   39.049  126.256    434.9    916.8
     1     1    21     5    20    16     0     0    -8.0   39.212  126.236    431.9    915.5
     1     1    21     5    20    15     0     0    -9.0   39.350  126.247    434.0    913.6
     1     1    21     5    20    14     0     0   -10.0   39.461  126.289    441.2    911.2
     1     1    21     5    20    13     0     0   -11.0   39.542  126.364    453.3    908.4
     1     1    21     5    20    12     0     0   -12.0   39.592  126.475    470.0    905.2
     1     1    21     5    20    11     0     0   -13.0   39.617  126.609    487.1    902.0
     1     1    21     5    20    10     0     0   -14.0   39.622  126.750    500.7    899.9
     1     1    21     5    20     9     0     0   -15.0   39.608  126.895    511.3    898.3
     1     1    21     5    20     8     0     0   -16.0   39.574  127.042    519.2    897.3
     1     1    21     5    20     7     0     0   -17.0   39.522  127.191    524.5    896.9
     1     1    21     5    20     6     0     0   -18.0   39.451  127.339    527.4    896.9
     1     1    21     5    20     5     0     0   -19.0   39.373  127.496    529.1    897.1
     1     1    21     5    20     4     0     0   -20.0   39.296  127.671    533.0    899.5
     1     1    21     5    20     3     0     0   -21.0   39.221  127.861    538.8    901.9
     1     1    21     5    20     2     0     0   -22.0   39.148  128.070    546.8    904.2
     1     1    21     5    20     1     0     0   -23.0   39.079  128.300    557.6    906.2
     1     1    21     5    20     0     0     0   -24.0   39.013  128.553    572.0    907.9
     1     1    21     5    19    23     0     0   -25.0   38.947  128.793    590.9    909.0
     1     1    21     5    19    22     0     0   -26.0   38.875  128.985    615.1    909.0
     1     1    21     5    19    21     0     0   -27.0   38.800  129.128    644.0    907.8
     1     1    21     5    19    20     0     0   -28.0   38.724  129.221    677.3    905.7
     1     1    21     5    19    19     0     0   -29.0   38.649  129.266    714.8    902.8
     1     1    21     5    19    18     0     0   -30.0   38.575  129.264    756.5    899.2
     1     1    21     5    19    17     0     0   -31.0   38.507  129.240    799.1    895.0
     1     1    21     5    19    16     0     0   -32.0   38.449  129.215    838.9    891.4
     1     1    21     5    19    15     0     0   -33.0   38.402  129.186    876.3    888.0
     1     1    21     5    19    14     0     0   -34.0   38.367  129.150    911.7    884.8
     1     1    21     5    19    13     0     0   -35.0   38.344  129.107    945.3    881.3
     1     1    21     5    19    12     0     0   -36.0   38.336  129.055    977.4    877.6
     1     1    21     5    19    11     0     0   -37.0   38.337  128.993   1009.9    873.7
     1     1    21     5    19    10     0     0   -38.0   38.347  128.921   1045.0    869.2
     1     1    21     5    19     9     0     0   -39.0   38.365  128.839   1082.9    864.4
     1     1    21     5    19     8     0     0   -40.0   38.393  128.746   1123.7    859.1
     1     1    21     5    19     7     0     0   -41.0   38.434  128.641   1167.8    853.3
     1     1    21     5    19     6     0     0   -42.0   38.487  128.523   1215.3    847.0
     1     1    21     5    19     5     0     0   -43.0   38.555  128.396   1264.2    840.6
     1     1    21     5    19     4     0     0   -44.0   38.637  128.263   1311.5    834.1
     1     1    21     5    19     3     0     0   -45.0   38.729  128.120   1357.2    827.4
     1     1    21     5    19     2     0     0   -46.0   38.831  127.964   1401.0    820.8
     1     1    21     5    19     1     0     0   -47.0   38.941  127.795   1442.4    814.2
     1     1    21     5    19     0     0     0   -48.0   39.058  127.610   1480.9    807.7
     1     1    21     5    18    23     0     0   -49.0   39.174  127.403   1514.2    802.3
     1     1    21     5    18    22     0     0   -50.0   39.277  127.166   1538.2    799.9
     1     1    21     5    18    21     0     0   -51.0   39.367  126.898   1551.8    799.1
     1     1    21     5    18    20     0     0   -52.0   39.446  126.595   1554.7    799.8
     1     1    21     5    18    19     0     0   -53.0   39.516  126.252   1547.0    801.9
     1     1    21     5    18    18     0     0   -54.0   39.579  125.862   1528.8    805.6
     1     1    21     5    18    17     0     0   -55.0   39.627  125.445   1506.5    810.8
     1     1    21     5    18    16     0     0   -56.0   39.652  125.031   1488.0    815.3
     1     1    21     5    18    15     0     0   -57.0   39.648  124.627   1474.3    820.1
     1     1    21     5    18    14     0     0   -58.0   39.614  124.240   1466.9    824.5
     1     1    21     5    18    13     0     0   -59.0   39.548  123.874   1466.7    828.3
     1     1    21     5    18    12     0     0   -60.0   39.454  123.531   1474.6    831.3
     1     1    21     5    18    11     0     0   -61.0   39.350  123.202   1488.9    833.2
     1     1    21     5    18    10     0     0   -62.0   39.253  122.874   1507.0    834.6
     1     1    21     5    18     9     0     0   -63.0   39.163  122.551   1528.3    835.5
     1     1    21     5    18     8     0     0   -64.0   39.084  122.235   1551.4    833.7
     1     1    21     5    18     7     0     0   -65.0   39.016  121.932   1577.5    831.2
     1     1    21     5    18     6     0     0   -66.0   38.960  121.641   1605.4    828.5
     1     1    21     5    18     5     0     0   -67.0   38.914  121.365   1635.4    825.8
     1     1    21     5    18     4     0     0   -68.0   38.879  121.108   1668.5    822.6
     1     1    21     5    18     3     0     0   -69.0   38.854  120.869   1704.5    819.2
     1     1    21     5    18     2     0     0   -70.0   38.842  120.648   1743.1    815.2
     1     1    21     5    18     1     0     0   -71.0   38.841  120.442   1784.2    810.9
     1     1    21     5    18     0     0     0   -72.0   38.854  120.252   1827.4    806.3
     1     1    21     5    17    23     0     0   -73.0   38.875  120.070   1871.2    801.4
     1     1    21     5    17    22     0     0   -74.0   38.902  119.889   1914.7    796.0
     1     1    21     5    17    21     0     0   -75.0   38.935  119.710   1958.1    790.2
     1     1    21     5    17    20     0     0   -76.0   38.973  119.534   2002.2    784.3
     1     1    21     5    17    19     0     0   -77.0   39.016  119.361   2047.5    778.3
     1     1    21     5    17    18     0     0   -78.0   39.063  119.190   2094.7    772.2
     1     1    21     5    17    17     0     0   -79.0   39.119  119.028   2143.6    765.8
     1     1    21     5    17    16     0     0   -80.0   39.189  118.879   2192.6    759.4
     1     1    21     5    17    15     0     0   -81.0   39.273  118.743   2241.0    752.7
     1     1    21     5    17    14     0     0   -82.0   39.372  118.617   2287.6    746.0
     1     1    21     5    17    13     0     0   -83.0   39.488  118.499   2331.0    739.4
     1     1    21     5    17    12     0     0   -84.0   39.620  118.387   2369.6    733.0
     1     1    21     5    17    11     0     0   -85.0   39.766  118.278   2405.5    727.2
     1     1    21     5    17    10     0     0   -86.0   39.922  118.167   2440.3    721.0
     1     1    21     5    17     9     0     0   -87.0   40.087  118.053   2473.8    713.9
     1     1    21     5    17     8     0     0   -88.0   40.256  117.930   2506.2    706.0
     1     1    21     5    17     7     0     0   -89.0   40.426  117.795   2538.5    697.8
     1     1    21     5    17     6     0     0   -90.0   40.594  117.648   2571.2    689.2
     1     1    21     5    17     5     0     0   -91.0   40.768  117.496   2605.2    679.9
     1     1    21     5    17     4     0     0   -92.0   40.955  117.350   2641.2    670.3
     1     1    21     5    17     3     0     0   -93.0   41.156  117.206   2679.1    660.5
     1     1    21     5    17     2     0     0   -94.0   41.369  117.062   2718.8    650.4
     1     1    21     5    17     1     0     0   -95.0   41.592  116.915   2760.7    640.2
     1     1    21     5    17     0     0     0   -96.0   41.826  116.765   2805.1    629.9
