     2     1
    CDC1    21    10     1     0     0
    CDC1    21    11     1     0     0
     1 BACKWARD OMEGA   
  2021    11     4    12   37.500  127.000   500.0
     1 PRESSURE
     1     1    21    11     4    12     0     0     0.0   37.500  127.000    500.0    942.1
     1     1    21    11     4    11     0     0    -1.0   37.524  126.867    518.7    940.3
     1     1    21    11     4    10     0     0    -2.0   37.538  126.739    536.1    938.8
     1     1    21    11     4     9     0     0    -3.0   37.545  126.617    552.1    937.5
     1     1    21    11     4     8     0     0    -4.0   37.545  126.501    566.6    936.5
     1     1    21    11     4     7     0     0    -5.0   37.537  126.392    579.4    935.7
     1     1    21    11     4     6     0     0    -6.0   37.525  126.291    590.4    935.2
     1     1    21    11     4     5     0     0    -7.0   37.515  126.185    600.3    935.0
     1     1    21    11     4     4     0     0    -8.0   37.518  126.062    609.5    934.7
     1     1    21    11     4     3     0     0    -9.0   37.533  125.921    618.1    934.5
     1     1    21    11     4     2     0     0   -10.0   37.559  125.761    626.3    934.4
     1     1    21    11     4     1     0     0   -11.0   37.596  125.582    634.2    934.1
     1     1    21    11     4     0     0     0   -12.0   37.643  125.382    642.3    933.8
     1     1    21    11     3    23     0     0   -13.0   37.693  125.161    649.0    933.4
     1     1    21    11     3    22     0     0   -14.0   37.736  124.919    652.8    933.4
     1     1    21    11     3    21     0     0   -15.0   37.774  124.659    653.9    933.5
     1     1    21    11     3    20     0     0   -16.0   37.805  124.379    652.5    934.1
     1     1    21    11     3    19     0     0   -17.0   37.828  124.080    648.7    935.1
     1     1    21    11     3    18     0     0   -18.0   37.840  123.760    642.7    936.7
     1     1    21    11     3    17     0     0   -19.0   37.840  123.434    637.2    938.8
     1     1    21    11     3    16     0     0   -20.0   37.829  123.121    634.8    940.3
     1     1    21    11     3    15     0     0   -21.0   37.809  122.820    635.5    941.4
     1     1    21    11     3    14     0     0   -22.0   37.783  122.532    639.3    942.0
     1     1    21    11     3    13     0     0   -23.0   37.752  122.259    646.2    941.4
     1     1    21    11     3    12     0     0   -24.0   37.716  122.004    656.0    940.4
     1     1    21    11     3    11     0     0   -25.0   37.677  121.759    666.9    939.2
     1     1    21    11     3    10     0     0   -26.0   37.639  121.514    677.2    938.4
     1     1    21    11     3     9     0     0   -27.0   37.603  121.268    687.7    937.5
     1     1    21    11     3     8     0     0   -28.0   37.568  121.020    699.1    936.6
     1     1    21    11     3     7     0     0   -29.0   37.536  120.768    712.1    935.5
     1     1    21    11     3     6     0     0   -30.0   37.508  120.511    727.5    934.2
     1     1    21    11     3     5     0     0   -31.0   37.488  120.252    746.5    932.5
     1     1    21    11     3     4     0     0   -32.0   37.481  119.992    769.1    930.2
     1     1    21    11     3     3     0     0   -33.0   37.486  119.734    795.1    927.4
     1     1    21    11     3     2     0     0   -34.0   37.506  119.480    824.2    924.3
     1     1    21    11     3     1     0     0   -35.0   37.541  119.231    856.0    920.5
     1     1    21    11     3     0     0     0   -36.0   37.592  118.987    890.7    916.2
     1     1    21    11     2    23     0     0   -37.0   37.650  118.734    925.0    911.3
     1     1    21    11     2    22     0     0   -38.0   37.705  118.455    956.5    906.6
     1     1    21    11     2    21     0     0   -39.0   37.759  118.147    985.2    901.9
     1     1    21    11     2    20     0     0   -40.0   37.813  117.809   1011.3    897.3
     1     1    21    11     2    19     0     0   -41.0   37.870  117.437   1035.0    891.9
     1     1    21    11     2    18     0     0   -42.0   37.929  117.032   1055.9    881.9
     1     1    21    11     2    17     0     0   -43.0   37.984  116.619   1079.8    871.5
     1     1    21    11     2    16     0     0   -44.0   38.028  116.220   1108.8    860.6
     1     1    21    11     2    15     0     0   -45.0   38.066  115.833   1141.1    849.8
     1     1    21    11     2    14     0     0   -46.0   38.102  115.458   1175.4    839.2
     1     1    21    11     2    13     0     0   -47.0   38.138  115.093   1210.0    828.7
     1     1    21    11     2    12     0     0   -48.0   38.179  114.738   1242.8    817.2
     1     1    21    11     2    11     0     0   -49.0   38.225  114.385   1275.3    806.0
     1     1    21    11     2    10     0     0   -50.0   38.277  114.021   1308.5    794.1
     1     1    21    11     2     9     0     0   -51.0   38.339  113.641   1342.4    781.8
     1     1    21    11     2     8     0     0   -52.0   38.413  113.237   1376.8    769.1
     1     1    21    11     2     7     0     0   -53.0   38.503  112.801   1411.6    755.8
     1     1    21    11     2     6     0     0   -54.0   38.612  112.327   1448.0    743.5
     1     1    21    11     2     5     0     0   -55.0   38.722  111.830   1482.7    733.8
     1     1    21    11     2     4     0     0   -56.0   38.816  111.332   1511.0    725.9
     1     1    21    11     2     3     0     0   -57.0   38.895  110.837   1535.3    719.0
     1     1    21    11     2     2     0     0   -58.0   38.964  110.350   1558.7    712.5
     1     1    21    11     2     1     0     0   -59.0   39.023  109.875   1584.4    707.3
     1     1    21    11     2     0     0     0   -60.0   39.076  109.417   1615.2    704.6
     1     1    21    11     1    23     0     0   -61.0   39.128  108.967   1650.6    701.9
     1     1    21    11     1    22     0     0   -62.0   39.181  108.515   1691.8    698.6
     1     1    21    11     1    21     0     0   -63.0   39.238  108.060   1739.0    694.9
     1     1    21    11     1    20     0     0   -64.0   39.298  107.599   1792.7    690.8
     1     1    21    11     1    19     0     0   -65.0   39.358  107.130   1850.3    686.1
     1     1    21    11     1    18     0     0   -66.0   39.411  106.652   1909.9    681.5
     1     1    21    11     1    17     0     0   -67.0   39.467  106.176   1966.4    676.6
     1     1    21    11     1    16     0     0   -68.0   39.539  105.709   2016.7    673.2
     1     1    21    11     1    15     0     0   -69.0   39.630  105.250   2061.3    670.8
     1     1    21    11     1    14     0     0   -70.0   39.741  104.793   2098.6    667.9
     1     1    21    11     1    13     0     0   -71.0   39.868  104.330   2129.1    664.1
     1     1    21    11     1    12     0     0   -72.0   40.008  103.856   2157.1    661.8
     1     1    21    11     1    11     0     0   -73.0   40.146  103.363   2183.1    658.4
     1     1    21    11     1    10     0     0   -74.0   40.267  102.848   2210.9    655.0
     1     1    21    11     1     9     0     0   -75.0   40.372  102.311   2236.7    649.1
     1     1    21    11     1     8     0     0   -76.0   40.461  101.755   2256.0    638.6
     1     1    21    11     1     7     0     0   -77.0   40.536  101.180   2274.5    628.6
     1     1    21    11     1     6     0     0   -78.0   40.603  100.587   2292.7    618.9
     1     1    21    11     1     5     0     0   -79.0   40.664   99.989   2309.1    609.5
     1     1    21    11     1     4     0     0   -80.0   40.716   99.403   2322.0    602.8
     1     1    21    11     1     3     0     0   -81.0   40.759   98.836   2327.0    596.9
     1     1    21    11     1     2     0     0   -82.0   40.796   98.289   2322.7    591.9
     1     1    21    11     1     1     0     0   -83.0   40.825   97.763   2307.9    587.8
     1     1    21    11     1     0     0     0   -84.0   40.848   97.263   2288.7    588.9
     1     1    21    10    31    23     0     0   -85.0   40.862   96.782   2268.3    595.4
     1     1    21    10    31    22     0     0   -86.0   40.866   96.309   2243.9    601.5
     1     1    21    10    31    21     0     0   -87.0   40.862   95.845   2216.4    607.4
     1     1    21    10    31    20     0     0   -88.0   40.851   95.386   2186.7    613.2
     1     1    21    10    31    19     0     0   -89.0   40.833   94.933   2156.8    619.4
     1     1    21    10    31    18     0     0   -90.0   40.805   94.487   2134.5    627.7
     1     1    21    10    31    17     0     0   -91.0   40.767   94.052   2123.5    634.9
     1     1    21    10    31    16     0     0   -92.0   40.722   93.627   2124.2    640.8
     1     1    21    10    31    15     0     0   -93.0   40.672   93.209   2133.0    646.0
     1     1    21    10    31    14     0     0   -94.0   40.619   92.798   2145.9    651.1
     1     1    21    10    31    13     0     0   -95.0   40.567   92.393   2158.1    655.1
     1     1    21    10    31    12     0     0   -96.0   40.519   91.997   2163.4    656.0
