     2     1
    CDC1    21     7     1     0     0
    CDC1    21     8     1     0     0
     1 BACKWARD OMEGA   
  2021     8     3     9   37.500  127.000   500.0
     1 PRESSURE
     1     1    21     8     3     9     0     0     0.0   37.500  127.000    500.0    933.8
     1     1    21     8     3     8     0     0    -1.0   37.387  126.909    502.2    934.3
     1     1    21     8     3     7     0     0    -2.0   37.265  126.823    507.5    934.3
     1     1    21     8     3     6     0     0    -3.0   37.137  126.743    515.8    933.9
     1     1    21     8     3     5     0     0    -4.0   37.005  126.668    524.7    933.1
     1     1    21     8     3     4     0     0    -5.0   36.875  126.596    531.6    932.8
     1     1    21     8     3     3     0     0    -6.0   36.745  126.528    536.5    932.7
     1     1    21     8     3     2     0     0    -7.0   36.616  126.464    539.7    932.8
     1     1    21     8     3     1     0     0    -8.0   36.486  126.406    541.4    933.1
     1     1    21     8     3     0     0     0    -9.0   36.354  126.354    541.8    933.5
     1     1    21     8     2    23     0     0   -10.0   36.224  126.309    542.5    933.9
     1     1    21     8     2    22     0     0   -11.0   36.097  126.274    544.6    934.0
     1     1    21     8     2    21     0     0   -12.0   35.974  126.247    547.8    933.8
     1     1    21     8     2    20     0     0   -13.0   35.854  126.227    552.2    933.5
     1     1    21     8     2    19     0     0   -14.0   35.736  126.213    557.4    933.0
     1     1    21     8     2    18     0     0   -15.0   35.621  126.205    563.2    932.5
     1     1    21     8     2    17     0     0   -16.0   35.504  126.193    567.8    931.9
     1     1    21     8     2    16     0     0   -17.0   35.382  126.169    569.1    931.9
     1     1    21     8     2    15     0     0   -18.0   35.255  126.133    567.1    932.3
     1     1    21     8     2    14     0     0   -19.0   35.125  126.088    561.8    933.1
     1     1    21     8     2    13     0     0   -20.0   34.990  126.034    553.0    934.4
     1     1    21     8     2    12     0     0   -21.0   34.853  125.977    540.9    936.1
     1     1    21     8     2    11     0     0   -22.0   34.711  125.933    529.1    938.0
     1     1    21     8     2    10     0     0   -23.0   34.562  125.913    521.5    938.9
     1     1    21     8     2     9     0     0   -24.0   34.405  125.915    518.1    939.3
     1     1    21     8     2     8     0     0   -25.0   34.241  125.940    519.2    939.2
     1     1    21     8     2     7     0     0   -26.0   34.068  125.988    525.2    938.6
     1     1    21     8     2     6     0     0   -27.0   33.886  126.058    536.4    937.5
     1     1    21     8     2     5     0     0   -28.0   33.700  126.144    549.2    936.1
     1     1    21     8     2     4     0     0   -29.0   33.519  126.242    558.9    935.5
     1     1    21     8     2     3     0     0   -30.0   33.343  126.348    564.9    935.2
     1     1    21     8     2     2     0     0   -31.0   33.174  126.462    567.0    935.3
     1     1    21     8     2     1     0     0   -32.0   33.011  126.583    564.5    936.0
     1     1    21     8     2     0     0     0   -33.0   32.856  126.710    557.3    937.1
     1     1    21     8     1    23     0     0   -34.0   32.707  126.838    550.0    938.4
     1     1    21     8     1    22     0     0   -35.0   32.562  126.965    547.1    938.9
     1     1    21     8     1    21     0     0   -36.0   32.421  127.087    548.2    938.7
     1     1    21     8     1    20     0     0   -37.0   32.281  127.201    552.5    938.1
     1     1    21     8     1    19     0     0   -38.0   32.142  127.305    559.9    937.3
     1     1    21     8     1    18     0     0   -39.0   32.003  127.397    570.0    936.4
     1     1    21     8     1    17     0     0   -40.0   31.861  127.479    577.9    935.3
     1     1    21     8     1    16     0     0   -41.0   31.713  127.555    578.7    935.3
     1     1    21     8     1    15     0     0   -42.0   31.561  127.625    572.7    936.0
     1     1    21     8     1    14     0     0   -43.0   31.406  127.692    560.0    937.4
     1     1    21     8     1    13     0     0   -44.0   31.250  127.756    541.4    939.5
     1     1    21     8     1    12     0     0   -45.0   31.095  127.819    517.2    942.2
     1     1    21     8     1    11     0     0   -46.0   30.939  127.892    494.4    945.6
     1     1    21     8     1    10     0     0   -47.0   30.782  127.983    478.5    947.7
     1     1    21     8     1     9     0     0   -48.0   30.622  128.092    469.4    949.0
     1     1    21     8     1     8     0     0   -49.0   30.458  128.218    467.1    949.5
     1     1    21     8     1     7     0     0   -50.0   30.290  128.359    471.8    949.4
     1     1    21     8     1     6     0     0   -51.0   30.117  128.514    483.9    948.5
     1     1    21     8     1     5     0     0   -52.0   29.945  128.674    497.3    946.8
     1     1    21     8     1     4     0     0   -53.0   29.778  128.826    505.7    945.6
     1     1    21     8     1     3     0     0   -54.0   29.616  128.966    508.9    945.0
     1     1    21     8     1     2     0     0   -55.0   29.460  129.097    507.2    944.9
     1     1    21     8     1     1     0     0   -56.0   29.311  129.219    501.0    945.4
     1     1    21     8     1     0     0     0   -57.0   29.168  129.333    490.6    946.3
     1     1    21     7    31    23     0     0   -58.0   29.030  129.433    478.6    947.4
     1     1    21     7    31    22     0     0   -59.0   28.893  129.512    467.5    948.3
     1     1    21     7    31    21     0     0   -60.0   28.757  129.574    457.2    949.2
     1     1    21     7    31    20     0     0   -61.0   28.622  129.617    447.5    950.0
     1     1    21     7    31    19     0     0   -62.0   28.489  129.645    438.5    950.8
     1     1    21     7    31    18     0     0   -63.0   28.357  129.659    430.0    951.5
     1     1    21     7    31    17     0     0   -64.0   28.222  129.663    422.0    952.5
     1     1    21     7    31    16     0     0   -65.0   28.079  129.663    413.8    953.5
     1     1    21     7    31    15     0     0   -66.0   27.928  129.661    405.5    954.6
     1     1    21     7    31    14     0     0   -67.0   27.768  129.656    397.0    955.6
     1     1    21     7    31    13     0     0   -68.0   27.600  129.651    388.2    956.7
     1     1    21     7    31    12     0     0   -69.0   27.426  129.643    379.2    958.0
     1     1    21     7    31    11     0     0   -70.0   27.253  129.633    371.7    959.1
     1     1    21     7    31    10     0     0   -71.0   27.090  129.625    367.0    959.8
     1     1    21     7    31     9     0     0   -72.0   26.936  129.620    364.9    960.3
     1     1    21     7    31     8     0     0   -73.0   26.791  129.618    365.0    960.5
     1     1    21     7    31     7     0     0   -74.0   26.655  129.620    367.4    960.4
     1     1    21     7    31     6     0     0   -75.0   26.527  129.627    371.9    960.2
     1     1    21     7    31     5     0     0   -76.0   26.411  129.636    378.0    959.9
     1     1    21     7    31     4     0     0   -77.0   26.310  129.643    385.9    959.4
     1     1    21     7    31     3     0     0   -78.0   26.225  129.650    395.4    958.5
     1     1    21     7    31     2     0     0   -79.0   26.155  129.657    406.6    957.3
     1     1    21     7    31     1     0     0   -80.0   26.101  129.664    419.6    956.0
     1     1    21     7    31     0     0     0   -81.0   26.062  129.672    434.4    954.5
     1     1    21     7    30    23     0     0   -82.0   26.031  129.670    450.2    952.6
     1     1    21     7    30    22     0     0   -83.0   25.999  129.643    465.3    951.0
     1     1    21     7    30    21     0     0   -84.0   25.964  129.591    479.9    949.5
     1     1    21     7    30    20     0     0   -85.0   25.926  129.515    493.7    948.2
     1     1    21     7    30    19     0     0   -86.0   25.883  129.412    507.0    946.9
     1     1    21     7    30    18     0     0   -87.0   25.836  129.282    519.6    945.7
     1     1    21     7    30    17     0     0   -88.0   25.782  129.145    531.1    944.4
     1     1    21     7    30    16     0     0   -89.0   25.725  129.022    541.2    943.4
     1     1    21     7    30    15     0     0   -90.0   25.663  128.913    549.7    942.5
     1     1    21     7    30    14     0     0   -91.0   25.597  128.818    556.3    941.8
     1     1    21     7    30    13     0     0   -92.0   25.527  128.739    560.9    941.4
     1     1    21     7    30    12     0     0   -93.0   25.453  128.675    563.4    941.1
     1     1    21     7    30    11     0     0   -94.0   25.385  128.617    566.3    941.1
     1     1    21     7    30    10     0     0   -95.0   25.331  128.556    571.6    940.6
     1     1    21     7    30     9     0     0   -96.0   25.293  128.491    579.7    939.9
