     2     1
    CDC1    21     7     1     0     0
    CDC1    21     8     1     0     0
     1 BACKWARD OMEGA   
  2021     8    21    18   37.500  127.000   500.0
     1 PRESSURE
     1     1    21     8    21    18     0     0     0.0   37.500  127.000    500.0    931.1
     1     1    21     8    21    17     0     0    -1.0   37.456  126.520    515.1    931.6
     1     1    21     8    21    16     0     0    -2.0   37.433  126.080    522.9    933.0
     1     1    21     8    21    15     0     0    -3.0   37.439  125.676    525.2    934.8
     1     1    21     8    21    14     0     0    -4.0   37.485  125.302    523.4    936.7
     1     1    21     8    21    13     0     0    -5.0   37.577  124.953    518.6    937.6
     1     1    21     8    21    12     0     0    -6.0   37.710  124.634    511.4    937.2
     1     1    21     8    21    11     0     0    -7.0   37.859  124.352    500.9    937.0
     1     1    21     8    21    10     0     0    -8.0   38.003  124.108    486.8    937.7
     1     1    21     8    21     9     0     0    -9.0   38.140  123.897    468.6    939.0
     1     1    21     8    21     8     0     0   -10.0   38.271  123.716    446.7    940.9
     1     1    21     8    21     7     0     0   -11.0   38.395  123.562    421.4    943.4
     1     1    21     8    21     6     0     0   -12.0   38.512  123.432    392.9    946.4
     1     1    21     8    21     5     0     0   -13.0   38.626  123.330    364.0    949.6
     1     1    21     8    21     4     0     0   -14.0   38.739  123.263    337.5    951.9
     1     1    21     8    21     3     0     0   -15.0   38.850  123.230    313.2    953.9
     1     1    21     8    21     2     0     0   -16.0   38.957  123.232    291.0    955.5
     1     1    21     8    21     1     0     0   -17.0   39.058  123.268    270.7    956.8
     1     1    21     8    21     0     0     0   -18.0   39.148  123.343    252.0    957.8
     1     1    21     8    20    23     0     0   -19.0   39.200  123.441    234.0    959.3
     1     1    21     8    20    22     0     0   -20.0   39.190  123.538    216.1    961.4
     1     1    21     8    20    21     0     0   -21.0   39.123  123.634    198.5    964.1
     1     1    21     8    20    20     0     0   -22.0   38.998  123.728    181.0    966.6
     1     1    21     8    20    19     0     0   -23.0   38.817  123.822    163.7    969.7
     1     1    21     8    20    18     0     0   -24.0   38.581  123.919    146.5    973.5
     1     1    21     8    20    17     0     0   -25.0   38.321  124.019    131.0    977.5
     1     1    21     8    20    16     0     0   -26.0   38.072  124.120    118.5    981.2
     1     1    21     8    20    15     0     0   -27.0   37.832  124.219    108.9    984.7
     1     1    21     8    20    14     0     0   -28.0   37.600  124.314    101.9    988.1
     1     1    21     8    20    13     0     0   -29.0   37.377  124.402     97.3    990.2
     1     1    21     8    20    12     0     0   -30.0   37.162  124.480     95.2    991.0
     1     1    21     8    20    11     0     0   -31.0   36.950  124.550     93.6    991.2
     1     1    21     8    20    10     0     0   -32.0   36.739  124.615     90.6    991.9
     1     1    21     8    20     9     0     0   -33.0   36.531  124.677     85.9    992.8
     1     1    21     8    20     8     0     0   -34.0   36.327  124.738     79.5    994.1
     1     1    21     8    20     7     0     0   -35.0   36.127  124.799     71.1    995.6
     1     1    21     8    20     6     0     0   -36.0   35.929  124.858     61.0    996.9
     1     1    21     8    20     5     0     0   -37.0   35.729  124.919     50.8    998.4
     1     1    21     8    20     4     0     0   -38.0   35.522  124.989     42.0    999.7
     1     1    21     8    20     3     0     0   -39.0   35.308  125.067     34.7   1000.8
     1     1    21     8    20     2     0     0   -40.0   35.088  125.153     28.8   1001.6
     1     1    21     8    20     1     0     0   -41.0   34.864  125.248     24.3   1002.4
     1     1    21     8    20     0     0     0   -42.0   34.642  125.355     21.0   1003.0
     1     1    21     8    19    23     0     0   -43.0   34.428  125.463     18.7   1003.5
     1     1    21     8    19    22     0     0   -44.0   34.224  125.566     17.1   1003.8
     1     1    21     8    19    21     0     0   -45.0   34.031  125.664     16.0   1004.2
     1     1    21     8    19    20     0     0   -46.0   33.849  125.759     15.2   1004.5
     1     1    21     8    19    19     0     0   -47.0   33.675  125.852     14.4   1004.8
     1     1    21     8    19    18     0     0   -48.0   33.511  125.945     13.7   1005.2
     1     1    21     8    19    17     0     0   -49.0   33.356  126.039     13.2   1005.6
     1     1    21     8    19    16     0     0   -50.0   33.210  126.134     12.9   1006.0
     1     1    21     8    19    15     0     0   -51.0   33.073  126.228     13.0   1006.3
     1     1    21     8    19    14     0     0   -52.0   32.943  126.320     13.4   1006.6
     1     1    21     8    19    13     0     0   -53.0   32.819  126.408     14.4   1006.7
     1     1    21     8    19    12     0     0   -54.0   32.702  126.492     16.2   1006.7
     1     1    21     8    19    11     0     0   -55.0   32.590  126.570     18.4   1006.5
     1     1    21     8    19    10     0     0   -56.0   32.482  126.642     20.5   1006.5
     1     1    21     8    19     9     0     0   -57.0   32.378  126.709     22.0   1006.2
     1     1    21     8    19     8     0     0   -58.0   32.278  126.772     22.7   1006.2
     1     1    21     8    19     7     0     0   -59.0   32.180  126.831     22.7   1006.2
     1     1    21     8    19     6     0     0   -60.0   32.083  126.888     21.8   1006.4
     1     1    21     8    19     5     0     0   -61.0   31.996  126.942     21.0   1006.6
     1     1    21     8    19     4     0     0   -62.0   31.926  126.990     20.9   1006.6
     1     1    21     8    19     3     0     0   -63.0   31.874  127.032     21.6   1006.4
     1     1    21     8    19     2     0     0   -64.0   31.839  127.065     22.9   1006.1
     1     1    21     8    19     1     0     0   -65.0   31.821  127.090     25.2   1005.7
     1     1    21     8    19     0     0     0   -66.0   31.820  127.104     28.5   1005.2
     1     1    21     8    18    23     0     0   -67.0   31.828  127.108     32.2   1004.3
     1     1    21     8    18    22     0     0   -68.0   31.838  127.102     35.3   1003.6
     1     1    21     8    18    21     0     0   -69.0   31.850  127.086     37.7   1003.0
     1     1    21     8    18    20     0     0   -70.0   31.863  127.062     39.2   1002.6
     1     1    21     8    18    19     0     0   -71.0   31.879  127.029     39.7   1002.3
     1     1    21     8    18    18     0     0   -72.0   31.898  126.989     39.4   1002.0
     1     1    21     8    18    17     0     0   -73.0   31.923  126.947     39.0   1002.1
     1     1    21     8    18    16     0     0   -74.0   31.958  126.910     39.3   1001.9
     1     1    21     8    18    15     0     0   -75.0   32.001  126.877     40.3   1001.7
     1     1    21     8    18    14     0     0   -76.0   32.053  126.850     41.8   1001.4
     1     1    21     8    18    13     0     0   -77.0   32.114  126.830     44.1   1000.9
     1     1    21     8    18    12     0     0   -78.0   32.182  126.818     46.9   1000.4
     1     1    21     8    18    11     0     0   -79.0   32.253  126.813     48.5    999.7
     1     1    21     8    18    10     0     0   -80.0   32.325  126.814     46.8    999.5
     1     1    21     8    18     9     0     0   -81.0   32.399  126.818     42.0    999.6
     1     1    21     8    18     8     0     0   -82.0   32.476  126.827     34.7   1000.0
     1     1    21     8    18     7     0     0   -83.0   32.555  126.839     25.8   1000.6
     1     1    21     8    18     6     0     0   -84.0   32.636  126.856     16.6   1001.5
     1     1    21     8    18     5     0     0   -85.0   32.721  126.880      9.4   1002.5
     1     1    21     8    18     4     0     0   -86.0   32.816  126.912      4.9   1002.4
     1     1    21     8    18     3     0     0   -87.0   32.919  126.955      1.9   1002.1
     1     1    21     8    18     2     0     0   -88.0   33.030  127.009      0.2   1001.8
     1     1    21     8    18     1     0     0   -89.0   33.147  127.074      0.0   1001.5
     1     1    21     8    18     0     0     0   -90.0   33.272  127.149      0.9   1001.1
     1     1    21     8    17    23     0     0   -91.0   33.390  127.225      2.4   1000.0
     1     1    21     8    17    22     0     0   -92.0   33.491  127.290      4.1    999.0
     1     1    21     8    17    21     0     0   -93.0   33.576  127.342      5.9    998.1
     1     1    21     8    17    20     0     0   -94.0   33.645  127.382      7.9    997.3
     1     1    21     8    17    19     0     0   -95.0   33.700  127.409     10.0    996.6
     1     1    21     8    17    18     0     0   -96.0   33.741  127.421     12.3    995.6
