     2     1
    CDC1    21     7     1     0     0
    CDC1    21     8     1     0     0
     1 BACKWARD OMEGA   
  2021     8    18     9   37.500  127.000   500.0
     1 PRESSURE
     1     1    21     8    18     9     0     0     0.0   37.500  127.000    500.0    935.7
     1     1    21     8    18     8     0     0    -1.0   37.512  127.231    490.7    935.2
     1     1    21     8    18     7     0     0    -2.0   37.505  127.471    481.1    934.8
     1     1    21     8    18     6     0     0    -3.0   37.483  127.721    471.2    936.5
     1     1    21     8    18     5     0     0    -4.0   37.467  127.974    459.6    938.6
     1     1    21     8    18     4     0     0    -5.0   37.476  128.227    446.3    941.1
     1     1    21     8    18     3     0     0    -6.0   37.509  128.480    431.4    943.7
     1     1    21     8    18     2     0     0    -7.0   37.569  128.731    415.3    945.9
     1     1    21     8    18     1     0     0    -8.0   37.655  128.977    398.5    948.0
     1     1    21     8    18     0     0     0    -9.0   37.769  129.219    381.2    950.0
     1     1    21     8    17    23     0     0   -10.0   37.900  129.457    365.0    951.3
     1     1    21     8    17    22     0     0   -11.0   38.037  129.692    351.2    952.3
     1     1    21     8    17    21     0     0   -12.0   38.179  129.921    339.7    953.1
     1     1    21     8    17    20     0     0   -13.0   38.323  130.142    330.0    954.5
     1     1    21     8    17    19     0     0   -14.0   38.464  130.349    321.4    956.5
     1     1    21     8    17    18     0     0   -15.0   38.600  130.544    313.7    958.5
     1     1    21     8    17    17     0     0   -16.0   38.731  130.730    304.6    960.8
     1     1    21     8    17    16     0     0   -17.0   38.853  130.913    291.1    964.2
     1     1    21     8    17    15     0     0   -18.0   38.965  131.096    273.5    968.2
     1     1    21     8    17    14     0     0   -19.0   39.065  131.281    251.8    973.1
     1     1    21     8    17    13     0     0   -20.0   39.151  131.472    226.3    978.8
     1     1    21     8    17    12     0     0   -21.0   39.223  131.673    197.0    985.5
     1     1    21     8    17    11     0     0   -22.0   39.287  131.888    166.4    992.2
     1     1    21     8    17    10     0     0   -23.0   39.351  132.121    137.0    999.2
     1     1    21     8    17     9     0     0   -24.0   39.419  132.370    109.7   1006.9
     1     1    21     8    17     8     0     0   -25.0   39.493  132.633     86.5   1012.8
     1     1    21     8    17     7     0     0   -26.0   39.568  132.906     68.0   1015.5
     1     1    21     8    17     6     0     0   -27.0   39.641  133.188     53.6   1017.7
     1     1    21     8    17     5     0     0   -28.0   39.710  133.474     42.6   1020.1
     1     1    21     8    17     4     0     0   -29.0   39.768  133.765     34.7   1022.4
     1     1    21     8    17     3     0     0   -30.0   39.816  134.059     29.0   1024.4
     1     1    21     8    17     2     0     0   -31.0   39.852  134.357     24.7   1026.4
     1     1    21     8    17     1     0     0   -32.0   39.876  134.658     21.5   1028.2
     1     1    21     8    17     0     0     0   -33.0   39.889  134.963     19.0   1029.9
     1     1    21     8    16    23     0     0   -34.0   39.895  135.258     16.8   1028.0
     1     1    21     8    16    22     0     0   -35.0   39.900  135.533     15.1   1025.8
     1     1    21     8    16    21     0     0   -36.0   39.901  135.787     13.7   1023.8
     1     1    21     8    16    20     0     0   -37.0   39.899  136.021     12.8   1021.7
     1     1    21     8    16    19     0     0   -38.0   39.893  136.235     12.2   1019.8
     1     1    21     8    16    18     0     0   -39.0   39.883  136.431     12.0   1017.8
     1     1    21     8    16    17     0     0   -40.0   39.874  136.615     11.9   1016.2
     1     1    21     8    16    16     0     0   -41.0   39.876  136.795     11.7   1014.8
     1     1    21     8    16    15     0     0   -42.0   39.890  136.972     11.3   1013.7
     1     1    21     8    16    14     0     0   -43.0   39.917  137.148     10.8   1012.8
     1     1    21     8    16    13     0     0   -44.0   39.959  137.323     10.1   1012.2
     1     1    21     8    16    12     0     0   -45.0   40.018  137.500      9.3   1011.5
     1     1    21     8    16    11     0     0   -46.0   40.081  137.671      8.4   1011.0
     1     1    21     8    16    10     0     0   -47.0   40.141  137.831      7.5   1010.5
     1     1    21     8    16     9     0     0   -48.0   40.196  137.982      6.7   1010.0
     1     1    21     8    16     8     0     0   -49.0   40.247  138.122      6.0   1009.5
     1     1    21     8    16     7     0     0   -50.0   40.294  138.253      5.3   1009.0
     1     1    21     8    16     6     0     0   -51.0   40.339  138.372      4.6   1008.6
     1     1    21     8    16     5     0     0   -52.0   40.378  138.488      4.0   1008.5
     1     1    21     8    16     4     0     0   -53.0   40.409  138.609      3.3   1008.4
     1     1    21     8    16     3     0     0   -54.0   40.432  138.733      2.6   1008.3
     1     1    21     8    16     2     0     0   -55.0   40.446  138.863      1.8   1008.3
     1     1    21     8    16     1     0     0   -56.0   40.452  139.000      0.9   1008.2
     1     1    21     8    16     0     0     0   -57.0   40.449  139.145      0.0   1008.0
     1     1    21     8    15    23     0     0   -58.0   40.437  139.292      0.0   1007.5
     1     1    21     8    15    22     0     0   -59.0   40.418  139.432      0.0   1006.9
     1     1    21     8    15    21     0     0   -60.0   40.394  139.564      0.0   1006.4
     1     1    21     8    15    20     0     0   -61.0   40.366  139.688      0.0   1005.8
     1     1    21     8    15    19     0     0   -62.0   40.336  139.801      0.0   1005.3
     1     1    21     8    15    18     0     0   -63.0   40.306  139.902      0.0   1004.8
     1     1    21     8    15    17     0     0   -64.0   40.276  140.006      0.0   1004.5
     1     1    21     8    15    16     0     0   -65.0   40.246  140.131      0.0   1004.5
     1     1    21     8    15    15     0     0   -66.0   40.220  140.280      0.0   1004.5
     1     1    21     8    15    14     0     0   -67.0   40.199  140.451      0.0   1004.6
     1     1    21     8    15    13     0     0   -68.0   40.183  140.646      0.0   1004.7
     1     1    21     8    15    12     0     0   -69.0   40.173  140.861      0.0   1004.8
     1     1    21     8    15    11     0     0   -70.0   40.176  141.095      0.0   1004.5
     1     1    21     8    15    10     0     0   -71.0   40.198  141.344      0.0   1004.2
     1     1    21     8    15     9     0     0   -72.0   40.236  141.610      0.0   1003.9
     1     1    21     8    15     8     0     0   -73.0   40.289  141.892      0.0   1003.6
     1     1    21     8    15     7     0     0   -74.0   40.353  142.193      0.0   1003.3
     1     1    21     8    15     6     0     0   -75.0   40.427  142.514      0.0   1002.9
     1     1    21     8    15     5     0     0   -76.0   40.516  142.845      0.0   1003.2
     1     1    21     8    15     4     0     0   -77.0   40.627  143.181      0.0   1003.3
     1     1    21     8    15     3     0     0   -78.0   40.756  143.524      0.0   1003.3
     1     1    21     8    15     2     0     0   -79.0   40.904  143.880      0.0   1003.1
     1     1    21     8    15     1     0     0   -80.0   41.066  144.249      0.0   1002.7
     1     1    21     8    15     0     0     0   -81.0   41.241  144.634      0.0   1002.1
     1     1    21     8    14    23     0     0   -82.0   41.414  145.029      0.0   1001.7
     1     1    21     8    14    22     0     0   -83.0   41.575  145.433      0.0   1003.2
     1     1    21     8    14    21     0     0   -84.0   41.724  145.848      0.0   1004.8
     1     1    21     8    14    20     0     0   -85.0   41.865  146.274      0.0   1006.5
     1     1    21     8    14    19     0     0   -86.0   42.001  146.714      0.0   1008.2
     1     1    21     8    14    18     0     0   -87.0   42.134  147.170      0.0   1010.0
     1     1    21     8    14    17     0     0   -88.0   42.261  147.649      0.0   1012.1
     1     1    21     8    14    16     0     0   -89.0   42.375  148.152      0.0   1013.7
     1     1    21     8    14    15     0     0   -90.0   42.469  148.673      0.0   1015.7
     1     1    21     8    14    14     0     0   -91.0   42.541  149.201      0.0   1018.0
     1     1    21     8    14    13     0     0   -92.0   42.585  149.723      0.0   1020.3
     1     1    21     8    14    12     0     0   -93.0   42.601  150.225      0.0   1021.3
     1     1    21     8    14    11     0     0   -94.0   42.601  150.688      0.0   1020.2
     1     1    21     8    14    10     0     0   -95.0   42.598  151.107      0.0   1019.3
     1     1    21     8    14     9     0     0   -96.0   42.594  151.487      0.0   1018.5
