     2     1
    CDC1    21    10     1     0     0
    CDC1    21    11     1     0     0
     1 BACKWARD OMEGA   
  2021    11     4    15   37.500  127.000   500.0
     1 PRESSURE
     1     1    21    11     4    15     0     0     0.0   37.500  127.000    500.0    942.6
     1     1    21    11     4    14     0     0    -1.0   37.525  126.890    513.7    941.3
     1     1    21    11     4    13     0     0    -2.0   37.546  126.767    529.7    939.8
     1     1    21    11     4    12     0     0    -3.0   37.564  126.629    548.2    938.3
     1     1    21    11     4    11     0     0    -4.0   37.575  126.486    567.4    936.5
     1     1    21    11     4    10     0     0    -5.0   37.577  126.349    585.1    935.3
     1     1    21    11     4     9     0     0    -6.0   37.573  126.218    601.1    934.3
     1     1    21    11     4     8     0     0    -7.0   37.562  126.094    615.3    933.5
     1     1    21    11     4     7     0     0    -8.0   37.546  125.979    627.6    932.9
     1     1    21    11     4     6     0     0    -9.0   37.525  125.871    638.0    932.3
     1     1    21    11     4     5     0     0   -10.0   37.510  125.760    647.3    932.3
     1     1    21    11     4     4     0     0   -11.0   37.507  125.631    656.1    932.1
     1     1    21    11     4     3     0     0   -12.0   37.517  125.483    664.6    931.9
     1     1    21    11     4     2     0     0   -13.0   37.538  125.317    673.1    931.7
     1     1    21    11     4     1     0     0   -14.0   37.570  125.131    681.7    931.6
     1     1    21    11     4     0     0     0   -15.0   37.612  124.925    690.9    931.1
     1     1    21    11     3    23     0     0   -16.0   37.658  124.699    699.0    929.8
     1     1    21    11     3    22     0     0   -17.0   37.699  124.455    704.7    929.2
     1     1    21    11     3    21     0     0   -18.0   37.734  124.191    708.0    929.1
     1     1    21    11     3    20     0     0   -19.0   37.762  123.908    708.9    929.4
     1     1    21    11     3    19     0     0   -20.0   37.781  123.603    707.6    930.2
     1     1    21    11     3    18     0     0   -21.0   37.790  123.275    704.1    931.5
     1     1    21    11     3    17     0     0   -22.0   37.787  122.941    701.1    933.3
     1     1    21    11     3    16     0     0   -23.0   37.774  122.619    701.3    934.4
     1     1    21    11     3    15     0     0   -24.0   37.753  122.309    704.6    934.6
     1     1    21    11     3    14     0     0   -25.0   37.726  122.015    711.3    933.9
     1     1    21    11     3    13     0     0   -26.0   37.693  121.740    721.1    932.9
     1     1    21    11     3    12     0     0   -27.0   37.655  121.484    733.4    931.6
     1     1    21    11     3    11     0     0   -28.0   37.616  121.237    747.0    930.3
     1     1    21    11     3    10     0     0   -29.0   37.578  120.990    760.8    929.2
     1     1    21    11     3     9     0     0   -30.0   37.542  120.740    775.5    928.0
     1     1    21    11     3     8     0     0   -31.0   37.509  120.487    792.0    926.6
     1     1    21    11     3     7     0     0   -32.0   37.480  120.228    810.9    924.8
     1     1    21    11     3     6     0     0   -33.0   37.455  119.964    832.9    922.5
     1     1    21    11     3     5     0     0   -34.0   37.438  119.699    858.8    919.9
     1     1    21    11     3     4     0     0   -35.0   37.434  119.437    887.9    916.9
     1     1    21    11     3     3     0     0   -36.0   37.445  119.179    920.4    913.6
     1     1    21    11     3     2     0     0   -37.0   37.472  118.927    956.4    909.8
     1     1    21    11     3     1     0     0   -38.0   37.515  118.681    995.8    905.1
     1     1    21    11     3     0     0     0   -39.0   37.575  118.441   1038.6    899.3
     1     1    21    11     2    23     0     0   -40.0   37.642  118.191   1081.5    892.9
     1     1    21    11     2    22     0     0   -41.0   37.709  117.910   1120.8    887.1
     1     1    21    11     2    21     0     0   -42.0   37.777  117.599   1156.8    881.5
     1     1    21    11     2    20     0     0   -43.0   37.848  117.253   1188.4    872.7
     1     1    21    11     2    19     0     0   -44.0   37.920  116.874   1217.2    862.2
     1     1    21    11     2    18     0     0   -45.0   37.995  116.460   1245.5    851.2
     1     1    21    11     2    17     0     0   -46.0   38.066  116.035   1277.2    839.8
     1     1    21    11     2    16     0     0   -47.0   38.130  115.618   1313.8    827.4
     1     1    21    11     2    15     0     0   -48.0   38.191  115.208   1353.3    814.9
     1     1    21    11     2    14     0     0   -49.0   38.252  114.805   1393.1    801.6
     1     1    21    11     2    13     0     0   -50.0   38.318  114.410   1431.3    788.0
     1     1    21    11     2    12     0     0   -51.0   38.392  114.025   1467.2    775.0
     1     1    21    11     2    11     0     0   -52.0   38.475  113.637   1501.9    762.9
     1     1    21    11     2    10     0     0   -53.0   38.566  113.225   1536.1    750.4
     1     1    21    11     2     9     0     0   -54.0   38.671  112.784   1570.2    737.5
     1     1    21    11     2     8     0     0   -55.0   38.791  112.307   1605.6    726.1
     1     1    21    11     2     7     0     0   -56.0   38.924  111.790   1644.1    717.2
     1     1    21    11     2     6     0     0   -57.0   39.067  111.234   1685.9    707.8
     1     1    21    11     2     5     0     0   -58.0   39.205  110.655   1728.4    697.9
     1     1    21    11     2     4     0     0   -59.0   39.326  110.077   1768.5    689.5
     1     1    21    11     2     3     0     0   -60.0   39.430  109.507   1811.6    685.2
     1     1    21    11     2     2     0     0   -61.0   39.524  108.954   1856.9    681.6
     1     1    21    11     2     1     0     0   -62.0   39.613  108.417   1906.5    677.6
     1     1    21    11     2     0     0     0   -63.0   39.707  107.895   1963.1    673.1
     1     1    21    11     1    23     0     0   -64.0   39.806  107.374   2027.8    668.8
     1     1    21    11     1    22     0     0   -65.0   39.901  106.843   2094.0    665.0
     1     1    21    11     1    21     0     0   -66.0   39.988  106.302   2159.3    661.9
     1     1    21    11     1    20     0     0   -67.0   40.066  105.750   2224.1    658.9
     1     1    21    11     1    19     0     0   -68.0   40.137  105.184   2289.1    655.7
     1     1    21    11     1    18     0     0   -69.0   40.196  104.601   2349.8    649.9
     1     1    21    11     1    17     0     0   -70.0   40.249  104.007   2401.5    642.8
     1     1    21    11     1    16     0     0   -71.0   40.313  103.408   2445.7    637.3
     1     1    21    11     1    15     0     0   -72.0   40.390  102.800   2485.4    632.6
     1     1    21    11     1    14     0     0   -73.0   40.480  102.181   2518.1    624.3
     1     1    21    11     1    13     0     0   -74.0   40.581  101.545   2547.7    612.7
     1     1    21    11     1    12     0     0   -75.0   40.687  100.889   2583.6    601.5
     1     1    21    11     1    11     0     0   -76.0   40.787  100.214   2625.3    590.7
     1     1    21    11     1    10     0     0   -77.0   40.875   99.526   2668.0    582.0
     1     1    21    11     1     9     0     0   -78.0   40.956   98.832   2709.7    574.2
     1     1    21    11     1     8     0     0   -79.0   41.036   98.131   2750.0    567.0
     1     1    21    11     1     7     0     0   -80.0   41.120   97.422   2791.8    561.6
     1     1    21    11     1     6     0     0   -81.0   41.212   96.710   2847.1    565.6
     1     1    21    11     1     5     0     0   -82.0   41.305   96.016   2889.5    569.6
     1     1    21    11     1     4     0     0   -83.0   41.392   95.353   2915.9    574.2
     1     1    21    11     1     3     0     0   -84.0   41.473   94.720   2929.2    580.6
     1     1    21    11     1     2     0     0   -85.0   41.547   94.120   2931.5    588.5
     1     1    21    11     1     1     0     0   -86.0   41.614   93.548   2921.9    596.4
     1     1    21    11     1     0     0     0   -87.0   41.674   93.002   2903.1    604.3
     1     1    21    10    31    23     0     0   -88.0   41.728   92.475   2880.9    611.9
     1     1    21    10    31    22     0     0   -89.0   41.774   91.962   2858.8    614.3
     1     1    21    10    31    21     0     0   -90.0   41.812   91.461   2845.3    615.9
     1     1    21    10    31    20     0     0   -91.0   41.846   90.973   2843.9    616.3
     1     1    21    10    31    19     0     0   -92.0   41.874   90.497   2858.0    615.3
     1     1    21    10    31    18     0     0   -93.0   41.900   90.031   2891.1    612.6
     1     1    21    10    31    17     0     0   -94.0   41.930   89.571   2930.5    607.2
     1     1    21    10    31    16     0     0   -95.0   41.974   89.119   2965.1    602.9
     1     1    21    10    31    15     0     0   -96.0   42.034   88.675   2995.4    598.6
