     2     1
    CDC1    21     2     1     0     0
    CDC1    21     3     1     0     0
     1 BACKWARD OMEGA   
  2021     3    27     6   37.500  127.000   500.0
     1 PRESSURE
     1     1    21     3    27     6     0     0     0.0   37.500  127.000    500.0    930.5
     1     1    21     3    27     5     0     0    -1.0   37.130  127.035    474.0    934.5
     1     1    21     3    27     4     0     0    -2.0   36.760  127.079    444.1    939.5
     1     1    21     3    27     3     0     0    -3.0   36.395  127.132    412.5    944.9
     1     1    21     3    27     2     0     0    -4.0   36.046  127.193    381.1    950.4
     1     1    21     3    27     1     0     0    -5.0   35.717  127.261    351.1    955.0
     1     1    21     3    27     0     0     0    -6.0   35.417  127.335    323.7    959.5
     1     1    21     3    26    23     0     0    -7.0   35.140  127.404    300.1    963.0
     1     1    21     3    26    22     0     0    -8.0   34.876  127.461    280.5    966.4
     1     1    21     3    26    21     0     0    -9.0   34.622  127.510    264.3    969.9
     1     1    21     3    26    20     0     0   -10.0   34.374  127.554    250.7    973.2
     1     1    21     3    26    19     0     0   -11.0   34.128  127.594    239.5    976.2
     1     1    21     3    26    18     0     0   -12.0   33.880  127.632    230.3    979.0
     1     1    21     3    26    17     0     0   -13.0   33.628  127.678    222.6    981.3
     1     1    21     3    26    16     0     0   -14.0   33.371  127.740    216.2    983.4
     1     1    21     3    26    15     0     0   -15.0   33.111  127.819    211.4    985.2
     1     1    21     3    26    14     0     0   -16.0   32.850  127.914    208.1    986.7
     1     1    21     3    26    13     0     0   -17.0   32.591  128.025    206.7    987.7
     1     1    21     3    26    12     0     0   -18.0   32.339  128.155    206.9    988.2
     1     1    21     3    26    11     0     0   -19.0   32.116  128.304    208.6    988.6
     1     1    21     3    26    10     0     0   -20.0   31.938  128.472    212.5    988.5
     1     1    21     3    26     9     0     0   -21.0   31.808  128.655    219.1    987.9
     1     1    21     3    26     8     0     0   -22.0   31.724  128.850    229.1    986.6
     1     1    21     3    26     7     0     0   -23.0   31.688  129.054    243.4    984.6
     1     1    21     3    26     6     0     0   -24.0   31.701  129.266    263.1    981.7
     1     1    21     3    26     5     0     0   -25.0   31.746  129.464    287.4    978.4
     1     1    21     3    26     4     0     0   -26.0   31.807  129.630    314.6    975.0
     1     1    21     3    26     3     0     0   -27.0   31.882  129.761    344.4    971.5
     1     1    21     3    26     2     0     0   -28.0   31.967  129.855    376.6    968.0
     1     1    21     3    26     1     0     0   -29.0   32.062  129.909    411.2    963.6
     1     1    21     3    26     0     0     0   -30.0   32.166  129.923    448.2    959.0
     1     1    21     3    25    23     0     0   -31.0   32.270  129.911    486.8    953.4
     1     1    21     3    25    22     0     0   -32.0   32.365  129.888    526.9    947.9
     1     1    21     3    25    21     0     0   -33.0   32.450  129.852    567.3    942.7
     1     1    21     3    25    20     0     0   -34.0   32.523  129.803    607.4    937.7
     1     1    21     3    25    19     0     0   -35.0   32.585  129.743    646.2    932.7
     1     1    21     3    25    18     0     0   -36.0   32.637  129.671    683.4    927.8
     1     1    21     3    25    17     0     0   -37.0   32.690  129.607    722.5    923.9
     1     1    21     3    25    16     0     0   -38.0   32.759  129.565    767.1    918.9
     1     1    21     3    25    15     0     0   -39.0   32.842  129.544    817.8    913.3
     1     1    21     3    25    14     0     0   -40.0   32.940  129.539    875.1    907.0
     1     1    21     3    25    13     0     0   -41.0   33.055  129.548    940.0    900.0
     1     1    21     3    25    12     0     0   -42.0   33.191  129.567   1013.6    891.1
     1     1    21     3    25    11     0     0   -43.0   33.348  129.580   1095.4    881.2
     1     1    21     3    25    10     0     0   -44.0   33.523  129.572   1184.8    871.0
     1     1    21     3    25     9     0     0   -45.0   33.712  129.542   1282.1    860.5
     1     1    21     3    25     8     0     0   -46.0   33.913  129.483   1387.7    848.4
     1     1    21     3    25     7     0     0   -47.0   34.123  129.393   1501.7    835.7
     1     1    21     3    25     6     0     0   -48.0   34.344  129.274   1624.1    822.8
     1     1    21     3    25     5     0     0   -49.0   34.575  129.129   1747.0    809.1
     1     1    21     3    25     4     0     0   -50.0   34.816  128.962   1863.0    796.8
     1     1    21     3    25     3     0     0   -51.0   35.065  128.773   1974.0    785.4
     1     1    21     3    25     2     0     0   -52.0   35.320  128.562   2080.6    775.3
     1     1    21     3    25     1     0     0   -53.0   35.577  128.329   2182.5    765.8
     1     1    21     3    25     0     0     0   -54.0   35.838  128.076   2283.1    756.0
     1     1    21     3    24    23     0     0   -55.0   36.099  127.795   2381.0    745.6
     1     1    21     3    24    22     0     0   -56.0   36.357  127.488   2471.8    736.2
     1     1    21     3    24    21     0     0   -57.0   36.616  127.164   2555.8    728.9
     1     1    21     3    24    20     0     0   -58.0   36.877  126.834   2630.9    722.9
     1     1    21     3    24    19     0     0   -59.0   37.150  126.502   2699.8    717.5
     1     1    21     3    24    18     0     0   -60.0   37.445  126.173   2765.8    712.3
     1     1    21     3    24    17     0     0   -61.0   37.749  125.837   2829.3    705.4
     1     1    21     3    24    16     0     0   -62.0   38.045  125.484   2895.3    698.2
     1     1    21     3    24    15     0     0   -63.0   38.335  125.117   2967.9    690.8
     1     1    21     3    24    14     0     0   -64.0   38.614  124.738   3049.0    682.8
     1     1    21     3    24    13     0     0   -65.0   38.879  124.348   3140.6    674.5
     1     1    21     3    24    12     0     0   -66.0   39.133  123.950   3244.0    666.0
     1     1    21     3    24    11     0     0   -67.0   39.380  123.532   3353.9    657.1
     1     1    21     3    24    10     0     0   -68.0   39.625  123.084   3464.8    649.4
     1     1    21     3    24     9     0     0   -69.0   39.870  122.610   3578.1    642.4
     1     1    21     3    24     8     0     0   -70.0   40.116  122.111   3685.7    632.6
     1     1    21     3    24     7     0     0   -71.0   40.363  121.588   3787.5    621.2
     1     1    21     3    24     6     0     0   -72.0   40.616  121.041   3886.9    609.0
     1     1    21     3    24     5     0     0   -73.0   40.880  120.468   3976.1    595.2
     1     1    21     3    24     4     0     0   -74.0   41.154  119.868   4043.9    581.4
     1     1    21     3    24     3     0     0   -75.0   41.432  119.238   4091.6    564.7
     1     1    21     3    24     2     0     0   -76.0   41.713  118.576   4137.5    546.9
     1     1    21     3    24     1     0     0   -77.0   41.996  117.875   4193.9    526.8
     1     1    21     3    24     0     0     0   -78.0   42.284  117.135   4282.0    506.3
     1     1    21     3    23    23     0     0   -79.0   42.595  116.361   4415.0    488.3
     1     1    21     3    23    22     0     0   -80.0   42.949  115.573   4582.4    474.3
     1     1    21     3    23    21     0     0   -81.0   43.343  114.786   4770.4    463.0
     1     1    21     3    23    20     0     0   -82.0   43.773  114.010   4979.1    455.4
     1     1    21     3    23    19     0     0   -83.0   44.238  113.255   5192.6    447.7
     1     1    21     3    23    18     0     0   -84.0   44.741  112.534   5417.7    439.2
     1     1    21     3    23    17     0     0   -85.0   45.281  111.807   5616.0    425.1
     1     1    21     3    23    16     0     0   -86.0   45.854  111.013   5761.0    410.2
     1     1    21     3    23    15     0     0   -87.0   46.455  110.154   5867.1    395.4
     1     1    21     3    23    14     0     0   -88.0   47.073  109.244   5967.4    382.7
     1     1    21     3    23    13     0     0   -89.0   47.687  108.289   6085.9    374.0
     1     1    21     3    23    12     0     0   -90.0   48.276  107.282   6232.3    370.0
     1     1    21     3    23    11     0     0   -91.0   48.830  106.222   6376.4    366.8
     1     1    21     3    23    10     0     0   -92.0   49.359  105.123   6514.1    363.9
     1     1    21     3    23     9     0     0   -93.0   49.875  103.978   6587.8    351.5
     1     1    21     3    23     8     0     0   -94.0   50.386  102.741   6647.9    338.2
     1     1    21     3    23     7     0     0   -95.0   50.887  101.359   6684.0    325.9
     1     1    21     3    23     6     0     0   -96.0   51.367   99.795   6675.1    315.6
