     2     1
    CDC1    21     8     1     0     0
    CDC1    21     9     1     0     0
     1 BACKWARD OMEGA   
  2021     9    22     6   37.500  127.000   500.0
     1 PRESSURE
     1     1    21     9    22     6     0     0     0.0   37.500  127.000    500.0    931.8
     1     1    21     9    22     5     0     0    -1.0   37.482  126.588    506.3    933.6
     1     1    21     9    22     4     0     0    -2.0   37.475  126.197    511.6    935.2
     1     1    21     9    22     3     0     0    -3.0   37.479  125.826    515.6    936.8
     1     1    21     9    22     2     0     0    -4.0   37.492  125.477    518.0    938.2
     1     1    21     9    22     1     0     0    -5.0   37.515  125.149    518.4    939.5
     1     1    21     9    22     0     0     0    -6.0   37.545  124.844    517.1    940.3
     1     1    21     9    21    23     0     0    -7.0   37.582  124.547    515.4    940.9
     1     1    21     9    21    22     0     0    -8.0   37.628  124.246    514.0    941.4
     1     1    21     9    21    21     0     0    -9.0   37.680  123.942    512.9    941.7
     1     1    21     9    21    20     0     0   -10.0   37.739  123.639    511.9    942.0
     1     1    21     9    21    19     0     0   -11.0   37.802  123.336    511.0    942.3
     1     1    21     9    21    18     0     0   -12.0   37.870  123.036    509.8    942.6
     1     1    21     9    21    17     0     0   -13.0   37.937  122.748    509.4    943.1
     1     1    21     9    21    16     0     0   -14.0   38.000  122.477    510.7    943.2
     1     1    21     9    21    15     0     0   -15.0   38.060  122.219    514.4    942.4
     1     1    21     9    21    14     0     0   -16.0   38.115  121.972    520.8    941.1
     1     1    21     9    21    13     0     0   -17.0   38.169  121.734    530.1    939.5
     1     1    21     9    21    12     0     0   -18.0   38.223  121.503    542.0    937.5
     1     1    21     9    21    11     0     0   -19.0   38.274  121.267    553.8    935.5
     1     1    21     9    21    10     0     0   -20.0   38.319  121.016    563.3    934.0
     1     1    21     9    21     9     0     0   -21.0   38.359  120.751    571.0    932.7
     1     1    21     9    21     8     0     0   -22.0   38.397  120.475    577.3    931.6
     1     1    21     9    21     7     0     0   -23.0   38.435  120.189    582.7    930.5
     1     1    21     9    21     6     0     0   -24.0   38.475  119.893    587.6    928.9
     1     1    21     9    21     5     0     0   -25.0   38.525  119.590    596.2    926.1
     1     1    21     9    21     4     0     0   -26.0   38.595  119.278    612.7    921.7
     1     1    21     9    21     3     0     0   -27.0   38.688  118.956    637.2    915.7
     1     1    21     9    21     2     0     0   -28.0   38.807  118.624    669.4    907.8
     1     1    21     9    21     1     0     0   -29.0   38.955  118.285    709.3    898.2
     1     1    21     9    21     0     0     0   -30.0   39.135  117.942    756.6    886.8
     1     1    21     9    20    23     0     0   -31.0   39.335  117.608    806.1    874.2
     1     1    21     9    20    22     0     0   -32.0   39.538  117.296    850.9    860.7
     1     1    21     9    20    21     0     0   -33.0   39.740  117.008    889.9    847.3
     1     1    21     9    20    20     0     0   -34.0   39.940  116.747    922.9    834.9
     1     1    21     9    20    19     0     0   -35.0   40.137  116.513    949.6    823.1
     1     1    21     9    20    18     0     0   -36.0   40.330  116.308    970.3    813.0
     1     1    21     9    20    17     0     0   -37.0   40.527  116.140    985.7    804.3
     1     1    21     9    20    16     0     0   -38.0   40.734  116.021    996.1    797.0
     1     1    21     9    20    15     0     0   -39.0   40.946  115.950   1001.3    791.1
     1     1    21     9    20    14     0     0   -40.0   41.159  115.928   1001.1    786.4
     1     1    21     9    20    13     0     0   -41.0   41.366  115.955    995.0    783.2
     1     1    21     9    20    12     0     0   -42.0   41.565  116.033    982.4    781.3
     1     1    21     9    20    11     0     0   -43.0   41.746  116.151    959.6    781.2
     1     1    21     9    20    10     0     0   -44.0   41.903  116.294    923.4    783.3
     1     1    21     9    20     9     0     0   -45.0   42.037  116.460    873.2    787.4
     1     1    21     9    20     8     0     0   -46.0   42.147  116.647    809.2    793.0
     1     1    21     9    20     7     0     0   -47.0   42.234  116.854    731.7    800.7
     1     1    21     9    20     6     0     0   -48.0   42.297  117.082    641.3    810.8
     1     1    21     9    20     5     0     0   -49.0   42.340  117.336    546.3    822.7
     1     1    21     9    20     4     0     0   -50.0   42.366  117.616    456.2    835.7
     1     1    21     9    20     3     0     0   -51.0   42.378  117.916    374.8    852.2
     1     1    21     9    20     2     0     0   -52.0   42.390  118.224    306.8    866.5
     1     1    21     9    20     1     0     0   -53.0   42.409  118.532    253.5    879.6
     1     1    21     9    20     0     0     0   -54.0   42.434  118.836    213.6    891.7
     1     1    21     9    19    23     0     0   -55.0   42.462  119.143    181.1    901.9
     1     1    21     9    19    22     0     0   -56.0   42.491  119.455    150.9    912.3
     1     1    21     9    19    21     0     0   -57.0   42.526  119.762    123.2    923.2
     1     1    21     9    19    20     0     0   -58.0   42.570  120.056     98.6    933.5
     1     1    21     9    19    19     0     0   -59.0   42.622  120.323     78.4    941.4
     1     1    21     9    19    18     0     0   -60.0   42.677  120.559     62.1    947.2
     1     1    21     9    19    17     0     0   -61.0   42.726  120.769     49.4    951.8
     1     1    21     9    19    16     0     0   -62.0   42.760  120.954     40.1    955.8
     1     1    21     9    19    15     0     0   -63.0   42.779  121.122     33.2    959.3
     1     1    21     9    19    14     0     0   -64.0   42.782  121.275     28.2    962.5
     1     1    21     9    19    13     0     0   -65.0   42.769  121.415     24.5    965.4
     1     1    21     9    19    12     0     0   -66.0   42.739  121.544     21.7    967.9
     1     1    21     9    19    11     0     0   -67.0   42.698  121.652     19.8    970.2
     1     1    21     9    19    10     0     0   -68.0   42.650  121.727     18.5    971.8
     1     1    21     9    19     9     0     0   -69.0   42.595  121.770     17.5    972.7
     1     1    21     9    19     8     0     0   -70.0   42.530  121.780     17.0    973.1
     1     1    21     9    19     7     0     0   -71.0   42.455  121.760     16.7    973.4
     1     1    21     9    19     6     0     0   -72.0   42.374  121.716     16.6    973.7
     1     1    21     9    19     5     0     0   -73.0   42.288  121.657     16.8    973.5
     1     1    21     9    19     4     0     0   -74.0   42.197  121.587     17.2    973.3
     1     1    21     9    19     3     0     0   -75.0   42.104  121.505     17.8    973.0
     1     1    21     9    19     2     0     0   -76.0   42.010  121.409     18.8    972.6
     1     1    21     9    19     1     0     0   -77.0   41.918  121.299     20.2    972.1
     1     1    21     9    19     0     0     0   -78.0   41.830  121.171     22.2    971.3
     1     1    21     9    18    23     0     0   -79.0   41.750  121.035     24.7    970.6
     1     1    21     9    18    22     0     0   -80.0   41.680  120.899     27.6    969.9
     1     1    21     9    18    21     0     0   -81.0   41.619  120.761     30.9    969.0
     1     1    21     9    18    20     0     0   -82.0   41.565  120.618     34.8    968.0
     1     1    21     9    18    19     0     0   -83.0   41.517  120.468     39.2    966.9
     1     1    21     9    18    18     0     0   -84.0   41.474  120.309     44.3    965.6
     1     1    21     9    18    17     0     0   -85.0   41.431  120.163     49.8    964.6
     1     1    21     9    18    16     0     0   -86.0   41.380  120.054     54.9    964.2
     1     1    21     9    18    15     0     0   -87.0   41.321  119.985     59.3    964.3
     1     1    21     9    18    14     0     0   -88.0   41.252  119.954     62.8    965.0
     1     1    21     9    18    13     0     0   -89.0   41.174  119.962     65.3    966.7
     1     1    21     9    18    12     0     0   -90.0   41.086  120.008     66.8    969.4
     1     1    21     9    18    11     0     0   -91.0   41.002  120.073     67.5    971.4
     1     1    21     9    18    10     0     0   -92.0   40.933  120.139     67.7    973.1
     1     1    21     9    18     9     0     0   -93.0   40.880  120.206     67.5    974.5
     1     1    21     9    18     8     0     0   -94.0   40.841  120.276     66.9    975.7
     1     1    21     9    18     7     0     0   -95.0   40.815  120.349     66.0    976.6
     1     1    21     9    18     6     0     0   -96.0   40.804  120.423     64.8    977.3
