     2     1
    CDC1    21     2     1     0     0
    CDC1    21     3     1     0     0
     1 BACKWARD OMEGA   
  2021     3     9    21   37.500  127.000   500.0
     1 PRESSURE
     1     1    21     3     9    21     0     0     0.0   37.500  127.000    500.0    947.5
     1     1    21     3     9    20     0     0    -1.0   37.696  127.110    537.7    939.5
     1     1    21     3     9    19     0     0    -2.0   37.926  127.214    582.4    929.8
     1     1    21     3     9    18     0     0    -3.0   38.194  127.315    635.4    918.7
     1     1    21     3     9    17     0     0    -4.0   38.491  127.377    696.3    905.5
     1     1    21     3     9    16     0     0    -5.0   38.802  127.371    762.8    892.6
     1     1    21     3     9    15     0     0    -6.0   39.137  127.295    835.8    879.6
     1     1    21     3     9    14     0     0    -7.0   39.504  127.151    916.7    866.4
     1     1    21     3     9    13     0     0    -8.0   39.905  126.940   1006.0    851.5
     1     1    21     3     9    12     0     0    -9.0   40.336  126.672   1105.7    839.1
     1     1    21     3     9    11     0     0   -10.0   40.774  126.361   1209.7    827.5
     1     1    21     3     9    10     0     0   -11.0   41.203  126.012   1308.2    818.0
     1     1    21     3     9     9     0     0   -12.0   41.632  125.624   1399.6    809.9
     1     1    21     3     9     8     0     0   -13.0   42.072  125.194   1482.9    804.0
     1     1    21     3     9     7     0     0   -14.0   42.534  124.724   1557.2    799.4
     1     1    21     3     9     6     0     0   -15.0   43.024  124.245   1627.0    800.7
     1     1    21     3     9     5     0     0   -16.0   43.524  123.782   1689.7    800.3
     1     1    21     3     9     4     0     0   -17.0   44.017  123.320   1748.7    797.7
     1     1    21     3     9     3     0     0   -18.0   44.514  122.842   1804.5    793.3
     1     1    21     3     9     2     0     0   -19.0   45.024  122.328   1856.2    783.7
     1     1    21     3     9     1     0     0   -20.0   45.542  121.773   1900.9    761.4
     1     1    21     3     9     0     0     0   -21.0   46.069  121.187   1955.1    740.0
     1     1    21     3     8    23     0     0   -22.0   46.599  120.569   2025.3    720.0
     1     1    21     3     8    22     0     0   -23.0   47.122  119.903   2110.7    701.3
     1     1    21     3     8    21     0     0   -24.0   47.637  119.186   2207.9    690.2
     1     1    21     3     8    20     0     0   -25.0   48.143  118.434   2304.0    682.2
     1     1    21     3     8    19     0     0   -26.0   48.656  117.659   2401.1    676.3
     1     1    21     3     8    18     0     0   -27.0   49.191  116.863   2498.0    669.6
     1     1    21     3     8    17     0     0   -28.0   49.734  116.049   2596.2    662.8
     1     1    21     3     8    16     0     0   -29.0   50.274  115.211   2695.5    653.0
     1     1    21     3     8    15     0     0   -30.0   50.811  114.332   2792.0    633.3
     1     1    21     3     8    14     0     0   -31.0   51.359  113.392   2898.2    612.4
     1     1    21     3     8    13     0     0   -32.0   51.946  112.372   3025.6    593.0
     1     1    21     3     8    12     0     0   -33.0   52.586  111.273   3188.5    581.4
     1     1    21     3     8    11     0     0   -34.0   53.245  110.115   3346.1    566.3
     1     1    21     3     8    10     0     0   -35.0   53.876  108.921   3506.7    563.7
     1     1    21     3     8     9     0     0   -36.0   54.470  107.694   3657.7    564.8
     1     1    21     3     8     8     0     0   -37.0   55.043  106.425   3798.4    564.9
     1     1    21     3     8     7     0     0   -38.0   55.597  105.140   3935.0    565.4
     1     1    21     3     8     6     0     0   -39.0   56.141  103.847   4052.9    557.6
     1     1    21     3     8     5     0     0   -40.0   56.667  102.508   4173.1    551.3
     1     1    21     3     8     4     0     0   -41.0   57.156  101.104   4284.9    547.0
     1     1    21     3     8     3     0     0   -42.0   57.611   99.637   4393.3    545.6
     1     1    21     3     8     2     0     0   -43.0   58.038   98.117   4477.8    537.7
     1     1    21     3     8     1     0     0   -44.0   58.443   96.543   4560.6    528.7
     1     1    21     3     8     0     0     0   -45.0   58.844   94.895   4653.3    519.2
     1     1    21     3     7    23     0     0   -46.0   59.209   93.203   4746.0    509.4
     1     1    21     3     7    22     0     0   -47.0   59.504   91.522   4820.1    504.0
     1     1    21     3     7    21     0     0   -48.0   59.735   89.869   4881.3    500.4
     1     1    21     3     7    20     0     0   -49.0   59.907   88.260   4943.1    499.2
     1     1    21     3     7    19     0     0   -50.0   60.026   86.704   5008.1    498.6
     1     1    21     3     7    18     0     0   -51.0   60.111   85.193   5086.5    497.6
     1     1    21     3     7    17     0     0   -52.0   60.162   83.716   5165.4    493.6
     1     1    21     3     7    16     0     0   -53.0   60.180   82.265   5229.8    490.7
     1     1    21     3     7    15     0     0   -54.0   60.182   80.833   5276.0    486.4
     1     1    21     3     7    14     0     0   -55.0   60.180   79.416   5311.0    482.3
     1     1    21     3     7    13     0     0   -56.0   60.185   78.007   5337.1    477.8
     1     1    21     3     7    12     0     0   -57.0   60.201   76.603   5358.1    473.4
     1     1    21     3     7    11     0     0   -58.0   60.201   75.238   5375.4    469.3
     1     1    21     3     7    10     0     0   -59.0   60.165   73.957   5399.1    466.8
     1     1    21     3     7     9     0     0   -60.0   60.109   72.764   5429.9    464.3
     1     1    21     3     7     8     0     0   -61.0   60.048   71.654   5475.9    462.1
     1     1    21     3     7     7     0     0   -62.0   59.995   70.619   5536.6    459.3
     1     1    21     3     7     6     0     0   -63.0   59.958   69.645   5611.9    455.6
     1     1    21     3     7     5     0     0   -64.0   59.925   68.703   5686.0    450.8
     1     1    21     3     7     4     0     0   -65.0   59.879   67.759   5747.1    448.0
     1     1    21     3     7     3     0     0   -66.0   59.827   66.809   5790.2    444.9
     1     1    21     3     7     2     0     0   -67.0   59.776   65.850   5820.2    442.2
     1     1    21     3     7     1     0     0   -68.0   59.731   64.875   5839.4    439.9
     1     1    21     3     7     0     0     0   -69.0   59.697   63.887   5843.8    436.9
     1     1    21     3     6    23     0     0   -70.0   59.673   62.917   5842.7    434.6
     1     1    21     3     6    22     0     0   -71.0   59.666   61.991   5835.4    432.9
     1     1    21     3     6    21     0     0   -72.0   59.681   61.104   5825.4    431.3
     1     1    21     3     6    20     0     0   -73.0   59.717   60.250   5814.3    429.8
     1     1    21     3     6    19     0     0   -74.0   59.775   59.424   5809.3    429.5
     1     1    21     3     6    18     0     0   -75.0   59.854   58.628   5808.1    429.6
     1     1    21     3     6    17     0     0   -76.0   59.949   57.871   5809.1    429.7
     1     1    21     3     6    16     0     0   -77.0   60.061   57.158   5812.9    430.3
     1     1    21     3     6    15     0     0   -78.0   60.192   56.480   5819.5    431.5
     1     1    21     3     6    14     0     0   -79.0   60.341   55.823   5825.1    432.8
     1     1    21     3     6    13     0     0   -80.0   60.507   55.177   5828.8    434.1
     1     1    21     3     6    12     0     0   -81.0   60.688   54.539   5829.1    435.2
     1     1    21     3     6    11     0     0   -82.0   60.877   53.933   5826.3    435.9
     1     1    21     3     6    10     0     0   -83.0   61.068   53.382   5823.3    436.6
     1     1    21     3     6     9     0     0   -84.0   61.264   52.882   5820.5    437.1
     1     1    21     3     6     8     0     0   -85.0   61.465   52.430   5819.1    437.4
     1     1    21     3     6     7     0     0   -86.0   61.672   52.026   5819.2    436.9
     1     1    21     3     6     6     0     0   -87.0   61.883   51.670   5823.6    436.2
     1     1    21     3     6     5     0     0   -88.0   62.096   51.342   5831.0    435.2
     1     1    21     3     6     4     0     0   -89.0   62.312   51.023   5841.2    434.1
     1     1    21     3     6     3     0     0   -90.0   62.529   50.714   5852.2    433.1
     1     1    21     3     6     2     0     0   -91.0   62.749   50.408   5864.5    432.3
     1     1    21     3     6     1     0     0   -92.0   62.970   50.100   5876.3    431.6
     1     1    21     3     6     0     0     0   -93.0   63.192   49.788   5887.3    430.9
     1     1    21     3     5    23     0     0   -94.0   63.412   49.488   5895.4    430.3
     1     1    21     3     5    22     0     0   -95.0   63.630   49.212   5903.0    429.8
     1     1    21     3     5    21     0     0   -96.0   63.845   48.959   5907.8    429.5
