     2     1
    CDC1    21     6     1     0     0
    CDC1    21     7     1     0     0
     1 BACKWARD OMEGA   
  2021     7    10    12   37.500  127.000   500.0
     1 PRESSURE
     1     1    21     7    10    12     0     0     0.0   37.500  127.000    500.0    932.0
     1     1    21     7    10    11     0     0    -1.0   37.426  126.859    502.4    932.6
     1     1    21     7    10    10     0     0    -2.0   37.328  126.713    501.5    933.8
     1     1    21     7    10     9     0     0    -3.0   37.209  126.565    497.7    935.4
     1     1    21     7    10     8     0     0    -4.0   37.069  126.413    491.7    937.3
     1     1    21     7    10     7     0     0    -5.0   36.909  126.260    483.8    939.4
     1     1    21     7    10     6     0     0    -6.0   36.733  126.106    474.6    941.7
     1     1    21     7    10     5     0     0    -7.0   36.558  125.959    464.5    943.8
     1     1    21     7    10     4     0     0    -8.0   36.404  125.830    453.7    945.8
     1     1    21     7    10     3     0     0    -9.0   36.270  125.715    442.2    947.7
     1     1    21     7    10     2     0     0   -10.0   36.154  125.614    430.0    949.6
     1     1    21     7    10     1     0     0   -11.0   36.055  125.526    417.2    951.5
     1     1    21     7    10     0     0     0   -12.0   35.973  125.451    404.0    953.3
     1     1    21     7     9    23     0     0   -13.0   35.891  125.374    390.7    955.4
     1     1    21     7     9    22     0     0   -14.0   35.796  125.283    377.2    957.4
     1     1    21     7     9    21     0     0   -15.0   35.688  125.176    363.4    959.4
     1     1    21     7     9    20     0     0   -16.0   35.566  125.054    349.2    961.6
     1     1    21     7     9    19     0     0   -17.0   35.432  124.916    334.4    963.7
     1     1    21     7     9    18     0     0   -18.0   35.288  124.762    319.2    965.6
     1     1    21     7     9    17     0     0   -19.0   35.140  124.607    305.1    967.3
     1     1    21     7     9    16     0     0   -20.0   34.994  124.466    293.4    968.6
     1     1    21     7     9    15     0     0   -21.0   34.848  124.339    284.1    969.9
     1     1    21     7     9    14     0     0   -22.0   34.701  124.226    277.2    970.9
     1     1    21     7     9    13     0     0   -23.0   34.553  124.128    272.4    971.7
     1     1    21     7     9    12     0     0   -24.0   34.405  124.045    269.5    972.3
     1     1    21     7     9    11     0     0   -25.0   34.261  123.967    268.2    973.1
     1     1    21     7     9    10     0     0   -26.0   34.125  123.884    268.1    973.6
     1     1    21     7     9     9     0     0   -27.0   33.997  123.796    269.4    974.1
     1     1    21     7     9     8     0     0   -28.0   33.880  123.703    272.0    974.3
     1     1    21     7     9     7     0     0   -29.0   33.772  123.605    276.1    974.4
     1     1    21     7     9     6     0     0   -30.0   33.674  123.503    281.5    974.4
     1     1    21     7     9     5     0     0   -31.0   33.583  123.395    287.2    974.0
     1     1    21     7     9     4     0     0   -32.0   33.495  123.281    292.4    973.8
     1     1    21     7     9     3     0     0   -33.0   33.409  123.158    296.9    973.8
     1     1    21     7     9     2     0     0   -34.0   33.325  123.027    300.8    973.8
     1     1    21     7     9     1     0     0   -35.0   33.242  122.887    304.2    973.9
     1     1    21     7     9     0     0     0   -36.0   33.160  122.737    306.9    974.1
     1     1    21     7     8    23     0     0   -37.0   33.074  122.572    308.5    974.4
     1     1    21     7     8    22     0     0   -38.0   32.982  122.387    308.2    974.3
     1     1    21     7     8    21     0     0   -39.0   32.886  122.181    305.9    974.0
     1     1    21     7     8    20     0     0   -40.0   32.785  121.952    301.7    973.7
     1     1    21     7     8    19     0     0   -41.0   32.681  121.699    296.0    973.5
     1     1    21     7     8    18     0     0   -42.0   32.575  121.421    289.1    973.3
     1     1    21     7     8    17     0     0   -43.0   32.470  121.141    283.4    972.8
     1     1    21     7     8    16     0     0   -44.0   32.370  120.882    281.0    971.1
     1     1    21     7     8    15     0     0   -45.0   32.274  120.645    281.4    969.1
     1     1    21     7     8    14     0     0   -46.0   32.183  120.428    284.5    966.8
     1     1    21     7     8    13     0     0   -47.0   32.099  120.231    290.0    964.4
     1     1    21     7     8    12     0     0   -48.0   32.022  120.053    297.8    961.9
     1     1    21     7     8    11     0     0   -49.0   31.950  119.881    306.1    959.7
     1     1    21     7     8    10     0     0   -50.0   31.880  119.700    312.6    958.1
     1     1    21     7     8     9     0     0   -51.0   31.814  119.510    317.1    956.6
     1     1    21     7     8     8     0     0   -52.0   31.752  119.307    318.9    955.3
     1     1    21     7     8     7     0     0   -53.0   31.698  119.093    317.7    954.4
     1     1    21     7     8     6     0     0   -54.0   31.654  118.866    313.1    953.9
     1     1    21     7     8     5     0     0   -55.0   31.612  118.633    306.5    953.5
     1     1    21     7     8     4     0     0   -56.0   31.560  118.399    299.6    952.9
     1     1    21     7     8     3     0     0   -57.0   31.494  118.162    292.6    952.2
     1     1    21     7     8     2     0     0   -58.0   31.411  117.923    285.9    951.3
     1     1    21     7     8     1     0     0   -59.0   31.307  117.679    279.9    950.1
     1     1    21     7     8     0     0     0   -60.0   31.177  117.428    275.5    949.3
     1     1    21     7     7    23     0     0   -61.0   31.031  117.173    272.7    950.4
     1     1    21     7     7    22     0     0   -62.0   30.882  116.919    270.7    951.6
     1     1    21     7     7    21     0     0   -63.0   30.728  116.671    269.0    952.9
     1     1    21     7     7    20     0     0   -64.0   30.569  116.432    267.3    954.4
     1     1    21     7     7    19     0     0   -65.0   30.405  116.207    265.3    956.0
     1     1    21     7     7    18     0     0   -66.0   30.234  115.998    262.7    957.8
     1     1    21     7     7    17     0     0   -67.0   30.061  115.808    261.1    959.8
     1     1    21     7     7    16     0     0   -68.0   29.889  115.636    261.8    960.6
     1     1    21     7     7    15     0     0   -69.0   29.721  115.482    264.5    960.6
     1     1    21     7     7    14     0     0   -70.0   29.560  115.341    269.3    960.1
     1     1    21     7     7    13     0     0   -71.0   29.406  115.212    275.8    959.2
     1     1    21     7     7    12     0     0   -72.0   29.264  115.095    284.1    958.1
     1     1    21     7     7    11     0     0   -73.0   29.133  114.986    291.3    956.5
     1     1    21     7     7    10     0     0   -74.0   29.014  114.885    295.1    954.4
     1     1    21     7     7     9     0     0   -75.0   28.907  114.792    295.4    953.0
     1     1    21     7     7     8     0     0   -76.0   28.814  114.708    292.0    952.2
     1     1    21     7     7     7     0     0   -77.0   28.734  114.634    285.0    952.1
     1     1    21     7     7     6     0     0   -78.0   28.666  114.570    274.6    952.6
     1     1    21     7     7     5     0     0   -79.0   28.596  114.510    264.4    953.5
     1     1    21     7     7     4     0     0   -80.0   28.509  114.445    257.4    953.5
     1     1    21     7     7     3     0     0   -81.0   28.404  114.377    253.5    953.0
     1     1    21     7     7     2     0     0   -82.0   28.280  114.303    252.6    952.1
     1     1    21     7     7     1     0     0   -83.0   28.136  114.223    254.8    950.7
     1     1    21     7     7     0     0     0   -84.0   27.971  114.134    260.3    948.9
     1     1    21     7     6    23     0     0   -85.0   27.792  114.039    266.7    946.6
     1     1    21     7     6    22     0     0   -86.0   27.610  113.941    271.7    944.9
     1     1    21     7     6    21     0     0   -87.0   27.426  113.843    274.7    943.5
     1     1    21     7     6    20     0     0   -88.0   27.241  113.754    275.5    942.5
     1     1    21     7     6    19     0     0   -89.0   27.057  113.675    273.9    941.7
     1     1    21     7     6    18     0     0   -90.0   26.875  113.608    270.1    941.2
     1     1    21     7     6    17     0     0   -91.0   26.701  113.557    265.8    940.6
     1     1    21     7     6    16     0     0   -92.0   26.542  113.527    262.5    939.8
     1     1    21     7     6    15     0     0   -93.0   26.397  113.515    260.5    938.8
     1     1    21     7     6    14     0     0   -94.0   26.265  113.518    260.0    937.7
     1     1    21     7     6    13     0     0   -95.0   26.147  113.533    261.1    936.5
     1     1    21     7     6    12     0     0   -96.0   26.042  113.558    263.9    935.1
