     2     1
    CDC1    21     6     1     0     0
    CDC1    21     7     1     0     0
     1 BACKWARD OMEGA   
  2021     7     4     9   37.500  127.000   500.0
     1 PRESSURE
     1     1    21     7     4     9     0     0     0.0   37.500  127.000    500.0    930.7
     1     1    21     7     4     8     0     0    -1.0   37.544  126.719    491.0    932.3
     1     1    21     7     4     7     0     0    -2.0   37.584  126.447    482.8    933.7
     1     1    21     7     4     6     0     0    -3.0   37.625  126.181    475.8    934.9
     1     1    21     7     4     5     0     0    -4.0   37.665  125.930    468.5    935.8
     1     1    21     7     4     4     0     0    -5.0   37.702  125.703    460.0    937.1
     1     1    21     7     4     3     0     0    -6.0   37.740  125.503    450.5    938.3
     1     1    21     7     4     2     0     0    -7.0   37.780  125.328    440.3    939.5
     1     1    21     7     4     1     0     0    -8.0   37.824  125.182    429.6    940.7
     1     1    21     7     4     0     0     0    -9.0   37.873  125.064    418.5    941.6
     1     1    21     7     3    23     0     0   -10.0   37.918  124.980    405.7    942.1
     1     1    21     7     3    22     0     0   -11.0   37.952  124.932    391.0    942.9
     1     1    21     7     3    21     0     0   -12.0   37.973  124.918    374.2    943.8
     1     1    21     7     3    20     0     0   -13.0   37.982  124.939    355.3    944.6
     1     1    21     7     3    19     0     0   -14.0   37.977  124.995    334.4    945.7
     1     1    21     7     3    18     0     0   -15.0   37.957  125.086    311.7    946.9
     1     1    21     7     3    17     0     0   -16.0   37.915  125.228    288.7    949.8
     1     1    21     7     3    16     0     0   -17.0   37.845  125.434    266.1    952.7
     1     1    21     7     3    15     0     0   -18.0   37.746  125.704    244.2    955.8
     1     1    21     7     3    14     0     0   -19.0   37.622  126.039    223.4    959.1
     1     1    21     7     3    13     0     0   -20.0   37.479  126.437    203.9    962.5
     1     1    21     7     3    12     0     0   -21.0   37.323  126.879    185.7    964.0
     1     1    21     7     3    11     0     0   -22.0   37.165  127.311    168.9    965.1
     1     1    21     7     3    10     0     0   -23.0   37.019  127.698    153.9    967.5
     1     1    21     7     3     9     0     0   -24.0   36.894  128.044    141.1    970.7
     1     1    21     7     3     8     0     0   -25.0   36.792  128.360    130.4    973.4
     1     1    21     7     3     7     0     0   -26.0   36.712  128.652    121.4    975.7
     1     1    21     7     3     6     0     0   -27.0   36.654  128.926    114.0    977.8
     1     1    21     7     3     5     0     0   -28.0   36.618  129.186    108.2    979.3
     1     1    21     7     3     4     0     0   -29.0   36.606  129.436    104.1    980.5
     1     1    21     7     3     3     0     0   -30.0   36.618  129.677    101.5    981.6
     1     1    21     7     3     2     0     0   -31.0   36.657  129.910    100.3    982.5
     1     1    21     7     3     1     0     0   -32.0   36.721  130.134    100.2    983.9
     1     1    21     7     3     0     0     0   -33.0   36.809  130.353    100.9    985.7
     1     1    21     7     2    23     0     0   -34.0   36.916  130.561    101.6    987.6
     1     1    21     7     2    22     0     0   -35.0   37.040  130.753    101.2    989.7
     1     1    21     7     2    21     0     0   -36.0   37.182  130.929     99.5    992.0
     1     1    21     7     2    20     0     0   -37.0   37.340  131.086     96.4    994.7
     1     1    21     7     2    19     0     0   -38.0   37.515  131.224     91.7    997.5
     1     1    21     7     2    18     0     0   -39.0   37.702  131.336     85.7    998.8
     1     1    21     7     2    17     0     0   -40.0   37.890  131.427     79.1   1000.1
     1     1    21     7     2    16     0     0   -41.0   38.066  131.511     72.2   1001.4
     1     1    21     7     2    15     0     0   -42.0   38.229  131.590     64.9   1002.5
     1     1    21     7     2    14     0     0   -43.0   38.374  131.664     57.4   1003.8
     1     1    21     7     2    13     0     0   -44.0   38.500  131.736     49.7   1005.2
     1     1    21     7     2    12     0     0   -45.0   38.606  131.807     42.2   1006.8
     1     1    21     7     2    11     0     0   -46.0   38.704  131.876     35.4   1008.3
     1     1    21     7     2    10     0     0   -47.0   38.809  131.945     29.8   1009.7
     1     1    21     7     2     9     0     0   -48.0   38.920  132.014     25.4   1011.2
     1     1    21     7     2     8     0     0   -49.0   39.038  132.087     21.9   1012.6
     1     1    21     7     2     7     0     0   -50.0   39.164  132.166     19.2   1014.2
     1     1    21     7     2     6     0     0   -51.0   39.299  132.253     17.2   1015.9
     1     1    21     7     2     5     0     0   -52.0   39.435  132.348     15.7   1018.1
     1     1    21     7     2     4     0     0   -53.0   39.565  132.447     14.7   1020.4
     1     1    21     7     2     3     0     0   -54.0   39.686  132.550     14.1   1022.0
     1     1    21     7     2     2     0     0   -55.0   39.800  132.658     13.8   1022.7
     1     1    21     7     2     1     0     0   -56.0   39.906  132.772     13.9   1023.5
     1     1    21     7     2     0     0     0   -57.0   40.003  132.893     14.2   1024.3
     1     1    21     7     1    23     0     0   -58.0   40.090  133.014     14.6   1022.9
     1     1    21     7     1    22     0     0   -59.0   40.166  133.131     14.8   1021.7
     1     1    21     7     1    21     0     0   -60.0   40.230  133.241     14.7   1020.8
     1     1    21     7     1    20     0     0   -61.0   40.283  133.342     14.4   1020.1
     1     1    21     7     1    19     0     0   -62.0   40.327  133.434     13.9   1019.6
     1     1    21     7     1    18     0     0   -63.0   40.361  133.515     13.2   1019.2
     1     1    21     7     1    17     0     0   -64.0   40.390  133.595     12.4   1019.0
     1     1    21     7     1    16     0     0   -65.0   40.417  133.684     11.7   1018.8
     1     1    21     7     1    15     0     0   -66.0   40.443  133.782     11.0   1018.7
     1     1    21     7     1    14     0     0   -67.0   40.468  133.891     10.4   1018.7
     1     1    21     7     1    13     0     0   -68.0   40.492  134.011      9.8   1018.7
     1     1    21     7     1    12     0     0   -69.0   40.515  134.144      9.2   1018.8
     1     1    21     7     1    11     0     0   -70.0   40.537  134.283      8.7   1019.0
     1     1    21     7     1    10     0     0   -71.0   40.555  134.421      8.0   1019.2
     1     1    21     7     1     9     0     0   -72.0   40.570  134.557      7.3   1019.5
     1     1    21     7     1     8     0     0   -73.0   40.583  134.690      6.6   1019.7
     1     1    21     7     1     7     0     0   -74.0   40.594  134.816      5.8   1019.9
     1     1    21     7     1     6     0     0   -75.0   40.605  134.936      4.9   1020.1
     1     1    21     7     1     5     0     0   -76.0   40.616  135.048      4.0   1019.9
     1     1    21     7     1     4     0     0   -77.0   40.622  135.150      3.1   1019.2
     1     1    21     7     1     3     0     0   -78.0   40.624  135.245      2.3   1018.6
     1     1    21     7     1     2     0     0   -79.0   40.622  135.333      1.5   1018.1
     1     1    21     7     1     1     0     0   -80.0   40.616  135.414      0.8   1017.7
     1     1    21     7     1     0     0     0   -81.0   40.606  135.490      0.2   1017.3
     1     1    21     6    30    23     0     0   -82.0   40.585  135.565      0.0   1017.0
     1     1    21     6    30    22     0     0   -83.0   40.545  135.643      0.2   1016.7
     1     1    21     6    30    21     0     0   -84.0   40.484  135.725      1.1   1016.5
     1     1    21     6    30    20     0     0   -85.0   40.402  135.809      2.5   1016.4
     1     1    21     6    30    19     0     0   -86.0   40.299  135.894      4.6   1016.3
     1     1    21     6    30    18     0     0   -87.0   40.173  135.978      7.3   1016.3
     1     1    21     6    30    17     0     0   -88.0   40.038  136.070     10.1   1016.6
     1     1    21     6    30    16     0     0   -89.0   39.910  136.180     13.0   1014.5
     1     1    21     6    30    15     0     0   -90.0   39.787  136.305     16.3   1011.4
     1     1    21     6    30    14     0     0   -91.0   39.669  136.444     19.8   1008.2
     1     1    21     6    30    13     0     0   -92.0   39.556  136.595     23.4   1004.9
     1     1    21     6    30    12     0     0   -93.0   39.448  136.759     27.0   1001.6
     1     1    21     6    30    11     0     0   -94.0   39.339  136.913     30.3    997.6
     1     1    21     6    30    10     0     0   -95.0   39.220  137.037     32.8    993.8
     1     1    21     6    30     9     0     0   -96.0   39.090  137.133     34.2    990.3
