     2     1
    CDC1    21     4     1     0     0
    CDC1    21     5     1     0     0
     1 BACKWARD OMEGA   
  2021     5    10     0   37.500  127.000   500.0
     1 PRESSURE
     1     1    21     5    10     0     0     0     0.0   37.500  127.000    500.0    936.8
     1     1    21     5     9    23     0     0    -1.0   37.502  126.989    546.5    931.5
     1     1    21     5     9    22     0     0    -2.0   37.524  126.960    591.6    926.2
     1     1    21     5     9    21     0     0    -3.0   37.566  126.911    633.8    920.9
     1     1    21     5     9    20     0     0    -4.0   37.629  126.839    671.1    915.4
     1     1    21     5     9    19     0     0    -5.0   37.712  126.744    702.3    910.8
     1     1    21     5     9    18     0     0    -6.0   37.816  126.625    727.3    906.8
     1     1    21     5     9    17     0     0    -7.0   37.931  126.480    752.9    903.5
     1     1    21     5     9    16     0     0    -8.0   38.045  126.309    786.5    899.0
     1     1    21     5     9    15     0     0    -9.0   38.156  126.113    828.3    894.0
     1     1    21     5     9    14     0     0   -10.0   38.263  125.898    879.4    888.5
     1     1    21     5     9    13     0     0   -11.0   38.363  125.666    940.7    882.4
     1     1    21     5     9    12     0     0   -12.0   38.456  125.419   1013.7    874.7
     1     1    21     5     9    11     0     0   -13.0   38.549  125.155   1094.2    866.1
     1     1    21     5     9    10     0     0   -14.0   38.652  124.876   1177.2    858.0
     1     1    21     5     9     9     0     0   -15.0   38.763  124.581   1260.5    850.1
     1     1    21     5     9     8     0     0   -16.0   38.885  124.274   1342.9    842.1
     1     1    21     5     9     7     0     0   -17.0   39.019  123.954   1424.0    834.5
     1     1    21     5     9     6     0     0   -18.0   39.167  123.622   1504.2    827.4
     1     1    21     5     9     5     0     0   -19.0   39.329  123.292   1584.1    820.6
     1     1    21     5     9     4     0     0   -20.0   39.506  122.973   1663.7    814.1
     1     1    21     5     9     3     0     0   -21.0   39.698  122.665   1743.6    807.7
     1     1    21     5     9     2     0     0   -22.0   39.906  122.365   1822.8    799.7
     1     1    21     5     9     1     0     0   -23.0   40.131  122.065   1898.8    789.7
     1     1    21     5     9     0     0     0   -24.0   40.373  121.762   1970.3    779.4
     1     1    21     5     8    23     0     0   -25.0   40.631  121.449   2033.7    768.8
     1     1    21     5     8    22     0     0   -26.0   40.903  121.119   2090.1    758.5
     1     1    21     5     8    21     0     0   -27.0   41.185  120.777   2140.7    747.8
     1     1    21     5     8    20     0     0   -28.0   41.477  120.423   2188.9    736.4
     1     1    21     5     8    19     0     0   -29.0   41.777  120.056   2239.2    723.3
     1     1    21     5     8    18     0     0   -30.0   42.084  119.666   2293.8    705.8
     1     1    21     5     8    17     0     0   -31.0   42.411  119.251   2355.6    685.6
     1     1    21     5     8    16     0     0   -32.0   42.762  118.822   2422.9    668.4
     1     1    21     5     8    15     0     0   -33.0   43.127  118.389   2486.7    654.2
     1     1    21     5     8    14     0     0   -34.0   43.502  117.963   2541.2    642.0
     1     1    21     5     8    13     0     0   -35.0   43.886  117.550   2583.7    631.9
     1     1    21     5     8    12     0     0   -36.0   44.279  117.156   2618.8    628.4
     1     1    21     5     8    11     0     0   -37.0   44.689  116.785   2654.4    627.6
     1     1    21     5     8    10     0     0   -38.0   45.122  116.435   2704.2    626.0
     1     1    21     5     8     9     0     0   -39.0   45.568  116.097   2770.6    625.0
     1     1    21     5     8     8     0     0   -40.0   46.016  115.758   2849.0    623.2
     1     1    21     5     8     7     0     0   -41.0   46.460  115.411   2936.5    620.8
     1     1    21     5     8     6     0     0   -42.0   46.890  115.046   3029.2    618.2
     1     1    21     5     8     5     0     0   -43.0   47.305  114.697   3111.9    612.1
     1     1    21     5     8     4     0     0   -44.0   47.711  114.412   3180.8    605.3
     1     1    21     5     8     3     0     0   -45.0   48.116  114.191   3238.9    598.4
     1     1    21     5     8     2     0     0   -46.0   48.522  114.027   3288.5    592.5
     1     1    21     5     8     1     0     0   -47.0   48.926  113.911   3328.3    587.8
     1     1    21     5     8     0     0     0   -48.0   49.326  113.839   3357.6    584.5
     1     1    21     5     7    23     0     0   -49.0   49.713  113.805   3381.8    582.3
     1     1    21     5     7    22     0     0   -50.0   50.083  113.807   3411.4    579.8
     1     1    21     5     7    21     0     0   -51.0   50.443  113.845   3450.9    576.5
     1     1    21     5     7    20     0     0   -52.0   50.796  113.915   3503.6    572.3
     1     1    21     5     7    19     0     0   -53.0   51.140  114.015   3568.5    567.5
     1     1    21     5     7    18     0     0   -54.0   51.473  114.147   3644.8    562.1
     1     1    21     5     7    17     0     0   -55.0   51.794  114.308   3717.5    555.9
     1     1    21     5     7    16     0     0   -56.0   52.102  114.503   3775.4    552.0
     1     1    21     5     7    15     0     0   -57.0   52.397  114.747   3817.4    549.4
     1     1    21     5     7    14     0     0   -58.0   52.677  115.044   3839.8    547.1
     1     1    21     5     7    13     0     0   -59.0   52.944  115.382   3842.4    545.3
     1     1    21     5     7    12     0     0   -60.0   53.198  115.750   3829.4    545.0
     1     1    21     5     7    11     0     0   -61.0   53.429  116.120   3808.9    545.7
     1     1    21     5     7    10     0     0   -62.0   53.625  116.474   3787.8    546.3
     1     1    21     5     7     9     0     0   -63.0   53.789  116.820   3765.8    547.2
     1     1    21     5     7     8     0     0   -64.0   53.922  117.164   3742.3    548.6
     1     1    21     5     7     7     0     0   -65.0   54.024  117.508   3716.6    550.5
     1     1    21     5     7     6     0     0   -66.0   54.097  117.852   3687.1    552.1
     1     1    21     5     7     5     0     0   -67.0   54.153  118.182   3660.0    554.3
     1     1    21     5     7     4     0     0   -68.0   54.200  118.488   3637.7    556.1
     1     1    21     5     7     3     0     0   -69.0   54.238  118.774   3622.4    557.4
     1     1    21     5     7     2     0     0   -70.0   54.269  119.039   3615.7    558.1
     1     1    21     5     7     1     0     0   -71.0   54.291  119.287   3618.9    558.2
     1     1    21     5     7     0     0     0   -72.0   54.305  119.516   3633.3    557.5
     1     1    21     5     6    23     0     0   -73.0   54.314  119.704   3653.1    555.7
     1     1    21     5     6    22     0     0   -74.0   54.322  119.829   3673.9    554.3
     1     1    21     5     6    21     0     0   -75.0   54.329  119.894   3694.2    552.8
     1     1    21     5     6    20     0     0   -76.0   54.335  119.903   3713.5    551.3
     1     1    21     5     6    19     0     0   -77.0   54.337  119.856   3731.0    549.8
     1     1    21     5     6    18     0     0   -78.0   54.335  119.755   3745.9    548.4
     1     1    21     5     6    17     0     0   -79.0   54.338  119.624   3761.4    547.6
     1     1    21     5     6    16     0     0   -80.0   54.359  119.491   3779.4    546.1
     1     1    21     5     6    15     0     0   -81.0   54.397  119.353   3800.3    544.4
     1     1    21     5     6    14     0     0   -82.0   54.453  119.213   3824.2    542.3
     1     1    21     5     6    13     0     0   -83.0   54.525  119.068   3851.2    539.8
     1     1    21     5     6    12     0     0   -84.0   54.614  118.919   3881.7    536.9
     1     1    21     5     6    11     0     0   -85.0   54.715  118.771   3913.6    533.2
     1     1    21     5     6    10     0     0   -86.0   54.825  118.631   3948.3    529.3
     1     1    21     5     6     9     0     0   -87.0   54.945  118.497   3984.0    525.3
     1     1    21     5     6     8     0     0   -88.0   55.075  118.369   4021.5    521.8
     1     1    21     5     6     7     0     0   -89.0   55.214  118.248   4059.7    519.1
     1     1    21     5     6     6     0     0   -90.0   55.361  118.133   4096.6    516.5
     1     1    21     5     6     5     0     0   -91.0   55.520  118.026   4131.0    514.3
     1     1    21     5     6     4     0     0   -92.0   55.695  117.933   4161.7    512.6
     1     1    21     5     6     3     0     0   -93.0   55.887  117.853   4190.0    511.0
     1     1    21     5     6     2     0     0   -94.0   56.098  117.788   4216.9    509.7
     1     1    21     5     6     1     0     0   -95.0   56.327  117.736   4243.6    508.5
     1     1    21     5     6     0     0     0   -96.0   56.575  117.698   4271.3    507.2
