     2     1
    CDC1    21     3     1     0     0
    CDC1    21     4     1     0     0
     1 BACKWARD OMEGA   
  2021     4    16    15   37.500  127.000   500.0
     1 PRESSURE
     1     1    21     4    16    15     0     0     0.0   37.500  127.000    500.0    937.6
     1     1    21     4    16    14     0     0    -1.0   37.481  126.671    517.4    937.5
     1     1    21     4    16    13     0     0    -2.0   37.432  126.346    540.7    936.6
     1     1    21     4    16    12     0     0    -3.0   37.351  126.031    570.2    935.1
     1     1    21     4    16    11     0     0    -4.0   37.259  125.727    602.2    933.5
     1     1    21     4    16    10     0     0    -5.0   37.178  125.433    631.9    932.5
     1     1    21     4    16     9     0     0    -6.0   37.115  125.147    659.9    931.2
     1     1    21     4    16     8     0     0    -7.0   37.071  124.868    686.9    929.5
     1     1    21     4    16     7     0     0    -8.0   37.048  124.592    713.5    927.3
     1     1    21     4    16     6     0     0    -9.0   37.042  124.321    740.8    924.9
     1     1    21     4    16     5     0     0   -10.0   37.051  124.039    766.0    921.7
     1     1    21     4    16     4     0     0   -11.0   37.073  123.736    787.1    919.6
     1     1    21     4    16     3     0     0   -12.0   37.112  123.412    804.8    917.9
     1     1    21     4    16     2     0     0   -13.0   37.174  123.065    820.6    916.6
     1     1    21     4    16     1     0     0   -14.0   37.266  122.693    836.3    915.6
     1     1    21     4    16     0     0     0   -15.0   37.390  122.293    854.4    914.2
     1     1    21     4    15    23     0     0   -16.0   37.519  121.867    875.1    911.9
     1     1    21     4    15    22     0     0   -17.0   37.627  121.425    898.8    908.8
     1     1    21     4    15    21     0     0   -18.0   37.729  120.967    926.8    905.1
     1     1    21     4    15    20     0     0   -19.0   37.837  120.493    960.8    900.4
     1     1    21     4    15    19     0     0   -20.0   37.966  120.001   1003.5    894.4
     1     1    21     4    15    18     0     0   -21.0   38.127  119.493   1057.4    885.2
     1     1    21     4    15    17     0     0   -22.0   38.298  118.967   1119.7    873.5
     1     1    21     4    15    16     0     0   -23.0   38.463  118.411   1184.6    861.1
     1     1    21     4    15    15     0     0   -24.0   38.634  117.809   1248.9    847.5
     1     1    21     4    15    14     0     0   -25.0   38.822  117.149   1308.3    829.3
     1     1    21     4    15    13     0     0   -26.0   39.034  116.436   1364.2    807.0
     1     1    21     4    15    12     0     0   -27.0   39.295  115.677   1424.5    782.7
     1     1    21     4    15    11     0     0   -28.0   39.592  114.882   1493.7    755.5
     1     1    21     4    15    10     0     0   -29.0   39.877  114.051   1569.9    729.2
     1     1    21     4    15     9     0     0   -30.0   40.145  113.184   1644.3    707.3
     1     1    21     4    15     8     0     0   -31.0   40.411  112.298   1711.5    692.1
     1     1    21     4    15     7     0     0   -32.0   40.691  111.422   1771.9    686.3
     1     1    21     4    15     6     0     0   -33.0   41.010  110.575   1829.9    683.1
     1     1    21     4    15     5     0     0   -34.0   41.365  109.752   1890.4    680.9
     1     1    21     4    15     4     0     0   -35.0   41.732  108.940   1946.8    677.5
     1     1    21     4    15     3     0     0   -36.0   42.109  108.127   2000.3    672.8
     1     1    21     4    15     2     0     0   -37.0   42.505  107.308   2054.5    667.0
     1     1    21     4    15     1     0     0   -38.0   42.920  106.507   2112.7    659.0
     1     1    21     4    15     0     0     0   -39.0   43.361  105.762   2183.6    649.2
     1     1    21     4    14    23     0     0   -40.0   43.825  105.102   2268.8    637.9
     1     1    21     4    14    22     0     0   -41.0   44.282  104.538   2357.5    626.1
     1     1    21     4    14    21     0     0   -42.0   44.721  104.056   2441.8    613.5
     1     1    21     4    14    20     0     0   -43.0   45.138  103.640   2523.7    601.6
     1     1    21     4    14    19     0     0   -44.0   45.532  103.275   2605.8    592.1
     1     1    21     4    14    18     0     0   -45.0   45.910  102.957   2687.5    582.5
     1     1    21     4    14    17     0     0   -46.0   46.276  102.660   2759.3    572.3
     1     1    21     4    14    16     0     0   -47.0   46.631  102.357   2814.6    563.5
     1     1    21     4    14    15     0     0   -48.0   46.972  102.047   2850.1    555.1
     1     1    21     4    14    14     0     0   -49.0   47.298  101.734   2867.3    547.9
     1     1    21     4    14    13     0     0   -50.0   47.611  101.419   2869.4    542.6
     1     1    21     4    14    12     0     0   -51.0   47.916  101.099   2860.6    540.2
     1     1    21     4    14    11     0     0   -52.0   48.210  100.755   2837.1    538.4
     1     1    21     4    14    10     0     0   -53.0   48.484  100.364   2804.2    536.9
     1     1    21     4    14     9     0     0   -54.0   48.738   99.931   2759.9    536.7
     1     1    21     4    14     8     0     0   -55.0   48.975   99.466   2715.6    543.7
     1     1    21     4    14     7     0     0   -56.0   49.198   98.988   2665.1    551.9
     1     1    21     4    14     6     0     0   -57.0   49.410   98.511   2610.4    561.4
     1     1    21     4    14     5     0     0   -58.0   49.626   98.038   2552.6    571.9
     1     1    21     4    14     4     0     0   -59.0   49.858   97.567   2500.2    582.7
     1     1    21     4    14     3     0     0   -60.0   50.102   97.098   2447.3    595.6
     1     1    21     4    14     2     0     0   -61.0   50.356   96.635   2387.7    607.6
     1     1    21     4    14     1     0     0   -62.0   50.617   96.184   2321.9    620.3
     1     1    21     4    14     0     0     0   -63.0   50.887   95.760   2248.4    633.8
     1     1    21     4    13    23     0     0   -64.0   51.157   95.380   2173.6    648.3
     1     1    21     4    13    22     0     0   -65.0   51.412   95.048   2108.2    660.5
     1     1    21     4    13    21     0     0   -66.0   51.648   94.749   2046.3    668.6
     1     1    21     4    13    20     0     0   -67.0   51.862   94.473   1990.7    676.0
     1     1    21     4    13    19     0     0   -68.0   52.055   94.222   1940.4    683.5
     1     1    21     4    13    18     0     0   -69.0   52.227   93.998   1894.1    690.8
     1     1    21     4    13    17     0     0   -70.0   52.394   93.771   1846.8    698.7
     1     1    21     4    13    16     0     0   -71.0   52.574   93.508   1795.5    708.3
     1     1    21     4    13    15     0     0   -72.0   52.760   93.203   1740.9    719.0
     1     1    21     4    13    14     0     0   -73.0   52.950   92.857   1684.0    730.4
     1     1    21     4    13    13     0     0   -74.0   53.138   92.474   1626.6    741.7
     1     1    21     4    13    12     0     0   -75.0   53.324   92.060   1569.7    750.8
     1     1    21     4    13    11     0     0   -76.0   53.502   91.628   1517.8    760.2
     1     1    21     4    13    10     0     0   -77.0   53.668   91.195   1471.2    769.2
     1     1    21     4    13     9     0     0   -78.0   53.826   90.773   1428.6    778.4
     1     1    21     4    13     8     0     0   -79.0   53.980   90.370   1388.8    787.8
     1     1    21     4    13     7     0     0   -80.0   54.134   89.996   1351.1    797.4
     1     1    21     4    13     6     0     0   -81.0   54.293   89.654   1315.9    807.8
     1     1    21     4    13     5     0     0   -82.0   54.464   89.319   1281.1    818.3
     1     1    21     4    13     4     0     0   -83.0   54.649   88.964   1246.9    829.3
     1     1    21     4    13     3     0     0   -84.0   54.851   88.592   1214.2    840.7
     1     1    21     4    13     2     0     0   -85.0   55.070   88.207   1183.5    851.0
     1     1    21     4    13     1     0     0   -86.0   55.307   87.809   1156.1    858.1
     1     1    21     4    13     0     0     0   -87.0   55.562   87.405   1135.0    864.1
     1     1    21     4    12    23     0     0   -88.0   55.825   87.004   1117.3    868.7
     1     1    21     4    12    22     0     0   -89.0   56.085   86.606   1100.7    873.2
     1     1    21     4    12    21     0     0   -90.0   56.347   86.209   1083.7    877.7
     1     1    21     4    12    20     0     0   -91.0   56.616   85.810   1065.5    882.4
     1     1    21     4    12    19     0     0   -92.0   56.898   85.406   1045.7    887.4
     1     1    21     4    12    18     0     0   -93.0   57.202   84.996   1024.1    892.7
     1     1    21     4    12    17     0     0   -94.0   57.516   84.548   1002.9    897.2
     1     1    21     4    12    16     0     0   -95.0   57.816   84.036    985.6    898.5
     1     1    21     4    12    15     0     0   -96.0   58.097   83.466    971.6    900.0
