     2     1
    CDC1    21    10     1     0     0
    CDC1    21    11     1     0     0
     1 BACKWARD OMEGA   
  2021    11     8    12   37.500  127.000   500.0
     1 PRESSURE
     1     1    21    11     8    12     0     0     0.0   37.500  127.000    500.0    933.2
     1     1    21    11     8    11     0     0    -1.0   37.566  126.349    527.8    932.2
     1     1    21    11     8    10     0     0    -2.0   37.637  125.708    545.2    933.2
     1     1    21    11     8     9     0     0    -3.0   37.729  125.065    553.3    935.1
     1     1    21    11     8     8     0     0    -4.0   37.848  124.421    554.4    936.4
     1     1    21    11     8     7     0     0    -5.0   37.997  123.782    552.0    937.8
     1     1    21    11     8     6     0     0    -6.0   38.184  123.139    549.4    939.5
     1     1    21    11     8     5     0     0    -7.0   38.423  122.501    552.6    941.3
     1     1    21    11     8     4     0     0    -8.0   38.713  121.895    564.0    938.6
     1     1    21    11     8     3     0     0    -9.0   39.054  121.331    584.5    934.3
     1     1    21    11     8     2     0     0   -10.0   39.460  120.804    615.3    928.2
     1     1    21    11     8     1     0     0   -11.0   39.946  120.316    657.2    919.3
     1     1    21    11     8     0     0     0   -12.0   40.502  119.914    702.8    900.4
     1     1    21    11     7    23     0     0   -13.0   41.072  119.656    740.9    878.3
     1     1    21    11     7    22     0     0   -14.0   41.611  119.529    767.9    860.8
     1     1    21    11     7    21     0     0   -15.0   42.114  119.500    782.5    847.4
     1     1    21    11     7    20     0     0   -16.0   42.574  119.537    785.7    839.4
     1     1    21    11     7    19     0     0   -17.0   42.989  119.605    783.5    841.0
     1     1    21    11     7    18     0     0   -18.0   43.361  119.678    779.1    842.6
     1     1    21    11     7    17     0     0   -19.0   43.694  119.749    773.7    844.3
     1     1    21    11     7    16     0     0   -20.0   43.996  119.811    766.9    845.9
     1     1    21    11     7    15     0     0   -21.0   44.268  119.861    757.8    847.5
     1     1    21    11     7    14     0     0   -22.0   44.514  119.897    745.7    849.1
     1     1    21    11     7    13     0     0   -23.0   44.736  119.919    730.0    850.9
     1     1    21    11     7    12     0     0   -24.0   44.936  119.924    710.3    852.9
     1     1    21    11     7    11     0     0   -25.0   45.120  119.906    692.0    855.2
     1     1    21    11     7    10     0     0   -26.0   45.294  119.858    679.8    855.8
     1     1    21    11     7     9     0     0   -27.0   45.458  119.778    673.6    855.4
     1     1    21    11     7     8     0     0   -28.0   45.608  119.662    673.4    853.9
     1     1    21    11     7     7     0     0   -29.0   45.745  119.508    679.4    851.6
     1     1    21    11     7     6     0     0   -30.0   45.866  119.316    691.9    848.3
     1     1    21    11     7     5     0     0   -31.0   45.973  119.106    707.8    844.2
     1     1    21    11     7     4     0     0   -32.0   46.070  118.901    724.4    840.7
     1     1    21    11     7     3     0     0   -33.0   46.157  118.701    741.1    837.6
     1     1    21    11     7     2     0     0   -34.0   46.236  118.509    757.7    834.8
     1     1    21    11     7     1     0     0   -35.0   46.305  118.326    773.6    832.2
     1     1    21    11     7     0     0     0   -36.0   46.365  118.153    788.7    830.0
     1     1    21    11     6    23     0     0   -37.0   46.428  117.969    804.3    827.9
     1     1    21    11     6    22     0     0   -38.0   46.504  117.754    822.5    825.4
     1     1    21    11     6    21     0     0   -39.0   46.590  117.503    843.5    822.8
     1     1    21    11     6    20     0     0   -40.0   46.684  117.215    868.2    822.0
     1     1    21    11     6    19     0     0   -41.0   46.782  116.889    895.6    821.2
     1     1    21    11     6    18     0     0   -42.0   46.878  116.522    925.5    820.0
     1     1    21    11     6    17     0     0   -43.0   46.972  116.136    957.4    818.2
     1     1    21    11     6    16     0     0   -44.0   47.067  115.754    991.5    816.4
     1     1    21    11     6    15     0     0   -45.0   47.166  115.374   1027.8    814.4
     1     1    21    11     6    14     0     0   -46.0   47.268  114.999   1066.5    812.3
     1     1    21    11     6    13     0     0   -47.0   47.375  114.636   1105.3    805.2
     1     1    21    11     6    12     0     0   -48.0   47.487  114.292   1145.0    797.8
     1     1    21    11     6    11     0     0   -49.0   47.597  113.961   1185.2    789.9
     1     1    21    11     6    10     0     0   -50.0   47.698  113.642   1224.2    782.1
     1     1    21    11     6     9     0     0   -51.0   47.789  113.335   1262.4    774.4
     1     1    21    11     6     8     0     0   -52.0   47.870  113.043   1299.5    766.8
     1     1    21    11     6     7     0     0   -53.0   47.942  112.767   1335.4    759.4
     1     1    21    11     6     6     0     0   -54.0   48.004  112.507   1369.9    752.5
     1     1    21    11     6     5     0     0   -55.0   48.077  112.274   1401.7    745.8
     1     1    21    11     6     4     0     0   -56.0   48.184  112.075   1429.9    740.1
     1     1    21    11     6     3     0     0   -57.0   48.322  111.903   1455.0    735.2
     1     1    21    11     6     2     0     0   -58.0   48.493  111.755   1478.3    730.9
     1     1    21    11     6     1     0     0   -59.0   48.694  111.625   1501.3    727.1
     1     1    21    11     6     0     0     0   -60.0   48.927  111.512   1526.1    723.5
     1     1    21    11     5    23     0     0   -61.0   49.178  111.392   1555.9    719.5
     1     1    21    11     5    22     0     0   -62.0   49.435  111.251   1593.1    714.6
     1     1    21    11     5    21     0     0   -63.0   49.706  111.098   1638.9    708.9
     1     1    21    11     5    20     0     0   -64.0   49.997  110.941   1694.7    702.0
     1     1    21    11     5    19     0     0   -65.0   50.306  110.770   1759.9    696.2
     1     1    21    11     5    18     0     0   -66.0   50.631  110.579   1829.6    690.9
     1     1    21    11     5    17     0     0   -67.0   50.969  110.355   1903.0    685.8
     1     1    21    11     5    16     0     0   -68.0   51.320  110.092   1979.7    681.3
     1     1    21    11     5    15     0     0   -69.0   51.693  109.800   2062.3    679.8
     1     1    21    11     5    14     0     0   -70.0   52.091  109.493   2149.4    680.0
     1     1    21    11     5    13     0     0   -71.0   52.523  109.183   2238.8    680.5
     1     1    21    11     5    12     0     0   -72.0   52.984  108.875   2316.8    674.3
     1     1    21    11     5    11     0     0   -73.0   53.441  108.542   2380.7    670.0
     1     1    21    11     5    10     0     0   -74.0   53.868  108.164   2426.6    668.9
     1     1    21    11     5     9     0     0   -75.0   54.270  107.745   2454.5    670.4
     1     1    21    11     5     8     0     0   -76.0   54.650  107.291   2464.6    673.5
     1     1    21    11     5     7     0     0   -77.0   55.011  106.805   2460.1    678.6
     1     1    21    11     5     6     0     0   -78.0   55.352  106.295   2446.5    685.8
     1     1    21    11     5     5     0     0   -79.0   55.674  105.763   2429.0    692.4
     1     1    21    11     5     4     0     0   -80.0   55.983  105.214   2414.8    698.0
     1     1    21    11     5     3     0     0   -81.0   56.281  104.654   2398.9    700.9
     1     1    21    11     5     2     0     0   -82.0   56.573  104.093   2383.8    703.2
     1     1    21    11     5     1     0     0   -83.0   56.860  103.538   2370.0    706.3
     1     1    21    11     5     0     0     0   -84.0   57.144  102.996   2355.4    710.5
     1     1    21    11     4    23     0     0   -85.0   57.419  102.470   2336.8    716.0
     1     1    21    11     4    22     0     0   -86.0   57.680  101.959   2311.1    720.6
     1     1    21    11     4    21     0     0   -87.0   57.931  101.463   2281.5    724.3
     1     1    21    11     4    20     0     0   -88.0   58.175  100.982   2250.3    727.6
     1     1    21    11     4    19     0     0   -89.0   58.415  100.518   2218.6    730.7
     1     1    21    11     4    18     0     0   -90.0   58.654  100.070   2187.7    733.2
     1     1    21    11     4    17     0     0   -91.0   58.895   99.636   2158.3    734.5
     1     1    21    11     4    16     0     0   -92.0   59.139   99.211   2132.2    735.3
     1     1    21    11     4    15     0     0   -93.0   59.387   98.797   2108.5    735.9
     1     1    21    11     4    14     0     0   -94.0   59.641   98.395   2086.5    736.2
     1     1    21    11     4    13     0     0   -95.0   59.902   98.009   2065.9    736.4
     1     1    21    11     4    12     0     0   -96.0   60.170   97.632   2047.4    737.3
