     2     1
    CDC1    21     1     1     0     0
    CDC1    21     2     1     0     0
     1 BACKWARD OMEGA   
  2021     2    18     6   37.500  127.000   500.0
     1 PRESSURE
     1     1    21     2    18     6     0     0     0.0   37.500  127.000    500.0    937.7
     1     1    21     2    18     5     0     0    -1.0   37.777  126.826    544.4    929.7
     1     1    21     2    18     4     0     0    -2.0   38.063  126.649    595.7    920.6
     1     1    21     2    18     3     0     0    -3.0   38.365  126.472    652.6    910.3
     1     1    21     2    18     2     0     0    -4.0   38.691  126.301    713.5    898.8
     1     1    21     2    18     1     0     0    -5.0   39.052  126.141    777.5    886.8
     1     1    21     2    18     0     0     0    -6.0   39.460  125.997    843.5    874.3
     1     1    21     2    17    23     0     0    -7.0   39.916  125.870    908.9    861.2
     1     1    21     2    17    22     0     0    -8.0   40.405  125.748    972.2    851.3
     1     1    21     2    17    21     0     0    -9.0   40.914  125.623   1031.9    842.9
     1     1    21     2    17    20     0     0   -10.0   41.443  125.493   1088.4    835.3
     1     1    21     2    17    19     0     0   -11.0   41.994  125.359   1143.2    828.2
     1     1    21     2    17    18     0     0   -12.0   42.571  125.221   1198.5    822.6
     1     1    21     2    17    17     0     0   -13.0   43.149  125.084   1254.7    825.4
     1     1    21     2    17    16     0     0   -14.0   43.705  124.952   1303.7    828.3
     1     1    21     2    17    15     0     0   -15.0   44.245  124.829   1343.7    830.5
     1     1    21     2    17    14     0     0   -16.0   44.773  124.715   1373.5    833.2
     1     1    21     2    17    13     0     0   -17.0   45.292  124.619   1389.9    831.4
     1     1    21     2    17    12     0     0   -18.0   45.805  124.553   1395.3    826.4
     1     1    21     2    17    11     0     0   -19.0   46.314  124.523   1397.9    822.2
     1     1    21     2    17    10     0     0   -20.0   46.821  124.527   1399.6    817.8
     1     1    21     2    17     9     0     0   -21.0   47.323  124.570   1399.8    814.0
     1     1    21     2    17     8     0     0   -22.0   47.812  124.648   1398.5    811.2
     1     1    21     2    17     7     0     0   -23.0   48.281  124.761   1396.6    808.9
     1     1    21     2    17     6     0     0   -24.0   48.727  124.915   1394.4    807.2
     1     1    21     2    17     5     0     0   -25.0   49.152  125.115   1390.2    805.4
     1     1    21     2    17     4     0     0   -26.0   49.561  125.364   1383.1    804.2
     1     1    21     2    17     3     0     0   -27.0   49.956  125.671   1375.5    804.1
     1     1    21     2    17     2     0     0   -28.0   50.335  126.029   1371.1    807.0
     1     1    21     2    17     1     0     0   -29.0   50.694  126.432   1371.4    809.8
     1     1    21     2    17     0     0     0   -30.0   51.036  126.885   1377.5    812.1
     1     1    21     2    16    23     0     0   -31.0   51.358  127.396   1391.0    813.4
     1     1    21     2    16    22     0     0   -32.0   51.663  127.968   1409.3    809.2
     1     1    21     2    16    21     0     0   -33.0   51.956  128.607   1432.6    802.5
     1     1    21     2    16    20     0     0   -34.0   52.242  129.320   1459.2    794.5
     1     1    21     2    16    19     0     0   -35.0   52.524  130.111   1485.9    785.0
     1     1    21     2    16    18     0     0   -36.0   52.808  130.966   1505.4    771.8
     1     1    21     2    16    17     0     0   -37.0   53.084  131.855   1520.6    761.0
     1     1    21     2    16    16     0     0   -38.0   53.343  132.765   1535.7    753.4
     1     1    21     2    16    15     0     0   -39.0   53.586  133.701   1552.4    752.9
     1     1    21     2    16    14     0     0   -40.0   53.818  134.663   1566.5    754.3
     1     1    21     2    16    13     0     0   -41.0   54.049  135.650   1580.8    761.8
     1     1    21     2    16    12     0     0   -42.0   54.291  136.651   1594.4    773.1
     1     1    21     2    16    11     0     0   -43.0   54.551  137.645   1606.6    785.7
     1     1    21     2    16    10     0     0   -44.0   54.832  138.606   1617.5    797.9
     1     1    21     2    16     9     0     0   -45.0   55.130  139.517   1630.2    807.7
     1     1    21     2    16     8     0     0   -46.0   55.434  140.359   1643.3    811.0
     1     1    21     2    16     7     0     0   -47.0   55.732  141.119   1660.4    810.6
     1     1    21     2    16     6     0     0   -48.0   56.021  141.793   1686.9    809.5
     1     1    21     2    16     5     0     0   -49.0   56.291  142.357   1721.0    807.7
     1     1    21     2    16     4     0     0   -50.0   56.525  142.796   1756.4    804.4
     1     1    21     2    16     3     0     0   -51.0   56.723  143.122   1792.2    800.8
     1     1    21     2    16     2     0     0   -52.0   56.888  143.354   1826.4    797.5
     1     1    21     2    16     1     0     0   -53.0   57.023  143.507   1857.1    794.6
     1     1    21     2    16     0     0     0   -54.0   57.131  143.593   1882.6    792.2
     1     1    21     2    15    23     0     0   -55.0   57.219  143.660   1903.6    789.7
     1     1    21     2    15    22     0     0   -56.0   57.293  143.750   1922.7    787.3
     1     1    21     2    15    21     0     0   -57.0   57.354  143.867   1939.4    785.4
     1     1    21     2    15    20     0     0   -58.0   57.401  144.017   1953.5    783.9
     1     1    21     2    15    19     0     0   -59.0   57.433  144.201   1965.1    783.0
     1     1    21     2    15    18     0     0   -60.0   57.451  144.421   1974.1    782.5
     1     1    21     2    15    17     0     0   -61.0   57.462  144.654   1981.0    782.8
     1     1    21     2    15    16     0     0   -62.0   57.476  144.877   1984.9    783.5
     1     1    21     2    15    15     0     0   -63.0   57.494  145.092   1985.7    784.1
     1     1    21     2    15    14     0     0   -64.0   57.516  145.299   1983.0    784.4
     1     1    21     2    15    13     0     0   -65.0   57.543  145.498   1977.1    784.8
     1     1    21     2    15    12     0     0   -66.0   57.574  145.689   1968.1    785.4
     1     1    21     2    15    11     0     0   -67.0   57.605  145.880   1957.6    786.2
     1     1    21     2    15    10     0     0   -68.0   57.632  146.082   1946.3    787.0
     1     1    21     2    15     9     0     0   -69.0   57.653  146.296   1934.2    788.1
     1     1    21     2    15     8     0     0   -70.0   57.671  146.521   1921.1    789.4
     1     1    21     2    15     7     0     0   -71.0   57.685  146.758   1906.9    791.0
     1     1    21     2    15     6     0     0   -72.0   57.697  147.006   1891.1    792.8
     1     1    21     2    15     5     0     0   -73.0   57.709  147.262   1872.3    794.9
     1     1    21     2    15     4     0     0   -74.0   57.726  147.520   1849.6    797.5
     1     1    21     2    15     3     0     0   -75.0   57.747  147.783   1823.2    799.7
     1     1    21     2    15     2     0     0   -76.0   57.773  148.049   1794.4    802.1
     1     1    21     2    15     1     0     0   -77.0   57.805  148.318   1764.0    804.5
     1     1    21     2    15     0     0     0   -78.0   57.842  148.589   1732.9    807.0
     1     1    21     2    14    23     0     0   -79.0   57.880  148.860   1705.9    809.3
     1     1    21     2    14    22     0     0   -80.0   57.915  149.128   1687.0    810.3
     1     1    21     2    14    21     0     0   -81.0   57.946  149.393   1676.6    810.7
     1     1    21     2    14    20     0     0   -82.0   57.973  149.655   1674.7    810.2
     1     1    21     2    14    19     0     0   -83.0   57.997  149.912   1681.8    808.9
     1     1    21     2    14    18     0     0   -84.0   58.016  150.163   1697.7    806.5
     1     1    21     2    14    17     0     0   -85.0   58.043  150.401   1718.6    802.9
     1     1    21     2    14    16     0     0   -86.0   58.090  150.622   1738.9    799.3
     1     1    21     2    14    15     0     0   -87.0   58.155  150.825   1758.7    795.4
     1     1    21     2    14    14     0     0   -88.0   58.240  151.009   1777.6    791.3
     1     1    21     2    14    13     0     0   -89.0   58.344  151.173   1795.3    787.0
     1     1    21     2    14    12     0     0   -90.0   58.467  151.316   1811.6    782.6
     1     1    21     2    14    11     0     0   -91.0   58.596  151.449   1827.5    778.4
     1     1    21     2    14    10     0     0   -92.0   58.717  151.581   1844.8    774.2
     1     1    21     2    14     9     0     0   -93.0   58.831  151.712   1863.2    770.1
     1     1    21     2    14     8     0     0   -94.0   58.939  151.842   1882.5    766.1
     1     1    21     2    14     7     0     0   -95.0   59.040  151.970   1902.7    762.2
     1     1    21     2    14     6     0     0   -96.0   59.135  152.095   1923.7    758.4
