     2     1
    CDC1    21     8     1     0     0
    CDC1    21     9     1     0     0
     1 BACKWARD OMEGA   
  2021     9     6     0   37.500  127.000   500.0
     1 PRESSURE
     1     1    21     9     6     0     0     0     0.0   37.500  127.000    500.0    941.7
     1     1    21     9     5    23     0     0    -1.0   37.411  127.483    504.7    939.5
     1     1    21     9     5    22     0     0    -2.0   37.355  127.952    511.9    940.3
     1     1    21     9     5    21     0     0    -3.0   37.341  128.400    520.0    940.9
     1     1    21     9     5    20     0     0    -4.0   37.367  128.826    529.0    941.3
     1     1    21     9     5    19     0     0    -5.0   37.435  129.230    539.1    941.6
     1     1    21     9     5    18     0     0    -6.0   37.543  129.611    550.3    941.4
     1     1    21     9     5    17     0     0    -7.0   37.685  129.963    561.8    940.2
     1     1    21     9     5    16     0     0    -8.0   37.841  130.284    572.0    940.9
     1     1    21     9     5    15     0     0    -9.0   37.999  130.578    580.0    942.1
     1     1    21     9     5    14     0     0   -10.0   38.156  130.849    586.4    943.6
     1     1    21     9     5    13     0     0   -11.0   38.310  131.102    591.4    945.4
     1     1    21     9     5    12     0     0   -12.0   38.456  131.340    595.5    947.4
     1     1    21     9     5    11     0     0   -13.0   38.600  131.573    598.3    949.2
     1     1    21     9     5    10     0     0   -14.0   38.746  131.807    599.2    951.6
     1     1    21     9     5     9     0     0   -15.0   38.895  132.044    598.0    954.4
     1     1    21     9     5     8     0     0   -16.0   39.047  132.284    594.3    957.8
     1     1    21     9     5     7     0     0   -17.0   39.205  132.530    587.8    961.3
     1     1    21     9     5     6     0     0   -18.0   39.365  132.785    577.9    962.1
     1     1    21     9     5     5     0     0   -19.0   39.522  133.045    568.6    964.1
     1     1    21     9     5     4     0     0   -20.0   39.672  133.305    562.1    965.7
     1     1    21     9     5     3     0     0   -21.0   39.814  133.565    558.5    967.3
     1     1    21     9     5     2     0     0   -22.0   39.948  133.828    557.5    968.9
     1     1    21     9     5     1     0     0   -23.0   40.072  134.094    558.4    969.1
     1     1    21     9     5     0     0     0   -24.0   40.186  134.364    560.4    968.4
     1     1    21     9     4    23     0     0   -25.0   40.288  134.635    561.3    967.2
     1     1    21     9     4    22     0     0   -26.0   40.375  134.908    559.7    966.8
     1     1    21     9     4    21     0     0   -27.0   40.449  135.181    555.1    965.1
     1     1    21     9     4    20     0     0   -28.0   40.510  135.456    548.3    963.2
     1     1    21     9     4    19     0     0   -29.0   40.559  135.732    539.6    961.6
     1     1    21     9     4    18     0     0   -30.0   40.597  136.009    529.2    960.5
     1     1    21     9     4    17     0     0   -31.0   40.627  136.292    518.8    959.8
     1     1    21     9     4    16     0     0   -32.0   40.650  136.589    509.7    958.8
     1     1    21     9     4    15     0     0   -33.0   40.666  136.901    502.0    957.7
     1     1    21     9     4    14     0     0   -34.0   40.673  137.228    495.4    956.3
     1     1    21     9     4    13     0     0   -35.0   40.671  137.572    490.2    955.1
     1     1    21     9     4    12     0     0   -36.0   40.663  137.929    486.5    954.8
     1     1    21     9     4    11     0     0   -37.0   40.654  138.287    483.5    954.1
     1     1    21     9     4    10     0     0   -38.0   40.646  138.633    480.0    953.6
     1     1    21     9     4     9     0     0   -39.0   40.636  138.968    475.5    953.1
     1     1    21     9     4     8     0     0   -40.0   40.622  139.291    469.8    952.8
     1     1    21     9     4     7     0     0   -41.0   40.604  139.602    462.4    952.8
     1     1    21     9     4     6     0     0   -42.0   40.579  139.901    453.0    952.9
     1     1    21     9     4     5     0     0   -43.0   40.550  140.204    441.7    953.8
     1     1    21     9     4     4     0     0   -44.0   40.521  140.526    428.6    955.3
     1     1    21     9     4     3     0     0   -45.0   40.494  140.867    414.0    957.0
     1     1    21     9     4     2     0     0   -46.0   40.467  141.227    397.9    959.1
     1     1    21     9     4     1     0     0   -47.0   40.442  141.607    380.6    961.4
     1     1    21     9     4     0     0     0   -48.0   40.417  142.005    362.0    963.6
     1     1    21     9     3    23     0     0   -49.0   40.403  142.404    344.9    965.6
     1     1    21     9     3    22     0     0   -50.0   40.415  142.783    332.0    967.4
     1     1    21     9     3    21     0     0   -51.0   40.452  143.138    323.6    968.7
     1     1    21     9     3    20     0     0   -52.0   40.513  143.465    319.6    969.4
     1     1    21     9     3    19     0     0   -53.0   40.593  143.764    320.4    969.5
     1     1    21     9     3    18     0     0   -54.0   40.687  144.035    326.2    968.8
     1     1    21     9     3    17     0     0   -55.0   40.779  144.287    333.8    967.7
     1     1    21     9     3    16     0     0   -56.0   40.851  144.534    340.1    967.1
     1     1    21     9     3    15     0     0   -57.0   40.904  144.774    344.6    966.7
     1     1    21     9     3    14     0     0   -58.0   40.939  145.007    346.8    966.6
     1     1    21     9     3    13     0     0   -59.0   40.957  145.235    346.6    967.6
     1     1    21     9     3    12     0     0   -60.0   40.961  145.461    343.5    968.9
     1     1    21     9     3    11     0     0   -61.0   40.967  145.689    339.7    970.4
     1     1    21     9     3    10     0     0   -62.0   40.993  145.924    337.7    971.4
     1     1    21     9     3     9     0     0   -63.0   41.038  146.165    338.2    972.2
     1     1    21     9     3     8     0     0   -64.0   41.099  146.410    341.8    972.5
     1     1    21     9     3     7     0     0   -65.0   41.176  146.662    349.2    972.5
     1     1    21     9     3     6     0     0   -66.0   41.268  146.921    361.0    972.0
     1     1    21     9     3     5     0     0   -67.0   41.365  147.177    375.8    971.5
     1     1    21     9     3     4     0     0   -68.0   41.456  147.422    391.9    970.8
     1     1    21     9     3     3     0     0   -69.0   41.540  147.656    408.6    969.1
     1     1    21     9     3     2     0     0   -70.0   41.617  147.878    425.2    967.1
     1     1    21     9     3     1     0     0   -71.0   41.686  148.088    441.4    965.4
     1     1    21     9     3     0     0     0   -72.0   41.749  148.289    456.6    963.8
     1     1    21     9     2    23     0     0   -73.0   41.811  148.482    470.3    962.0
     1     1    21     9     2    22     0     0   -74.0   41.873  148.665    482.1    960.6
     1     1    21     9     2    21     0     0   -75.0   41.937  148.840    492.1    959.3
     1     1    21     9     2    20     0     0   -76.0   42.001  149.007    500.3    958.4
     1     1    21     9     2    19     0     0   -77.0   42.067  149.166    506.7    957.6
     1     1    21     9     2    18     0     0   -78.0   42.133  149.318    511.4    957.0
     1     1    21     9     2    17     0     0   -79.0   42.198  149.468    514.2    956.9
     1     1    21     9     2    16     0     0   -80.0   42.262  149.621    515.8    957.0
     1     1    21     9     2    15     0     0   -81.0   42.326  149.777    516.0    957.2
     1     1    21     9     2    14     0     0   -82.0   42.390  149.937    514.9    957.7
     1     1    21     9     2    13     0     0   -83.0   42.457  150.099    512.6    957.7
     1     1    21     9     2    12     0     0   -84.0   42.526  150.262    509.3    957.4
     1     1    21     9     2    11     0     0   -85.0   42.599  150.418    507.4    957.2
     1     1    21     9     2    10     0     0   -86.0   42.678  150.558    509.0    956.4
     1     1    21     9     2     9     0     0   -87.0   42.762  150.682    514.4    955.2
     1     1    21     9     2     8     0     0   -88.0   42.852  150.787    523.5    953.7
     1     1    21     9     2     7     0     0   -89.0   42.948  150.874    536.3    951.8
     1     1    21     9     2     6     0     0   -90.0   43.049  150.942    552.9    949.7
     1     1    21     9     2     5     0     0   -91.0   43.156  150.992    570.5    947.2
     1     1    21     9     2     4     0     0   -92.0   43.269  151.027    586.8    945.3
     1     1    21     9     2     3     0     0   -93.0   43.389  151.048    601.7    943.5
     1     1    21     9     2     2     0     0   -94.0   43.518  151.056    615.4    942.0
     1     1    21     9     2     1     0     0   -95.0   43.656  151.053    628.0    940.6
     1     1    21     9     2     0     0     0   -96.0   43.806  151.040    639.9    939.0
