     2     1
    CDC1    20    12     1     0     0
    CDC1    21     1     1     0     0
     1 BACKWARD OMEGA   
  2021     1    14     3   37.500  127.000   500.0
     1 PRESSURE
     1     1    21     1    14     3     0     0     0.0   37.500  127.000    500.0    941.4
     1     1    21     1    14     2     0     0    -1.0   37.497  127.045    544.8    936.8
     1     1    21     1    14     1     0     0    -2.0   37.517  127.090    603.0    930.0
     1     1    21     1    14     0     0     0    -3.0   37.565  127.124    675.9    920.5
     1     1    21     1    13    23     0     0    -4.0   37.646  127.100    755.0    908.4
     1     1    21     1    13    22     0     0    -5.0   37.758  126.996    831.3    898.1
     1     1    21     1    13    21     0     0    -6.0   37.899  126.821    904.3    888.4
     1     1    21     1    13    20     0     0    -7.0   38.067  126.585    973.6    878.7
     1     1    21     1    13    19     0     0    -8.0   38.260  126.291   1038.6    869.5
     1     1    21     1    13    18     0     0    -9.0   38.477  125.947   1099.2    861.1
     1     1    21     1    13    17     0     0   -10.0   38.704  125.563   1161.1    853.8
     1     1    21     1    13    16     0     0   -11.0   38.929  125.147   1230.0    845.9
     1     1    21     1    13    15     0     0   -12.0   39.152  124.706   1306.6    838.0
     1     1    21     1    13    14     0     0   -13.0   39.372  124.246   1389.9    829.7
     1     1    21     1    13    13     0     0   -14.0   39.591  123.779   1479.0    821.9
     1     1    21     1    13    12     0     0   -15.0   39.813  123.311   1573.9    814.5
     1     1    21     1    13    11     0     0   -16.0   40.047  122.833   1667.0    807.3
     1     1    21     1    13    10     0     0   -17.0   40.299  122.331   1749.7    799.5
     1     1    21     1    13     9     0     0   -18.0   40.569  121.793   1823.2    786.8
     1     1    21     1    13     8     0     0   -19.0   40.862  121.206   1895.8    772.4
     1     1    21     1    13     7     0     0   -20.0   41.188  120.566   1973.5    755.2
     1     1    21     1    13     6     0     0   -21.0   41.557  119.856   2061.1    732.4
     1     1    21     1    13     5     0     0   -22.0   41.945  119.036   2145.2    699.4
     1     1    21     1    13     4     0     0   -23.0   42.332  118.076   2225.6    663.1
     1     1    21     1    13     3     0     0   -24.0   42.736  116.986   2323.1    634.5
     1     1    21     1    13     2     0     0   -25.0   43.166  115.826   2444.4    619.0
     1     1    21     1    13     1     0     0   -26.0   43.630  114.651   2580.7    609.4
     1     1    21     1    13     0     0     0   -27.0   44.127  113.496   2727.1    606.4
     1     1    21     1    12    23     0     0   -28.0   44.633  112.373   2851.2    603.7
     1     1    21     1    12    22     0     0   -29.0   45.142  111.266   2937.3    595.5
     1     1    21     1    12    21     0     0   -30.0   45.672  110.163   2997.9    580.8
     1     1    21     1    12    20     0     0   -31.0   46.240  109.045   3055.0    565.4
     1     1    21     1    12    19     0     0   -32.0   46.850  107.894   3118.3    552.8
     1     1    21     1    12    18     0     0   -33.0   47.493  106.700   3186.7    544.6
     1     1    21     1    12    17     0     0   -34.0   48.132  105.496   3258.9    546.1
     1     1    21     1    12    16     0     0   -35.0   48.749  104.298   3289.0    540.6
     1     1    21     1    12    15     0     0   -36.0   49.358  103.062   3287.7    527.5
     1     1    21     1    12    14     0     0   -37.0   49.971  101.764   3281.1    513.5
     1     1    21     1    12    13     0     0   -38.0   50.589  100.410   3287.6    501.5
     1     1    21     1    12    12     0     0   -39.0   51.209   99.048   3340.0    501.6
     1     1    21     1    12    11     0     0   -40.0   51.813   97.709   3404.4    503.6
     1     1    21     1    12    10     0     0   -41.0   52.375   96.424   3472.5    515.4
     1     1    21     1    12     9     0     0   -42.0   52.880   95.229   3536.3    533.6
     1     1    21     1    12     8     0     0   -43.0   53.337   94.131   3573.0    545.3
     1     1    21     1    12     7     0     0   -44.0   53.764   93.124   3602.9    555.1
     1     1    21     1    12     6     0     0   -45.0   54.178   92.207   3639.1    563.0
     1     1    21     1    12     5     0     0   -46.0   54.586   91.344   3686.8    569.0
     1     1    21     1    12     4     0     0   -47.0   54.984   90.514   3745.8    576.2
     1     1    21     1    12     3     0     0   -48.0   55.375   89.714   3796.8    579.2
     1     1    21     1    12     2     0     0   -49.0   55.761   88.944   3841.3    581.4
     1     1    21     1    12     1     0     0   -50.0   56.146   88.219   3881.5    583.2
     1     1    21     1    12     0     0     0   -51.0   56.533   87.554   3917.3    584.6
     1     1    21     1    11    23     0     0   -52.0   56.923   86.980   3956.4    585.0
     1     1    21     1    11    22     0     0   -53.0   57.320   86.532   4009.9    583.2
     1     1    21     1    11    21     0     0   -54.0   57.727   86.207   4073.5    578.4
     1     1    21     1    11    20     0     0   -55.0   58.151   85.974   4142.9    571.8
     1     1    21     1    11    19     0     0   -56.0   58.595   85.831   4218.2    564.8
     1     1    21     1    11    18     0     0   -57.0   59.062   85.798   4298.4    557.1
     1     1    21     1    11    17     0     0   -58.0   59.550   85.863   4374.1    548.4
     1     1    21     1    11    16     0     0   -59.0   60.058   86.031   4434.6    541.4
     1     1    21     1    11    15     0     0   -60.0   60.588   86.278   4480.1    536.3
     1     1    21     1    11    14     0     0   -61.0   61.138   86.578   4507.1    533.5
     1     1    21     1    11    13     0     0   -62.0   61.711   86.965   4520.2    532.2
     1     1    21     1    11    12     0     0   -63.0   62.310   87.473   4524.7    532.2
     1     1    21     1    11    11     0     0   -64.0   62.908   88.019   4527.1    532.3
     1     1    21     1    11    10     0     0   -65.0   63.479   88.500   4528.5    531.6
     1     1    21     1    11     9     0     0   -66.0   64.027   88.934   4526.8    530.8
     1     1    21     1    11     8     0     0   -67.0   64.560   89.367   4520.5    529.9
     1     1    21     1    11     7     0     0   -68.0   65.084   89.837   4506.7    528.4
     1     1    21     1    11     6     0     0   -69.0   65.603   90.336   4477.7    524.4
     1     1    21     1    11     5     0     0   -70.0   66.124   90.817   4440.1    521.0
     1     1    21     1    11     4     0     0   -71.0   66.658   91.262   4395.8    518.3
     1     1    21     1    11     3     0     0   -72.0   67.213   91.678   4345.7    515.9
     1     1    21     1    11     2     0     0   -73.0   67.793   92.062   4299.7    517.0
     1     1    21     1    11     1     0     0   -74.0   68.395   92.382   4259.6    522.2
     1     1    21     1    11     0     0     0   -75.0   69.021   92.604   4215.2    529.2
     1     1    21     1    10    23     0     0   -76.0   69.655   92.722   4164.1    537.4
     1     1    21     1    10    22     0     0   -77.0   70.276   92.754   4110.7    547.1
     1     1    21     1    10    21     0     0   -78.0   70.874   92.697   4056.0    558.0
     1     1    21     1    10    20     0     0   -79.0   71.444   92.528   3996.6    569.2
     1     1    21     1    10    19     0     0   -80.0   71.987   92.221   3930.7    581.2
     1     1    21     1    10    18     0     0   -81.0   72.504   91.754   3856.5    593.6
     1     1    21     1    10    17     0     0   -82.0   73.009   91.165   3773.4    602.8
     1     1    21     1    10    16     0     0   -83.0   73.515   90.497   3691.5    611.0
     1     1    21     1    10    15     0     0   -84.0   74.021   89.725   3610.5    619.1
     1     1    21     1    10    14     0     0   -85.0   74.529   88.831   3527.9    627.4
     1     1    21     1    10    13     0     0   -86.0   75.038   87.794   3440.8    636.1
     1     1    21     1    10    12     0     0   -87.0   75.548   86.632   3353.5    645.8
     1     1    21     1    10    11     0     0   -88.0   76.058   85.352   3266.7    655.0
     1     1    21     1    10    10     0     0   -89.0   76.569   83.914   3181.1    664.4
     1     1    21     1    10     9     0     0   -90.0   77.081   82.282   3095.7    674.1
     1     1    21     1    10     8     0     0   -91.0   77.590   80.436   3009.2    683.6
     1     1    21     1    10     7     0     0   -92.0   78.089   78.387   2925.9    692.8
     1     1    21     1    10     6     0     0   -93.0   78.572   76.126   2848.9    701.3
     1     1    21     1    10     5     0     0   -94.0   79.029   73.631   2781.6    708.4
     1     1    21     1    10     4     0     0   -95.0   79.455   70.871   2732.4    713.4
     1     1    21     1    10     3     0     0   -96.0   79.846   67.815   2699.6    716.6
