     2     1
    CDC1    21     1     1     0     0
    CDC1    21     2     1     0     0
     1 BACKWARD OMEGA   
  2021     2    14     6   37.500  127.000   500.0
     1 PRESSURE
     1     1    21     2    14     6     0     0     0.0   37.500  127.000    500.0    935.5
     1     1    21     2    14     5     0     0    -1.0   37.433  126.810    512.0    935.6
     1     1    21     2    14     4     0     0    -2.0   37.360  126.636    520.6    936.3
     1     1    21     2    14     3     0     0    -3.0   37.278  126.477    525.9    937.2
     1     1    21     2    14     2     0     0    -4.0   37.185  126.333    528.4    938.5
     1     1    21     2    14     1     0     0    -5.0   37.078  126.203    528.1    940.1
     1     1    21     2    14     0     0     0    -6.0   36.955  126.086    525.6    941.8
     1     1    21     2    13    23     0     0    -7.0   36.826  125.982    522.4    943.4
     1     1    21     2    13    22     0     0    -8.0   36.700  125.889    519.8    944.8
     1     1    21     2    13    21     0     0    -9.0   36.578  125.808    517.8    945.9
     1     1    21     2    13    20     0     0   -10.0   36.459  125.737    516.5    947.0
     1     1    21     2    13    19     0     0   -11.0   36.343  125.679    515.9    947.8
     1     1    21     2    13    18     0     0   -12.0   36.231  125.632    516.2    948.6
     1     1    21     2    13    17     0     0   -13.0   36.121  125.597    518.6    949.2
     1     1    21     2    13    16     0     0   -14.0   36.015  125.574    524.5    949.2
     1     1    21     2    13    15     0     0   -15.0   35.913  125.563    534.0    948.7
     1     1    21     2    13    14     0     0   -16.0   35.816  125.565    547.2    947.8
     1     1    21     2    13    13     0     0   -17.0   35.724  125.581    564.5    946.3
     1     1    21     2    13    12     0     0   -18.0   35.638  125.610    586.1    944.4
     1     1    21     2    13    11     0     0   -19.0   35.558  125.646    612.3    941.7
     1     1    21     2    13    10     0     0   -20.0   35.485  125.681    643.8    938.2
     1     1    21     2    13     9     0     0   -21.0   35.421  125.715    680.7    933.7
     1     1    21     2    13     8     0     0   -22.0   35.368  125.747    723.3    928.7
     1     1    21     2    13     7     0     0   -23.0   35.325  125.776    772.2    923.1
     1     1    21     2    13     6     0     0   -24.0   35.293  125.801    827.6    917.0
     1     1    21     2    13     5     0     0   -25.0   35.273  125.820    886.1    910.5
     1     1    21     2    13     4     0     0   -26.0   35.265  125.829    943.7    904.5
     1     1    21     2    13     3     0     0   -27.0   35.268  125.832    999.5    898.1
     1     1    21     2    13     2     0     0   -28.0   35.281  125.827   1052.9    892.3
     1     1    21     2    13     1     0     0   -29.0   35.303  125.814   1103.6    886.9
     1     1    21     2    13     0     0     0   -30.0   35.333  125.796   1151.2    882.0
     1     1    21     2    12    23     0     0   -31.0   35.367  125.768   1196.1    877.4
     1     1    21     2    12    22     0     0   -32.0   35.400  125.729   1237.4    873.2
     1     1    21     2    12    21     0     0   -33.0   35.432  125.681   1275.6    869.5
     1     1    21     2    12    20     0     0   -34.0   35.464  125.624   1310.6    865.9
     1     1    21     2    12    19     0     0   -35.0   35.496  125.557   1342.4    862.6
     1     1    21     2    12    18     0     0   -36.0   35.528  125.482   1371.0    859.8
     1     1    21     2    12    17     0     0   -37.0   35.558  125.404   1398.3    857.3
     1     1    21     2    12    16     0     0   -38.0   35.580  125.329   1425.8    854.6
     1     1    21     2    12    15     0     0   -39.0   35.595  125.259   1453.5    851.9
     1     1    21     2    12    14     0     0   -40.0   35.603  125.192   1481.5    849.2
     1     1    21     2    12    13     0     0   -41.0   35.606  125.129   1509.8    846.5
     1     1    21     2    12    12     0     0   -42.0   35.603  125.071   1538.3    843.8
     1     1    21     2    12    11     0     0   -43.0   35.600  125.012   1564.4    841.2
     1     1    21     2    12    10     0     0   -44.0   35.600  124.944   1583.2    839.5
     1     1    21     2    12     9     0     0   -45.0   35.604  124.869   1595.3    838.4
     1     1    21     2    12     8     0     0   -46.0   35.611  124.787   1600.7    838.0
     1     1    21     2    12     7     0     0   -47.0   35.621  124.695   1599.8    838.3
     1     1    21     2    12     6     0     0   -48.0   35.635  124.596   1592.6    839.2
     1     1    21     2    12     5     0     0   -49.0   35.644  124.489   1582.3    840.4
     1     1    21     2    12     4     0     0   -50.0   35.643  124.377   1572.4    841.4
     1     1    21     2    12     3     0     0   -51.0   35.631  124.261   1562.3    842.4
     1     1    21     2    12     2     0     0   -52.0   35.608  124.139   1551.7    843.6
     1     1    21     2    12     1     0     0   -53.0   35.573  124.012   1540.5    844.8
     1     1    21     2    12     0     0     0   -54.0   35.526  123.879   1528.5    846.2
     1     1    21     2    11    23     0     0   -55.0   35.469  123.738   1517.2    847.4
     1     1    21     2    11    22     0     0   -56.0   35.406  123.592   1510.4    847.9
     1     1    21     2    11    21     0     0   -57.0   35.335  123.440   1507.3    848.0
     1     1    21     2    11    20     0     0   -58.0   35.258  123.284   1507.9    847.6
     1     1    21     2    11    19     0     0   -59.0   35.174  123.124   1512.2    846.8
     1     1    21     2    11    18     0     0   -60.0   35.084  122.961   1520.0    845.6
     1     1    21     2    11    17     0     0   -61.0   34.984  122.814   1533.6    844.4
     1     1    21     2    11    16     0     0   -62.0   34.869  122.706   1555.6    842.5
     1     1    21     2    11    15     0     0   -63.0   34.742  122.639   1585.7    839.9
     1     1    21     2    11    14     0     0   -64.0   34.605  122.619   1624.0    836.5
     1     1    21     2    11    13     0     0   -65.0   34.459  122.649   1670.7    832.2
     1     1    21     2    11    12     0     0   -66.0   34.304  122.732   1726.0    827.2
     1     1    21     2    11    11     0     0   -67.0   34.156  122.856   1783.4    821.1
     1     1    21     2    11    10     0     0   -68.0   34.027  123.002   1835.9    816.1
     1     1    21     2    11     9     0     0   -69.0   33.917  123.166   1884.0    811.5
     1     1    21     2    11     8     0     0   -70.0   33.822  123.345   1928.2    807.3
     1     1    21     2    11     7     0     0   -71.0   33.743  123.537   1968.7    803.5
     1     1    21     2    11     6     0     0   -72.0   33.676  123.738   2005.7    800.0
     1     1    21     2    11     5     0     0   -73.0   33.620  123.944   2042.2    796.7
     1     1    21     2    11     4     0     0   -74.0   33.570  124.150   2081.9    792.9
     1     1    21     2    11     3     0     0   -75.0   33.529  124.354   2125.4    788.7
     1     1    21     2    11     2     0     0   -76.0   33.500  124.553   2174.0    784.2
     1     1    21     2    11     1     0     0   -77.0   33.484  124.746   2228.6    779.0
     1     1    21     2    11     0     0     0   -78.0   33.485  124.931   2290.5    773.0
     1     1    21     2    10    23     0     0   -79.0   33.507  125.103   2357.0    765.8
     1     1    21     2    10    22     0     0   -80.0   33.554  125.260   2426.6    758.5
     1     1    21     2    10    21     0     0   -81.0   33.630  125.398   2499.1    751.1
     1     1    21     2    10    20     0     0   -82.0   33.735  125.516   2575.0    743.3
     1     1    21     2    10    19     0     0   -83.0   33.872  125.613   2654.5    735.3
     1     1    21     2    10    18     0     0   -84.0   34.044  125.689   2738.1    726.9
     1     1    21     2    10    17     0     0   -85.0   34.259  125.726   2828.3    718.1
     1     1    21     2    10    16     0     0   -86.0   34.524  125.707   2924.7    708.8
     1     1    21     2    10    15     0     0   -87.0   34.845  125.635   3029.2    699.0
     1     1    21     2    10    14     0     0   -88.0   35.225  125.511   3143.2    688.8
     1     1    21     2    10    13     0     0   -89.0   35.662  125.342   3269.0    678.0
     1     1    21     2    10    12     0     0   -90.0   36.165  125.140   3413.2    665.9
     1     1    21     2    10    11     0     0   -91.0   36.709  124.883   3571.4    651.0
     1     1    21     2    10    10     0     0   -92.0   37.262  124.546   3736.5    636.4
     1     1    21     2    10     9     0     0   -93.0   37.823  124.135   3906.7    619.8
     1     1    21     2    10     8     0     0   -94.0   38.400  123.671   4087.9    602.4
     1     1    21     2    10     7     0     0   -95.0   39.010  123.176   4292.4    585.1
     1     1    21     2    10     6     0     0   -96.0   39.677  122.673   4533.2    566.8
