     2     1
    CDC1    21     7     1     0     0
    CDC1    21     8     1     0     0
     1 BACKWARD OMEGA   
  2021     8    24     3   37.500  127.000   500.0
     1 PRESSURE
     1     1    21     8    24     3     0     0     0.0   37.500  127.000    500.0    922.6
     1     1    21     8    24     2     0     0    -1.0   37.286  126.971    427.5    931.9
     1     1    21     8    24     1     0     0    -2.0   37.053  126.967    362.7    940.0
     1     1    21     8    24     0     0     0    -3.0   36.799  126.974    306.6    946.6
     1     1    21     8    23    23     0     0    -4.0   36.537  126.971    260.9    953.1
     1     1    21     8    23    22     0     0    -5.0   36.278  126.951    225.0    958.3
     1     1    21     8    23    21     0     0    -6.0   36.020  126.916    196.5    962.7
     1     1    21     8    23    20     0     0    -7.0   35.762  126.866    173.2    965.7
     1     1    21     8    23    19     0     0    -8.0   35.501  126.805    153.2    968.6
     1     1    21     8    23    18     0     0    -9.0   35.234  126.734    136.0    971.2
     1     1    21     8    23    17     0     0   -10.0   34.967  126.671    121.1    974.0
     1     1    21     8    23    16     0     0   -11.0   34.710  126.638    108.9    977.3
     1     1    21     8    23    15     0     0   -12.0   34.467  126.642     99.0    980.1
     1     1    21     8    23    14     0     0   -13.0   34.235  126.679     90.6    982.5
     1     1    21     8    23    13     0     0   -14.0   34.016  126.746     83.4    984.6
     1     1    21     8    23    12     0     0   -15.0   33.806  126.837     76.9    986.4
     1     1    21     8    23    11     0     0   -16.0   33.593  126.931     72.0    988.3
     1     1    21     8    23    10     0     0   -17.0   33.363  127.010     69.7    989.9
     1     1    21     8    23     9     0     0   -18.0   33.115  127.080     70.1    991.4
     1     1    21     8    23     8     0     0   -19.0   32.850  127.147     73.7    992.6
     1     1    21     8    23     7     0     0   -20.0   32.567  127.218     80.7    993.4
     1     1    21     8    23     6     0     0   -21.0   32.270  127.302     90.5    993.2
     1     1    21     8    23     5     0     0   -22.0   31.965  127.387    101.0    992.9
     1     1    21     8    23     4     0     0   -23.0   31.660  127.462    110.8    992.9
     1     1    21     8    23     3     0     0   -24.0   31.355  127.530    119.6    993.0
     1     1    21     8    23     2     0     0   -25.0   31.052  127.595    127.0    993.2
     1     1    21     8    23     1     0     0   -26.0   30.752  127.659    132.6    993.5
     1     1    21     8    23     0     0     0   -27.0   30.456  127.725    136.3    994.0
     1     1    21     8    22    23     0     0   -28.0   30.156  127.799    137.5    994.6
     1     1    21     8    22    22     0     0   -29.0   29.847  127.884    135.7    995.1
     1     1    21     8    22    21     0     0   -30.0   29.532  127.981    131.5    995.3
     1     1    21     8    22    20     0     0   -31.0   29.216  128.091    124.9    995.6
     1     1    21     8    22    19     0     0   -32.0   28.896  128.217    116.1    996.1
     1     1    21     8    22    18     0     0   -33.0   28.573  128.361    105.0    996.9
     1     1    21     8    22    17     0     0   -34.0   28.254  128.519     92.2    998.3
     1     1    21     8    22    16     0     0   -35.0   27.946  128.689     78.8   1000.0
     1     1    21     8    22    15     0     0   -36.0   27.647  128.871     66.1   1001.1
     1     1    21     8    22    14     0     0   -37.0   27.358  129.065     55.7   1002.2
     1     1    21     8    22    13     0     0   -38.0   27.086  129.265     48.2   1003.4
     1     1    21     8    22    12     0     0   -39.0   26.834  129.467     43.3   1004.2
     1     1    21     8    22    11     0     0   -40.0   26.594  129.666     40.7   1004.6
     1     1    21     8    22    10     0     0   -41.0   26.360  129.856     40.0   1004.9
     1     1    21     8    22     9     0     0   -42.0   26.129  130.038     40.6   1005.0
     1     1    21     8    22     8     0     0   -43.0   25.902  130.212     42.4   1005.1
     1     1    21     8    22     7     0     0   -44.0   25.679  130.377     44.9   1005.1
     1     1    21     8    22     6     0     0   -45.0   25.457  130.536     48.0   1005.1
     1     1    21     8    22     5     0     0   -46.0   25.238  130.690     50.6   1005.1
     1     1    21     8    22     4     0     0   -47.0   25.022  130.844     51.8   1005.3
     1     1    21     8    22     3     0     0   -48.0   24.811  130.998     51.6   1005.6
     1     1    21     8    22     2     0     0   -49.0   24.606  131.150     50.1   1005.9
     1     1    21     8    22     1     0     0   -50.0   24.405  131.303     47.4   1006.3
     1     1    21     8    22     0     0     0   -51.0   24.207  131.457     43.8   1006.8
     1     1    21     8    21    23     0     0   -52.0   24.017  131.618     39.5   1007.0
     1     1    21     8    21    22     0     0   -53.0   23.840  131.789     34.5   1007.3
     1     1    21     8    21    21     0     0   -54.0   23.677  131.971     29.3   1007.7
     1     1    21     8    21    20     0     0   -55.0   23.530  132.162     24.0   1008.1
     1     1    21     8    21    19     0     0   -56.0   23.399  132.363     19.0   1008.5
     1     1    21     8    21    18     0     0   -57.0   23.285  132.573     14.7   1008.9
     1     1    21     8    21    17     0     0   -58.0   23.185  132.784     11.6   1009.9
     1     1    21     8    21    16     0     0   -59.0   23.095  132.988      9.7   1010.5
     1     1    21     8    21    15     0     0   -60.0   23.009  133.183      8.5   1010.9
     1     1    21     8    21    14     0     0   -61.0   22.926  133.371      7.7   1011.4
     1     1    21     8    21    13     0     0   -62.0   22.842  133.548      7.3   1011.8
     1     1    21     8    21    12     0     0   -63.0   22.756  133.713      7.3   1012.3
     1     1    21     8    21    11     0     0   -64.0   22.669  133.874      7.5   1012.1
     1     1    21     8    21    10     0     0   -65.0   22.584  134.038      7.7   1011.9
     1     1    21     8    21     9     0     0   -66.0   22.499  134.206      7.8   1011.6
     1     1    21     8    21     8     0     0   -67.0   22.415  134.379      8.0   1011.4
     1     1    21     8    21     7     0     0   -68.0   22.330  134.555      8.1   1011.1
     1     1    21     8    21     6     0     0   -69.0   22.244  134.736      8.2   1010.9
     1     1    21     8    21     5     0     0   -70.0   22.158  134.924      8.3   1011.5
     1     1    21     8    21     4     0     0   -71.0   22.072  135.119      8.1   1011.9
     1     1    21     8    21     3     0     0   -72.0   21.990  135.325      7.6   1012.2
     1     1    21     8    21     2     0     0   -73.0   21.911  135.540      7.0   1012.5
     1     1    21     8    21     1     0     0   -74.0   21.836  135.765      6.2   1012.9
     1     1    21     8    21     0     0     0   -75.0   21.763  136.000      5.2   1013.2
     1     1    21     8    20    23     0     0   -76.0   21.699  136.243      4.1   1013.0
     1     1    21     8    20    22     0     0   -77.0   21.647  136.489      3.1   1012.8
     1     1    21     8    20    21     0     0   -78.0   21.607  136.739      2.0   1012.7
     1     1    21     8    20    20     0     0   -79.0   21.576  136.994      0.9   1012.5
     1     1    21     8    20    19     0     0   -80.0   21.554  137.253      0.0   1012.3
     1     1    21     8    20    18     0     0   -81.0   21.539  137.516      0.0   1012.1
     1     1    21     8    20    17     0     0   -82.0   21.534  137.780      0.0   1012.1
     1     1    21     8    20    16     0     0   -83.0   21.541  138.040      0.0   1012.2
     1     1    21     8    20    15     0     0   -84.0   21.558  138.298      0.0   1012.4
     1     1    21     8    20    14     0     0   -85.0   21.583  138.553      0.0   1012.6
     1     1    21     8    20    13     0     0   -86.0   21.615  138.805      0.0   1012.9
     1     1    21     8    20    12     0     0   -87.0   21.650  139.054      0.0   1013.3
     1     1    21     8    20    11     0     0   -88.0   21.682  139.301      0.0   1013.1
     1     1    21     8    20    10     0     0   -89.0   21.707  139.545      0.0   1012.8
     1     1    21     8    20     9     0     0   -90.0   21.725  139.785      0.0   1012.5
     1     1    21     8    20     8     0     0   -91.0   21.737  140.020      0.0   1012.2
     1     1    21     8    20     7     0     0   -92.0   21.745  140.251      0.0   1011.9
     1     1    21     8    20     6     0     0   -93.0   21.751  140.477      0.0   1011.6
     1     1    21     8    20     5     0     0   -94.0   21.759  140.706      0.0   1011.8
     1     1    21     8    20     4     0     0   -95.0   21.771  140.944      0.0   1012.1
     1     1    21     8    20     3     0     0   -96.0   21.788  141.189      0.0   1012.4
