     2     1
    CDC1    21     4     1     0     0
    CDC1    21     5     1     0     0
     1 BACKWARD OMEGA   
  2021     5     6     0   37.500  127.000   500.0
     1 PRESSURE
     1     1    21     5     6     0     0     0     0.0   37.500  127.000    500.0    939.5
     1     1    21     5     5    23     0     0    -1.0   37.367  126.750    498.7    941.3
     1     1    21     5     5    22     0     0    -2.0   37.224  126.471    500.4    942.8
     1     1    21     5     5    21     0     0    -3.0   37.069  126.165    504.5    944.1
     1     1    21     5     5    20     0     0    -4.0   36.901  125.835    510.3    945.4
     1     1    21     5     5    19     0     0    -5.0   36.718  125.485    517.4    946.8
     1     1    21     5     5    18     0     0    -6.0   36.519  125.123    525.4    948.2
     1     1    21     5     5    17     0     0    -7.0   36.314  124.772    535.1    948.6
     1     1    21     5     5    16     0     0    -8.0   36.118  124.449    548.7    947.9
     1     1    21     5     5    15     0     0    -9.0   35.936  124.146    567.5    946.4
     1     1    21     5     5    14     0     0   -10.0   35.772  123.859    592.0    944.3
     1     1    21     5     5    13     0     0   -11.0   35.629  123.580    622.8    941.5
     1     1    21     5     5    12     0     0   -12.0   35.511  123.307    660.1    937.4
     1     1    21     5     5    11     0     0   -13.0   35.417  123.032    697.7    932.3
     1     1    21     5     5    10     0     0   -14.0   35.344  122.755    728.6    928.8
     1     1    21     5     5     9     0     0   -15.0   35.289  122.476    752.3    926.0
     1     1    21     5     5     8     0     0   -16.0   35.252  122.198    768.9    923.4
     1     1    21     5     5     7     0     0   -17.0   35.234  121.920    779.2    921.4
     1     1    21     5     5     6     0     0   -18.0   35.235  121.644    783.5    920.2
     1     1    21     5     5     5     0     0   -19.0   35.258  121.365    789.0    919.7
     1     1    21     5     5     4     0     0   -20.0   35.311  121.075    803.5    917.5
     1     1    21     5     5     3     0     0   -21.0   35.391  120.769    827.9    914.4
     1     1    21     5     5     2     0     0   -22.0   35.497  120.444    863.5    910.2
     1     1    21     5     5     1     0     0   -23.0   35.628  120.096    911.9    904.9
     1     1    21     5     5     0     0     0   -24.0   35.786  119.724    975.2    898.5
     1     1    21     5     4    23     0     0   -25.0   35.974  119.335   1048.5    890.2
     1     1    21     5     4    22     0     0   -26.0   36.193  118.934   1127.5    882.3
     1     1    21     5     4    21     0     0   -27.0   36.437  118.518   1213.5    874.0
     1     1    21     5     4    20     0     0   -28.0   36.702  118.085   1308.8    865.0
     1     1    21     5     4    19     0     0   -29.0   36.979  117.627   1415.8    853.8
     1     1    21     5     4    18     0     0   -30.0   37.263  117.135   1532.8    837.1
     1     1    21     5     4    17     0     0   -31.0   37.563  116.608   1655.3    815.6
     1     1    21     5     4    16     0     0   -32.0   37.885  116.053   1772.6    788.7
     1     1    21     5     4    15     0     0   -33.0   38.234  115.469   1884.1    761.4
     1     1    21     5     4    14     0     0   -34.0   38.611  114.851   1988.6    733.4
     1     1    21     5     4    13     0     0   -35.0   39.014  114.206   2084.8    705.2
     1     1    21     5     4    12     0     0   -36.0   39.440  113.550   2174.3    679.4
     1     1    21     5     4    11     0     0   -37.0   39.887  112.879   2256.5    656.0
     1     1    21     5     4    10     0     0   -38.0   40.338  112.192   2337.2    642.2
     1     1    21     5     4     9     0     0   -39.0   40.780  111.502   2408.4    636.7
     1     1    21     5     4     8     0     0   -40.0   41.208  110.813   2462.2    634.9
     1     1    21     5     4     7     0     0   -41.0   41.627  110.124   2497.7    636.6
     1     1    21     5     4     6     0     0   -42.0   42.035  109.445   2515.0    638.8
     1     1    21     5     4     5     0     0   -43.0   42.443  108.795   2528.0    639.9
     1     1    21     5     4     4     0     0   -44.0   42.869  108.183   2546.2    636.3
     1     1    21     5     4     3     0     0   -45.0   43.323  107.609   2575.2    630.8
     1     1    21     5     4     2     0     0   -46.0   43.799  107.071   2613.7    625.1
     1     1    21     5     4     1     0     0   -47.0   44.295  106.570   2658.7    618.3
     1     1    21     5     4     0     0     0   -48.0   44.815  106.107   2709.6    610.5
     1     1    21     5     3    23     0     0   -49.0   45.343  105.675   2761.3    603.1
     1     1    21     5     3    22     0     0   -50.0   45.857  105.261   2807.7    598.2
     1     1    21     5     3    21     0     0   -51.0   46.358  104.865   2845.6    594.2
     1     1    21     5     3    20     0     0   -52.0   46.846  104.480   2870.4    589.3
     1     1    21     5     3    19     0     0   -53.0   47.327  104.105   2884.2    584.6
     1     1    21     5     3    18     0     0   -54.0   47.805  103.747   2892.7    582.1
     1     1    21     5     3    17     0     0   -55.0   48.287  103.409   2902.7    580.5
     1     1    21     5     3    16     0     0   -56.0   48.779  103.086   2916.9    577.9
     1     1    21     5     3    15     0     0   -57.0   49.276  102.764   2932.1    574.8
     1     1    21     5     3    14     0     0   -58.0   49.772  102.430   2945.3    571.4
     1     1    21     5     3    13     0     0   -59.0   50.266  102.076   2959.5    570.1
     1     1    21     5     3    12     0     0   -60.0   50.754  101.702   2974.5    569.5
     1     1    21     5     3    11     0     0   -61.0   51.240  101.319   2988.1    567.5
     1     1    21     5     3    10     0     0   -62.0   51.723  100.933   2998.5    565.1
     1     1    21     5     3     9     0     0   -63.0   52.202  100.530   3000.2    562.6
     1     1    21     5     3     8     0     0   -64.0   52.670  100.103   2996.1    563.5
     1     1    21     5     3     7     0     0   -65.0   53.114   99.652   3001.2    575.9
     1     1    21     5     3     6     0     0   -66.0   53.530   99.182   2997.1    589.0
     1     1    21     5     3     5     0     0   -67.0   53.923   98.677   2988.1    601.4
     1     1    21     5     3     4     0     0   -68.0   54.297   98.115   2983.9    611.2
     1     1    21     5     3     3     0     0   -69.0   54.662   97.491   2985.4    619.1
     1     1    21     5     3     2     0     0   -70.0   55.022   96.809   2999.5    628.4
     1     1    21     5     3     1     0     0   -71.0   55.379   96.093   3017.1    635.2
     1     1    21     5     3     0     0     0   -72.0   55.737   95.368   3036.0    641.4
     1     1    21     5     2    23     0     0   -73.0   56.086   94.636   3048.9    648.3
     1     1    21     5     2    22     0     0   -74.0   56.409   93.894   3047.6    656.2
     1     1    21     5     2    21     0     0   -75.0   56.705   93.134   3034.5    663.2
     1     1    21     5     2    20     0     0   -76.0   56.980   92.353   3013.5    669.8
     1     1    21     5     2    19     0     0   -77.0   57.231   91.552   2990.6    677.0
     1     1    21     5     2    18     0     0   -78.0   57.463   90.737   2966.7    683.4
     1     1    21     5     2    17     0     0   -79.0   57.683   89.927   2943.3    687.2
     1     1    21     5     2    16     0     0   -80.0   57.891   89.136   2927.3    690.7
     1     1    21     5     2    15     0     0   -81.0   58.088   88.363   2914.6    693.7
     1     1    21     5     2    14     0     0   -82.0   58.278   87.613   2901.9    696.6
     1     1    21     5     2    13     0     0   -83.0   58.462   86.881   2885.0    699.2
     1     1    21     5     2    12     0     0   -84.0   58.637   86.165   2860.5    702.8
     1     1    21     5     2    11     0     0   -85.0   58.805   85.446   2828.8    707.6
     1     1    21     5     2    10     0     0   -86.0   58.966   84.702   2791.4    712.6
     1     1    21     5     2     9     0     0   -87.0   59.116   83.927   2751.1    717.5
     1     1    21     5     2     8     0     0   -88.0   59.251   83.118   2710.8    722.8
     1     1    21     5     2     7     0     0   -89.0   59.366   82.277   2671.8    727.8
     1     1    21     5     2     6     0     0   -90.0   59.459   81.402   2633.9    731.0
     1     1    21     5     2     5     0     0   -91.0   59.525   80.516   2599.6    733.7
     1     1    21     5     2     4     0     0   -92.0   59.565   79.645   2570.0    735.7
     1     1    21     5     2     3     0     0   -93.0   59.580   78.795   2544.9    736.4
     1     1    21     5     2     2     0     0   -94.0   59.573   77.972   2525.3    736.8
     1     1    21     5     2     1     0     0   -95.0   59.544   77.180   2511.0    736.7
     1     1    21     5     2     0     0     0   -96.0   59.493   76.422   2501.2    736.1
