     2     1
    CDC1    20    12     1     0     0
    CDC1    21     1     1     0     0
     1 BACKWARD OMEGA   
  2021     1    25    21   37.500  127.000   500.0
     1 PRESSURE
     1     1    21     1    25    21     0     0     0.0   37.500  127.000    500.0    941.1
     1     1    21     1    25    20     0     0    -1.0   37.395  126.969    481.1    943.5
     1     1    21     1    25    19     0     0    -2.0   37.272  126.953    460.7    946.2
     1     1    21     1    25    18     0     0    -3.0   37.132  126.952    439.5    949.1
     1     1    21     1    25    17     0     0    -4.0   36.989  126.972    419.4    952.2
     1     1    21     1    25    16     0     0    -5.0   36.856  127.016    402.3    954.7
     1     1    21     1    25    15     0     0    -6.0   36.734  127.084    387.6    956.7
     1     1    21     1    25    14     0     0    -7.0   36.621  127.175    375.3    958.0
     1     1    21     1    25    13     0     0    -8.0   36.518  127.289    365.1    958.9
     1     1    21     1    25    12     0     0    -9.0   36.426  127.425    357.1    959.5
     1     1    21     1    25    11     0     0   -10.0   36.344  127.581    353.9    960.3
     1     1    21     1    25    10     0     0   -11.0   36.270  127.751    357.4    960.7
     1     1    21     1    25     9     0     0   -12.0   36.205  127.937    367.7    960.2
     1     1    21     1    25     8     0     0   -13.0   36.149  128.139    384.7    959.0
     1     1    21     1    25     7     0     0   -14.0   36.103  128.357    408.6    956.3
     1     1    21     1    25     6     0     0   -15.0   36.066  128.589    440.1    952.7
     1     1    21     1    25     5     0     0   -16.0   36.042  128.834    475.7    948.5
     1     1    21     1    25     4     0     0   -17.0   36.037  129.087    511.6    944.9
     1     1    21     1    25     3     0     0   -18.0   36.051  129.347    547.8    941.4
     1     1    21     1    25     2     0     0   -19.0   36.086  129.609    584.3    938.3
     1     1    21     1    25     1     0     0   -20.0   36.143  129.872    620.9    935.4
     1     1    21     1    25     0     0     0   -21.0   36.221  130.130    656.7    932.6
     1     1    21     1    24    23     0     0   -22.0   36.313  130.373    693.8    929.9
     1     1    21     1    24    22     0     0   -23.0   36.411  130.599    734.6    926.6
     1     1    21     1    24    21     0     0   -24.0   36.516  130.811    779.2    923.0
     1     1    21     1    24    20     0     0   -25.0   36.629  131.012    827.7    919.1
     1     1    21     1    24    19     0     0   -26.0   36.750  131.203    880.1    915.0
     1     1    21     1    24    18     0     0   -27.0   36.879  131.389    936.6    910.7
     1     1    21     1    24    17     0     0   -28.0   37.017  131.567    993.7    905.4
     1     1    21     1    24    16     0     0   -29.0   37.167  131.734   1047.3    901.3
     1     1    21     1    24    15     0     0   -30.0   37.327  131.890   1097.9    897.9
     1     1    21     1    24    14     0     0   -31.0   37.497  132.036   1145.3    894.9
     1     1    21     1    24    13     0     0   -32.0   37.676  132.170   1189.2    891.3
     1     1    21     1    24    12     0     0   -33.0   37.860  132.289   1230.3    888.1
     1     1    21     1    24    11     0     0   -34.0   38.045  132.389   1269.9    884.9
     1     1    21     1    24    10     0     0   -35.0   38.226  132.463   1307.8    881.7
     1     1    21     1    24     9     0     0   -36.0   38.403  132.510   1343.6    878.1
     1     1    21     1    24     8     0     0   -37.0   38.577  132.530   1377.2    874.3
     1     1    21     1    24     7     0     0   -38.0   38.745  132.520   1408.6    870.8
     1     1    21     1    24     6     0     0   -39.0   38.909  132.480   1437.3    867.5
     1     1    21     1    24     5     0     0   -40.0   39.069  132.429   1465.9    864.0
     1     1    21     1    24     4     0     0   -41.0   39.226  132.390   1497.7    860.1
     1     1    21     1    24     3     0     0   -42.0   39.381  132.363   1532.7    856.1
     1     1    21     1    24     2     0     0   -43.0   39.534  132.351   1571.4    851.9
     1     1    21     1    24     1     0     0   -44.0   39.688  132.354   1614.3    847.6
     1     1    21     1    24     0     0     0   -45.0   39.841  132.374   1661.9    843.1
     1     1    21     1    23    23     0     0   -46.0   39.992  132.404   1712.3    838.1
     1     1    21     1    23    22     0     0   -47.0   40.134  132.433   1763.0    830.8
     1     1    21     1    23    21     0     0   -48.0   40.267  132.460   1813.6    823.5
     1     1    21     1    23    20     0     0   -49.0   40.391  132.482   1863.9    816.4
     1     1    21     1    23    19     0     0   -50.0   40.508  132.499   1913.9    809.5
     1     1    21     1    23    18     0     0   -51.0   40.619  132.511   1963.3    802.6
     1     1    21     1    23    17     0     0   -52.0   40.730  132.516   2016.2    796.1
     1     1    21     1    23    16     0     0   -53.0   40.848  132.509   2075.4    788.6
     1     1    21     1    23    15     0     0   -54.0   40.972  132.489   2141.5    780.2
     1     1    21     1    23    14     0     0   -55.0   41.103  132.454   2214.4    770.9
     1     1    21     1    23    13     0     0   -56.0   41.240  132.402   2294.2    760.3
     1     1    21     1    23    12     0     0   -57.0   41.382  132.332   2381.2    748.7
     1     1    21     1    23    11     0     0   -58.0   41.530  132.235   2474.9    736.2
     1     1    21     1    23    10     0     0   -59.0   41.680  132.108   2573.8    723.1
     1     1    21     1    23     9     0     0   -60.0   41.834  131.954   2679.0    709.2
     1     1    21     1    23     8     0     0   -61.0   41.994  131.774   2791.4    694.3
     1     1    21     1    23     7     0     0   -62.0   42.157  131.570   2912.1    678.5
     1     1    21     1    23     6     0     0   -63.0   42.326  131.341   3042.1    661.8
     1     1    21     1    23     5     0     0   -64.0   42.501  131.073   3170.9    644.1
     1     1    21     1    23     4     0     0   -65.0   42.684  130.743   3292.4    629.4
     1     1    21     1    23     3     0     0   -66.0   42.874  130.347   3399.1    615.8
     1     1    21     1    23     2     0     0   -67.0   43.071  129.889   3493.8    604.2
     1     1    21     1    23     1     0     0   -68.0   43.281  129.378   3583.6    596.5
     1     1    21     1    23     0     0     0   -69.0   43.508  128.823   3668.7    590.0
     1     1    21     1    22    23     0     0   -70.0   43.730  128.248   3749.9    584.2
     1     1    21     1    22    22     0     0   -71.0   43.919  127.674   3823.0    579.3
     1     1    21     1    22    21     0     0   -72.0   44.073  127.104   3894.5    578.5
     1     1    21     1    22    20     0     0   -73.0   44.195  126.543   3959.9    579.5
     1     1    21     1    22    19     0     0   -74.0   44.286  125.995   4017.4    580.5
     1     1    21     1    22    18     0     0   -75.0   44.353  125.466   4068.4    581.6
     1     1    21     1    22    17     0     0   -76.0   44.415  124.943   4120.5    583.0
     1     1    21     1    22    16     0     0   -77.0   44.491  124.398   4163.1    580.2
     1     1    21     1    22    15     0     0   -78.0   44.578  123.821   4204.7    577.2
     1     1    21     1    22    14     0     0   -79.0   44.673  123.213   4241.2    574.2
     1     1    21     1    22    13     0     0   -80.0   44.770  122.572   4267.9    571.6
     1     1    21     1    22    12     0     0   -81.0   44.867  121.893   4261.9    562.4
     1     1    21     1    22    11     0     0   -82.0   44.960  121.187   4246.8    552.6
     1     1    21     1    22    10     0     0   -83.0   45.042  120.477   4238.5    541.5
     1     1    21     1    22     9     0     0   -84.0   45.108  119.771   4241.3    530.9
     1     1    21     1    22     8     0     0   -85.0   45.156  119.078   4258.6    521.8
     1     1    21     1    22     7     0     0   -86.0   45.186  118.402   4283.7    512.5
     1     1    21     1    22     6     0     0   -87.0   45.194  117.743   4313.1    503.2
     1     1    21     1    22     5     0     0   -88.0   45.197  117.102   4349.5    497.9
     1     1    21     1    22     4     0     0   -89.0   45.208  116.480   4380.9    496.4
     1     1    21     1    22     3     0     0   -90.0   45.228  115.877   4404.1    495.6
     1     1    21     1    22     2     0     0   -91.0   45.256  115.293   4423.7    495.1
     1     1    21     1    22     1     0     0   -92.0   45.292  114.725   4445.3    495.0
     1     1    21     1    22     0     0     0   -93.0   45.336  114.169   4472.0    494.7
     1     1    21     1    21    23     0     0   -94.0   45.387  113.618   4496.6    493.9
     1     1    21     1    21    22     0     0   -95.0   45.442  113.068   4510.2    493.9
     1     1    21     1    21    21     0     0   -96.0   45.497  112.527   4507.9    494.7
