     2     1
    CDC1    20    12     1     0     0
    CDC1    21     1     1     0     0
     1 BACKWARD OMEGA   
  2021     1    17    15   37.500  127.000   500.0
     1 PRESSURE
     1     1    21     1    17    15     0     0     0.0   37.500  127.000    500.0    939.7
     1     1    21     1    17    14     0     0    -1.0   37.455  126.582    495.5    942.7
     1     1    21     1    17    13     0     0    -2.0   37.406  126.165    484.0    947.2
     1     1    21     1    17    12     0     0    -3.0   37.349  125.752    465.7    952.6
     1     1    21     1    17    11     0     0    -4.0   37.295  125.352    445.2    958.5
     1     1    21     1    17    10     0     0    -5.0   37.253  124.970    427.6    963.3
     1     1    21     1    17     9     0     0    -6.0   37.220  124.605    414.3    966.6
     1     1    21     1    17     8     0     0    -7.0   37.196  124.251    406.8    968.8
     1     1    21     1    17     7     0     0    -8.0   37.178  123.905    404.7    970.2
     1     1    21     1    17     6     0     0    -9.0   37.167  123.562    407.5    971.0
     1     1    21     1    17     5     0     0   -10.0   37.163  123.224    412.2    971.5
     1     1    21     1    17     4     0     0   -11.0   37.172  122.897    416.3    972.3
     1     1    21     1    17     3     0     0   -12.0   37.195  122.583    420.1    973.2
     1     1    21     1    17     2     0     0   -13.0   37.232  122.281    424.4    973.6
     1     1    21     1    17     1     0     0   -14.0   37.287  121.994    430.1    973.7
     1     1    21     1    17     0     0     0   -15.0   37.356  121.720    436.9    973.7
     1     1    21     1    16    23     0     0   -16.0   37.440  121.451    445.5    973.7
     1     1    21     1    16    22     0     0   -17.0   37.538  121.175    457.4    973.1
     1     1    21     1    16    21     0     0   -18.0   37.657  120.892    473.8    971.2
     1     1    21     1    16    20     0     0   -19.0   37.800  120.600    496.0    968.5
     1     1    21     1    16    19     0     0   -20.0   37.972  120.296    525.5    964.7
     1     1    21     1    16    18     0     0   -21.0   38.179  119.978    564.0    959.4
     1     1    21     1    16    17     0     0   -22.0   38.410  119.654    610.5    949.6
     1     1    21     1    16    16     0     0   -23.0   38.648  119.335    663.0    938.0
     1     1    21     1    16    15     0     0   -24.0   38.893  119.019    720.9    924.6
     1     1    21     1    16    14     0     0   -25.0   39.145  118.704    783.4    910.1
     1     1    21     1    16    13     0     0   -26.0   39.408  118.388    849.3    894.5
     1     1    21     1    16    12     0     0   -27.0   39.683  118.069    917.2    878.0
     1     1    21     1    16    11     0     0   -28.0   39.970  117.737    989.0    859.2
     1     1    21     1    16    10     0     0   -29.0   40.263  117.376   1062.2    835.2
     1     1    21     1    16     9     0     0   -30.0   40.556  116.985   1132.9    811.2
     1     1    21     1    16     8     0     0   -31.0   40.845  116.566   1199.7    789.0
     1     1    21     1    16     7     0     0   -32.0   41.129  116.123   1261.2    768.5
     1     1    21     1    16     6     0     0   -33.0   41.406  115.659   1315.7    749.7
     1     1    21     1    16     5     0     0   -34.0   41.675  115.177   1362.9    733.0
     1     1    21     1    16     4     0     0   -35.0   41.937  114.681   1406.9    722.2
     1     1    21     1    16     3     0     0   -36.0   42.191  114.188   1449.8    716.2
     1     1    21     1    16     2     0     0   -37.0   42.439  113.711   1493.4    712.2
     1     1    21     1    16     1     0     0   -38.0   42.683  113.259   1540.9    712.2
     1     1    21     1    16     0     0     0   -39.0   42.924  112.834   1590.7    712.6
     1     1    21     1    15    23     0     0   -40.0   43.163  112.416   1636.9    712.6
     1     1    21     1    15    22     0     0   -41.0   43.398  111.989   1676.3    711.7
     1     1    21     1    15    21     0     0   -42.0   43.625  111.557   1710.7    710.8
     1     1    21     1    15    20     0     0   -43.0   43.841  111.127   1742.2    709.4
     1     1    21     1    15    19     0     0   -44.0   44.044  110.702   1772.1    707.4
     1     1    21     1    15    18     0     0   -45.0   44.230  110.285   1801.5    704.9
     1     1    21     1    15    17     0     0   -46.0   44.407  109.886   1830.3    701.5
     1     1    21     1    15    16     0     0   -47.0   44.586  109.509   1855.3    696.8
     1     1    21     1    15    15     0     0   -48.0   44.771  109.154   1877.5    692.4
     1     1    21     1    15    14     0     0   -49.0   44.966  108.823   1896.7    688.4
     1     1    21     1    15    13     0     0   -50.0   45.174  108.512   1911.5    683.1
     1     1    21     1    15    12     0     0   -51.0   45.398  108.219   1924.2    678.1
     1     1    21     1    15    11     0     0   -52.0   45.632  107.926   1938.4    673.4
     1     1    21     1    15    10     0     0   -53.0   45.867  107.619   1956.4    668.5
     1     1    21     1    15     9     0     0   -54.0   46.102  107.303   1979.5    663.8
     1     1    21     1    15     8     0     0   -55.0   46.334  106.983   2008.1    659.3
     1     1    21     1    15     7     0     0   -56.0   46.563  106.663   2042.2    654.8
     1     1    21     1    15     6     0     0   -57.0   46.786  106.348   2081.8    650.4
     1     1    21     1    15     5     0     0   -58.0   47.010  106.043   2123.0    645.8
     1     1    21     1    15     4     0     0   -59.0   47.239  105.754   2162.4    642.1
     1     1    21     1    15     3     0     0   -60.0   47.476  105.481   2202.5    638.9
     1     1    21     1    15     2     0     0   -61.0   47.723  105.214   2246.5    637.3
     1     1    21     1    15     1     0     0   -62.0   47.982  104.946   2292.4    635.1
     1     1    21     1    15     0     0     0   -63.0   48.252  104.676   2339.0    629.4
     1     1    21     1    14    23     0     0   -64.0   48.518  104.402   2387.2    623.0
     1     1    21     1    14    22     0     0   -65.0   48.765  104.127   2433.5    616.5
     1     1    21     1    14    21     0     0   -66.0   48.993  103.850   2476.5    610.0
     1     1    21     1    14    20     0     0   -67.0   49.201  103.573   2514.8    603.6
     1     1    21     1    14    19     0     0   -68.0   49.389  103.296   2547.2    597.4
     1     1    21     1    14    18     0     0   -69.0   49.557  103.020   2572.3    591.6
     1     1    21     1    14    17     0     0   -70.0   49.720  102.748   2592.9    586.8
     1     1    21     1    14    16     0     0   -71.0   49.892  102.481   2607.3    582.2
     1     1    21     1    14    15     0     0   -72.0   50.074  102.217   2619.1    578.9
     1     1    21     1    14    14     0     0   -73.0   50.269  101.947   2629.7    576.5
     1     1    21     1    14    13     0     0   -74.0   50.475  101.666   2639.2    573.8
     1     1    21     1    14    12     0     0   -75.0   50.693  101.373   2649.6    570.8
     1     1    21     1    14    11     0     0   -76.0   50.913  101.066   2657.2    566.9
     1     1    21     1    14    10     0     0   -77.0   51.126  100.747   2654.7    563.8
     1     1    21     1    14     9     0     0   -78.0   51.332  100.417   2642.0    561.1
     1     1    21     1    14     8     0     0   -79.0   51.530  100.079   2618.3    558.9
     1     1    21     1    14     7     0     0   -80.0   51.719   99.735   2591.5    562.3
     1     1    21     1    14     6     0     0   -81.0   51.897   99.390   2557.1    567.6
     1     1    21     1    14     5     0     0   -82.0   52.073   99.039   2520.8    573.1
     1     1    21     1    14     4     0     0   -83.0   52.256   98.672   2492.0    577.3
     1     1    21     1    14     3     0     0   -84.0   52.442   98.291   2469.6    580.6
     1     1    21     1    14     2     0     0   -85.0   52.630   97.893   2457.5    586.1
     1     1    21     1    14     1     0     0   -86.0   52.820   97.476   2454.1    592.3
     1     1    21     1    14     0     0     0   -87.0   53.010   97.046   2463.5    602.1
     1     1    21     1    13    23     0     0   -88.0   53.194   96.620   2471.6    610.5
     1     1    21     1    13    22     0     0   -89.0   53.366   96.211   2469.0    619.1
     1     1    21     1    13    21     0     0   -90.0   53.527   95.822   2455.1    627.4
     1     1    21     1    13    20     0     0   -91.0   53.676   95.454   2428.9    635.7
     1     1    21     1    13    19     0     0   -92.0   53.815   95.108   2389.4    644.3
     1     1    21     1    13    18     0     0   -93.0   53.946   94.783   2336.5    653.2
     1     1    21     1    13    17     0     0   -94.0   54.078   94.463   2280.7    663.2
     1     1    21     1    13    16     0     0   -95.0   54.216   94.134   2230.0    672.3
     1     1    21     1    13    15     0     0   -96.0   54.359   93.799   2185.3    681.0
