     2     1
    CDC1    21     1     1     0     0
    CDC1    21     2     1     0     0
     1 BACKWARD OMEGA   
  2021     2    18    21   37.500  127.000   500.0
     1 PRESSURE
     1     1    21     2    18    21     0     0     0.0   37.500  127.000    500.0    937.8
     1     1    21     2    18    20     0     0    -1.0   37.483  126.692    501.3    939.8
     1     1    21     2    18    19     0     0    -2.0   37.471  126.373    501.7    942.2
     1     1    21     2    18    18     0     0    -3.0   37.461  126.043    501.4    944.9
     1     1    21     2    18    17     0     0    -4.0   37.459  125.716    501.7    947.3
     1     1    21     2    18    16     0     0    -5.0   37.468  125.408    504.7    949.2
     1     1    21     2    18    15     0     0    -6.0   37.491  125.117    511.0    950.5
     1     1    21     2    18    14     0     0    -7.0   37.529  124.846    521.6    950.2
     1     1    21     2    18    13     0     0    -8.0   37.581  124.592    537.4    948.6
     1     1    21     2    18    12     0     0    -9.0   37.646  124.354    558.8    946.2
     1     1    21     2    18    11     0     0   -10.0   37.726  124.126    585.5    943.2
     1     1    21     2    18    10     0     0   -11.0   37.823  123.901    617.4    939.8
     1     1    21     2    18     9     0     0   -12.0   37.937  123.685    655.0    935.4
     1     1    21     2    18     8     0     0   -13.0   38.072  123.481    699.1    929.9
     1     1    21     2    18     7     0     0   -14.0   38.228  123.296    750.7    923.7
     1     1    21     2    18     6     0     0   -15.0   38.405  123.134    810.5    916.6
     1     1    21     2    18     5     0     0   -16.0   38.604  122.987    875.9    908.4
     1     1    21     2    18     4     0     0   -17.0   38.829  122.845    943.1    900.4
     1     1    21     2    18     3     0     0   -18.0   39.088  122.711   1011.1    891.6
     1     1    21     2    18     2     0     0   -19.0   39.389  122.590   1078.9    882.9
     1     1    21     2    18     1     0     0   -20.0   39.738  122.484   1145.2    874.2
     1     1    21     2    18     0     0     0   -21.0   40.142  122.394   1208.1    864.5
     1     1    21     2    17    23     0     0   -22.0   40.584  122.298   1266.5    854.6
     1     1    21     2    17    22     0     0   -23.0   41.044  122.180   1319.0    844.4
     1     1    21     2    17    21     0     0   -24.0   41.521  122.042   1367.2    833.7
     1     1    21     2    17    20     0     0   -25.0   42.018  121.889   1413.5    822.3
     1     1    21     2    17    19     0     0   -26.0   42.538  121.726   1461.3    810.0
     1     1    21     2    17    18     0     0   -27.0   43.075  121.555   1516.9    801.0
     1     1    21     2    17    17     0     0   -28.0   43.608  121.376   1577.2    790.6
     1     1    21     2    17    16     0     0   -29.0   44.134  121.197   1638.8    779.9
     1     1    21     2    17    15     0     0   -30.0   44.663  121.027   1700.1    769.0
     1     1    21     2    17    14     0     0   -31.0   45.198  120.878   1758.8    757.2
     1     1    21     2    17    13     0     0   -32.0   45.742  120.761   1814.6    745.2
     1     1    21     2    17    12     0     0   -33.0   46.295  120.687   1869.1    734.6
     1     1    21     2    17    11     0     0   -34.0   46.850  120.645   1921.2    724.8
     1     1    21     2    17    10     0     0   -35.0   47.394  120.614   1966.6    716.1
     1     1    21     2    17     9     0     0   -36.0   47.923  120.579   2004.5    709.7
     1     1    21     2    17     8     0     0   -37.0   48.428  120.525   2033.6    704.7
     1     1    21     2    17     7     0     0   -38.0   48.909  120.453   2054.0    700.6
     1     1    21     2    17     6     0     0   -39.0   49.366  120.367   2065.9    697.7
     1     1    21     2    17     5     0     0   -40.0   49.798  120.283   2076.6    695.9
     1     1    21     2    17     4     0     0   -41.0   50.203  120.216   2097.5    693.7
     1     1    21     2    17     3     0     0   -42.0   50.580  120.163   2130.5    691.1
     1     1    21     2    17     2     0     0   -43.0   50.932  120.122   2176.3    687.1
     1     1    21     2    17     1     0     0   -44.0   51.260  120.098   2235.3    682.0
     1     1    21     2    17     0     0     0   -45.0   51.566  120.094   2307.6    675.6
     1     1    21     2    16    23     0     0   -46.0   51.849  120.108   2389.0    667.8
     1     1    21     2    16    22     0     0   -47.0   52.110  120.142   2475.7    660.2
     1     1    21     2    16    21     0     0   -48.0   52.350  120.200   2568.0    652.2
     1     1    21     2    16    20     0     0   -49.0   52.568  120.286   2665.6    643.3
     1     1    21     2    16    19     0     0   -50.0   52.768  120.398   2767.7    633.0
     1     1    21     2    16    18     0     0   -51.0   52.950  120.529   2876.8    622.5
     1     1    21     2    16    17     0     0   -52.0   53.119  120.679   2992.2    611.8
     1     1    21     2    16    16     0     0   -53.0   53.281  120.847   3109.4    601.4
     1     1    21     2    16    15     0     0   -54.0   53.434  121.041   3228.3    591.2
     1     1    21     2    16    14     0     0   -55.0   53.577  121.265   3347.8    581.0
     1     1    21     2    16    13     0     0   -56.0   53.705  121.522   3466.4    571.4
     1     1    21     2    16    12     0     0   -57.0   53.814  121.814   3583.7    562.2
     1     1    21     2    16    11     0     0   -58.0   53.907  122.122   3696.6    553.1
     1     1    21     2    16    10     0     0   -59.0   53.991  122.422   3803.7    544.7
     1     1    21     2    16     9     0     0   -60.0   54.070  122.716   3904.7    537.3
     1     1    21     2    16     8     0     0   -61.0   54.144  123.005   3998.6    530.7
     1     1    21     2    16     7     0     0   -62.0   54.210  123.289   4085.5    524.6
     1     1    21     2    16     6     0     0   -63.0   54.266  123.568   4166.7    518.9
     1     1    21     2    16     5     0     0   -64.0   54.312  123.845   4241.4    514.0
     1     1    21     2    16     4     0     0   -65.0   54.352  124.119   4308.1    509.8
     1     1    21     2    16     3     0     0   -66.0   54.390  124.390   4366.7    506.1
     1     1    21     2    16     2     0     0   -67.0   54.430  124.657   4417.0    503.0
     1     1    21     2    16     1     0     0   -68.0   54.477  124.919   4458.7    500.4
     1     1    21     2    16     0     0     0   -69.0   54.533  125.178   4490.0    497.7
     1     1    21     2    15    23     0     0   -70.0   54.585  125.441   4517.3    495.3
     1     1    21     2    15    22     0     0   -71.0   54.619  125.714   4550.0    492.3
     1     1    21     2    15    21     0     0   -72.0   54.634  125.994   4586.5    489.2
     1     1    21     2    15    20     0     0   -73.0   54.631  126.277   4626.3    486.0
     1     1    21     2    15    19     0     0   -74.0   54.611  126.559   4668.4    482.9
     1     1    21     2    15    18     0     0   -75.0   54.575  126.837   4711.9    479.8
     1     1    21     2    15    17     0     0   -76.0   54.529  127.087   4754.7    477.4
     1     1    21     2    15    16     0     0   -77.0   54.480  127.294   4793.3    475.3
     1     1    21     2    15    15     0     0   -78.0   54.434  127.459   4828.8    473.4
     1     1    21     2    15    14     0     0   -79.0   54.393  127.585   4859.9    471.3
     1     1    21     2    15    13     0     0   -80.0   54.360  127.674   4887.9    469.3
     1     1    21     2    15    12     0     0   -81.0   54.340  127.730   4913.4    467.5
     1     1    21     2    15    11     0     0   -82.0   54.322  127.780   4936.4    465.7
     1     1    21     2    15    10     0     0   -83.0   54.294  127.842   4959.5    464.0
     1     1    21     2    15     9     0     0   -84.0   54.254  127.914   4982.3    462.5
     1     1    21     2    15     8     0     0   -85.0   54.202  127.994   5005.3    461.0
     1     1    21     2    15     7     0     0   -86.0   54.139  128.079   5028.8    459.7
     1     1    21     2    15     6     0     0   -87.0   54.065  128.167   5053.2    458.4
     1     1    21     2    15     5     0     0   -88.0   53.992  128.238   5080.3    457.2
     1     1    21     2    15     4     0     0   -89.0   53.933  128.279   5110.0    455.6
     1     1    21     2    15     3     0     0   -90.0   53.889  128.292   5142.0    453.8
     1     1    21     2    15     2     0     0   -91.0   53.864  128.282   5175.9    451.7
     1     1    21     2    15     1     0     0   -92.0   53.858  128.254   5211.2    449.4
     1     1    21     2    15     0     0     0   -93.0   53.873  128.213   5247.3    446.8
     1     1    21     2    14    23     0     0   -94.0   53.892  128.180   5282.7    444.3
     1     1    21     2    14    22     0     0   -95.0   53.896  128.166   5317.7    442.1
     1     1    21     2    14    21     0     0   -96.0   53.882  128.164   5352.7    440.0
