     2     1
    CDC1    21     7     1     0     0
    CDC1    21     8     1     0     0
     1 BACKWARD OMEGA   
  2021     8     4     3   37.500  127.000   500.0
     1 PRESSURE
     1     1    21     8     4     3     0     0     0.0   37.500  127.000    500.0    934.6
     1     1    21     8     4     2     0     0    -1.0   37.381  126.895    491.8    936.8
     1     1    21     8     4     1     0     0    -2.0   37.251  126.793    487.2    938.4
     1     1    21     8     4     0     0     0    -3.0   37.112  126.693    486.1    939.6
     1     1    21     8     3    23     0     0    -4.0   36.970  126.595    484.3    939.9
     1     1    21     8     3    22     0     0    -5.0   36.828  126.496    477.9    941.2
     1     1    21     8     3    21     0     0    -6.0   36.688  126.398    467.2    943.0
     1     1    21     8     3    20     0     0    -7.0   36.549  126.303    452.6    945.2
     1     1    21     8     3    19     0     0    -8.0   36.411  126.212    434.9    947.8
     1     1    21     8     3    18     0     0    -9.0   36.272  126.125    414.6    950.7
     1     1    21     8     3    17     0     0   -10.0   36.138  126.049    396.0    953.9
     1     1    21     8     3    16     0     0   -11.0   36.009  125.989    382.8    955.7
     1     1    21     8     3    15     0     0   -12.0   35.887  125.942    374.5    956.8
     1     1    21     8     3    14     0     0   -13.0   35.771  125.907    370.8    957.4
     1     1    21     8     3    13     0     0   -14.0   35.662  125.883    371.4    957.5
     1     1    21     8     3    12     0     0   -15.0   35.559  125.867    376.2    957.1
     1     1    21     8     3    11     0     0   -16.0   35.458  125.859    384.1    956.3
     1     1    21     8     3    10     0     0   -17.0   35.354  125.856    394.6    954.9
     1     1    21     8     3     9     0     0   -18.0   35.247  125.858    407.7    953.3
     1     1    21     8     3     8     0     0   -19.0   35.137  125.866    423.5    951.3
     1     1    21     8     3     7     0     0   -20.0   35.024  125.881    442.3    949.0
     1     1    21     8     3     6     0     0   -21.0   34.908  125.904    463.9    946.5
     1     1    21     8     3     5     0     0   -22.0   34.786  125.938    486.7    944.1
     1     1    21     8     3     4     0     0   -23.0   34.657  125.984    508.4    942.0
     1     1    21     8     3     3     0     0   -24.0   34.522  126.041    529.8    940.0
     1     1    21     8     3     2     0     0   -25.0   34.380  126.109    551.4    937.9
     1     1    21     8     3     1     0     0   -26.0   34.231  126.186    573.7    935.9
     1     1    21     8     3     0     0     0   -27.0   34.076  126.272    597.5    933.7
     1     1    21     8     2    23     0     0   -28.0   33.916  126.365    622.3    931.2
     1     1    21     8     2    22     0     0   -29.0   33.752  126.466    647.0    928.5
     1     1    21     8     2    21     0     0   -30.0   33.583  126.576    671.1    925.8
     1     1    21     8     2    20     0     0   -31.0   33.408  126.695    693.9    923.4
     1     1    21     8     2    19     0     0   -32.0   33.226  126.824    715.1    921.2
     1     1    21     8     2    18     0     0   -33.0   33.034  126.965    734.1    919.4
     1     1    21     8     2    17     0     0   -34.0   32.835  127.118    750.5    918.0
     1     1    21     8     2    16     0     0   -35.0   32.626  127.287    764.2    917.1
     1     1    21     8     2    15     0     0   -36.0   32.409  127.473    775.1    916.4
     1     1    21     8     2    14     0     0   -37.0   32.186  127.677    782.3    915.4
     1     1    21     8     2    13     0     0   -38.0   31.959  127.898    786.1    914.8
     1     1    21     8     2    12     0     0   -39.0   31.733  128.137    787.2    914.6
     1     1    21     8     2    11     0     0   -40.0   31.506  128.391    789.9    914.5
     1     1    21     8     2    10     0     0   -41.0   31.279  128.652    797.7    913.6
     1     1    21     8     2     9     0     0   -42.0   31.052  128.918    810.1    912.3
     1     1    21     8     2     8     0     0   -43.0   30.825  129.187    826.5    910.8
     1     1    21     8     2     7     0     0   -44.0   30.597  129.458    846.5    908.9
     1     1    21     8     2     6     0     0   -45.0   30.368  129.729    869.5    906.9
     1     1    21     8     2     5     0     0   -46.0   30.137  129.999    890.1    905.0
     1     1    21     8     2     4     0     0   -47.0   29.913  130.263    902.7    904.0
     1     1    21     8     2     3     0     0   -48.0   29.700  130.510    907.1    903.3
     1     1    21     8     2     2     0     0   -49.0   29.498  130.736    904.0    903.4
     1     1    21     8     2     1     0     0   -50.0   29.307  130.942    894.3    904.3
     1     1    21     8     2     0     0     0   -51.0   29.127  131.131    878.8    905.8
     1     1    21     8     1    23     0     0   -52.0   28.949  131.294    861.5    907.7
     1     1    21     8     1    22     0     0   -53.0   28.766  131.423    845.7    909.1
     1     1    21     8     1    21     0     0   -54.0   28.574  131.522    831.4    910.5
     1     1    21     8     1    20     0     0   -55.0   28.372  131.590    818.3    911.7
     1     1    21     8     1    19     0     0   -56.0   28.158  131.630    806.3    912.8
     1     1    21     8     1    18     0     0   -57.0   27.931  131.643    795.1    913.7
     1     1    21     8     1    17     0     0   -58.0   27.690  131.645    782.4    914.8
     1     1    21     8     1    16     0     0   -59.0   27.438  131.650    767.5    916.4
     1     1    21     8     1    15     0     0   -60.0   27.177  131.656    751.3    918.3
     1     1    21     8     1    14     0     0   -61.0   26.911  131.662    735.2    920.3
     1     1    21     8     1    13     0     0   -62.0   26.638  131.668    719.9    922.2
     1     1    21     8     1    12     0     0   -63.0   26.360  131.677    706.2    924.1
     1     1    21     8     1    11     0     0   -64.0   26.085  131.685    695.7    925.7
     1     1    21     8     1    10     0     0   -65.0   25.821  131.690    688.6    926.7
     1     1    21     8     1     9     0     0   -66.0   25.568  131.691    683.8    927.4
     1     1    21     8     1     8     0     0   -67.0   25.328  131.689    680.5    927.9
     1     1    21     8     1     7     0     0   -68.0   25.101  131.683    677.6    928.4
     1     1    21     8     1     6     0     0   -69.0   24.888  131.676    674.6    928.8
     1     1    21     8     1     5     0     0   -70.0   24.698  131.664    669.9    929.3
     1     1    21     8     1     4     0     0   -71.0   24.533  131.646    662.7    930.3
     1     1    21     8     1     3     0     0   -72.0   24.393  131.620    653.1    931.5
     1     1    21     8     1     2     0     0   -73.0   24.275  131.586    641.2    932.9
     1     1    21     8     1     1     0     0   -74.0   24.178  131.545    626.9    934.6
     1     1    21     8     1     0     0     0   -75.0   24.102  131.496    610.4    936.3
     1     1    21     7    31    23     0     0   -76.0   24.033  131.433    594.0    938.1
     1     1    21     7    31    22     0     0   -77.0   23.964  131.352    579.9    939.5
     1     1    21     7    31    21     0     0   -78.0   23.892  131.250    567.9    940.6
     1     1    21     7    31    20     0     0   -79.0   23.818  131.129    558.1    941.6
     1     1    21     7    31    19     0     0   -80.0   23.740  130.989    550.3    942.4
     1     1    21     7    31    18     0     0   -81.0   23.658  130.831    544.5    943.1
     1     1    21     7    31    17     0     0   -82.0   23.571  130.663    539.9    943.8
     1     1    21     7    31    16     0     0   -83.0   23.478  130.493    536.2    944.5
     1     1    21     7    31    15     0     0   -84.0   23.380  130.319    533.6    945.1
     1     1    21     7    31    14     0     0   -85.0   23.277  130.139    532.7    945.5
     1     1    21     7    31    13     0     0   -86.0   23.171  129.949    533.9    945.6
     1     1    21     7    31    12     0     0   -87.0   23.067  129.747    537.7    945.1
     1     1    21     7    31    11     0     0   -88.0   22.969  129.532    542.9    944.5
     1     1    21     7    31    10     0     0   -89.0   22.876  129.310    546.8    944.0
     1     1    21     7    31     9     0     0   -90.0   22.788  129.080    549.5    943.7
     1     1    21     7    31     8     0     0   -91.0   22.702  128.843    550.6    943.4
     1     1    21     7    31     7     0     0   -92.0   22.615  128.599    549.8    943.2
     1     1    21     7    31     6     0     0   -93.0   22.525  128.348    546.8    943.2
     1     1    21     7    31     5     0     0   -94.0   22.437  128.094    541.8    943.6
     1     1    21     7    31     4     0     0   -95.0   22.353  127.843    534.9    944.2
     1     1    21     7    31     3     0     0   -96.0   22.273  127.596    526.0    945.1
