     2     1
    CDC1    21     2     1     0     0
    CDC1    21     3     1     0     0
     1 BACKWARD OMEGA   
  2021     3    28    21   37.500  127.000   500.0
     1 PRESSURE
     1     1    21     3    28    21     0     0     0.0   37.500  127.000    500.0    927.8
     1     1    21     3    28    20     0     0    -1.0   37.633  126.557    526.8    925.2
     1     1    21     3    28    19     0     0    -2.0   37.785  126.094    550.5    923.2
     1     1    21     3    28    18     0     0    -3.0   37.962  125.614    571.8    921.5
     1     1    21     3    28    17     0     0    -4.0   38.159  125.144    590.4    919.6
     1     1    21     3    28    16     0     0    -5.0   38.360  124.705    606.4    917.6
     1     1    21     3    28    15     0     0    -6.0   38.557  124.296    620.3    915.9
     1     1    21     3    28    14     0     0    -7.0   38.748  123.909    632.0    914.7
     1     1    21     3    28    13     0     0    -8.0   38.927  123.540    640.8    914.3
     1     1    21     3    28    12     0     0    -9.0   39.091  123.185    645.7    914.8
     1     1    21     3    28    11     0     0   -10.0   39.246  122.837    650.7    916.3
     1     1    21     3    28    10     0     0   -11.0   39.401  122.489    659.7    917.0
     1     1    21     3    28     9     0     0   -12.0   39.559  122.135    673.2    914.3
     1     1    21     3    28     8     0     0   -13.0   39.725  121.768    692.7    910.5
     1     1    21     3    28     7     0     0   -14.0   39.902  121.387    717.1    906.0
     1     1    21     3    28     6     0     0   -15.0   40.092  120.991    744.6    900.2
     1     1    21     3    28     5     0     0   -16.0   40.298  120.574    774.7    892.4
     1     1    21     3    28     4     0     0   -17.0   40.520  120.126    808.4    882.8
     1     1    21     3    28     3     0     0   -18.0   40.752  119.635    844.9    867.4
     1     1    21     3    28     2     0     0   -19.0   40.989  119.091    885.7    848.2
     1     1    21     3    28     1     0     0   -20.0   41.222  118.489    930.2    826.5
     1     1    21     3    28     0     0     0   -21.0   41.441  117.825    976.1    802.3
     1     1    21     3    27    23     0     0   -22.0   41.644  117.107   1027.1    781.1
     1     1    21     3    27    22     0     0   -23.0   41.838  116.348   1086.2    762.1
     1     1    21     3    27    21     0     0   -24.0   42.027  115.540   1151.9    743.9
     1     1    21     3    27    20     0     0   -25.0   42.213  114.667   1226.7    730.5
     1     1    21     3    27    19     0     0   -26.0   42.402  113.741   1313.8    725.2
     1     1    21     3    27    18     0     0   -27.0   42.605  112.785   1407.8    722.9
     1     1    21     3    27    17     0     0   -28.0   42.837  111.850   1500.7    720.4
     1     1    21     3    27    16     0     0   -29.0   43.107  110.977   1592.5    716.9
     1     1    21     3    27    15     0     0   -30.0   43.419  110.157   1690.1    711.1
     1     1    21     3    27    14     0     0   -31.0   43.770  109.375   1792.2    698.5
     1     1    21     3    27    13     0     0   -32.0   44.161  108.616   1902.4    684.0
     1     1    21     3    27    12     0     0   -33.0   44.612  107.870   2022.5    668.4
     1     1    21     3    27    11     0     0   -34.0   45.124  107.132   2145.3    651.5
     1     1    21     3    27    10     0     0   -35.0   45.666  106.424   2255.0    636.2
     1     1    21     3    27     9     0     0   -36.0   46.223  105.774   2353.3    625.7
     1     1    21     3    27     8     0     0   -37.0   46.799  105.198   2447.5    617.8
     1     1    21     3    27     7     0     0   -38.0   47.386  104.710   2533.1    608.1
     1     1    21     3    27     6     0     0   -39.0   47.959  104.297   2608.8    600.0
     1     1    21     3    27     5     0     0   -40.0   48.490  103.928   2665.1    593.2
     1     1    21     3    27     4     0     0   -41.0   48.975  103.596   2703.9    588.0
     1     1    21     3    27     3     0     0   -42.0   49.426  103.316   2725.9    584.2
     1     1    21     3    27     2     0     0   -43.0   49.851  103.104   2732.9    581.9
     1     1    21     3    27     1     0     0   -44.0   50.253  102.954   2730.2    583.5
     1     1    21     3    27     0     0     0   -45.0   50.633  102.846   2718.5    587.6
     1     1    21     3    26    23     0     0   -46.0   50.968  102.725   2690.1    592.1
     1     1    21     3    26    22     0     0   -47.0   51.244  102.550   2644.8    596.6
     1     1    21     3    26    21     0     0   -48.0   51.473  102.329   2584.3    600.9
     1     1    21     3    26    20     0     0   -49.0   51.663  102.069   2511.6    604.8
     1     1    21     3    26    19     0     0   -50.0   51.822  101.782   2429.2    608.3
     1     1    21     3    26    18     0     0   -51.0   51.959  101.477   2339.5    611.7
     1     1    21     3    26    17     0     0   -52.0   52.081  101.155   2246.9    615.4
     1     1    21     3    26    16     0     0   -53.0   52.189  100.810   2155.3    617.8
     1     1    21     3    26    15     0     0   -54.0   52.283  100.443   2061.7    619.6
     1     1    21     3    26    14     0     0   -55.0   52.362  100.055   1963.8    620.5
     1     1    21     3    26    13     0     0   -56.0   52.434   99.650   1868.2    628.7
     1     1    21     3    26    12     0     0   -57.0   52.507   99.239   1768.2    638.7
     1     1    21     3    26    11     0     0   -58.0   52.574   98.810   1667.3    651.5
     1     1    21     3    26    10     0     0   -59.0   52.623   98.346   1567.9    663.0
     1     1    21     3    26     9     0     0   -60.0   52.645   97.845   1468.2    673.3
     1     1    21     3    26     8     0     0   -61.0   52.635   97.308   1369.5    685.6
     1     1    21     3    26     7     0     0   -62.0   52.595   96.744   1276.6    702.4
     1     1    21     3    26     6     0     0   -63.0   52.525   96.164   1190.0    718.3
     1     1    21     3    26     5     0     0   -64.0   52.443   95.610   1116.4    734.5
     1     1    21     3    26     4     0     0   -65.0   52.356   95.113   1060.8    747.9
     1     1    21     3    26     3     0     0   -66.0   52.252   94.660   1017.5    755.7
     1     1    21     3    26     2     0     0   -67.0   52.120   94.237    984.3    760.4
     1     1    21     3    26     1     0     0   -68.0   51.957   93.833    958.7    763.1
     1     1    21     3    26     0     0     0   -69.0   51.755   93.437    937.5    764.0
     1     1    21     3    25    23     0     0   -70.0   51.530   93.026    917.4    764.0
     1     1    21     3    25    22     0     0   -71.0   51.298   92.582    897.0    762.9
     1     1    21     3    25    21     0     0   -72.0   51.056   92.094    872.0    755.4
     1     1    21     3    25    20     0     0   -73.0   50.800   91.542    840.9    744.3
     1     1    21     3    25    19     0     0   -74.0   50.523   90.913    804.6    729.6
     1     1    21     3    25    18     0     0   -75.0   50.221   90.195    765.1    709.9
     1     1    21     3    25    17     0     0   -76.0   49.915   89.427    728.4    703.1
     1     1    21     3    25    16     0     0   -77.0   49.640   88.720    696.4    714.4
     1     1    21     3    25    15     0     0   -78.0   49.400   88.122    668.0    726.1
     1     1    21     3    25    14     0     0   -79.0   49.194   87.629    645.6    737.2
     1     1    21     3    25    13     0     0   -80.0   49.020   87.241    633.8    751.7
     1     1    21     3    25    12     0     0   -81.0   48.878   86.949    632.9    763.8
     1     1    21     3    25    11     0     0   -82.0   48.750   86.703    635.8    772.3
     1     1    21     3    25    10     0     0   -83.0   48.616   86.471    636.7    781.7
     1     1    21     3    25     9     0     0   -84.0   48.479   86.254    636.9    790.8
     1     1    21     3    25     8     0     0   -85.0   48.338   86.050    637.7    799.5
     1     1    21     3    25     7     0     0   -86.0   48.194   85.857    640.2    807.8
     1     1    21     3    25     6     0     0   -87.0   48.048   85.675    645.3    815.5
     1     1    21     3    25     5     0     0   -88.0   47.904   85.516    654.8    821.7
     1     1    21     3    25     4     0     0   -89.0   47.766   85.387    671.7    825.8
     1     1    21     3    25     3     0     0   -90.0   47.636   85.283    694.0    828.5
     1     1    21     3    25     2     0     0   -91.0   47.512   85.200    720.9    829.9
     1     1    21     3    25     1     0     0   -92.0   47.396   85.129    749.7    827.5
     1     1    21     3    25     0     0     0   -93.0   47.292   85.066    779.9    824.5
     1     1    21     3    24    23     0     0   -94.0   47.201   85.015    811.6    821.7
     1     1    21     3    24    22     0     0   -95.0   47.128   84.980    844.9    818.5
     1     1    21     3    24    21     0     0   -96.0   47.072   84.960    880.5    814.9
