     2     1
    CDC1    21     4     1     0     0
    CDC1    21     5     1     0     0
     1 BACKWARD OMEGA   
  2021     5    15     3   37.500  127.000   500.0
     1 PRESSURE
     1     1    21     5    15     3     0     0     0.0   37.500  127.000    500.0    930.9
     1     1    21     5    15     2     0     0    -1.0   37.350  127.011    483.4    933.2
     1     1    21     5    15     1     0     0    -2.0   37.188  127.028    466.3    935.7
     1     1    21     5    15     0     0     0    -3.0   37.016  127.054    449.2    938.2
     1     1    21     5    14    23     0     0    -4.0   36.836  127.081    433.2    940.7
     1     1    21     5    14    22     0     0    -5.0   36.649  127.106    418.7    942.9
     1     1    21     5    14    21     0     0    -6.0   36.458  127.131    405.7    945.0
     1     1    21     5    14    20     0     0    -7.0   36.262  127.159    393.6    947.1
     1     1    21     5    14    19     0     0    -8.0   36.065  127.194    382.5    948.9
     1     1    21     5    14    18     0     0    -9.0   35.869  127.238    371.8    950.5
     1     1    21     5    14    17     0     0   -10.0   35.681  127.296    362.4    951.6
     1     1    21     5    14    16     0     0   -11.0   35.510  127.370    355.3    952.4
     1     1    21     5    14    15     0     0   -12.0   35.357  127.460    350.4    952.8
     1     1    21     5    14    14     0     0   -13.0   35.219  127.566    348.1    953.1
     1     1    21     5    14    13     0     0   -14.0   35.096  127.686    348.3    953.2
     1     1    21     5    14    12     0     0   -15.0   34.988  127.820    351.1    953.0
     1     1    21     5    14    11     0     0   -16.0   34.889  127.957    355.4    952.6
     1     1    21     5    14    10     0     0   -17.0   34.793  128.087    360.0    952.4
     1     1    21     5    14     9     0     0   -18.0   34.701  128.210    364.7    952.2
     1     1    21     5    14     8     0     0   -19.0   34.612  128.329    369.4    951.9
     1     1    21     5    14     7     0     0   -20.0   34.526  128.446    374.1    951.6
     1     1    21     5    14     6     0     0   -21.0   34.443  128.561    378.6    951.3
     1     1    21     5    14     5     0     0   -22.0   34.367  128.672    383.7    951.2
     1     1    21     5    14     4     0     0   -23.0   34.302  128.776    390.6    950.6
     1     1    21     5    14     3     0     0   -24.0   34.251  128.873    399.3    949.8
     1     1    21     5    14     2     0     0   -25.0   34.211  128.962    409.7    948.7
     1     1    21     5    14     1     0     0   -26.0   34.184  129.043    422.2    947.4
     1     1    21     5    14     0     0     0   -27.0   34.171  129.116    437.0    945.7
     1     1    21     5    13    23     0     0   -28.0   34.157  129.173    452.2    943.6
     1     1    21     5    13    22     0     0   -29.0   34.130  129.207    465.7    941.9
     1     1    21     5    13    21     0     0   -30.0   34.088  129.219    477.0    940.6
     1     1    21     5    13    20     0     0   -31.0   34.032  129.207    486.2    939.7
     1     1    21     5    13    19     0     0   -32.0   33.960  129.171    493.0    939.2
     1     1    21     5    13    18     0     0   -33.0   33.873  129.110    497.4    939.1
     1     1    21     5    13    17     0     0   -34.0   33.782  129.046    499.6    939.3
     1     1    21     5    13    16     0     0   -35.0   33.700  129.004    500.0    939.7
     1     1    21     5    13    15     0     0   -36.0   33.627  128.983    498.3    940.2
     1     1    21     5    13    14     0     0   -37.0   33.564  128.985    494.7    940.8
     1     1    21     5    13    13     0     0   -38.0   33.510  129.011    489.2    941.5
     1     1    21     5    13    12     0     0   -39.0   33.465  129.061    481.7    942.3
     1     1    21     5    13    11     0     0   -40.0   33.429  129.122    473.7    943.2
     1     1    21     5    13    10     0     0   -41.0   33.402  129.184    466.7    943.7
     1     1    21     5    13     9     0     0   -42.0   33.383  129.246    460.6    944.1
     1     1    21     5    13     8     0     0   -43.0   33.374  129.309    455.4    944.4
     1     1    21     5    13     7     0     0   -44.0   33.374  129.373    451.2    944.5
     1     1    21     5    13     6     0     0   -45.0   33.383  129.440    447.9    944.4
     1     1    21     5    13     5     0     0   -46.0   33.402  129.510    446.5    944.5
     1     1    21     5    13     4     0     0   -47.0   33.427  129.583    447.9    944.2
     1     1    21     5    13     3     0     0   -48.0   33.458  129.659    452.2    943.4
     1     1    21     5    13     2     0     0   -49.0   33.497  129.736    459.4    942.4
     1     1    21     5    13     1     0     0   -50.0   33.541  129.815    469.6    940.9
     1     1    21     5    13     0     0     0   -51.0   33.592  129.894    483.0    939.1
     1     1    21     5    12    23     0     0   -52.0   33.637  129.970    497.0    936.7
     1     1    21     5    12    22     0     0   -53.0   33.662  130.037    508.4    935.1
     1     1    21     5    12    21     0     0   -54.0   33.666  130.097    517.0    934.0
     1     1    21     5    12    20     0     0   -55.0   33.647  130.149    522.5    933.3
     1     1    21     5    12    19     0     0   -56.0   33.605  130.191    524.6    933.0
     1     1    21     5    12    18     0     0   -57.0   33.539  130.224    522.9    933.2
     1     1    21     5    12    17     0     0   -58.0   33.463  130.264    518.5    933.9
     1     1    21     5    12    16     0     0   -59.0   33.388  130.331    512.9    934.6
     1     1    21     5    12    15     0     0   -60.0   33.314  130.427    505.8    935.4
     1     1    21     5    12    14     0     0   -61.0   33.240  130.554    497.2    936.5
     1     1    21     5    12    13     0     0   -62.0   33.165  130.711    486.9    937.7
     1     1    21     5    12    12     0     0   -63.0   33.086  130.903    474.7    939.2
     1     1    21     5    12    11     0     0   -64.0   32.995  131.106    457.5    941.0
     1     1    21     5    12    10     0     0   -65.0   32.888  131.297    433.1    943.9
     1     1    21     5    12     9     0     0   -66.0   32.765  131.477    402.3    947.6
     1     1    21     5    12     8     0     0   -67.0   32.627  131.648    366.2    951.6
     1     1    21     5    12     7     0     0   -68.0   32.472  131.809    326.0    955.7
     1     1    21     5    12     6     0     0   -69.0   32.301  131.956    283.9    960.9
     1     1    21     5    12     5     0     0   -70.0   32.130  132.103    243.4    966.8
     1     1    21     5    12     4     0     0   -71.0   31.975  132.275    207.0    972.3
     1     1    21     5    12     3     0     0   -72.0   31.835  132.471    173.6    976.4
     1     1    21     5    12     2     0     0   -73.0   31.715  132.691    142.5    981.2
     1     1    21     5    12     1     0     0   -74.0   31.622  132.935    113.6    986.4
     1     1    21     5    12     0     0     0   -75.0   31.561  133.208     87.4    991.6
     1     1    21     5    11    23     0     0   -76.0   31.518  133.493     65.3    995.7
     1     1    21     5    11    22     0     0   -77.0   31.476  133.773     48.1    998.8
     1     1    21     5    11    21     0     0   -78.0   31.433  134.046     35.6   1001.4
     1     1    21     5    11    20     0     0   -79.0   31.391  134.310     26.8   1003.7
     1     1    21     5    11    19     0     0   -80.0   31.350  134.564     20.9   1005.6
     1     1    21     5    11    18     0     0   -81.0   31.311  134.804     17.3   1007.1
     1     1    21     5    11    17     0     0   -82.0   31.276  135.029     15.0   1008.5
     1     1    21     5    11    16     0     0   -83.0   31.245  135.233     13.4   1009.4
     1     1    21     5    11    15     0     0   -84.0   31.213  135.415     12.4   1010.1
     1     1    21     5    11    14     0     0   -85.0   31.180  135.574     11.9   1010.7
     1     1    21     5    11    13     0     0   -86.0   31.145  135.712     11.6   1011.2
     1     1    21     5    11    12     0     0   -87.0   31.106  135.829     11.7   1011.6
     1     1    21     5    11    11     0     0   -88.0   31.066  135.928     11.7   1011.5
     1     1    21     5    11    10     0     0   -89.0   31.025  136.012     11.4   1011.5
     1     1    21     5    11     9     0     0   -90.0   30.985  136.081     10.9   1011.6
     1     1    21     5    11     8     0     0   -91.0   30.946  136.134     10.1   1011.7
     1     1    21     5    11     7     0     0   -92.0   30.906  136.170      9.1   1011.7
     1     1    21     5    11     6     0     0   -93.0   30.868  136.190      8.0   1011.6
     1     1    21     5    11     5     0     0   -94.0   30.829  136.198      6.7   1012.1
     1     1    21     5    11     4     0     0   -95.0   30.787  136.199      5.4   1012.5
     1     1    21     5    11     3     0     0   -96.0   30.743  136.193      4.1   1013.0
