     2     1
    CDC1    21     9     1     0     0
    CDC1    21    10     1     0     0
     1 BACKWARD OMEGA   
  2021    10    30     6   37.500  127.000   500.0
     1 PRESSURE
     1     1    21    10    30     6     0     0     0.0   37.500  127.000    500.0    944.7
     1     1    21    10    30     5     0     0    -1.0   37.447  126.987    499.1    944.9
     1     1    21    10    30     4     0     0    -2.0   37.399  126.991    494.2    945.7
     1     1    21    10    30     3     0     0    -3.0   37.355  127.011    485.4    946.8
     1     1    21    10    30     2     0     0    -4.0   37.315  127.048    472.8    948.3
     1     1    21    10    30     1     0     0    -5.0   37.278  127.103    456.5    950.2
     1     1    21    10    30     0     0     0    -6.0   37.243  127.175    436.8    952.4
     1     1    21    10    29    23     0     0    -7.0   37.206  127.252    417.2    954.7
     1     1    21    10    29    22     0     0    -8.0   37.162  127.324    401.6    956.1
     1     1    21    10    29    21     0     0    -9.0   37.112  127.391    389.9    957.1
     1     1    21    10    29    20     0     0   -10.0   37.055  127.453    382.2    957.6
     1     1    21    10    29    19     0     0   -11.0   36.992  127.510    378.8    957.7
     1     1    21    10    29    18     0     0   -12.0   36.925  127.564    379.8    957.6
     1     1    21    10    29    17     0     0   -13.0   36.862  127.620    382.6    957.4
     1     1    21    10    29    16     0     0   -14.0   36.809  127.685    384.3    957.6
     1     1    21    10    29    15     0     0   -15.0   36.767  127.758    384.8    957.9
     1     1    21    10    29    14     0     0   -16.0   36.736  127.839    384.0    958.4
     1     1    21    10    29    13     0     0   -17.0   36.715  127.926    381.6    959.0
     1     1    21    10    29    12     0     0   -18.0   36.703  128.020    377.4    959.8
     1     1    21    10    29    11     0     0   -19.0   36.700  128.119    373.4    960.6
     1     1    21    10    29    10     0     0   -20.0   36.702  128.224    372.3    960.9
     1     1    21    10    29     9     0     0   -21.0   36.711  128.335    373.9    960.9
     1     1    21    10    29     8     0     0   -22.0   36.727  128.452    378.2    960.7
     1     1    21    10    29     7     0     0   -23.0   36.750  128.575    385.3    960.2
     1     1    21    10    29     6     0     0   -24.0   36.781  128.703    395.3    959.2
     1     1    21    10    29     5     0     0   -25.0   36.813  128.840    406.7    958.3
     1     1    21    10    29     4     0     0   -26.0   36.844  128.989    418.0    957.6
     1     1    21    10    29     3     0     0   -27.0   36.872  129.150    429.0    957.1
     1     1    21    10    29     2     0     0   -28.0   36.900  129.323    439.9    956.6
     1     1    21    10    29     1     0     0   -29.0   36.928  129.508    450.4    956.2
     1     1    21    10    29     0     0     0   -30.0   36.957  129.706    460.6    955.9
     1     1    21    10    28    23     0     0   -31.0   36.998  129.913    470.9    955.3
     1     1    21    10    28    22     0     0   -32.0   37.056  130.121    481.5    955.2
     1     1    21    10    28    21     0     0   -33.0   37.132  130.327    492.3    955.6
     1     1    21    10    28    20     0     0   -34.0   37.226  130.528    503.3    956.1
     1     1    21    10    28    19     0     0   -35.0   37.338  130.723    514.5    956.7
     1     1    21    10    28    18     0     0   -36.0   37.467  130.911    525.6    957.5
     1     1    21    10    28    17     0     0   -37.0   37.612  131.086    536.6    957.3
     1     1    21    10    28    16     0     0   -38.0   37.769  131.247    547.8    956.8
     1     1    21    10    28    15     0     0   -39.0   37.937  131.392    559.7    956.3
     1     1    21    10    28    14     0     0   -40.0   38.114  131.522    572.6    955.7
     1     1    21    10    28    13     0     0   -41.0   38.299  131.636    586.8    955.1
     1     1    21    10    28    12     0     0   -42.0   38.494  131.735    603.0    954.3
     1     1    21    10    28    11     0     0   -43.0   38.697  131.815    621.5    952.8
     1     1    21    10    28    10     0     0   -44.0   38.909  131.868    642.6    950.5
     1     1    21    10    28     9     0     0   -45.0   39.130  131.896    666.6    947.4
     1     1    21    10    28     8     0     0   -46.0   39.361  131.897    693.4    943.5
     1     1    21    10    28     7     0     0   -47.0   39.602  131.871    723.2    938.9
     1     1    21    10    28     6     0     0   -48.0   39.854  131.818    756.2    933.4
     1     1    21    10    28     5     0     0   -49.0   40.115  131.737    792.8    925.6
     1     1    21    10    28     4     0     0   -50.0   40.384  131.632    835.4    914.7
     1     1    21    10    28     3     0     0   -51.0   40.663  131.509    885.6    902.8
     1     1    21    10    28     2     0     0   -52.0   40.956  131.368    944.2    889.7
     1     1    21    10    28     1     0     0   -53.0   41.265  131.208   1012.6    874.5
     1     1    21    10    28     0     0     0   -54.0   41.596  131.028   1092.0    857.9
     1     1    21    10    27    23     0     0   -55.0   41.950  130.823   1178.9    839.6
     1     1    21    10    27    22     0     0   -56.0   42.326  130.587   1267.7    821.3
     1     1    21    10    27    21     0     0   -57.0   42.724  130.325   1356.7    805.7
     1     1    21    10    27    20     0     0   -58.0   43.138  130.051   1441.0    794.4
     1     1    21    10    27    19     0     0   -59.0   43.564  129.774   1517.9    787.3
     1     1    21    10    27    18     0     0   -60.0   43.999  129.496   1586.9    782.4
     1     1    21    10    27    17     0     0   -61.0   44.434  129.223   1647.1    779.1
     1     1    21    10    27    16     0     0   -62.0   44.859  128.958   1699.9    777.1
     1     1    21    10    27    15     0     0   -63.0   45.273  128.700   1744.4    775.1
     1     1    21    10    27    14     0     0   -64.0   45.674  128.452   1781.5    773.4
     1     1    21    10    27    13     0     0   -65.0   46.066  128.218   1813.8    772.1
     1     1    21    10    27    12     0     0   -66.0   46.454  128.005   1843.5    770.9
     1     1    21    10    27    11     0     0   -67.0   46.836  127.799   1870.8    770.0
     1     1    21    10    27    10     0     0   -68.0   47.204  127.578   1894.9    769.2
     1     1    21    10    27     9     0     0   -69.0   47.559  127.335   1915.5    768.2
     1     1    21    10    27     8     0     0   -70.0   47.898  127.067   1932.4    765.8
     1     1    21    10    27     7     0     0   -71.0   48.226  126.777   1947.6    763.2
     1     1    21    10    27     6     0     0   -72.0   48.551  126.471   1961.6    760.2
     1     1    21    10    27     5     0     0   -73.0   48.874  126.162   1972.3    757.2
     1     1    21    10    27     4     0     0   -74.0   49.194  125.855   1978.8    754.2
     1     1    21    10    27     3     0     0   -75.0   49.511  125.545   1980.8    751.0
     1     1    21    10    27     2     0     0   -76.0   49.825  125.229   1978.5    747.8
     1     1    21    10    27     1     0     0   -77.0   50.135  124.903   1973.7    744.7
     1     1    21    10    27     0     0     0   -78.0   50.438  124.565   1969.4    741.5
     1     1    21    10    26    23     0     0   -79.0   50.730  124.209   1971.2    738.0
     1     1    21    10    26    22     0     0   -80.0   51.006  123.828   1980.8    733.2
     1     1    21    10    26    21     0     0   -81.0   51.268  123.417   1995.7    727.5
     1     1    21    10    26    20     0     0   -82.0   51.517  122.973   2013.3    721.3
     1     1    21    10    26    19     0     0   -83.0   51.755  122.495   2030.8    714.8
     1     1    21    10    26    18     0     0   -84.0   51.985  121.983   2048.1    711.1
     1     1    21    10    26    17     0     0   -85.0   52.221  121.457   2062.8    708.3
     1     1    21    10    26    16     0     0   -86.0   52.478  120.932   2073.7    705.6
     1     1    21    10    26    15     0     0   -87.0   52.756  120.396   2075.1    701.4
     1     1    21    10    26    14     0     0   -88.0   53.055  119.834   2066.4    698.4
     1     1    21    10    26    13     0     0   -89.0   53.370  119.233   2048.8    697.9
     1     1    21    10    26    12     0     0   -90.0   53.700  118.578   2020.4    697.2
     1     1    21    10    26    11     0     0   -91.0   54.029  117.866   1990.1    696.9
     1     1    21    10    26    10     0     0   -92.0   54.336  117.097   1961.1    693.8
     1     1    21    10    26     9     0     0   -93.0   54.616  116.257   1932.2    689.1
     1     1    21    10    26     8     0     0   -94.0   54.869  115.329   1899.6    684.1
     1     1    21    10    26     7     0     0   -95.0   55.094  114.307   1861.1    682.3
     1     1    21    10    26     6     0     0   -96.0   55.295  113.201   1813.9    684.8
