     2     1
    CDC1    21     8     1     0     0
    CDC1    21     9     1     0     0
     1 BACKWARD OMEGA   
  2021     9    15     9   37.500  127.000   500.0
     1 PRESSURE
     1     1    21     9    15     9     0     0     0.0   37.500  127.000    500.0    940.2
     1     1    21     9    15     8     0     0    -1.0   37.579  127.372    518.6    935.0
     1     1    21     9    15     7     0     0    -2.0   37.667  127.747    536.9    931.9
     1     1    21     9    15     6     0     0    -3.0   37.768  128.120    554.4    930.1
     1     1    21     9    15     5     0     0    -4.0   37.874  128.487    572.1    928.9
     1     1    21     9    15     4     0     0    -5.0   37.975  128.849    591.6    927.7
     1     1    21     9    15     3     0     0    -6.0   38.076  129.204    612.9    926.4
     1     1    21     9    15     2     0     0    -7.0   38.177  129.549    636.2    924.9
     1     1    21     9    15     1     0     0    -8.0   38.280  129.882    661.7    923.0
     1     1    21     9    15     0     0     0    -9.0   38.388  130.199    689.1    921.9
     1     1    21     9    14    23     0     0   -10.0   38.503  130.499    717.7    921.3
     1     1    21     9    14    22     0     0   -11.0   38.625  130.782    746.7    920.8
     1     1    21     9    14    21     0     0   -12.0   38.752  131.049    776.2    920.3
     1     1    21     9    14    20     0     0   -13.0   38.883  131.300    806.3    919.8
     1     1    21     9    14    19     0     0   -14.0   39.018  131.536    836.6    919.3
     1     1    21     9    14    18     0     0   -15.0   39.154  131.755    866.9    918.9
     1     1    21     9    14    17     0     0   -16.0   39.294  131.956    894.2    918.6
     1     1    21     9    14    16     0     0   -17.0   39.440  132.137    916.0    919.1
     1     1    21     9    14    15     0     0   -18.0   39.591  132.297    932.7    920.0
     1     1    21     9    14    14     0     0   -19.0   39.749  132.436    945.0    921.1
     1     1    21     9    14    13     0     0   -20.0   39.915  132.554    953.1    921.7
     1     1    21     9    14    12     0     0   -21.0   40.087  132.652    957.7    920.3
     1     1    21     9    14    11     0     0   -22.0   40.254  132.729    963.6    918.1
     1     1    21     9    14    10     0     0   -23.0   40.405  132.780    972.9    915.2
     1     1    21     9    14     9     0     0   -24.0   40.539  132.808    985.9    912.1
     1     1    21     9    14     8     0     0   -25.0   40.655  132.812   1002.2    908.7
     1     1    21     9    14     7     0     0   -26.0   40.755  132.793   1021.4    905.2
     1     1    21     9    14     6     0     0   -27.0   40.838  132.752   1043.5    901.6
     1     1    21     9    14     5     0     0   -28.0   40.910  132.701   1064.0    897.8
     1     1    21     9    14     4     0     0   -29.0   40.975  132.654   1078.2    895.3
     1     1    21     9    14     3     0     0   -30.0   41.035  132.609   1085.8    893.5
     1     1    21     9    14     2     0     0   -31.0   41.090  132.568   1086.5    892.6
     1     1    21     9    14     1     0     0   -32.0   41.138  132.530   1080.1    892.6
     1     1    21     9    14     0     0     0   -33.0   41.180  132.494   1066.6    893.3
     1     1    21     9    13    23     0     0   -34.0   41.216  132.447   1049.9    894.3
     1     1    21     9    13    22     0     0   -35.0   41.245  132.374   1034.0    894.5
     1     1    21     9    13    21     0     0   -36.0   41.267  132.274   1019.6    894.2
     1     1    21     9    13    20     0     0   -37.0   41.285  132.147   1007.3    893.2
     1     1    21     9    13    19     0     0   -38.0   41.300  131.993    997.5    891.5
     1     1    21     9    13    18     0     0   -39.0   41.314  131.810    991.0    889.1
     1     1    21     9    13    17     0     0   -40.0   41.328  131.615    987.9    886.0
     1     1    21     9    13    16     0     0   -41.0   41.341  131.427    986.7    882.7
     1     1    21     9    13    15     0     0   -42.0   41.353  131.242    986.3    879.4
     1     1    21     9    13    14     0     0   -43.0   41.363  131.060    985.6    876.2
     1     1    21     9    13    13     0     0   -44.0   41.371  130.877    983.3    873.2
     1     1    21     9    13    12     0     0   -45.0   41.375  130.693    978.3    870.4
     1     1    21     9    13    11     0     0   -46.0   41.379  130.507    972.7    868.0
     1     1    21     9    13    10     0     0   -47.0   41.385  130.319    969.0    865.1
     1     1    21     9    13     9     0     0   -48.0   41.392  130.128    967.6    861.9
     1     1    21     9    13     8     0     0   -49.0   41.398  129.935    969.4    859.0
     1     1    21     9    13     7     0     0   -50.0   41.403  129.741    975.4    856.9
     1     1    21     9    13     6     0     0   -51.0   41.407  129.548    985.9    854.3
     1     1    21     9    13     5     0     0   -52.0   41.410  129.354    995.6    851.2
     1     1    21     9    13     4     0     0   -53.0   41.411  129.156    998.8    849.2
     1     1    21     9    13     3     0     0   -54.0   41.408  128.955    994.7    848.0
     1     1    21     9    13     2     0     0   -55.0   41.399  128.749    982.8    847.6
     1     1    21     9    13     1     0     0   -56.0   41.382  128.538    962.5    848.2
     1     1    21     9    13     0     0     0   -57.0   41.355  128.322    933.3    849.7
     1     1    21     9    12    23     0     0   -58.0   41.316  128.105    903.9    852.4
     1     1    21     9    12    22     0     0   -59.0   41.266  127.890    883.4    853.1
     1     1    21     9    12    21     0     0   -60.0   41.200  127.677    871.9    853.0
     1     1    21     9    12    20     0     0   -61.0   41.117  127.464    869.6    852.8
     1     1    21     9    12    19     0     0   -62.0   41.019  127.255    877.7    854.8
     1     1    21     9    12    18     0     0   -63.0   40.905  127.050    895.1    855.9
     1     1    21     9    12    17     0     0   -64.0   40.796  126.867    917.4    855.6
     1     1    21     9    12    16     0     0   -65.0   40.714  126.722    940.7    854.7
     1     1    21     9    12    15     0     0   -66.0   40.657  126.619    964.3    853.4
     1     1    21     9    12    14     0     0   -67.0   40.626  126.556    988.3    851.5
     1     1    21     9    12    13     0     0   -68.0   40.620  126.534   1013.0    849.0
     1     1    21     9    12    12     0     0   -69.0   40.642  126.553   1039.2    845.8
     1     1    21     9    12    11     0     0   -70.0   40.702  126.581   1070.5    842.1
     1     1    21     9    12    10     0     0   -71.0   40.805  126.586   1110.6    837.1
     1     1    21     9    12     9     0     0   -72.0   40.952  126.566   1159.6    831.3
     1     1    21     9    12     8     0     0   -73.0   41.143  126.517   1218.0    824.8
     1     1    21     9    12     7     0     0   -74.0   41.379  126.439   1286.0    817.5
     1     1    21     9    12     6     0     0   -75.0   41.661  126.328   1363.9    809.0
     1     1    21     9    12     5     0     0   -76.0   41.965  126.183   1449.7    800.0
     1     1    21     9    12     4     0     0   -77.0   42.271  126.002   1540.4    791.4
     1     1    21     9    12     3     0     0   -78.0   42.576  125.790   1635.2    784.4
     1     1    21     9    12     2     0     0   -79.0   42.881  125.558   1732.1    781.1
     1     1    21     9    12     1     0     0   -80.0   43.183  125.321   1825.4    778.0
     1     1    21     9    12     0     0     0   -81.0   43.490  125.084   1913.9    775.4
     1     1    21     9    11    23     0     0   -82.0   43.793  124.839   1994.6    772.2
     1     1    21     9    11    22     0     0   -83.0   44.081  124.579   2065.6    768.7
     1     1    21     9    11    21     0     0   -84.0   44.356  124.307   2129.8    765.3
     1     1    21     9    11    20     0     0   -85.0   44.623  124.025   2189.3    761.6
     1     1    21     9    11    19     0     0   -86.0   44.885  123.737   2246.8    757.2
     1     1    21     9    11    18     0     0   -87.0   45.149  123.445   2303.2    750.3
     1     1    21     9    11    17     0     0   -88.0   45.422  123.165   2359.1    740.8
     1     1    21     9    11    16     0     0   -89.0   45.717  122.907   2415.2    731.2
     1     1    21     9    11    15     0     0   -90.0   46.041  122.672   2471.6    721.1
     1     1    21     9    11    14     0     0   -91.0   46.396  122.463   2527.9    710.2
     1     1    21     9    11    13     0     0   -92.0   46.786  122.282   2583.0    698.2
     1     1    21     9    11    12     0     0   -93.0   47.210  122.133   2638.3    686.8
     1     1    21     9    11    11     0     0   -94.0   47.641  122.010   2694.9    676.3
     1     1    21     9    11    10     0     0   -95.0   48.045  121.901   2755.4    666.9
     1     1    21     9    11     9     0     0   -96.0   48.422  121.813   2816.5    658.2
