     2     1
    CDC1    21     8     1     0     0
    CDC1    21     9     1     0     0
     1 BACKWARD OMEGA   
  2021     9    25    18   37.500  127.000   500.0
     1 PRESSURE
     1     1    21     9    25    18     0     0     0.0   37.500  127.000    500.0    946.1
     1     1    21     9    25    17     0     0    -1.0   37.468  127.179    497.0    945.7
     1     1    21     9    25    16     0     0    -2.0   37.440  127.357    492.0    945.7
     1     1    21     9    25    15     0     0    -3.0   37.417  127.533    484.6    946.1
     1     1    21     9    25    14     0     0    -4.0   37.397  127.707    474.6    948.0
     1     1    21     9    25    13     0     0    -5.0   37.381  127.881    461.3    950.3
     1     1    21     9    25    12     0     0    -6.0   37.370  128.053    445.0    953.0
     1     1    21     9    25    11     0     0    -7.0   37.365  128.229    427.7    955.7
     1     1    21     9    25    10     0     0    -8.0   37.371  128.416    412.3    958.0
     1     1    21     9    25     9     0     0    -9.0   37.386  128.612    398.7    960.2
     1     1    21     9    25     8     0     0   -10.0   37.412  128.817    386.9    962.4
     1     1    21     9    25     7     0     0   -11.0   37.448  129.030    376.9    964.3
     1     1    21     9    25     6     0     0   -12.0   37.495  129.252    368.6    966.1
     1     1    21     9    25     5     0     0   -13.0   37.548  129.473    362.0    967.4
     1     1    21     9    25     4     0     0   -14.0   37.601  129.684    357.6    968.3
     1     1    21     9    25     3     0     0   -15.0   37.653  129.887    355.2    969.0
     1     1    21     9    25     2     0     0   -16.0   37.702  130.083    354.9    969.9
     1     1    21     9    25     1     0     0   -17.0   37.747  130.274    356.6    971.2
     1     1    21     9    25     0     0     0   -18.0   37.787  130.460    360.1    972.4
     1     1    21     9    24    23     0     0   -19.0   37.821  130.652    363.0    973.3
     1     1    21     9    24    22     0     0   -20.0   37.850  130.858    363.0    974.9
     1     1    21     9    24    21     0     0   -21.0   37.876  131.079    360.0    977.1
     1     1    21     9    24    20     0     0   -22.0   37.901  131.313    353.5    979.8
     1     1    21     9    24    19     0     0   -23.0   37.928  131.561    343.4    983.0
     1     1    21     9    24    18     0     0   -24.0   37.959  131.820    329.3    986.9
     1     1    21     9    24    17     0     0   -25.0   38.002  132.081    314.1    991.5
     1     1    21     9    24    16     0     0   -26.0   38.061  132.335    300.6    995.7
     1     1    21     9    24    15     0     0   -27.0   38.134  132.581    289.0    998.5
     1     1    21     9    24    14     0     0   -28.0   38.217  132.821    279.9    998.5
     1     1    21     9    24    13     0     0   -29.0   38.309  133.053    273.8    998.4
     1     1    21     9    24    12     0     0   -30.0   38.409  133.279    270.8    998.2
     1     1    21     9    24    11     0     0   -31.0   38.518  133.497    267.6    998.0
     1     1    21     9    24    10     0     0   -32.0   38.638  133.708    260.5    998.9
     1     1    21     9    24     9     0     0   -33.0   38.768  133.913    249.7   1000.6
     1     1    21     9    24     8     0     0   -34.0   38.910  134.113    235.5   1003.1
     1     1    21     9    24     7     0     0   -35.0   39.064  134.310    218.5   1006.4
     1     1    21     9    24     6     0     0   -36.0   39.230  134.506    199.3   1010.5
     1     1    21     9    24     5     0     0   -37.0   39.407  134.704    181.0   1014.0
     1     1    21     9    24     4     0     0   -38.0   39.594  134.906    166.2   1017.4
     1     1    21     9    24     3     0     0   -39.0   39.794  135.112    154.6   1019.8
     1     1    21     9    24     2     0     0   -40.0   40.011  135.319    146.1   1020.9
     1     1    21     9    24     1     0     0   -41.0   40.244  135.519    140.1   1017.5
     1     1    21     9    24     0     0     0   -42.0   40.491  135.704    136.9   1014.2
     1     1    21     9    23    23     0     0   -43.0   40.745  135.869    135.7   1010.4
     1     1    21     9    23    22     0     0   -44.0   40.999  136.010    135.5   1007.1
     1     1    21     9    23    21     0     0   -45.0   41.250  136.135    135.9   1004.0
     1     1    21     9    23    20     0     0   -46.0   41.498  136.248    136.8   1001.1
     1     1    21     9    23    19     0     0   -47.0   41.741  136.356    137.9    998.5
     1     1    21     9    23    18     0     0   -48.0   41.979  136.462    138.9    996.2
     1     1    21     9    23    17     0     0   -49.0   42.213  136.571    142.0    993.8
     1     1    21     9    23    16     0     0   -50.0   42.444  136.682    149.9    990.7
     1     1    21     9    23    15     0     0   -51.0   42.672  136.800    162.0    986.7
     1     1    21     9    23    14     0     0   -52.0   42.896  136.930    176.9    982.4
     1     1    21     9    23    13     0     0   -53.0   43.122  137.081    193.8    978.0
     1     1    21     9    23    12     0     0   -54.0   43.352  137.265    212.1    973.1
     1     1    21     9    23    11     0     0   -55.0   43.584  137.488    228.6    968.0
     1     1    21     9    23    10     0     0   -56.0   43.811  137.740    241.3    964.8
     1     1    21     9    23     9     0     0   -57.0   44.032  138.017    250.6    962.5
     1     1    21     9    23     8     0     0   -58.0   44.247  138.318    256.7    961.1
     1     1    21     9    23     7     0     0   -59.0   44.457  138.650    259.2    960.4
     1     1    21     9    23     6     0     0   -60.0   44.665  139.020    258.0    960.7
     1     1    21     9    23     5     0     0   -61.0   44.868  139.419    253.0    962.5
     1     1    21     9    23     4     0     0   -62.0   45.060  139.822    245.0    964.9
     1     1    21     9    23     3     0     0   -63.0   45.242  140.203    235.1    967.4
     1     1    21     9    23     2     0     0   -64.0   45.413  140.539    224.0    969.9
     1     1    21     9    23     1     0     0   -65.0   45.581  140.833    212.4    972.4
     1     1    21     9    23     0     0     0   -66.0   45.746  141.091    200.7    974.9
     1     1    21     9    22    23     0     0   -67.0   45.916  141.323    190.0    976.7
     1     1    21     9    22    22     0     0   -68.0   46.095  141.537    180.8    978.1
     1     1    21     9    22    21     0     0   -69.0   46.282  141.741    173.0    979.5
     1     1    21     9    22    20     0     0   -70.0   46.478  141.943    166.5    980.8
     1     1    21     9    22    19     0     0   -71.0   46.683  142.148    160.9    982.1
     1     1    21     9    22    18     0     0   -72.0   46.897  142.363    156.2    983.6
     1     1    21     9    22    17     0     0   -73.0   47.111  142.583    153.7    985.3
     1     1    21     9    22    16     0     0   -74.0   47.316  142.800    154.7    985.6
     1     1    21     9    22    15     0     0   -75.0   47.509  143.016    158.8    985.6
     1     1    21     9    22    14     0     0   -76.0   47.685  143.226    165.4    985.1
     1     1    21     9    22    13     0     0   -77.0   47.840  143.423    173.8    984.5
     1     1    21     9    22    12     0     0   -78.0   47.973  143.608    183.7    983.9
     1     1    21     9    22    11     0     0   -79.0   48.085  143.794    192.8    983.1
     1     1    21     9    22    10     0     0   -80.0   48.175  143.988    199.4    983.0
     1     1    21     9    22     9     0     0   -81.0   48.241  144.190    203.6    982.9
     1     1    21     9    22     8     0     0   -82.0   48.285  144.401    205.6    983.3
     1     1    21     9    22     7     0     0   -83.0   48.304  144.619    205.6    984.0
     1     1    21     9    22     6     0     0   -84.0   48.300  144.845    203.8    984.9
     1     1    21     9    22     5     0     0   -85.0   48.275  145.068    201.7    986.1
     1     1    21     9    22     4     0     0   -86.0   48.233  145.273    200.4    986.4
     1     1    21     9    22     3     0     0   -87.0   48.175  145.458    200.3    986.5
     1     1    21     9    22     2     0     0   -88.0   48.099  145.625    201.4    986.5
     1     1    21     9    22     1     0     0   -89.0   48.006  145.772    204.0    986.2
     1     1    21     9    22     0     0     0   -90.0   47.894  145.900    208.2    985.8
     1     1    21     9    21    23     0     0   -91.0   47.764  146.012    212.2    985.1
     1     1    21     9    21    22     0     0   -92.0   47.619  146.110    214.5    984.8
     1     1    21     9    21    21     0     0   -93.0   47.457  146.196    214.8    984.9
     1     1    21     9    21    20     0     0   -94.0   47.280  146.264    213.1    985.2
     1     1    21     9    21    19     0     0   -95.0   47.088  146.316    209.2    985.8
     1     1    21     9    21    18     0     0   -96.0   46.881  146.352    202.9    986.9
