     2     1
    CDC1    21     5     1     0     0
    CDC1    21     6     1     0     0
     1 BACKWARD OMEGA   
  2021     6     4    12   37.500  127.000   500.0
     1 PRESSURE
     1     1    21     6     4    12     0     0     0.0   37.500  127.000    500.0    925.6
     1     1    21     6     4    11     0     0    -1.0   37.280  126.597    488.6    929.3
     1     1    21     6     4    10     0     0    -2.0   37.070  126.227    474.1    933.3
     1     1    21     6     4     9     0     0    -3.0   36.864  125.888    456.9    937.4
     1     1    21     6     4     8     0     0    -4.0   36.661  125.576    437.2    941.7
     1     1    21     6     4     7     0     0    -5.0   36.459  125.289    415.7    946.2
     1     1    21     6     4     6     0     0    -6.0   36.261  125.022    392.9    950.8
     1     1    21     6     4     5     0     0    -7.0   36.086  124.775    372.2    954.4
     1     1    21     6     4     4     0     0    -8.0   35.951  124.546    355.6    956.8
     1     1    21     6     4     3     0     0    -9.0   35.846  124.334    342.1    958.9
     1     1    21     6     4     2     0     0   -10.0   35.766  124.137    330.7    960.6
     1     1    21     6     4     1     0     0   -11.0   35.709  123.954    320.8    962.2
     1     1    21     6     4     0     0     0   -12.0   35.669  123.784    311.7    963.7
     1     1    21     6     3    23     0     0   -13.0   35.644  123.614    302.8    964.8
     1     1    21     6     3    22     0     0   -14.0   35.632  123.431    293.3    966.1
     1     1    21     6     3    21     0     0   -15.0   35.634  123.236    283.1    967.5
     1     1    21     6     3    20     0     0   -16.0   35.651  123.029    272.2    969.0
     1     1    21     6     3    19     0     0   -17.0   35.684  122.812    260.3    970.7
     1     1    21     6     3    18     0     0   -18.0   35.734  122.584    247.3    972.6
     1     1    21     6     3    17     0     0   -19.0   35.798  122.363    236.8    974.3
     1     1    21     6     3    16     0     0   -20.0   35.876  122.163    232.7    974.6
     1     1    21     6     3    15     0     0   -21.0   35.969  121.985    235.7    974.1
     1     1    21     6     3    14     0     0   -22.0   36.079  121.829    245.4    972.9
     1     1    21     6     3    13     0     0   -23.0   36.210  121.695    262.2    970.9
     1     1    21     6     3    12     0     0   -24.0   36.363  121.586    286.1    968.3
     1     1    21     6     3    11     0     0   -25.0   36.528  121.486    312.3    965.2
     1     1    21     6     3    10     0     0   -26.0   36.691  121.378    335.3    963.2
     1     1    21     6     3     9     0     0   -27.0   36.853  121.264    354.6    961.8
     1     1    21     6     3     8     0     0   -28.0   37.016  121.141    370.1    961.0
     1     1    21     6     3     7     0     0   -29.0   37.181  121.012    382.1    960.6
     1     1    21     6     3     6     0     0   -30.0   37.352  120.875    390.7    960.5
     1     1    21     6     3     5     0     0   -31.0   37.515  120.745    399.2    960.3
     1     1    21     6     3     4     0     0   -32.0   37.662  120.633    410.5    957.9
     1     1    21     6     3     3     0     0   -33.0   37.794  120.538    424.6    955.3
     1     1    21     6     3     2     0     0   -34.0   37.916  120.460    441.4    952.5
     1     1    21     6     3     1     0     0   -35.0   38.030  120.399    460.6    949.4
     1     1    21     6     3     0     0     0   -36.0   38.140  120.355    482.2    946.2
     1     1    21     6     2    23     0     0   -37.0   38.242  120.316    504.5    943.1
     1     1    21     6     2    22     0     0   -38.0   38.334  120.268    525.5    940.4
     1     1    21     6     2    21     0     0   -39.0   38.414  120.213    545.3    937.9
     1     1    21     6     2    20     0     0   -40.0   38.485  120.152    563.6    935.7
     1     1    21     6     2    19     0     0   -41.0   38.545  120.086    580.0    933.7
     1     1    21     6     2    18     0     0   -42.0   38.595  120.018    594.0    932.1
     1     1    21     6     2    17     0     0   -43.0   38.623  119.943    604.5    930.3
     1     1    21     6     2    16     0     0   -44.0   38.618  119.861    610.1    929.1
     1     1    21     6     2    15     0     0   -45.0   38.579  119.772    610.7    928.7
     1     1    21     6     2    14     0     0   -46.0   38.504  119.681    606.6    929.1
     1     1    21     6     2    13     0     0   -47.0   38.392  119.591    598.7    930.4
     1     1    21     6     2    12     0     0   -48.0   38.240  119.507    588.0    932.4
     1     1    21     6     2    11     0     0   -49.0   38.056  119.435    577.0    935.2
     1     1    21     6     2    10     0     0   -50.0   37.849  119.380    567.3    938.1
     1     1    21     6     2     9     0     0   -51.0   37.621  119.343    559.0    941.3
     1     1    21     6     2     8     0     0   -52.0   37.373  119.324    551.1    942.9
     1     1    21     6     2     7     0     0   -53.0   37.110  119.318    542.0    942.8
     1     1    21     6     2     6     0     0   -54.0   36.835  119.323    531.5    943.0
     1     1    21     6     2     5     0     0   -55.0   36.549  119.339    521.2    943.6
     1     1    21     6     2     4     0     0   -56.0   36.252  119.364    513.2    943.8
     1     1    21     6     2     3     0     0   -57.0   35.947  119.397    508.4    943.7
     1     1    21     6     2     2     0     0   -58.0   35.634  119.436    508.1    943.0
     1     1    21     6     2     1     0     0   -59.0   35.316  119.479    513.4    941.7
     1     1    21     6     2     0     0     0   -60.0   34.992  119.524    525.8    939.7
     1     1    21     6     1    23     0     0   -61.0   34.662  119.568    539.8    937.6
     1     1    21     6     1    22     0     0   -62.0   34.328  119.613    549.1    936.7
     1     1    21     6     1    21     0     0   -63.0   33.990  119.661    553.6    936.4
     1     1    21     6     1    20     0     0   -64.0   33.648  119.715    553.6    936.8
     1     1    21     6     1    19     0     0   -65.0   33.302  119.779    549.5    937.7
     1     1    21     6     1    18     0     0   -66.0   32.953  119.857    541.6    939.3
     1     1    21     6     1    17     0     0   -67.0   32.614  119.962    532.3    941.1
     1     1    21     6     1    16     0     0   -68.0   32.296  120.098    524.1    940.8
     1     1    21     6     1    15     0     0   -69.0   31.997  120.255    516.3    939.8
     1     1    21     6     1    14     0     0   -70.0   31.716  120.429    509.1    939.4
     1     1    21     6     1    13     0     0   -71.0   31.454  120.619    502.3    939.5
     1     1    21     6     1    12     0     0   -72.0   31.209  120.825    495.8    940.1
     1     1    21     6     1    11     0     0   -73.0   30.973  121.038    488.0    941.1
     1     1    21     6     1    10     0     0   -74.0   30.736  121.250    477.2    942.8
     1     1    21     6     1     9     0     0   -75.0   30.496  121.462    463.8    945.0
     1     1    21     6     1     8     0     0   -76.0   30.251  121.672    447.7    947.5
     1     1    21     6     1     7     0     0   -77.0   30.000  121.883    428.9    950.6
     1     1    21     6     1     6     0     0   -78.0   29.746  122.093    408.0    955.1
     1     1    21     6     1     5     0     0   -79.0   29.506  122.308    385.7    959.8
     1     1    21     6     1     4     0     0   -80.0   29.292  122.534    363.5    963.9
     1     1    21     6     1     3     0     0   -81.0   29.106  122.767    341.0    966.4
     1     1    21     6     1     2     0     0   -82.0   28.952  123.008    319.1    969.1
     1     1    21     6     1     1     0     0   -83.0   28.826  123.254    298.1    971.9
     1     1    21     6     1     0     0     0   -84.0   28.727  123.505    278.3    974.7
     1     1    21     5    31    23     0     0   -85.0   28.647  123.759    260.6    977.2
     1     1    21     5    31    22     0     0   -86.0   28.577  124.016    245.5    979.4
     1     1    21     5    31    21     0     0   -87.0   28.519  124.275    233.2    981.3
     1     1    21     5    31    20     0     0   -88.0   28.474  124.535    223.9    982.8
     1     1    21     5    31    19     0     0   -89.0   28.441  124.796    217.5    983.9
     1     1    21     5    31    18     0     0   -90.0   28.423  125.055    214.2    984.5
     1     1    21     5    31    17     0     0   -91.0   28.417  125.312    211.9    984.7
     1     1    21     5    31    16     0     0   -92.0   28.423  125.563    208.4    985.4
     1     1    21     5    31    15     0     0   -93.0   28.440  125.810    203.6    986.2
     1     1    21     5    31    14     0     0   -94.0   28.465  126.052    197.2    987.2
     1     1    21     5    31    13     0     0   -95.0   28.496  126.290    189.3    988.2
     1     1    21     5    31    12     0     0   -96.0   28.533  126.523    179.7    989.4
