     2     1
    CDC1    21    10     1     0     0
    CDC1    21    11     1     0     0
     1 BACKWARD OMEGA   
  2021    11     6    12   37.500  127.000   500.0
     1 PRESSURE
     1     1    21    11     6    12     0     0     0.0   37.500  127.000    500.0    944.0
     1     1    21    11     6    11     0     0    -1.0   37.496  127.054    529.4    940.4
     1     1    21    11     6    10     0     0    -2.0   37.490  127.118    560.4    936.5
     1     1    21    11     6     9     0     0    -3.0   37.482  127.193    593.3    932.5
     1     1    21    11     6     8     0     0    -4.0   37.473  127.281    628.7    928.2
     1     1    21    11     6     7     0     0    -5.0   37.463  127.384    666.5    922.9
     1     1    21    11     6     6     0     0    -6.0   37.455  127.504    706.8    917.4
     1     1    21    11     6     5     0     0    -7.0   37.449  127.639    750.0    913.1
     1     1    21    11     6     4     0     0    -8.0   37.447  127.787    795.5    908.7
     1     1    21    11     6     3     0     0    -9.0   37.451  127.948    843.2    904.2
     1     1    21    11     6     2     0     0   -10.0   37.461  128.120    893.2    899.6
     1     1    21    11     6     1     0     0   -11.0   37.479  128.302    945.5    894.8
     1     1    21    11     6     0     0     0   -12.0   37.509  128.494    999.9    889.2
     1     1    21    11     5    23     0     0   -13.0   37.548  128.682   1054.7    883.2
     1     1    21    11     5    22     0     0   -14.0   37.592  128.855   1108.3    877.5
     1     1    21    11     5    21     0     0   -15.0   37.638  129.013   1160.5    872.0
     1     1    21    11     5    20     0     0   -16.0   37.689  129.155   1210.9    866.8
     1     1    21    11     5    19     0     0   -17.0   37.741  129.282   1259.2    861.8
     1     1    21    11     5    18     0     0   -18.0   37.796  129.393   1305.1    856.9
     1     1    21    11     5    17     0     0   -19.0   37.854  129.489   1350.8    851.7
     1     1    21    11     5    16     0     0   -20.0   37.919  129.570   1400.0    845.8
     1     1    21    11     5    15     0     0   -21.0   37.990  129.636   1452.2    839.7
     1     1    21    11     5    14     0     0   -22.0   38.068  129.690   1507.3    833.2
     1     1    21    11     5    13     0     0   -23.0   38.151  129.730   1565.4    826.4
     1     1    21    11     5    12     0     0   -24.0   38.239  129.758   1627.0    819.3
     1     1    21    11     5    11     0     0   -25.0   38.331  129.775   1690.0    812.3
     1     1    21    11     5    10     0     0   -26.0   38.427  129.784   1749.9    805.5
     1     1    21    11     5     9     0     0   -27.0   38.525  129.783   1807.4    798.9
     1     1    21    11     5     8     0     0   -28.0   38.626  129.771   1862.3    792.6
     1     1    21    11     5     7     0     0   -29.0   38.729  129.747   1914.8    786.5
     1     1    21    11     5     6     0     0   -30.0   38.834  129.709   1964.6    780.7
     1     1    21    11     5     5     0     0   -31.0   38.947  129.657   2010.9    774.9
     1     1    21    11     5     4     0     0   -32.0   39.073  129.588   2052.8    769.4
     1     1    21    11     5     3     0     0   -33.0   39.208  129.503   2089.9    764.1
     1     1    21    11     5     2     0     0   -34.0   39.352  129.402   2121.8    759.2
     1     1    21    11     5     1     0     0   -35.0   39.503  129.285   2148.0    754.5
     1     1    21    11     5     0     0     0   -36.0   39.659  129.153   2167.6    750.3
     1     1    21    11     4    23     0     0   -37.0   39.813  129.002   2183.6    746.2
     1     1    21    11     4    22     0     0   -38.0   39.963  128.825   2201.9    741.2
     1     1    21    11     4    21     0     0   -39.0   40.108  128.624   2222.7    736.0
     1     1    21    11     4    20     0     0   -40.0   40.249  128.396   2247.1    730.3
     1     1    21    11     4    19     0     0   -41.0   40.388  128.145   2275.9    724.2
     1     1    21    11     4    18     0     0   -42.0   40.524  127.870   2309.9    717.6
     1     1    21    11     4    17     0     0   -43.0   40.662  127.573   2345.7    710.4
     1     1    21    11     4    16     0     0   -44.0   40.800  127.258   2380.9    707.4
     1     1    21    11     4    15     0     0   -45.0   40.938  126.928   2411.8    706.2
     1     1    21    11     4    14     0     0   -46.0   41.075  126.584   2437.0    705.8
     1     1    21    11     4    13     0     0   -47.0   41.213  126.229   2456.5    706.2
     1     1    21    11     4    12     0     0   -48.0   41.353  125.864   2470.5    707.2
     1     1    21    11     4    11     0     0   -49.0   41.493  125.485   2480.7    709.0
     1     1    21    11     4    10     0     0   -50.0   41.627  125.086   2491.6    711.0
     1     1    21    11     4     9     0     0   -51.0   41.756  124.668   2502.9    712.6
     1     1    21    11     4     8     0     0   -52.0   41.879  124.234   2516.0    713.9
     1     1    21    11     4     7     0     0   -53.0   41.997  123.782   2531.3    715.1
     1     1    21    11     4     6     0     0   -54.0   42.110  123.311   2548.8    716.3
     1     1    21    11     4     5     0     0   -55.0   42.217  122.833   2568.2    717.2
     1     1    21    11     4     4     0     0   -56.0   42.318  122.356   2587.9    715.3
     1     1    21    11     4     3     0     0   -57.0   42.415  121.880   2603.8    706.9
     1     1    21    11     4     2     0     0   -58.0   42.513  121.404   2623.6    698.1
     1     1    21    11     4     1     0     0   -59.0   42.614  120.928   2649.3    689.2
     1     1    21    11     4     0     0     0   -60.0   42.723  120.452   2681.3    679.7
     1     1    21    11     3    23     0     0   -61.0   42.837  119.964   2713.2    669.1
     1     1    21    11     3    22     0     0   -62.0   42.951  119.449   2732.9    657.1
     1     1    21    11     3    21     0     0   -63.0   43.062  118.906   2742.5    646.0
     1     1    21    11     3    20     0     0   -64.0   43.173  118.332   2742.7    635.4
     1     1    21    11     3    19     0     0   -65.0   43.286  117.726   2734.2    625.3
     1     1    21    11     3    18     0     0   -66.0   43.400  117.090   2725.4    620.4
     1     1    21    11     3    17     0     0   -67.0   43.507  116.435   2721.5    618.9
     1     1    21    11     3    16     0     0   -68.0   43.608  115.768   2722.9    616.6
     1     1    21    11     3    15     0     0   -69.0   43.705  115.084   2727.9    614.5
     1     1    21    11     3    14     0     0   -70.0   43.801  114.385   2743.7    616.8
     1     1    21    11     3    13     0     0   -71.0   43.897  113.674   2764.8    619.3
     1     1    21    11     3    12     0     0   -72.0   43.994  112.947   2789.4    621.5
     1     1    21    11     3    11     0     0   -73.0   44.089  112.209   2816.3    622.2
     1     1    21    11     3    10     0     0   -74.0   44.181  111.462   2847.2    620.0
     1     1    21    11     3     9     0     0   -75.0   44.275  110.702   2885.6    616.6
     1     1    21    11     3     8     0     0   -76.0   44.371  109.922   2928.7    612.1
     1     1    21    11     3     7     0     0   -77.0   44.469  109.110   2970.9    604.0
     1     1    21    11     3     6     0     0   -78.0   44.572  108.254   3016.3    595.3
     1     1    21    11     3     5     0     0   -79.0   44.691  107.361   3066.6    586.0
     1     1    21    11     3     4     0     0   -80.0   44.834  106.440   3126.5    576.4
     1     1    21    11     3     3     0     0   -81.0   45.002  105.490   3194.2    565.9
     1     1    21    11     3     2     0     0   -82.0   45.192  104.514   3268.3    554.6
     1     1    21    11     3     1     0     0   -83.0   45.390  103.522   3341.2    542.2
     1     1    21    11     3     0     0     0   -84.0   45.588  102.512   3412.1    529.7
     1     1    21    11     2    23     0     0   -85.0   45.762  101.483   3463.4    513.5
     1     1    21    11     2    22     0     0   -86.0   45.899  100.437   3497.0    498.9
     1     1    21    11     2    21     0     0   -87.0   46.013   99.377   3526.5    489.2
     1     1    21    11     2    20     0     0   -88.0   46.110   98.307   3548.9    483.9
     1     1    21    11     2    19     0     0   -89.0   46.194   97.230   3561.6    482.6
     1     1    21    11     2    18     0     0   -90.0   46.265   96.145   3576.0    490.0
     1     1    21    11     2    17     0     0   -91.0   46.331   95.051   3576.2    499.0
     1     1    21    11     2    16     0     0   -92.0   46.406   93.942   3570.6    509.5
     1     1    21    11     2    15     0     0   -93.0   46.490   92.829   3556.6    520.2
     1     1    21    11     2    14     0     0   -94.0   46.583   91.723   3529.9    528.6
     1     1    21    11     2    13     0     0   -95.0   46.686   90.636   3498.0    535.4
     1     1    21    11     2    12     0     0   -96.0   46.795   89.578   3468.8    542.7
