     2     1
    CDC1    21     7     1     0     0
    CDC1    21     8     1     0     0
     1 BACKWARD OMEGA   
  2021     8    15    15   37.500  127.000   500.0
     1 PRESSURE
     1     1    21     8    15    15     0     0     0.0   37.500  127.000    500.0    940.2
     1     1    21     8    15    14     0     0    -1.0   37.501  127.172    495.1    939.6
     1     1    21     8    15    13     0     0    -2.0   37.515  127.344    490.4    938.7
     1     1    21     8    15    12     0     0    -3.0   37.545  127.517    485.8    937.6
     1     1    21     8    15    11     0     0    -4.0   37.582  127.688    481.7    938.1
     1     1    21     8    15    10     0     0    -5.0   37.622  127.857    478.4    938.5
     1     1    21     8    15     9     0     0    -6.0   37.662  128.023    475.5    938.8
     1     1    21     8    15     8     0     0    -7.0   37.704  128.186    473.1    939.2
     1     1    21     8    15     7     0     0    -8.0   37.748  128.347    471.0    939.4
     1     1    21     8    15     6     0     0    -9.0   37.794  128.506    469.1    939.7
     1     1    21     8    15     5     0     0   -10.0   37.848  128.668    467.4    939.9
     1     1    21     8    15     4     0     0   -11.0   37.917  128.837    465.9    940.0
     1     1    21     8    15     3     0     0   -12.0   38.001  129.015    464.8    939.9
     1     1    21     8    15     2     0     0   -13.0   38.099  129.202    464.4    939.7
     1     1    21     8    15     1     0     0   -14.0   38.213  129.398    465.0    939.4
     1     1    21     8    15     0     0     0   -15.0   38.342  129.604    466.9    939.0
     1     1    21     8    14    23     0     0   -16.0   38.481  129.815    470.3    938.2
     1     1    21     8    14    22     0     0   -17.0   38.623  130.026    475.1    937.5
     1     1    21     8    14    21     0     0   -18.0   38.767  130.234    480.4    937.9
     1     1    21     8    14    20     0     0   -19.0   38.911  130.437    485.3    938.6
     1     1    21     8    14    19     0     0   -20.0   39.054  130.638    489.2    939.6
     1     1    21     8    14    18     0     0   -21.0   39.198  130.836    491.6    940.9
     1     1    21     8    14    17     0     0   -22.0   39.343  131.040    492.7    943.1
     1     1    21     8    14    16     0     0   -23.0   39.489  131.257    492.8    945.9
     1     1    21     8    14    15     0     0   -24.0   39.636  131.489    492.3    949.2
     1     1    21     8    14    14     0     0   -25.0   39.782  131.735    491.4    953.3
     1     1    21     8    14    13     0     0   -26.0   39.928  131.994    490.3    957.9
     1     1    21     8    14    12     0     0   -27.0   40.069  132.265    489.2    962.2
     1     1    21     8    14    11     0     0   -28.0   40.202  132.541    486.6    964.7
     1     1    21     8    14    10     0     0   -29.0   40.328  132.818    481.1    963.9
     1     1    21     8    14     9     0     0   -30.0   40.447  133.099    473.8    963.5
     1     1    21     8    14     8     0     0   -31.0   40.562  133.384    464.6    963.5
     1     1    21     8    14     7     0     0   -32.0   40.677  133.677    453.6    963.8
     1     1    21     8    14     6     0     0   -33.0   40.794  133.978    441.0    964.4
     1     1    21     8    14     5     0     0   -34.0   40.911  134.290    428.0    965.9
     1     1    21     8    14     4     0     0   -35.0   41.024  134.615    415.3    967.5
     1     1    21     8    14     3     0     0   -36.0   41.134  134.952    402.4    969.4
     1     1    21     8    14     2     0     0   -37.0   41.242  135.298    389.0    969.3
     1     1    21     8    14     1     0     0   -38.0   41.346  135.653    374.9    968.7
     1     1    21     8    14     0     0     0   -39.0   41.446  136.017    360.4    968.3
     1     1    21     8    13    23     0     0   -40.0   41.543  136.378    345.4    967.9
     1     1    21     8    13    22     0     0   -41.0   41.633  136.726    330.4    967.8
     1     1    21     8    13    21     0     0   -42.0   41.716  137.061    315.8    968.0
     1     1    21     8    13    20     0     0   -43.0   41.789  137.382    301.8    968.4
     1     1    21     8    13    19     0     0   -44.0   41.849  137.692    289.1    969.5
     1     1    21     8    13    18     0     0   -45.0   41.891  137.989    278.2    970.7
     1     1    21     8    13    17     0     0   -46.0   41.909  138.282    270.2    971.9
     1     1    21     8    13    16     0     0   -47.0   41.899  138.576    265.4    972.5
     1     1    21     8    13    15     0     0   -48.0   41.860  138.871    263.6    972.8
     1     1    21     8    13    14     0     0   -49.0   41.792  139.168    264.2    972.7
     1     1    21     8    13    13     0     0   -50.0   41.694  139.466    266.9    972.2
     1     1    21     8    13    12     0     0   -51.0   41.565  139.767    271.2    971.4
     1     1    21     8    13    11     0     0   -52.0   41.418  140.068    274.4    970.1
     1     1    21     8    13    10     0     0   -53.0   41.269  140.365    274.2    969.8
     1     1    21     8    13     9     0     0   -54.0   41.126  140.658    270.9    970.0
     1     1    21     8    13     8     0     0   -55.0   40.992  140.946    264.9    970.6
     1     1    21     8    13     7     0     0   -56.0   40.869  141.232    256.7    971.6
     1     1    21     8    13     6     0     0   -57.0   40.762  141.516    246.7    972.8
     1     1    21     8    13     5     0     0   -58.0   40.674  141.803    236.4    974.6
     1     1    21     8    13     4     0     0   -59.0   40.606  142.091    227.1    976.1
     1     1    21     8    13     3     0     0   -60.0   40.558  142.381    218.4    977.6
     1     1    21     8    13     2     0     0   -61.0   40.528  142.669    210.5    979.3
     1     1    21     8    13     1     0     0   -62.0   40.510  142.951    203.7    980.9
     1     1    21     8    13     0     0     0   -63.0   40.502  143.224    197.9    982.2
     1     1    21     8    12    23     0     0   -64.0   40.493  143.491    191.6    982.8
     1     1    21     8    12    22     0     0   -65.0   40.473  143.756    183.4    984.0
     1     1    21     8    12    21     0     0   -66.0   40.444  144.021    173.4    985.4
     1     1    21     8    12    20     0     0   -67.0   40.404  144.289    161.6    987.1
     1     1    21     8    12    19     0     0   -68.0   40.355  144.563    148.1    989.3
     1     1    21     8    12    18     0     0   -69.0   40.296  144.845    133.0    991.9
     1     1    21     8    12    17     0     0   -70.0   40.234  145.131    118.9    995.7
     1     1    21     8    12    16     0     0   -71.0   40.179  145.408    108.1    999.2
     1     1    21     8    12    15     0     0   -72.0   40.133  145.670    100.4   1002.2
     1     1    21     8    12    14     0     0   -73.0   40.097  145.916     95.5   1004.6
     1     1    21     8    12    13     0     0   -74.0   40.070  146.145     93.0   1006.5
     1     1    21     8    12    12     0     0   -75.0   40.050  146.357     92.7   1007.9
     1     1    21     8    12    11     0     0   -76.0   40.041  146.552     93.3   1008.6
     1     1    21     8    12    10     0     0   -77.0   40.045  146.731     93.5   1009.4
     1     1    21     8    12     9     0     0   -78.0   40.063  146.895     93.4   1010.2
     1     1    21     8    12     8     0     0   -79.0   40.095  147.042     92.9   1010.8
     1     1    21     8    12     7     0     0   -80.0   40.140  147.172     92.1   1011.4
     1     1    21     8    12     6     0     0   -81.0   40.201  147.286     91.0   1011.8
     1     1    21     8    12     5     0     0   -82.0   40.277  147.386     90.4   1012.5
     1     1    21     8    12     4     0     0   -83.0   40.368  147.477     91.5   1012.6
     1     1    21     8    12     3     0     0   -84.0   40.474  147.558     94.4   1012.1
     1     1    21     8    12     2     0     0   -85.0   40.593  147.628     99.2   1011.1
     1     1    21     8    12     1     0     0   -86.0   40.723  147.686    106.4   1009.9
     1     1    21     8    12     0     0     0   -87.0   40.862  147.732    116.5   1008.3
     1     1    21     8    11    23     0     0   -88.0   41.020  147.764    127.4   1005.6
     1     1    21     8    11    22     0     0   -89.0   41.207  147.775    136.0   1003.4
     1     1    21     8    11    21     0     0   -90.0   41.424  147.770    141.7   1001.5
     1     1    21     8    11    20     0     0   -91.0   41.671  147.752    143.9    999.9
     1     1    21     8    11    19     0     0   -92.0   41.951  147.723    142.0    998.5
     1     1    21     8    11    18     0     0   -93.0   42.264  147.689    135.5    997.6
     1     1    21     8    11    17     0     0   -94.0   42.604  147.647    127.6    997.4
     1     1    21     8    11    16     0     0   -95.0   42.958  147.598    121.9    997.3
     1     1    21     8    11    15     0     0   -96.0   43.322  147.550    118.6    997.1
