     2     1
    CDC1    21     4     1     0     0
    CDC1    21     5     1     0     0
     1 BACKWARD OMEGA   
  2021     5    26    21   37.500  127.000   500.0
     1 PRESSURE
     1     1    21     5    26    21     0     0     0.0   37.500  127.000    500.0    924.3
     1     1    21     5    26    20     0     0    -1.0   37.393  126.874    482.4    927.5
     1     1    21     5    26    19     0     0    -2.0   37.254  126.753    461.8    931.2
     1     1    21     5    26    18     0     0    -3.0   37.081  126.641    437.9    935.3
     1     1    21     5    26    17     0     0    -4.0   36.883  126.532    412.0    940.1
     1     1    21     5    26    16     0     0    -5.0   36.669  126.417    385.9    944.8
     1     1    21     5    26    15     0     0    -6.0   36.438  126.301    359.0    949.1
     1     1    21     5    26    14     0     0    -7.0   36.190  126.187    330.8    953.7
     1     1    21     5    26    13     0     0    -8.0   35.923  126.078    300.7    958.5
     1     1    21     5    26    12     0     0    -9.0   35.634  125.979    268.0    963.9
     1     1    21     5    26    11     0     0   -10.0   35.334  125.895    236.0    969.4
     1     1    21     5    26    10     0     0   -11.0   35.033  125.826    209.1    974.1
     1     1    21     5    26     9     0     0   -12.0   34.731  125.771    188.5    977.5
     1     1    21     5    26     8     0     0   -13.0   34.428  125.729    175.5    980.0
     1     1    21     5    26     7     0     0   -14.0   34.124  125.702    170.3    981.7
     1     1    21     5    26     6     0     0   -15.0   33.823  125.689    173.0    982.6
     1     1    21     5    26     5     0     0   -16.0   33.531  125.690    179.6    983.1
     1     1    21     5    26     4     0     0   -17.0   33.259  125.704    185.6    984.0
     1     1    21     5    26     3     0     0   -18.0   33.007  125.728    191.0    984.8
     1     1    21     5    26     2     0     0   -19.0   32.779  125.763    195.6    985.6
     1     1    21     5    26     1     0     0   -20.0   32.576  125.805    199.2    986.4
     1     1    21     5    26     0     0     0   -21.0   32.398  125.851    201.4    986.8
     1     1    21     5    25    23     0     0   -22.0   32.244  125.899    203.2    986.8
     1     1    21     5    25    22     0     0   -23.0   32.110  125.949    205.1    986.6
     1     1    21     5    25    21     0     0   -24.0   31.996  126.001    207.3    986.4
     1     1    21     5    25    20     0     0   -25.0   31.902  126.054    209.7    986.1
     1     1    21     5    25    19     0     0   -26.0   31.828  126.109    212.2    985.8
     1     1    21     5    25    18     0     0   -27.0   31.772  126.164    214.9    985.5
     1     1    21     5    25    17     0     0   -28.0   31.734  126.213    217.7    985.1
     1     1    21     5    25    16     0     0   -29.0   31.713  126.250    220.8    984.7
     1     1    21     5    25    15     0     0   -30.0   31.706  126.273    224.0    984.3
     1     1    21     5    25    14     0     0   -31.0   31.714  126.282    227.2    983.8
     1     1    21     5    25    13     0     0   -32.0   31.736  126.278    230.6    983.4
     1     1    21     5    25    12     0     0   -33.0   31.771  126.261    234.1    982.9
     1     1    21     5    25    11     0     0   -34.0   31.810  126.214    237.8    982.2
     1     1    21     5    25    10     0     0   -35.0   31.844  126.123    241.6    981.6
     1     1    21     5    25     9     0     0   -36.0   31.873  125.991    245.5    981.0
     1     1    21     5    25     8     0     0   -37.0   31.902  125.818    249.4    980.5
     1     1    21     5    25     7     0     0   -38.0   31.932  125.607    253.3    980.1
     1     1    21     5    25     6     0     0   -39.0   31.970  125.359    257.0    979.9
     1     1    21     5    25     5     0     0   -40.0   32.011  125.096    260.2    980.0
     1     1    21     5    25     4     0     0   -41.0   32.049  124.835    262.6    980.3
     1     1    21     5    25     3     0     0   -42.0   32.082  124.575    263.6    980.8
     1     1    21     5    25     2     0     0   -43.0   32.109  124.315    263.3    981.4
     1     1    21     5    25     1     0     0   -44.0   32.129  124.053    261.7    982.3
     1     1    21     5    25     0     0     0   -45.0   32.145  123.785    258.9    983.3
     1     1    21     5    24    23     0     0   -46.0   32.144  123.524    254.1    984.0
     1     1    21     5    24    22     0     0   -47.0   32.116  123.282    246.4    985.1
     1     1    21     5    24    21     0     0   -48.0   32.055  123.056    235.7    986.4
     1     1    21     5    24    20     0     0   -49.0   31.960  122.846    222.2    987.9
     1     1    21     5    24    19     0     0   -50.0   31.830  122.653    206.1    989.6
     1     1    21     5    24    18     0     0   -51.0   31.667  122.476    188.4    990.9
     1     1    21     5    24    17     0     0   -52.0   31.505  122.328    173.3    991.5
     1     1    21     5    24    16     0     0   -53.0   31.372  122.217    163.5    991.4
     1     1    21     5    24    15     0     0   -54.0   31.265  122.139    158.0    991.2
     1     1    21     5    24    14     0     0   -55.0   31.183  122.093    156.4    990.8
     1     1    21     5    24    13     0     0   -56.0   31.123  122.077    158.2    990.4
     1     1    21     5    24    12     0     0   -57.0   31.086  122.091    163.5    990.0
     1     1    21     5    24    11     0     0   -58.0   31.078  122.109    170.7    989.3
     1     1    21     5    24    10     0     0   -59.0   31.100  122.106    178.4    988.6
     1     1    21     5    24     9     0     0   -60.0   31.150  122.081    186.6    987.8
     1     1    21     5    24     8     0     0   -61.0   31.227  122.034    195.1    987.0
     1     1    21     5    24     7     0     0   -62.0   31.330  121.965    203.9    986.0
     1     1    21     5    24     6     0     0   -63.0   31.459  121.873    213.2    984.7
     1     1    21     5    24     5     0     0   -64.0   31.604  121.772    222.3    983.5
     1     1    21     5    24     4     0     0   -65.0   31.755  121.678    230.3    982.7
     1     1    21     5    24     3     0     0   -66.0   31.916  121.592    237.2    982.2
     1     1    21     5    24     2     0     0   -67.0   32.088  121.514    242.9    982.2
     1     1    21     5    24     1     0     0   -68.0   32.274  121.446    247.4    982.5
     1     1    21     5    24     0     0     0   -69.0   32.476  121.390    250.6    983.3
     1     1    21     5    23    23     0     0   -70.0   32.671  121.334    250.8    982.2
     1     1    21     5    23    22     0     0   -71.0   32.838  121.268    247.2    981.6
     1     1    21     5    23    21     0     0   -72.0   32.977  121.193    240.1    981.5
     1     1    21     5    23    20     0     0   -73.0   33.091  121.109    229.9    981.9
     1     1    21     5    23    19     0     0   -74.0   33.182  121.018    216.7    982.7
     1     1    21     5    23    18     0     0   -75.0   33.252  120.919    201.0    984.1
     1     1    21     5    23    17     0     0   -76.0   33.311  120.832    184.3    985.4
     1     1    21     5    23    16     0     0   -77.0   33.372  120.778    167.6    986.6
     1     1    21     5    23    15     0     0   -78.0   33.435  120.757    150.9    988.0
     1     1    21     5    23    14     0     0   -79.0   33.497  120.771    133.8    989.7
     1     1    21     5    23    13     0     0   -80.0   33.560  120.820    116.4    991.8
     1     1    21     5    23    12     0     0   -81.0   33.621  120.905     98.5    994.2
     1     1    21     5    23    11     0     0   -82.0   33.676  121.008     81.1    996.9
     1     1    21     5    23    10     0     0   -83.0   33.721  121.110     65.7    998.8
     1     1    21     5    23     9     0     0   -84.0   33.756  121.211     52.9   1000.2
     1     1    21     5    23     8     0     0   -85.0   33.781  121.312     42.5   1001.5
     1     1    21     5    23     7     0     0   -86.0   33.794  121.413     34.4   1002.7
     1     1    21     5    23     6     0     0   -87.0   33.791  121.514     28.0   1003.9
     1     1    21     5    23     5     0     0   -88.0   33.766  121.617     22.8   1005.1
     1     1    21     5    23     4     0     0   -89.0   33.715  121.725     18.3   1006.6
     1     1    21     5    23     3     0     0   -90.0   33.640  121.840     14.6   1008.0
     1     1    21     5    23     2     0     0   -91.0   33.547  121.962     11.6   1009.6
     1     1    21     5    23     1     0     0   -92.0   33.440  122.093      9.3   1010.9
     1     1    21     5    23     0     0     0   -93.0   33.323  122.232      7.2   1012.1
     1     1    21     5    22    23     0     0   -94.0   33.201  122.373      5.4   1013.2
     1     1    21     5    22    22     0     0   -95.0   33.080  122.507      3.9   1014.2
     1     1    21     5    22    21     0     0   -96.0   32.961  122.634      2.7   1014.4
