     2     1
    CDC1    21     3     1     0     0
    CDC1    21     4     1     0     0
     1 BACKWARD OMEGA   
  2021     4     8     6   37.500  127.000   500.0
     1 PRESSURE
     1     1    21     4     8     6     0     0     0.0   37.500  127.000    500.0    939.0
     1     1    21     4     8     5     0     0    -1.0   37.672  126.789    521.6    935.7
     1     1    21     4     8     4     0     0    -2.0   37.850  126.599    542.5    932.2
     1     1    21     4     8     3     0     0    -3.0   38.034  126.431    563.0    928.7
     1     1    21     4     8     2     0     0    -4.0   38.222  126.284    583.3    925.2
     1     1    21     4     8     1     0     0    -5.0   38.413  126.158    603.9    921.4
     1     1    21     4     8     0     0     0    -6.0   38.609  126.053    625.2    917.5
     1     1    21     4     7    23     0     0    -7.0   38.811  125.952    646.6    912.3
     1     1    21     4     7    22     0     0    -8.0   39.023  125.833    667.8    907.4
     1     1    21     4     7    21     0     0    -9.0   39.242  125.695    689.1    902.7
     1     1    21     4     7    20     0     0   -10.0   39.466  125.535    711.0    898.3
     1     1    21     4     7    19     0     0   -11.0   39.693  125.350    734.4    894.1
     1     1    21     4     7    18     0     0   -12.0   39.921  125.137    760.3    890.1
     1     1    21     4     7    17     0     0   -13.0   40.147  124.910    788.5    887.5
     1     1    21     4     7    16     0     0   -14.0   40.366  124.683    818.4    885.8
     1     1    21     4     7    15     0     0   -15.0   40.574  124.462    848.1    884.2
     1     1    21     4     7    14     0     0   -16.0   40.772  124.248    877.0    882.7
     1     1    21     4     7    13     0     0   -17.0   40.959  124.043    904.8    881.3
     1     1    21     4     7    12     0     0   -18.0   41.135  123.848    930.8    879.9
     1     1    21     4     7    11     0     0   -19.0   41.311  123.662    955.8    878.5
     1     1    21     4     7    10     0     0   -20.0   41.501  123.486    980.7    876.9
     1     1    21     4     7     9     0     0   -21.0   41.705  123.317   1006.1    875.1
     1     1    21     4     7     8     0     0   -22.0   41.923  123.155   1032.8    873.0
     1     1    21     4     7     7     0     0   -23.0   42.154  122.996   1061.7    870.6
     1     1    21     4     7     6     0     0   -24.0   42.399  122.840   1094.3    867.7
     1     1    21     4     7     5     0     0   -25.0   42.649  122.686   1127.2    864.9
     1     1    21     4     7     4     0     0   -26.0   42.899  122.538   1155.8    863.5
     1     1    21     4     7     3     0     0   -27.0   43.150  122.387   1176.5    860.0
     1     1    21     4     7     2     0     0   -28.0   43.406  122.230   1189.3    856.3
     1     1    21     4     7     1     0     0   -29.0   43.669  122.066   1193.9    853.1
     1     1    21     4     7     0     0     0   -30.0   43.941  121.893   1189.9    850.4
     1     1    21     4     6    23     0     0   -31.0   44.228  121.713   1181.0    848.0
     1     1    21     4     6    22     0     0   -32.0   44.533  121.524   1173.3    844.5
     1     1    21     4     6    21     0     0   -33.0   44.855  121.327   1168.7    840.3
     1     1    21     4     6    20     0     0   -34.0   45.193  121.120   1169.2    833.5
     1     1    21     4     6    19     0     0   -35.0   45.545  120.896   1177.9    824.6
     1     1    21     4     6    18     0     0   -36.0   45.910  120.650   1197.6    814.8
     1     1    21     4     6    17     0     0   -37.0   46.282  120.378   1224.4    804.0
     1     1    21     4     6    16     0     0   -38.0   46.659  120.082   1254.5    793.9
     1     1    21     4     6    15     0     0   -39.0   47.039  119.771   1289.7    786.4
     1     1    21     4     6    14     0     0   -40.0   47.423  119.453   1330.1    780.9
     1     1    21     4     6    13     0     0   -41.0   47.809  119.136   1375.4    776.5
     1     1    21     4     6    12     0     0   -42.0   48.197  118.825   1425.1    772.5
     1     1    21     4     6    11     0     0   -43.0   48.587  118.509   1478.5    768.1
     1     1    21     4     6    10     0     0   -44.0   48.979  118.177   1534.9    764.4
     1     1    21     4     6     9     0     0   -45.0   49.379  117.836   1595.5    761.1
     1     1    21     4     6     8     0     0   -46.0   49.793  117.490   1661.8    758.0
     1     1    21     4     6     7     0     0   -47.0   50.227  117.147   1731.3    750.7
     1     1    21     4     6     6     0     0   -48.0   50.689  116.814   1803.5    741.3
     1     1    21     4     6     5     0     0   -49.0   51.179  116.494   1877.6    731.4
     1     1    21     4     6     4     0     0   -50.0   51.691  116.191   1953.6    721.4
     1     1    21     4     6     3     0     0   -51.0   52.231  115.910   2036.4    710.4
     1     1    21     4     6     2     0     0   -52.0   52.799  115.646   2125.0    695.9
     1     1    21     4     6     1     0     0   -53.0   53.392  115.384   2214.9    678.1
     1     1    21     4     6     0     0     0   -54.0   54.008  115.122   2305.2    660.3
     1     1    21     4     5    23     0     0   -55.0   54.640  114.856   2392.5    642.6
     1     1    21     4     5    22     0     0   -56.0   55.273  114.567   2475.0    631.8
     1     1    21     4     5    21     0     0   -57.0   55.895  114.231   2549.0    629.5
     1     1    21     4     5    20     0     0   -58.0   56.503  113.838   2604.4    630.0
     1     1    21     4     5    19     0     0   -59.0   57.100  113.393   2643.5    632.8
     1     1    21     4     5    18     0     0   -60.0   57.686  112.899   2670.5    639.1
     1     1    21     4     5    17     0     0   -61.0   58.248  112.379   2692.1    649.1
     1     1    21     4     5    16     0     0   -62.0   58.775  111.852   2709.9    658.9
     1     1    21     4     5    15     0     0   -63.0   59.266  111.323   2722.3    668.8
     1     1    21     4     5    14     0     0   -64.0   59.723  110.793   2728.5    679.0
     1     1    21     4     5    13     0     0   -65.0   60.150  110.273   2724.0    686.4
     1     1    21     4     5    12     0     0   -66.0   60.557  109.779   2706.7    687.2
     1     1    21     4     5    11     0     0   -67.0   60.951  109.306   2689.0    686.8
     1     1    21     4     5    10     0     0   -68.0   61.332  108.835   2675.1    686.4
     1     1    21     4     5     9     0     0   -69.0   61.701  108.360   2664.2    686.3
     1     1    21     4     5     8     0     0   -70.0   62.058  107.877   2656.1    686.3
     1     1    21     4     5     7     0     0   -71.0   62.401  107.379   2650.5    686.3
     1     1    21     4     5     6     0     0   -72.0   62.727  106.868   2648.1    685.9
     1     1    21     4     5     5     0     0   -73.0   63.038  106.364   2645.3    685.1
     1     1    21     4     5     4     0     0   -74.0   63.334  105.884   2640.2    685.3
     1     1    21     4     5     3     0     0   -75.0   63.620  105.430   2632.1    686.0
     1     1    21     4     5     2     0     0   -76.0   63.896  105.001   2621.6    687.3
     1     1    21     4     5     1     0     0   -77.0   64.165  104.599   2607.7    687.6
     1     1    21     4     5     0     0     0   -78.0   64.426  104.224   2592.7    688.3
     1     1    21     4     4    23     0     0   -79.0   64.676  103.883   2581.7    689.0
     1     1    21     4     4    22     0     0   -80.0   64.912  103.585   2580.5    688.4
     1     1    21     4     4    21     0     0   -81.0   65.137  103.336   2588.3    686.9
     1     1    21     4     4    20     0     0   -82.0   65.352  103.138   2604.6    684.4
     1     1    21     4     4    19     0     0   -83.0   65.560  102.993   2629.5    681.2
     1     1    21     4     4    18     0     0   -84.0   65.765  102.906   2662.6    677.2
     1     1    21     4     4    17     0     0   -85.0   65.968  102.861   2704.6    672.8
     1     1    21     4     4    16     0     0   -86.0   66.169  102.846   2751.3    667.8
     1     1    21     4     4    15     0     0   -87.0   66.371  102.865   2804.4    662.3
     1     1    21     4     4    14     0     0   -88.0   66.575  102.927   2864.1    656.2
     1     1    21     4     4    13     0     0   -89.0   66.784  103.042   2930.5    649.6
     1     1    21     4     4    12     0     0   -90.0   67.000  103.222   3003.6    642.6
     1     1    21     4     4    11     0     0   -91.0   67.221  103.469   3081.4    635.0
     1     1    21     4     4    10     0     0   -92.0   67.447  103.782   3162.6    627.7
     1     1    21     4     4     9     0     0   -93.0   67.680  104.151   3247.6    621.2
     1     1    21     4     4     8     0     0   -94.0   67.917  104.563   3334.1    615.0
     1     1    21     4     4     7     0     0   -95.0   68.159  105.017   3421.5    608.8
     1     1    21     4     4     6     0     0   -96.0   68.406  105.516   3507.7    601.6
