     2     1
    CDC1    20    12     1     0     0
    CDC1    21     1     1     0     0
     1 BACKWARD OMEGA   
  2021     1     3    21   37.500  127.000   500.0
     1 PRESSURE
     1     1    21     1     3    21     0     0     0.0   37.500  127.000    500.0    948.3
     1     1    21     1     3    20     0     0    -1.0   37.563  126.798    537.0    944.2
     1     1    21     1     3    19     0     0    -2.0   37.633  126.569    571.6    940.6
     1     1    21     1     3    18     0     0    -3.0   37.708  126.316    603.6    937.6
     1     1    21     1     3    17     0     0    -4.0   37.781  126.054    634.3    934.8
     1     1    21     1     3    16     0     0    -5.0   37.850  125.797    665.2    931.4
     1     1    21     1     3    15     0     0    -6.0   37.918  125.544    696.3    928.0
     1     1    21     1     3    14     0     0    -7.0   37.987  125.294    727.3    924.6
     1     1    21     1     3    13     0     0    -8.0   38.058  125.047    758.1    921.3
     1     1    21     1     3    12     0     0    -9.0   38.132  124.803    788.6    917.8
     1     1    21     1     3    11     0     0   -10.0   38.210  124.547    819.1    914.7
     1     1    21     1     3    10     0     0   -11.0   38.290  124.264    848.4    912.1
     1     1    21     1     3     9     0     0   -12.0   38.370  123.957    876.8    909.9
     1     1    21     1     3     8     0     0   -13.0   38.452  123.629    904.8    908.0
     1     1    21     1     3     7     0     0   -14.0   38.535  123.283    932.8    906.5
     1     1    21     1     3     6     0     0   -15.0   38.621  122.919    961.9    904.7
     1     1    21     1     3     5     0     0   -16.0   38.708  122.552    993.8    903.0
     1     1    21     1     3     4     0     0   -17.0   38.797  122.191   1028.9    898.6
     1     1    21     1     3     3     0     0   -18.0   38.888  121.830   1068.3    893.3
     1     1    21     1     3     2     0     0   -19.0   38.980  121.464   1112.4    887.5
     1     1    21     1     3     1     0     0   -20.0   39.073  121.089   1161.4    881.1
     1     1    21     1     3     0     0     0   -21.0   39.166  120.702   1215.6    874.3
     1     1    21     1     2    23     0     0   -22.0   39.259  120.300   1271.6    866.9
     1     1    21     1     2    22     0     0   -23.0   39.353  119.884   1325.0    858.8
     1     1    21     1     2    21     0     0   -24.0   39.451  119.452   1375.2    847.4
     1     1    21     1     2    20     0     0   -25.0   39.557  118.998   1423.8    835.5
     1     1    21     1     2    19     0     0   -26.0   39.673  118.519   1471.1    822.9
     1     1    21     1     2    18     0     0   -27.0   39.801  118.013   1517.3    809.3
     1     1    21     1     2    17     0     0   -28.0   39.946  117.472   1564.2    794.1
     1     1    21     1     2    16     0     0   -29.0   40.109  116.887   1607.2    774.1
     1     1    21     1     2    15     0     0   -30.0   40.286  116.257   1647.9    753.8
     1     1    21     1     2    14     0     0   -31.0   40.479  115.592   1687.4    733.6
     1     1    21     1     2    13     0     0   -32.0   40.690  114.896   1727.5    714.5
     1     1    21     1     2    12     0     0   -33.0   40.922  114.189   1772.9    701.5
     1     1    21     1     2    11     0     0   -34.0   41.168  113.468   1820.2    691.0
     1     1    21     1     2    10     0     0   -35.0   41.419  112.718   1867.6    683.5
     1     1    21     1     2     9     0     0   -36.0   41.672  111.944   1916.3    680.0
     1     1    21     1     2     8     0     0   -37.0   41.923  111.154   1963.7    678.8
     1     1    21     1     2     7     0     0   -38.0   42.170  110.347   2010.0    679.3
     1     1    21     1     2     6     0     0   -39.0   42.412  109.521   2052.1    677.2
     1     1    21     1     2     5     0     0   -40.0   42.640  108.691   2087.7    670.6
     1     1    21     1     2     4     0     0   -41.0   42.852  107.883   2119.6    663.4
     1     1    21     1     2     3     0     0   -42.0   43.051  107.106   2147.9    657.6
     1     1    21     1     2     2     0     0   -43.0   43.243  106.365   2171.6    652.9
     1     1    21     1     2     1     0     0   -44.0   43.429  105.656   2188.3    648.6
     1     1    21     1     2     0     0     0   -45.0   43.610  104.977   2196.5    644.8
     1     1    21     1     1    23     0     0   -46.0   43.790  104.298   2204.0    642.7
     1     1    21     1     1    22     0     0   -47.0   43.970  103.591   2216.8    638.5
     1     1    21     1     1    21     0     0   -48.0   44.152  102.854   2236.2    632.5
     1     1    21     1     1    20     0     0   -49.0   44.336  102.086   2261.6    623.0
     1     1    21     1     1    19     0     0   -50.0   44.523  101.281   2294.4    609.7
     1     1    21     1     1    18     0     0   -51.0   44.716  100.438   2337.5    593.9
     1     1    21     1     1    17     0     0   -52.0   44.910   99.566   2386.8    577.4
     1     1    21     1     1    16     0     0   -53.0   45.097   98.689   2440.3    565.8
     1     1    21     1     1    15     0     0   -54.0   45.277   97.816   2492.8    556.5
     1     1    21     1     1    14     0     0   -55.0   45.451   96.955   2551.0    554.3
     1     1    21     1     1    13     0     0   -56.0   45.623   96.116   2607.8    556.3
     1     1    21     1     1    12     0     0   -57.0   45.798   95.301   2657.0    558.8
     1     1    21     1     1    11     0     0   -58.0   45.972   94.494   2698.8    563.0
     1     1    21     1     1    10     0     0   -59.0   46.133   93.685   2727.3    568.5
     1     1    21     1     1     9     0     0   -60.0   46.275   92.870   2742.9    574.5
     1     1    21     1     1     8     0     0   -61.0   46.394   92.041   2746.1    579.5
     1     1    21     1     1     7     0     0   -62.0   46.488   91.189   2741.2    583.7
     1     1    21     1     1     6     0     0   -63.0   46.557   90.311   2734.7    588.5
     1     1    21     1     1     5     0     0   -64.0   46.609   89.419   2724.8    594.4
     1     1    21     1     1     4     0     0   -65.0   46.657   88.528   2706.1    602.4
     1     1    21     1     1     3     0     0   -66.0   46.706   87.646   2677.7    611.6
     1     1    21     1     1     2     0     0   -67.0   46.763   86.781   2643.0    622.5
     1     1    21     1     1     1     0     0   -68.0   46.835   85.945   2606.3    634.5
     1     1    21     1     1     0     0     0   -69.0   46.924   85.141   2571.5    647.3
     1     1    20    12    31    23     0     0   -70.0   47.026   84.353   2536.1    656.7
     1     1    20    12    31    22     0     0   -71.0   47.142   83.562   2508.1    665.9
     1     1    20    12    31    21     0     0   -72.0   47.282   82.768   2488.5    676.7
     1     1    20    12    31    20     0     0   -73.0   47.456   81.968   2473.4    685.5
     1     1    20    12    31    19     0     0   -74.0   47.670   81.165   2459.6    688.8
     1     1    20    12    31    18     0     0   -75.0   47.929   80.362   2454.3    691.0
     1     1    20    12    31    17     0     0   -76.0   48.209   79.561   2456.9    692.7
     1     1    20    12    31    16     0     0   -77.0   48.487   78.764   2460.8    693.4
     1     1    20    12    31    15     0     0   -78.0   48.773   77.970   2462.4    693.2
     1     1    20    12    31    14     0     0   -79.0   49.078   77.176   2458.8    693.0
     1     1    20    12    31    13     0     0   -80.0   49.409   76.389   2447.0    693.7
     1     1    20    12    31    12     0     0   -81.0   49.777   75.610   2423.8    694.8
     1     1    20    12    31    11     0     0   -82.0   50.186   74.843   2398.8    699.8
     1     1    20    12    31    10     0     0   -83.0   50.607   74.104   2386.3    709.1
     1     1    20    12    31     9     0     0   -84.0   51.022   73.394   2377.6    715.9
     1     1    20    12    31     8     0     0   -85.0   51.434   72.698   2372.0    720.6
     1     1    20    12    31     7     0     0   -86.0   51.839   72.009   2369.5    724.4
     1     1    20    12    31     6     0     0   -87.0   52.232   71.322   2367.7    727.4
     1     1    20    12    31     5     0     0   -88.0   52.627   70.642   2364.4    729.4
     1     1    20    12    31     4     0     0   -89.0   53.038   69.986   2362.2    731.6
     1     1    20    12    31     3     0     0   -90.0   53.462   69.359   2363.3    734.7
     1     1    20    12    31     2     0     0   -91.0   53.891   68.751   2364.8    737.4
     1     1    20    12    31     1     0     0   -92.0   54.328   68.146   2366.4    739.5
     1     1    20    12    31     0     0     0   -93.0   54.774   67.531   2367.5    741.1
     1     1    20    12    30    23     0     0   -94.0   55.216   66.925   2370.9    742.2
     1     1    20    12    30    22     0     0   -95.0   55.643   66.359   2380.5    742.3
     1     1    20    12    30    21     0     0   -96.0   56.057   65.839   2394.2    741.8
