     2     1
    CDC1    21     6     1     0     0
    CDC1    21     7     1     0     0
     1 BACKWARD OMEGA   
  2021     7    23    12   37.500  127.000   500.0
     1 PRESSURE
     1     1    21     7    23    12     0     0     0.0   37.500  127.000    500.0    933.8
     1     1    21     7    23    11     0     0    -1.0   37.480  127.037    497.6    934.1
     1     1    21     7    23    10     0     0    -2.0   37.452  127.080    496.6    934.2
     1     1    21     7    23     9     0     0    -3.0   37.415  127.131    497.4    934.2
     1     1    21     7    23     8     0     0    -4.0   37.369  127.188    500.0    933.9
     1     1    21     7    23     7     0     0    -5.0   37.314  127.252    505.1    933.3
     1     1    21     7    23     6     0     0    -6.0   37.251  127.323    513.1    932.4
     1     1    21     7    23     5     0     0    -7.0   37.185  127.404    523.4    931.1
     1     1    21     7    23     4     0     0    -8.0   37.121  127.498    534.3    929.8
     1     1    21     7    23     3     0     0    -9.0   37.060  127.604    546.2    929.2
     1     1    21     7    23     2     0     0   -10.0   37.002  127.721    558.6    928.6
     1     1    21     7    23     1     0     0   -11.0   36.947  127.852    571.6    927.9
     1     1    21     7    23     0     0     0   -12.0   36.895  127.994    585.1    927.1
     1     1    21     7    22    23     0     0   -13.0   36.845  128.141    598.2    925.9
     1     1    21     7    22    22     0     0   -14.0   36.796  128.287    610.5    924.7
     1     1    21     7    22    21     0     0   -15.0   36.749  128.429    621.5    923.7
     1     1    21     7    22    20     0     0   -16.0   36.704  128.569    631.2    922.7
     1     1    21     7    22    19     0     0   -17.0   36.660  128.705    639.5    921.8
     1     1    21     7    22    18     0     0   -18.0   36.618  128.837    646.3    921.0
     1     1    21     7    22    17     0     0   -19.0   36.582  128.966    653.6    920.8
     1     1    21     7    22    16     0     0   -20.0   36.553  129.093    663.1    920.2
     1     1    21     7    22    15     0     0   -21.0   36.533  129.217    674.9    919.2
     1     1    21     7    22    14     0     0   -22.0   36.518  129.339    688.9    918.1
     1     1    21     7    22    13     0     0   -23.0   36.510  129.459    705.2    916.6
     1     1    21     7    22    12     0     0   -24.0   36.505  129.577    723.9    915.0
     1     1    21     7    22    11     0     0   -25.0   36.501  129.700    744.8    912.9
     1     1    21     7    22    10     0     0   -26.0   36.492  129.836    767.7    910.6
     1     1    21     7    22     9     0     0   -27.0   36.481  129.984    792.4    908.2
     1     1    21     7    22     8     0     0   -28.0   36.467  130.146    818.7    906.2
     1     1    21     7    22     7     0     0   -29.0   36.452  130.321    845.9    904.4
     1     1    21     7    22     6     0     0   -30.0   36.438  130.509    873.4    902.6
     1     1    21     7    22     5     0     0   -31.0   36.425  130.702    899.7    900.9
     1     1    21     7    22     4     0     0   -32.0   36.412  130.889    924.0    899.6
     1     1    21     7    22     3     0     0   -33.0   36.400  131.070    945.8    898.3
     1     1    21     7    22     2     0     0   -34.0   36.388  131.246    964.9    897.2
     1     1    21     7    22     1     0     0   -35.0   36.377  131.414    981.0    896.4
     1     1    21     7    22     0     0     0   -36.0   36.366  131.576    993.9    895.9
     1     1    21     7    21    23     0     0   -37.0   36.353  131.737   1003.8    895.6
     1     1    21     7    21    22     0     0   -38.0   36.333  131.900   1011.6    895.5
     1     1    21     7    21    21     0     0   -39.0   36.307  132.068   1017.8    895.5
     1     1    21     7    21    20     0     0   -40.0   36.275  132.241   1022.7    895.6
     1     1    21     7    21    19     0     0   -41.0   36.236  132.418   1027.0    895.7
     1     1    21     7    21    18     0     0   -42.0   36.191  132.600   1030.9    894.9
     1     1    21     7    21    17     0     0   -43.0   36.145  132.788   1035.3    893.3
     1     1    21     7    21    16     0     0   -44.0   36.103  132.985   1040.3    891.7
     1     1    21     7    21    15     0     0   -45.0   36.063  133.189   1046.1    890.0
     1     1    21     7    21    14     0     0   -46.0   36.026  133.402   1053.0    888.2
     1     1    21     7    21    13     0     0   -47.0   35.989  133.623   1061.1    886.3
     1     1    21     7    21    12     0     0   -48.0   35.952  133.853   1070.7    884.2
     1     1    21     7    21    11     0     0   -49.0   35.917  134.086   1080.2    881.7
     1     1    21     7    21    10     0     0   -50.0   35.886  134.316   1088.5    879.6
     1     1    21     7    21     9     0     0   -51.0   35.860  134.542   1095.1    877.7
     1     1    21     7    21     8     0     0   -52.0   35.839  134.765   1099.7    876.1
     1     1    21     7    21     7     0     0   -53.0   35.823  134.984   1102.2    874.7
     1     1    21     7    21     6     0     0   -54.0   35.813  135.198   1102.1    872.9
     1     1    21     7    21     5     0     0   -55.0   35.803  135.412   1101.8    871.5
     1     1    21     7    21     4     0     0   -56.0   35.786  135.631   1103.7    869.7
     1     1    21     7    21     3     0     0   -57.0   35.764  135.855   1107.9    867.7
     1     1    21     7    21     2     0     0   -58.0   35.735  136.085   1114.7    865.4
     1     1    21     7    21     1     0     0   -59.0   35.702  136.320   1124.4    862.9
     1     1    21     7    21     0     0     0   -60.0   35.665  136.560   1137.3    860.1
     1     1    21     7    20    23     0     0   -61.0   35.628  136.800   1153.2    856.7
     1     1    21     7    20    22     0     0   -62.0   35.597  137.034   1171.4    853.2
     1     1    21     7    20    21     0     0   -63.0   35.571  137.262   1191.7    849.6
     1     1    21     7    20    20     0     0   -64.0   35.550  137.485   1213.8    846.0
     1     1    21     7    20    19     0     0   -65.0   35.535  137.702   1238.6    844.5
     1     1    21     7    20    18     0     0   -66.0   35.525  137.912   1264.7    843.1
     1     1    21     7    20    17     0     0   -67.0   35.519  138.120   1292.1    841.5
     1     1    21     7    20    16     0     0   -68.0   35.516  138.331   1321.4    839.6
     1     1    21     7    20    15     0     0   -69.0   35.516  138.547   1352.2    837.5
     1     1    21     7    20    14     0     0   -70.0   35.518  138.767   1384.4    835.4
     1     1    21     7    20    13     0     0   -71.0   35.523  138.993   1418.0    833.2
     1     1    21     7    20    12     0     0   -72.0   35.531  139.226   1452.8    830.9
     1     1    21     7    20    11     0     0   -73.0   35.543  139.458   1485.5    828.4
     1     1    21     7    20    10     0     0   -74.0   35.560  139.683   1511.0    826.8
     1     1    21     7    20     9     0     0   -75.0   35.581  139.902   1529.7    825.9
     1     1    21     7    20     8     0     0   -76.0   35.605  140.114   1541.5    826.1
     1     1    21     7    20     7     0     0   -77.0   35.629  140.318   1546.8    827.2
     1     1    21     7    20     6     0     0   -78.0   35.654  140.513   1545.8    828.8
     1     1    21     7    20     5     0     0   -79.0   35.680  140.700   1544.6    831.3
     1     1    21     7    20     4     0     0   -80.0   35.710  140.877   1550.0    832.4
     1     1    21     7    20     3     0     0   -81.0   35.744  141.044   1561.2    832.9
     1     1    21     7    20     2     0     0   -82.0   35.785  141.202   1577.8    832.7
     1     1    21     7    20     1     0     0   -83.0   35.832  141.350   1599.5    832.0
     1     1    21     7    20     0     0     0   -84.0   35.888  141.487   1626.0    830.7
     1     1    21     7    19    23     0     0   -85.0   35.946  141.616   1654.2    828.4
     1     1    21     7    19    22     0     0   -86.0   36.002  141.738   1680.7    826.6
     1     1    21     7    19    21     0     0   -87.0   36.054  141.854   1705.7    824.9
     1     1    21     7    19    20     0     0   -88.0   36.103  141.963   1729.3    823.2
     1     1    21     7    19    19     0     0   -89.0   36.148  142.065   1751.5    821.5
     1     1    21     7    19    18     0     0   -90.0   36.190  142.162   1772.4    819.9
     1     1    21     7    19    17     0     0   -91.0   36.236  142.257   1790.4    818.9
     1     1    21     7    19    16     0     0   -92.0   36.294  142.352   1803.2    818.5
     1     1    21     7    19    15     0     0   -93.0   36.363  142.448   1810.7    818.7
     1     1    21     7    19    14     0     0   -94.0   36.444  142.543   1812.8    819.1
     1     1    21     7    19    13     0     0   -95.0   36.537  142.637   1809.6    819.6
     1     1    21     7    19    12     0     0   -96.0   36.640  142.731   1801.5    820.6
