     2     1
    CDC1    21     3     1     0     0
    CDC1    21     4     1     0     0
     1 BACKWARD OMEGA   
  2021     4    16    21   37.500  127.000   500.0
     1 PRESSURE
     1     1    21     4    16    21     0     0     0.0   37.500  127.000    500.0    937.7
     1     1    21     4    16    20     0     0    -1.0   37.556  126.727    494.5    939.1
     1     1    21     4    16    19     0     0    -2.0   37.626  126.431    487.4    940.6
     1     1    21     4    16    18     0     0    -3.0   37.706  126.115    477.9    942.4
     1     1    21     4    16    17     0     0    -4.0   37.776  125.790    469.7    944.3
     1     1    21     4    16    16     0     0    -5.0   37.817  125.466    466.7    945.7
     1     1    21     4    16    15     0     0    -6.0   37.830  125.148    468.6    947.0
     1     1    21     4    16    14     0     0    -7.0   37.814  124.841    475.9    947.8
     1     1    21     4    16    13     0     0    -8.0   37.772  124.546    488.7    948.0
     1     1    21     4    16    12     0     0    -9.0   37.702  124.266    506.9    947.7
     1     1    21     4    16    11     0     0   -10.0   37.625  123.997    526.5    947.2
     1     1    21     4    16    10     0     0   -11.0   37.560  123.734    544.2    946.9
     1     1    21     4    16     9     0     0   -12.0   37.510  123.476    560.5    946.5
     1     1    21     4    16     8     0     0   -13.0   37.476  123.225    576.1    945.6
     1     1    21     4    16     7     0     0   -14.0   37.457  122.980    591.7    944.6
     1     1    21     4    16     6     0     0   -15.0   37.453  122.741    608.1    943.5
     1     1    21     4    16     5     0     0   -16.0   37.466  122.496    624.2    941.9
     1     1    21     4    16     4     0     0   -17.0   37.499  122.227    640.2    940.1
     1     1    21     4    16     3     0     0   -18.0   37.552  121.931    657.9    937.6
     1     1    21     4    16     2     0     0   -19.0   37.627  121.607    678.7    934.7
     1     1    21     4    16     1     0     0   -20.0   37.729  121.256    704.3    931.2
     1     1    21     4    16     0     0     0   -21.0   37.860  120.875    737.0    926.8
     1     1    21     4    15    23     0     0   -22.0   38.006  120.466    776.2    920.8
     1     1    21     4    15    22     0     0   -23.0   38.152  120.032    822.4    914.3
     1     1    21     4    15    21     0     0   -24.0   38.309  119.574    875.8    904.8
     1     1    21     4    15    20     0     0   -25.0   38.485  119.095    939.0    893.5
     1     1    21     4    15    19     0     0   -26.0   38.693  118.591   1017.1    878.7
     1     1    21     4    15    18     0     0   -27.0   38.945  118.059   1116.3    860.0
     1     1    21     4    15    17     0     0   -28.0   39.221  117.475   1229.7    836.1
     1     1    21     4    15    16     0     0   -29.0   39.491  116.817   1338.6    806.6
     1     1    21     4    15    15     0     0   -30.0   39.762  116.084   1440.7    777.3
     1     1    21     4    15    14     0     0   -31.0   40.069  115.288   1542.6    747.0
     1     1    21     4    15    13     0     0   -32.0   40.427  114.460   1652.6    720.0
     1     1    21     4    15    12     0     0   -33.0   40.825  113.631   1775.6    697.5
     1     1    21     4    15    11     0     0   -34.0   41.230  112.808   1897.8    679.1
     1     1    21     4    15    10     0     0   -35.0   41.610  111.992   2000.6    670.0
     1     1    21     4    15     9     0     0   -36.0   41.973  111.201   2077.6    667.0
     1     1    21     4    15     8     0     0   -37.0   42.342  110.448   2137.1    667.5
     1     1    21     4    15     7     0     0   -38.0   42.741  109.750   2187.4    665.9
     1     1    21     4    15     6     0     0   -39.0   43.178  109.126   2236.7    659.0
     1     1    21     4    15     5     0     0   -40.0   43.625  108.555   2286.6    650.6
     1     1    21     4    15     4     0     0   -41.0   44.058  108.008   2333.4    642.9
     1     1    21     4    15     3     0     0   -42.0   44.485  107.493   2383.1    634.6
     1     1    21     4    15     2     0     0   -43.0   44.906  107.019   2440.3    626.1
     1     1    21     4    15     1     0     0   -44.0   45.325  106.587   2506.3    617.1
     1     1    21     4    15     0     0     0   -45.0   45.751  106.194   2585.8    608.1
     1     1    21     4    14    23     0     0   -46.0   46.172  105.850   2665.9    599.8
     1     1    21     4    14    22     0     0   -47.0   46.566  105.561   2734.8    594.2
     1     1    21     4    14    21     0     0   -48.0   46.932  105.329   2790.9    590.2
     1     1    21     4    14    20     0     0   -49.0   47.268  105.155   2834.4    587.6
     1     1    21     4    14    19     0     0   -50.0   47.574  105.038   2866.2    586.5
     1     1    21     4    14    18     0     0   -51.0   47.843  104.957   2886.8    586.8
     1     1    21     4    14    17     0     0   -52.0   48.079  104.861   2888.4    587.0
     1     1    21     4    14    16     0     0   -53.0   48.293  104.720   2866.8    589.0
     1     1    21     4    14    15     0     0   -54.0   48.494  104.544   2824.4    592.1
     1     1    21     4    14    14     0     0   -55.0   48.690  104.344   2763.6    596.1
     1     1    21     4    14    13     0     0   -56.0   48.890  104.131   2686.6    601.3
     1     1    21     4    14    12     0     0   -57.0   49.102  103.915   2595.5    607.6
     1     1    21     4    14    11     0     0   -58.0   49.321  103.699   2498.3    614.4
     1     1    21     4    14    10     0     0   -59.0   49.529  103.473   2404.1    619.9
     1     1    21     4    14     9     0     0   -60.0   49.723  103.238   2309.0    625.1
     1     1    21     4    14     8     0     0   -61.0   49.899  102.996   2210.9    630.3
     1     1    21     4    14     7     0     0   -62.0   50.054  102.747   2109.0    636.1
     1     1    21     4    14     6     0     0   -63.0   50.185  102.490   2003.2    642.6
     1     1    21     4    14     5     0     0   -64.0   50.315  102.222   1900.0    650.0
     1     1    21     4    14     4     0     0   -65.0   50.463  101.936   1805.0    655.8
     1     1    21     4    14     3     0     0   -66.0   50.624  101.636   1714.6    661.1
     1     1    21     4    14     2     0     0   -67.0   50.796  101.325   1625.5    666.0
     1     1    21     4    14     1     0     0   -68.0   50.974  101.009   1534.4    670.5
     1     1    21     4    14     0     0     0   -69.0   51.157  100.691   1438.5    675.1
     1     1    21     4    13    23     0     0   -70.0   51.342  100.388   1344.6    681.1
     1     1    21     4    13    22     0     0   -71.0   51.526  100.105   1261.2    685.8
     1     1    21     4    13    21     0     0   -72.0   51.703   99.849   1192.3    693.2
     1     1    21     4    13    20     0     0   -73.0   51.868   99.621   1138.8    700.9
     1     1    21     4    13    19     0     0   -74.0   52.016   99.419   1099.0    706.8
     1     1    21     4    13    18     0     0   -75.0   52.147   99.240   1071.8    711.2
     1     1    21     4    13    17     0     0   -76.0   52.281   99.051   1046.7    714.7
     1     1    21     4    13    16     0     0   -77.0   52.437   98.828   1013.0    720.1
     1     1    21     4    13    15     0     0   -78.0   52.616   98.568    973.2    729.6
     1     1    21     4    13    14     0     0   -79.0   52.819   98.268    927.8    742.4
     1     1    21     4    13    13     0     0   -80.0   53.048   97.932    877.5    756.4
     1     1    21     4    13    12     0     0   -81.0   53.306   97.563    823.6    770.7
     1     1    21     4    13    11     0     0   -82.0   53.562   97.165    771.5    788.8
     1     1    21     4    13    10     0     0   -83.0   53.789   96.745    722.3    805.3
     1     1    21     4    13     9     0     0   -84.0   53.988   96.310    675.4    820.0
     1     1    21     4    13     8     0     0   -85.0   54.164   95.868    631.0    833.1
     1     1    21     4    13     7     0     0   -86.0   54.320   95.425    589.7    844.3
     1     1    21     4    13     6     0     0   -87.0   54.460   94.987    552.7    853.6
     1     1    21     4    13     5     0     0   -88.0   54.589   94.549    518.1    863.0
     1     1    21     4    13     4     0     0   -89.0   54.711   94.106    483.3    872.5
     1     1    21     4    13     3     0     0   -90.0   54.829   93.660    448.9    882.0
     1     1    21     4    13     2     0     0   -91.0   54.949   93.215    415.4    891.5
     1     1    21     4    13     1     0     0   -92.0   55.079   92.775    383.5    900.8
     1     1    21     4    13     0     0     0   -93.0   55.223   92.344    354.0    909.4
     1     1    21     4    12    23     0     0   -94.0   55.360   91.928    329.7    918.6
     1     1    21     4    12    22     0     0   -95.0   55.465   91.532    310.9    925.9
     1     1    21     4    12    21     0     0   -96.0   55.539   91.155    295.9    931.9
