     2     1
    CDC1    21     2     1     0     0
    CDC1    21     3     1     0     0
     1 BACKWARD OMEGA   
  2021     3    14    21   37.500  127.000   500.0
     1 PRESSURE
     1     1    21     3    14    21     0     0     0.0   37.500  127.000    500.0    939.3
     1     1    21     3    14    20     0     0    -1.0   37.298  126.907    504.3    939.9
     1     1    21     3    14    19     0     0    -2.0   37.093  126.814    512.4    939.9
     1     1    21     3    14    18     0     0    -3.0   36.886  126.724    524.1    939.3
     1     1    21     3    14    17     0     0    -4.0   36.693  126.641    538.1    938.5
     1     1    21     3    14    16     0     0    -5.0   36.531  126.570    552.4    937.8
     1     1    21     3    14    15     0     0    -6.0   36.399  126.510    567.6    936.9
     1     1    21     3    14    14     0     0    -7.0   36.299  126.459    584.0    935.8
     1     1    21     3    14    13     0     0    -8.0   36.232  126.416    601.6    934.5
     1     1    21     3    14    12     0     0    -9.0   36.198  126.381    620.5    933.0
     1     1    21     3    14    11     0     0   -10.0   36.188  126.344    641.7    930.9
     1     1    21     3    14    10     0     0   -11.0   36.187  126.295    667.0    928.1
     1     1    21     3    14     9     0     0   -12.0   36.195  126.234    696.1    924.9
     1     1    21     3    14     8     0     0   -13.0   36.213  126.160    728.9    921.5
     1     1    21     3    14     7     0     0   -14.0   36.239  126.074    765.7    917.7
     1     1    21     3    14     6     0     0   -15.0   36.273  125.974    806.4    913.7
     1     1    21     3    14     5     0     0   -16.0   36.316  125.864    848.9    909.5
     1     1    21     3    14     4     0     0   -17.0   36.369  125.746    890.2    905.7
     1     1    21     3    14     3     0     0   -18.0   36.434  125.623    929.8    902.2
     1     1    21     3    14     2     0     0   -19.0   36.511  125.492    967.4    898.4
     1     1    21     3    14     1     0     0   -20.0   36.601  125.354   1002.4    895.0
     1     1    21     3    14     0     0     0   -21.0   36.705  125.209   1034.4    891.9
     1     1    21     3    13    23     0     0   -22.0   36.812  125.055   1063.5    889.3
     1     1    21     3    13    22     0     0   -23.0   36.912  124.889   1088.4    887.0
     1     1    21     3    13    21     0     0   -24.0   37.003  124.709   1109.4    884.9
     1     1    21     3    13    20     0     0   -25.0   37.086  124.516   1126.8    883.4
     1     1    21     3    13    19     0     0   -26.0   37.163  124.308   1141.0    882.4
     1     1    21     3    13    18     0     0   -27.0   37.235  124.085   1152.4    881.7
     1     1    21     3    13    17     0     0   -28.0   37.307  123.856   1161.0    881.2
     1     1    21     3    13    16     0     0   -29.0   37.386  123.631   1168.1    880.9
     1     1    21     3    13    15     0     0   -30.0   37.471  123.411   1173.4    880.9
     1     1    21     3    13    14     0     0   -31.0   37.565  123.199   1177.0    880.6
     1     1    21     3    13    13     0     0   -32.0   37.665  122.999   1179.6    880.3
     1     1    21     3    13    12     0     0   -33.0   37.775  122.812   1181.6    880.1
     1     1    21     3    13    11     0     0   -34.0   37.887  122.633   1186.1    880.5
     1     1    21     3    13    10     0     0   -35.0   37.995  122.452   1195.0    880.0
     1     1    21     3    13     9     0     0   -36.0   38.098  122.269   1208.5    878.5
     1     1    21     3    13     8     0     0   -37.0   38.197  122.082   1226.9    876.5
     1     1    21     3    13     7     0     0   -38.0   38.291  121.889   1250.3    873.9
     1     1    21     3    13     6     0     0   -39.0   38.380  121.688   1278.9    870.7
     1     1    21     3    13     5     0     0   -40.0   38.469  121.482   1307.6    866.7
     1     1    21     3    13     4     0     0   -41.0   38.561  121.272   1332.0    863.4
     1     1    21     3    13     3     0     0   -42.0   38.658  121.061   1352.3    860.5
     1     1    21     3    13     2     0     0   -43.0   38.760  120.847   1368.9    858.1
     1     1    21     3    13     1     0     0   -44.0   38.870  120.632   1382.2    855.9
     1     1    21     3    13     0     0     0   -45.0   38.988  120.415   1392.8    854.0
     1     1    21     3    12    23     0     0   -46.0   39.111  120.202   1402.9    852.3
     1     1    21     3    12    22     0     0   -47.0   39.235  119.996   1413.6    850.2
     1     1    21     3    12    21     0     0   -48.0   39.360  119.796   1423.6    846.3
     1     1    21     3    12    20     0     0   -49.0   39.483  119.601   1433.2    842.2
     1     1    21     3    12    19     0     0   -50.0   39.606  119.410   1442.0    838.1
     1     1    21     3    12    18     0     0   -51.0   39.729  119.219   1449.8    833.9
     1     1    21     3    12    17     0     0   -52.0   39.845  119.020   1452.9    829.4
     1     1    21     3    12    16     0     0   -53.0   39.946  118.805   1447.9    826.0
     1     1    21     3    12    15     0     0   -54.0   40.033  118.574   1435.0    822.7
     1     1    21     3    12    14     0     0   -55.0   40.105  118.330   1415.2    819.6
     1     1    21     3    12    13     0     0   -56.0   40.162  118.075   1389.5    817.1
     1     1    21     3    12    12     0     0   -57.0   40.204  117.805   1358.2    815.3
     1     1    21     3    12    11     0     0   -58.0   40.229  117.530   1327.3    814.5
     1     1    21     3    12    10     0     0   -59.0   40.234  117.261   1301.0    812.4
     1     1    21     3    12     9     0     0   -60.0   40.222  116.997   1278.8    810.1
     1     1    21     3    12     8     0     0   -61.0   40.192  116.735   1258.0    808.0
     1     1    21     3    12     7     0     0   -62.0   40.142  116.472   1236.0    806.2
     1     1    21     3    12     6     0     0   -63.0   40.071  116.203   1210.3    805.1
     1     1    21     3    12     5     0     0   -64.0   39.990  115.937   1181.9    804.8
     1     1    21     3    12     4     0     0   -65.0   39.909  115.686   1153.0    804.6
     1     1    21     3    12     3     0     0   -66.0   39.824  115.451   1124.2    805.0
     1     1    21     3    12     2     0     0   -67.0   39.732  115.232   1095.5    805.9
     1     1    21     3    12     1     0     0   -68.0   39.629  115.028   1067.3    807.4
     1     1    21     3    12     0     0     0   -69.0   39.517  114.840   1040.2    809.9
     1     1    21     3    11    23     0     0   -70.0   39.397  114.662   1016.0    812.2
     1     1    21     3    11    22     0     0   -71.0   39.268  114.485    996.3    814.0
     1     1    21     3    11    21     0     0   -72.0   39.130  114.306    980.7    815.3
     1     1    21     3    11    20     0     0   -73.0   38.981  114.120    968.9    816.2
     1     1    21     3    11    19     0     0   -74.0   38.821  113.924    960.9    816.4
     1     1    21     3    11    18     0     0   -75.0   38.649  113.711    957.0    816.0
     1     1    21     3    11    17     0     0   -76.0   38.479  113.494    954.4    814.6
     1     1    21     3    11    16     0     0   -77.0   38.329  113.291    950.4    813.3
     1     1    21     3    11    15     0     0   -78.0   38.199  113.107    944.9    812.0
     1     1    21     3    11    14     0     0   -79.0   38.088  112.945    938.0    810.8
     1     1    21     3    11    13     0     0   -80.0   38.000  112.809    929.7    809.9
     1     1    21     3    11    12     0     0   -81.0   37.933  112.705    919.8    809.4
     1     1    21     3    11    11     0     0   -82.0   37.879  112.614    908.7    809.4
     1     1    21     3    11    10     0     0   -83.0   37.824  112.519    896.6    809.3
     1     1    21     3    11     9     0     0   -84.0   37.771  112.418    883.8    809.9
     1     1    21     3    11     8     0     0   -85.0   37.718  112.312    870.0    810.6
     1     1    21     3    11     7     0     0   -86.0   37.667  112.201    855.5    811.3
     1     1    21     3    11     6     0     0   -87.0   37.619  112.084    840.3    812.0
     1     1    21     3    11     5     0     0   -88.0   37.571  111.969    826.9    812.4
     1     1    21     3    11     4     0     0   -89.0   37.522  111.863    817.9    812.4
     1     1    21     3    11     3     0     0   -90.0   37.474  111.766    814.3    811.9
     1     1    21     3    11     2     0     0   -91.0   37.430  111.678    816.8    811.0
     1     1    21     3    11     1     0     0   -92.0   37.389  111.602    825.8    809.6
     1     1    21     3    11     0     0     0   -93.0   37.355  111.538    841.6    807.5
     1     1    21     3    10    23     0     0   -94.0   37.318  111.476    861.4    805.2
     1     1    21     3    10    22     0     0   -95.0   37.272  111.405    881.8    803.1
     1     1    21     3    10    21     0     0   -96.0   37.219  111.325    903.0    800.9
