     2     1
    CDC1    21     9     1     0     0
    CDC1    21    10     1     0     0
     1 BACKWARD OMEGA   
  2021    10    13    18   37.500  127.000   500.0
     1 PRESSURE
     1     1    21    10    13    18     0     0     0.0   37.500  127.000    500.0    944.9
     1     1    21    10    13    17     0     0    -1.0   37.482  126.894    499.5    945.7
     1     1    21    10    13    16     0     0    -2.0   37.467  126.810    499.5    946.3
     1     1    21    10    13    15     0     0    -3.0   37.454  126.746    500.0    946.7
     1     1    21    10    13    14     0     0    -4.0   37.445  126.703    500.9    947.0
     1     1    21    10    13    13     0     0    -5.0   37.438  126.680    502.3    947.1
     1     1    21    10    13    12     0     0    -6.0   37.433  126.677    504.3    947.1
     1     1    21    10    13    11     0     0    -7.0   37.429  126.690    505.3    946.7
     1     1    21    10    13    10     0     0    -8.0   37.421  126.714    504.6    946.7
     1     1    21    10    13     9     0     0    -9.0   37.409  126.749    501.8    946.8
     1     1    21    10    13     8     0     0   -10.0   37.395  126.797    497.2    947.1
     1     1    21    10    13     7     0     0   -11.0   37.377  126.858    490.8    947.5
     1     1    21    10    13     6     0     0   -12.0   37.357  126.931    482.6    948.1
     1     1    21    10    13     5     0     0   -13.0   37.341  127.022    475.8    949.2
     1     1    21    10    13     4     0     0   -14.0   37.338  127.131    473.1    949.4
     1     1    21    10    13     3     0     0   -15.0   37.349  127.259    474.5    949.0
     1     1    21    10    13     2     0     0   -16.0   37.373  127.404    480.1    948.1
     1     1    21    10    13     1     0     0   -17.0   37.412  127.567    489.8    947.2
     1     1    21    10    13     0     0     0   -18.0   37.466  127.745    503.7    946.7
     1     1    21    10    12    23     0     0   -19.0   37.522  127.933    520.0    945.1
     1     1    21    10    12    22     0     0   -20.0   37.568  128.121    538.5    943.1
     1     1    21    10    12    21     0     0   -21.0   37.604  128.309    559.3    941.1
     1     1    21    10    12    20     0     0   -22.0   37.631  128.495    582.7    939.0
     1     1    21    10    12    19     0     0   -23.0   37.650  128.678    609.0    936.7
     1     1    21    10    12    18     0     0   -24.0   37.661  128.856    638.5    934.1
     1     1    21    10    12    17     0     0   -25.0   37.671  129.028    667.7    930.9
     1     1    21    10    12    16     0     0   -26.0   37.685  129.200    692.3    928.7
     1     1    21    10    12    15     0     0   -27.0   37.705  129.372    711.8    927.0
     1     1    21    10    12    14     0     0   -28.0   37.731  129.548    726.0    925.9
     1     1    21    10    12    13     0     0   -29.0   37.762  129.728    734.5    925.5
     1     1    21    10    12    12     0     0   -30.0   37.800  129.916    737.0    925.8
     1     1    21    10    12    11     0     0   -31.0   37.843  130.108    735.9    926.9
     1     1    21    10    12    10     0     0   -32.0   37.888  130.305    734.4    928.4
     1     1    21    10    12     9     0     0   -33.0   37.935  130.505    732.4    930.0
     1     1    21    10    12     8     0     0   -34.0   37.987  130.709    730.0    931.8
     1     1    21    10    12     7     0     0   -35.0   38.044  130.918    727.3    933.8
     1     1    21    10    12     6     0     0   -36.0   38.107  131.131    724.7    936.0
     1     1    21    10    12     5     0     0   -37.0   38.177  131.352    722.3    938.6
     1     1    21    10    12     4     0     0   -38.0   38.256  131.583    720.5    941.3
     1     1    21    10    12     3     0     0   -39.0   38.343  131.824    719.7    944.2
     1     1    21    10    12     2     0     0   -40.0   38.440  132.075    720.3    947.3
     1     1    21    10    12     1     0     0   -41.0   38.548  132.335    722.8    950.4
     1     1    21    10    12     0     0     0   -42.0   38.666  132.602    727.3    952.1
     1     1    21    10    11    23     0     0   -43.0   38.792  132.870    732.2    950.6
     1     1    21    10    11    22     0     0   -44.0   38.929  133.131    737.4    949.6
     1     1    21    10    11    21     0     0   -45.0   39.077  133.384    743.2    948.9
     1     1    21    10    11    20     0     0   -46.0   39.240  133.627    749.9    948.5
     1     1    21    10    11    19     0     0   -47.0   39.420  133.861    758.1    948.2
     1     1    21    10    11    18     0     0   -48.0   39.621  134.084    768.2    948.3
     1     1    21    10    11    17     0     0   -49.0   39.834  134.281    779.5    948.4
     1     1    21    10    11    16     0     0   -50.0   40.052  134.432    791.8    947.8
     1     1    21    10    11    15     0     0   -51.0   40.269  134.530    804.2    943.8
     1     1    21    10    11    14     0     0   -52.0   40.482  134.570    817.4    939.8
     1     1    21    10    11    13     0     0   -53.0   40.692  134.549    831.3    935.6
     1     1    21    10    11    12     0     0   -54.0   40.898  134.466    845.7    931.2
     1     1    21    10    11    11     0     0   -55.0   41.104  134.340    862.4    926.4
     1     1    21    10    11    10     0     0   -56.0   41.308  134.190    882.9    920.8
     1     1    21    10    11     9     0     0   -57.0   41.510  134.018    907.6    914.5
     1     1    21    10    11     8     0     0   -58.0   41.707  133.824    936.8    907.6
     1     1    21    10    11     7     0     0   -59.0   41.899  133.609    970.6    899.5
     1     1    21    10    11     6     0     0   -60.0   42.085  133.374   1008.9    890.8
     1     1    21    10    11     5     0     0   -61.0   42.281  133.120   1050.7    881.5
     1     1    21    10    11     4     0     0   -62.0   42.505  132.850   1094.8    871.8
     1     1    21    10    11     3     0     0   -63.0   42.759  132.565   1142.1    863.7
     1     1    21    10    11     2     0     0   -64.0   43.046  132.265   1190.6    853.7
     1     1    21    10    11     1     0     0   -65.0   43.368  131.950   1241.9    843.3
     1     1    21    10    11     0     0     0   -66.0   43.723  131.616   1296.9    832.9
     1     1    21    10    10    23     0     0   -67.0   44.100  131.245   1359.6    822.1
     1     1    21    10    10    22     0     0   -68.0   44.490  130.826   1434.1    810.6
     1     1    21    10    10    21     0     0   -69.0   44.901  130.372   1522.9    799.0
     1     1    21    10    10    20     0     0   -70.0   45.331  129.887   1625.3    788.0
     1     1    21    10    10    19     0     0   -71.0   45.773  129.370   1736.5    779.5
     1     1    21    10    10    18     0     0   -72.0   46.226  128.825   1850.7    770.7
     1     1    21    10    10    17     0     0   -73.0   46.686  128.249   1955.9    762.0
     1     1    21    10    10    16     0     0   -74.0   47.149  127.647   2041.5    756.2
     1     1    21    10    10    15     0     0   -75.0   47.620  127.029   2105.8    751.3
     1     1    21    10    10    14     0     0   -76.0   48.094  126.417   2149.7    745.6
     1     1    21    10    10    13     0     0   -77.0   48.572  125.830   2178.9    740.0
     1     1    21    10    10    12     0     0   -78.0   49.064  125.282   2196.8    734.1
     1     1    21    10    10    11     0     0   -79.0   49.561  124.770   2208.7    725.8
     1     1    21    10    10    10     0     0   -80.0   50.057  124.296   2225.0    715.0
     1     1    21    10    10     9     0     0   -81.0   50.554  123.876   2253.1    708.0
     1     1    21    10    10     8     0     0   -82.0   51.055  123.518   2288.5    700.9
     1     1    21    10    10     7     0     0   -83.0   51.563  123.222   2326.9    694.7
     1     1    21    10    10     6     0     0   -84.0   52.079  122.986   2362.9    689.7
     1     1    21    10    10     5     0     0   -85.0   52.576  122.810   2387.4    685.4
     1     1    21    10    10     4     0     0   -86.0   53.026  122.683   2401.0    680.1
     1     1    21    10    10     3     0     0   -87.0   53.430  122.595   2410.2    676.0
     1     1    21    10    10     2     0     0   -88.0   53.798  122.554   2417.4    672.9
     1     1    21    10    10     1     0     0   -89.0   54.137  122.567   2424.8    670.6
     1     1    21    10    10     0     0     0   -90.0   54.453  122.645   2434.2    668.7
     1     1    21    10     9    23     0     0   -91.0   54.721  122.768   2441.8    667.3
     1     1    21    10     9    22     0     0   -92.0   54.922  122.913   2442.8    667.3
     1     1    21    10     9    21     0     0   -93.0   55.060  123.070   2436.6    668.5
     1     1    21    10     9    20     0     0   -94.0   55.138  123.233   2422.6    670.8
     1     1    21    10     9    19     0     0   -95.0   55.159  123.403   2400.3    673.9
     1     1    21    10     9    18     0     0   -96.0   55.126  123.591   2369.0    678.0
