     2     1
    CDC1    21     6     1     0     0
    CDC1    21     7     1     0     0
     1 BACKWARD OMEGA   
  2021     7    24     0   37.500  127.000   500.0
     1 PRESSURE
     1     1    21     7    24     0     0     0     0.0   37.500  127.000    500.0    935.7
     1     1    21     7    23    23     0     0    -1.0   37.447  127.063    510.4    934.3
     1     1    21     7    23    22     0     0    -2.0   37.395  127.129    523.1    932.5
     1     1    21     7    23    21     0     0    -3.0   37.346  127.200    538.2    930.4
     1     1    21     7    23    20     0     0    -4.0   37.299  127.275    555.7    928.1
     1     1    21     7    23    19     0     0    -5.0   37.255  127.354    575.7    925.5
     1     1    21     7    23    18     0     0    -6.0   37.212  127.438    598.2    922.7
     1     1    21     7    23    17     0     0    -7.0   37.172  127.522    620.2    920.0
     1     1    21     7    23    16     0     0    -8.0   37.135  127.605    637.6    918.2
     1     1    21     7    23    15     0     0    -9.0   37.100  127.686    649.8    916.9
     1     1    21     7    23    14     0     0   -10.0   37.067  127.764    656.7    916.3
     1     1    21     7    23    13     0     0   -11.0   37.038  127.841    658.4    916.2
     1     1    21     7    23    12     0     0   -12.0   37.011  127.915    654.8    916.7
     1     1    21     7    23    11     0     0   -13.0   36.982  127.990    650.6    918.1
     1     1    21     7    23    10     0     0   -14.0   36.945  128.070    650.4    918.6
     1     1    21     7    23     9     0     0   -15.0   36.901  128.154    654.5    918.6
     1     1    21     7    23     8     0     0   -16.0   36.849  128.244    663.2    918.1
     1     1    21     7    23     7     0     0   -17.0   36.790  128.339    677.0    917.0
     1     1    21     7    23     6     0     0   -18.0   36.724  128.439    696.4    915.3
     1     1    21     7    23     5     0     0   -19.0   36.658  128.549    719.3    912.9
     1     1    21     7    23     4     0     0   -20.0   36.595  128.674    742.2    910.7
     1     1    21     7    23     3     0     0   -21.0   36.537  128.811    764.9    908.6
     1     1    21     7    23     2     0     0   -22.0   36.483  128.961    787.4    906.6
     1     1    21     7    23     1     0     0   -23.0   36.434  129.124    809.1    904.5
     1     1    21     7    23     0     0     0   -24.0   36.389  129.299    829.9    902.6
     1     1    21     7    22    23     0     0   -25.0   36.348  129.478    849.6    900.5
     1     1    21     7    22    22     0     0   -26.0   36.307  129.652    868.2    898.6
     1     1    21     7    22    21     0     0   -27.0   36.268  129.819    885.6    896.8
     1     1    21     7    22    20     0     0   -28.0   36.230  129.978    901.9    895.1
     1     1    21     7    22    19     0     0   -29.0   36.194  130.129    917.0    894.0
     1     1    21     7    22    18     0     0   -30.0   36.159  130.271    930.4    893.1
     1     1    21     7    22    17     0     0   -31.0   36.124  130.408    944.0    892.5
     1     1    21     7    22    16     0     0   -32.0   36.090  130.546    960.0    891.4
     1     1    21     7    22    15     0     0   -33.0   36.055  130.683    978.4    890.1
     1     1    21     7    22    14     0     0   -34.0   36.017  130.821    999.6    888.4
     1     1    21     7    22    13     0     0   -35.0   35.977  130.960   1023.8    886.4
     1     1    21     7    22    12     0     0   -36.0   35.931  131.100   1051.5    884.1
     1     1    21     7    22    11     0     0   -37.0   35.883  131.249   1081.7    881.2
     1     1    21     7    22    10     0     0   -38.0   35.837  131.414   1112.3    878.5
     1     1    21     7    22     9     0     0   -39.0   35.794  131.595   1143.3    875.9
     1     1    21     7    22     8     0     0   -40.0   35.756  131.791   1173.8    873.3
     1     1    21     7    22     7     0     0   -41.0   35.723  132.003   1203.4    871.0
     1     1    21     7    22     6     0     0   -42.0   35.697  132.231   1231.1    869.0
     1     1    21     7    22     5     0     0   -43.0   35.673  132.463   1255.1    867.4
     1     1    21     7    22     4     0     0   -44.0   35.649  132.690   1273.6    864.8
     1     1    21     7    22     3     0     0   -45.0   35.625  132.910   1286.6    862.5
     1     1    21     7    22     2     0     0   -46.0   35.601  133.125   1293.6    860.9
     1     1    21     7    22     1     0     0   -47.0   35.576  133.334   1294.4    859.9
     1     1    21     7    22     0     0     0   -48.0   35.550  133.538   1288.5    859.6
     1     1    21     7    21    23     0     0   -49.0   35.522  133.741   1280.3    859.9
     1     1    21     7    21    22     0     0   -50.0   35.493  133.945   1274.2    859.6
     1     1    21     7    21    21     0     0   -51.0   35.462  134.151   1271.1    859.1
     1     1    21     7    21    20     0     0   -52.0   35.430  134.358   1272.0    858.1
     1     1    21     7    21    19     0     0   -53.0   35.399  134.568   1277.8    856.8
     1     1    21     7    21    18     0     0   -54.0   35.367  134.780   1289.4    854.9
     1     1    21     7    21    17     0     0   -55.0   35.336  134.996   1304.8    852.3
     1     1    21     7    21    16     0     0   -56.0   35.301  135.220   1320.7    849.2
     1     1    21     7    21    15     0     0   -57.0   35.264  135.452   1337.8    845.9
     1     1    21     7    21    14     0     0   -58.0   35.224  135.692   1356.1    842.4
     1     1    21     7    21    13     0     0   -59.0   35.182  135.940   1375.8    838.9
     1     1    21     7    21    12     0     0   -60.0   35.137  136.196   1396.9    835.2
     1     1    21     7    21    11     0     0   -61.0   35.092  136.456   1417.6    831.2
     1     1    21     7    21    10     0     0   -62.0   35.053  136.712   1436.3    827.6
     1     1    21     7    21     9     0     0   -63.0   35.017  136.965   1452.9    824.4
     1     1    21     7    21     8     0     0   -64.0   34.986  137.213   1467.7    821.5
     1     1    21     7    21     7     0     0   -65.0   34.959  137.456   1480.6    819.0
     1     1    21     7    21     6     0     0   -66.0   34.938  137.692   1493.0    818.7
     1     1    21     7    21     5     0     0   -67.0   34.919  137.925   1506.7    819.6
     1     1    21     7    21     4     0     0   -68.0   34.899  138.160   1523.4    819.8
     1     1    21     7    21     3     0     0   -69.0   34.880  138.396   1543.3    819.7
     1     1    21     7    21     2     0     0   -70.0   34.861  138.633   1566.5    819.3
     1     1    21     7    21     1     0     0   -71.0   34.843  138.870   1592.7    818.6
     1     1    21     7    21     0     0     0   -72.0   34.828  139.107   1622.1    817.5
     1     1    21     7    20    23     0     0   -73.0   34.816  139.339   1653.9    815.7
     1     1    21     7    20    22     0     0   -74.0   34.808  139.563   1686.9    813.8
     1     1    21     7    20    21     0     0   -75.0   34.802  139.778   1721.3    811.6
     1     1    21     7    20    20     0     0   -76.0   34.796  139.987   1756.8    809.1
     1     1    21     7    20    19     0     0   -77.0   34.789  140.187   1793.6    806.9
     1     1    21     7    20    18     0     0   -78.0   34.779  140.379   1831.3    804.7
     1     1    21     7    20    17     0     0   -79.0   34.767  140.570   1869.5    802.6
     1     1    21     7    20    16     0     0   -80.0   34.757  140.769   1907.9    800.6
     1     1    21     7    20    15     0     0   -81.0   34.748  140.975   1946.1    798.7
     1     1    21     7    20    14     0     0   -82.0   34.740  141.188   1983.9    797.0
     1     1    21     7    20    13     0     0   -83.0   34.733  141.410   2021.0    795.4
     1     1    21     7    20    12     0     0   -84.0   34.727  141.640   2057.1    794.0
     1     1    21     7    20    11     0     0   -85.0   34.723  141.873   2090.3    792.3
     1     1    21     7    20    10     0     0   -86.0   34.720  142.100   2119.1    791.1
     1     1    21     7    20     9     0     0   -87.0   34.719  142.323   2144.0    790.2
     1     1    21     7    20     8     0     0   -88.0   34.717  142.543   2165.3    789.3
     1     1    21     7    20     7     0     0   -89.0   34.714  142.758   2182.9    787.5
     1     1    21     7    20     6     0     0   -90.0   34.712  142.968   2198.7    785.8
     1     1    21     7    20     5     0     0   -91.0   34.713  143.173   2214.5    784.8
     1     1    21     7    20     4     0     0   -92.0   34.722  143.371   2232.6    783.3
     1     1    21     7    20     3     0     0   -93.0   34.738  143.562   2251.5    781.7
     1     1    21     7    20     2     0     0   -94.0   34.762  143.748   2270.4    780.1
     1     1    21     7    20     1     0     0   -95.0   34.793  143.928   2288.6    778.6
     1     1    21     7    20     0     0     0   -96.0   34.833  144.103   2305.3    777.2
