     2     1
    CDC1    21     9     1     0     0
    CDC1    21    10     1     0     0
     1 BACKWARD OMEGA   
  2021    10     6     9   37.500  127.000   500.0
     1 PRESSURE
     1     1    21    10     6     9     0     0     0.0   37.500  127.000    500.0    941.9
     1     1    21    10     6     8     0     0    -1.0   37.393  127.118    474.2    944.6
     1     1    21    10     6     7     0     0    -2.0   37.289  127.252    452.7    946.5
     1     1    21    10     6     6     0     0    -3.0   37.191  127.399    434.9    948.0
     1     1    21    10     6     5     0     0    -4.0   37.107  127.553    420.6    950.1
     1     1    21    10     6     4     0     0    -5.0   37.048  127.709    408.9    952.7
     1     1    21    10     6     3     0     0    -6.0   37.012  127.867    399.4    954.9
     1     1    21    10     6     2     0     0    -7.0   37.000  128.026    391.8    956.9
     1     1    21    10     6     1     0     0    -8.0   37.009  128.186    385.7    958.7
     1     1    21    10     6     0     0     0    -9.0   37.039  128.348    381.2    960.2
     1     1    21    10     5    23     0     0   -10.0   37.084  128.501    376.9    960.7
     1     1    21    10     5    22     0     0   -11.0   37.135  128.634    372.2    961.3
     1     1    21    10     5    21     0     0   -12.0   37.194  128.744    366.8    962.0
     1     1    21    10     5    20     0     0   -13.0   37.259  128.833    360.6    962.6
     1     1    21    10     5    19     0     0   -14.0   37.332  128.897    353.6    963.4
     1     1    21    10     5    18     0     0   -15.0   37.413  128.938    345.9    964.1
     1     1    21    10     5    17     0     0   -16.0   37.502  128.961    337.9    965.2
     1     1    21    10     5    16     0     0   -17.0   37.600  128.976    330.4    964.9
     1     1    21    10     5    15     0     0   -18.0   37.708  128.984    323.9    964.4
     1     1    21    10     5    14     0     0   -19.0   37.825  128.987    318.5    963.6
     1     1    21    10     5    13     0     0   -20.0   37.952  128.986    314.1    962.6
     1     1    21    10     5    12     0     0   -21.0   38.090  128.982    310.8    961.3
     1     1    21    10     5    11     0     0   -22.0   38.228  128.977    306.7    959.7
     1     1    21    10     5    10     0     0   -23.0   38.353  128.973    300.2    958.7
     1     1    21    10     5     9     0     0   -24.0   38.465  128.971    291.0    958.2
     1     1    21    10     5     8     0     0   -25.0   38.564  128.971    279.1    958.1
     1     1    21    10     5     7     0     0   -26.0   38.652  128.976    264.8    958.5
     1     1    21    10     5     6     0     0   -27.0   38.727  128.985    248.1    959.4
     1     1    21    10     5     5     0     0   -28.0   38.792  128.993    230.9    961.1
     1     1    21    10     5     4     0     0   -29.0   38.851  128.990    215.0    962.6
     1     1    21    10     5     3     0     0   -30.0   38.904  128.976    200.2    963.9
     1     1    21    10     5     2     0     0   -31.0   38.950  128.950    186.5    964.6
     1     1    21    10     5     1     0     0   -32.0   38.990  128.910    173.9    965.2
     1     1    21    10     5     0     0     0   -33.0   39.023  128.856    162.1    965.7
     1     1    21    10     4    23     0     0   -34.0   39.051  128.803    151.2    965.8
     1     1    21    10     4    22     0     0   -35.0   39.074  128.769    141.0    966.0
     1     1    21    10     4    21     0     0   -36.0   39.093  128.751    131.6    966.5
     1     1    21    10     4    20     0     0   -37.0   39.109  128.750    122.7    967.0
     1     1    21    10     4    19     0     0   -38.0   39.121  128.766    114.5    967.7
     1     1    21    10     4    18     0     0   -39.0   39.128  128.797    106.7    968.6
     1     1    21    10     4    17     0     0   -40.0   39.132  128.827     99.2    969.9
     1     1    21    10     4    16     0     0   -41.0   39.128  128.836     91.7    971.2
     1     1    21    10     4    15     0     0   -42.0   39.114  128.824     84.3    972.4
     1     1    21    10     4    14     0     0   -43.0   39.088  128.791     77.1    973.7
     1     1    21    10     4    13     0     0   -44.0   39.047  128.737     70.1    974.6
     1     1    21    10     4    12     0     0   -45.0   38.991  128.662     63.3    975.4
     1     1    21    10     4    11     0     0   -46.0   38.914  128.573     57.2    976.0
     1     1    21    10     4    10     0     0   -47.0   38.814  128.477     52.1    976.8
     1     1    21    10     4     9     0     0   -48.0   38.690  128.374     47.9    978.0
     1     1    21    10     4     8     0     0   -49.0   38.542  128.265     44.5    979.4
     1     1    21    10     4     7     0     0   -50.0   38.368  128.151     41.6    981.3
     1     1    21    10     4     6     0     0   -51.0   38.165  128.032     39.3    983.7
     1     1    21    10     4     5     0     0   -52.0   37.939  127.915     37.1    986.9
     1     1    21    10     4     4     0     0   -53.0   37.696  127.807     34.8    990.7
     1     1    21    10     4     3     0     0   -54.0   37.438  127.709     32.2    994.2
     1     1    21    10     4     2     0     0   -55.0   37.177  127.628     29.2    995.0
     1     1    21    10     4     1     0     0   -56.0   36.922  127.565     25.7    996.1
     1     1    21    10     4     0     0     0   -57.0   36.673  127.517     21.9    997.3
     1     1    21    10     3    23     0     0   -58.0   36.425  127.473     18.5    998.4
     1     1    21    10     3    22     0     0   -59.0   36.174  127.423     16.2    999.3
     1     1    21    10     3    21     0     0   -60.0   35.912  127.371     15.0   1000.0
     1     1    21    10     3    20     0     0   -61.0   35.635  127.316     15.1   1000.5
     1     1    21    10     3    19     0     0   -62.0   35.337  127.262     16.7   1000.6
     1     1    21    10     3    18     0     0   -63.0   35.008  127.209     20.3   1000.5
     1     1    21    10     3    17     0     0   -64.0   34.669  127.174     23.4   1001.8
     1     1    21    10     3    16     0     0   -65.0   34.349  127.175     23.6   1003.7
     1     1    21    10     3    15     0     0   -66.0   34.053  127.208     21.5   1005.7
     1     1    21    10     3    14     0     0   -67.0   33.782  127.270     18.0   1007.8
     1     1    21    10     3    13     0     0   -68.0   33.536  127.357     13.9   1009.9
     1     1    21    10     3    12     0     0   -69.0   33.316  127.462     10.0   1011.9
     1     1    21    10     3    11     0     0   -70.0   33.116  127.579      6.7   1012.6
     1     1    21    10     3    10     0     0   -71.0   32.932  127.701      4.2   1013.0
     1     1    21    10     3     9     0     0   -72.0   32.765  127.828      2.4   1013.4
     1     1    21    10     3     8     0     0   -73.0   32.612  127.962      1.1   1013.6
     1     1    21    10     3     7     0     0   -74.0   32.476  128.103      0.3   1013.6
     1     1    21    10     3     6     0     0   -75.0   32.352  128.253      0.0   1013.3
     1     1    21    10     3     5     0     0   -76.0   32.239  128.414      0.0   1013.0
     1     1    21    10     3     4     0     0   -77.0   32.134  128.585      0.2   1012.8
     1     1    21    10     3     3     0     0   -78.0   32.039  128.763      1.0   1012.5
     1     1    21    10     3     2     0     0   -79.0   31.953  128.945      2.4   1012.3
     1     1    21    10     3     1     0     0   -80.0   31.877  129.128      4.4   1012.1
     1     1    21    10     3     0     0     0   -81.0   31.812  129.309      7.0   1011.8
     1     1    21    10     2    23     0     0   -82.0   31.760  129.485     10.1   1011.3
     1     1    21    10     2    22     0     0   -83.0   31.724  129.654     14.1   1010.1
     1     1    21    10     2    21     0     0   -84.0   31.702  129.817     20.8   1008.3
     1     1    21    10     2    20     0     0   -85.0   31.694  129.974     30.9   1006.3
     1     1    21    10     2    19     0     0   -86.0   31.698  130.124     44.9   1004.0
     1     1    21    10     2    18     0     0   -87.0   31.714  130.267     63.1   1001.5
     1     1    21    10     2    17     0     0   -88.0   31.736  130.403     84.5    998.5
     1     1    21    10     2    16     0     0   -89.0   31.761  130.530    106.9    994.7
     1     1    21    10     2    15     0     0   -90.0   31.787  130.648    129.1    991.4
     1     1    21    10     2    14     0     0   -91.0   31.815  130.758    150.5    988.4
     1     1    21    10     2    13     0     0   -92.0   31.843  130.858    170.8    985.7
     1     1    21    10     2    12     0     0   -93.0   31.872  130.949    189.5    983.2
     1     1    21    10     2    11     0     0   -94.0   31.908  131.030    206.8    980.6
     1     1    21    10     2    10     0     0   -95.0   31.957  131.101    223.0    977.7
     1     1    21    10     2     9     0     0   -96.0   32.020  131.161    238.3    975.0
