     2     1
    CDC1    21    10     1     0     0
    CDC1    21    11     1     0     0
     1 BACKWARD OMEGA   
  2021    11    18    21   37.500  127.000   500.0
     1 PRESSURE
     1     1    21    11    18    21     0     0     0.0   37.500  127.000    500.0    938.6
     1     1    21    11    18    20     0     0    -1.0   37.514  126.637    532.8    936.4
     1     1    21    11    18    19     0     0    -2.0   37.527  126.242    561.5    935.0
     1     1    21    11    18    18     0     0    -3.0   37.537  125.812    584.7    934.4
     1     1    21    11    18    17     0     0    -4.0   37.539  125.372    600.7    935.0
     1     1    21    11    18    16     0     0    -5.0   37.521  124.942    607.0    936.8
     1     1    21    11    18    15     0     0    -6.0   37.474  124.522    604.3    938.7
     1     1    21    11    18    14     0     0    -7.0   37.395  124.113    594.8    940.9
     1     1    21    11    18    13     0     0    -8.0   37.283  123.713    580.4    943.5
     1     1    21    11    18    12     0     0    -9.0   37.138  123.319    562.9    946.4
     1     1    21    11    18    11     0     0   -10.0   36.972  122.944    544.4    949.3
     1     1    21    11    18    10     0     0   -11.0   36.796  122.602    525.0    952.0
     1     1    21    11    18     9     0     0   -12.0   36.609  122.292    505.1    954.3
     1     1    21    11    18     8     0     0   -13.0   36.411  122.014    485.8    956.1
     1     1    21    11    18     7     0     0   -14.0   36.201  121.764    467.4    957.7
     1     1    21    11    18     6     0     0   -15.0   35.982  121.540    449.7    959.3
     1     1    21    11    18     5     0     0   -16.0   35.763  121.335    436.8    961.1
     1     1    21    11    18     4     0     0   -17.0   35.554  121.138    432.7    961.2
     1     1    21    11    18     3     0     0   -18.0   35.357  120.947    437.0    960.2
     1     1    21    11    18     2     0     0   -19.0   35.171  120.757    449.3    958.2
     1     1    21    11    18     1     0     0   -20.0   34.999  120.566    469.6    955.2
     1     1    21    11    18     0     0     0   -21.0   34.843  120.375    497.2    952.0
     1     1    21    11    17    23     0     0   -22.0   34.702  120.181    525.8    948.0
     1     1    21    11    17    22     0     0   -23.0   34.568  119.980    549.2    945.3
     1     1    21    11    17    21     0     0   -24.0   34.441  119.771    568.1    943.6
     1     1    21    11    17    20     0     0   -25.0   34.322  119.553    582.9    942.2
     1     1    21    11    17    19     0     0   -26.0   34.208  119.326    593.8    941.2
     1     1    21    11    17    18     0     0   -27.0   34.101  119.089    601.3    940.5
     1     1    21    11    17    17     0     0   -28.0   33.995  118.858    609.4    939.8
     1     1    21    11    17    16     0     0   -29.0   33.888  118.652    621.8    938.3
     1     1    21    11    17    15     0     0   -30.0   33.783  118.469    637.8    936.2
     1     1    21    11    17    14     0     0   -31.0   33.682  118.311    657.2    933.5
     1     1    21    11    17    13     0     0   -32.0   33.588  118.177    679.6    930.5
     1     1    21    11    17    12     0     0   -33.0   33.501  118.067    705.0    927.3
     1     1    21    11    17    11     0     0   -34.0   33.419  117.968    731.9    924.0
     1     1    21    11    17    10     0     0   -35.0   33.337  117.870    759.2    920.9
     1     1    21    11    17     9     0     0   -36.0   33.254  117.773    786.3    917.8
     1     1    21    11    17     8     0     0   -37.0   33.169  117.676    812.8    914.8
     1     1    21    11    17     7     0     0   -38.0   33.081  117.579    838.1    911.9
     1     1    21    11    17     6     0     0   -39.0   32.987  117.482    861.8    909.3
     1     1    21    11    17     5     0     0   -40.0   32.895  117.396    884.0    907.5
     1     1    21    11    17     4     0     0   -41.0   32.814  117.331    903.2    905.9
     1     1    21    11    17     3     0     0   -42.0   32.741  117.288    919.4    904.6
     1     1    21    11    17     2     0     0   -43.0   32.675  117.266    932.6    903.5
     1     1    21    11    17     1     0     0   -44.0   32.617  117.267    942.4    902.6
     1     1    21    11    17     0     0     0   -45.0   32.564  117.292    948.8    902.1
     1     1    21    11    16    23     0     0   -46.0   32.510  117.332    951.6    901.4
     1     1    21    11    16    22     0     0   -47.0   32.446  117.378    952.3    900.5
     1     1    21    11    16    21     0     0   -48.0   32.372  117.430    950.3    899.7
     1     1    21    11    16    20     0     0   -49.0   32.288  117.488    946.0    898.9
     1     1    21    11    16    19     0     0   -50.0   32.194  117.552    940.0    898.7
     1     1    21    11    16    18     0     0   -51.0   32.090  117.624    932.6    898.6
     1     1    21    11    16    17     0     0   -52.0   31.988  117.708    925.8    898.9
     1     1    21    11    16    16     0     0   -53.0   31.902  117.809    920.3    899.0
     1     1    21    11    16    15     0     0   -54.0   31.832  117.926    916.4    899.2
     1     1    21    11    16    14     0     0   -55.0   31.778  118.056    914.4    899.4
     1     1    21    11    16    13     0     0   -56.0   31.741  118.199    914.5    899.6
     1     1    21    11    16    12     0     0   -57.0   31.721  118.353    917.1    899.7
     1     1    21    11    16    11     0     0   -58.0   31.711  118.509    922.2    899.6
     1     1    21    11    16    10     0     0   -59.0   31.704  118.662    929.5    899.3
     1     1    21    11    16     9     0     0   -60.0   31.701  118.810    938.7    898.7
     1     1    21    11    16     8     0     0   -61.0   31.702  118.954    949.3    898.0
     1     1    21    11    16     7     0     0   -62.0   31.706  119.093    960.9    897.3
     1     1    21    11    16     6     0     0   -63.0   31.714  119.229    973.1    896.5
     1     1    21    11    16     5     0     0   -64.0   31.723  119.366    984.5    895.5
     1     1    21    11    16     4     0     0   -65.0   31.730  119.510    994.1    894.9
     1     1    21    11    16     3     0     0   -66.0   31.733  119.659   1001.9    894.5
     1     1    21    11    16     2     0     0   -67.0   31.733  119.814   1008.3    894.2
     1     1    21    11    16     1     0     0   -68.0   31.729  119.974   1013.5    894.0
     1     1    21    11    16     0     0     0   -69.0   31.721  120.138   1017.9    894.2
     1     1    21    11    15    23     0     0   -70.0   31.706  120.290   1021.7    894.4
     1     1    21    11    15    22     0     0   -71.0   31.683  120.420   1025.3    894.5
     1     1    21    11    15    21     0     0   -72.0   31.650  120.528   1028.2    894.4
     1     1    21    11    15    20     0     0   -73.0   31.608  120.614   1030.5    894.2
     1     1    21    11    15    19     0     0   -74.0   31.557  120.680   1032.0    893.9
     1     1    21    11    15    18     0     0   -75.0   31.495  120.727   1032.8    893.5
     1     1    21    11    15    17     0     0   -76.0   31.429  120.761   1035.5    893.2
     1     1    21    11    15    16     0     0   -77.0   31.367  120.791   1042.4    892.1
     1     1    21    11    15    15     0     0   -78.0   31.310  120.817   1053.5    890.6
     1     1    21    11    15    14     0     0   -79.0   31.257  120.838   1068.8    888.7
     1     1    21    11    15    13     0     0   -80.0   31.211  120.854   1088.5    886.3
     1     1    21    11    15    12     0     0   -81.0   31.170  120.863   1112.9    883.5
     1     1    21    11    15    11     0     0   -82.0   31.131  120.866   1138.5    880.3
     1     1    21    11    15    10     0     0   -83.0   31.090  120.859   1161.4    877.6
     1     1    21    11    15     9     0     0   -84.0   31.047  120.845   1181.9    875.2
     1     1    21    11    15     8     0     0   -85.0   31.003  120.822   1199.7    872.9
     1     1    21    11    15     7     0     0   -86.0   30.956  120.792   1214.9    870.9
     1     1    21    11    15     6     0     0   -87.0   30.907  120.754   1227.2    869.1
     1     1    21    11    15     5     0     0   -88.0   30.862  120.711   1238.7    867.5
     1     1    21    11    15     4     0     0   -89.0   30.826  120.663   1252.7    865.5
     1     1    21    11    15     3     0     0   -90.0   30.801  120.610   1268.8    863.3
     1     1    21    11    15     2     0     0   -91.0   30.786  120.553   1287.1    860.9
     1     1    21    11    15     1     0     0   -92.0   30.782  120.491   1307.6    858.2
     1     1    21    11    15     0     0     0   -93.0   30.787  120.423   1330.3    855.2
     1     1    21    11    14    23     0     0   -94.0   30.798  120.349   1352.5    852.1
     1     1    21    11    14    22     0     0   -95.0   30.812  120.270   1370.6    849.8
     1     1    21    11    14    21     0     0   -96.0   30.827  120.187   1384.9    847.9
