     2     1
    CDC1    21     7     1     0     0
    CDC1    21     8     1     0     0
     1 BACKWARD OMEGA   
  2021     8     5     0   37.500  127.000   500.0
     1 PRESSURE
     1     1    21     8     5     0     0     0     0.0   37.500  127.000    500.0    933.5
     1     1    21     8     4    23     0     0    -1.0   37.402  126.891    497.8    934.4
     1     1    21     8     4    22     0     0    -2.0   37.298  126.776    493.9    935.7
     1     1    21     8     4    21     0     0    -3.0   37.185  126.656    488.5    937.1
     1     1    21     8     4    20     0     0    -4.0   37.065  126.533    482.0    938.8
     1     1    21     8     4    19     0     0    -5.0   36.938  126.407    474.6    940.5
     1     1    21     8     4    18     0     0    -6.0   36.802  126.280    466.7    942.3
     1     1    21     8     4    17     0     0    -7.0   36.663  126.161    460.2    944.0
     1     1    21     8     4    16     0     0    -8.0   36.526  126.059    456.7    945.0
     1     1    21     8     4    15     0     0    -9.0   36.391  125.972    456.3    945.7
     1     1    21     8     4    14     0     0   -10.0   36.258  125.897    458.8    946.0
     1     1    21     8     4    13     0     0   -11.0   36.127  125.834    464.5    945.9
     1     1    21     8     4    12     0     0   -12.0   35.998  125.783    473.3    945.4
     1     1    21     8     4    11     0     0   -13.0   35.869  125.742    482.1    944.5
     1     1    21     8     4    10     0     0   -14.0   35.739  125.713    487.2    944.4
     1     1    21     8     4     9     0     0   -15.0   35.607  125.694    488.6    944.6
     1     1    21     8     4     8     0     0   -16.0   35.474  125.686    486.1    945.2
     1     1    21     8     4     7     0     0   -17.0   35.340  125.688    479.9    946.2
     1     1    21     8     4     6     0     0   -18.0   35.205  125.701    470.0    947.5
     1     1    21     8     4     5     0     0   -19.0   35.067  125.720    460.3    949.4
     1     1    21     8     4     4     0     0   -20.0   34.926  125.743    454.9    950.4
     1     1    21     8     4     3     0     0   -21.0   34.782  125.773    453.5    950.9
     1     1    21     8     4     2     0     0   -22.0   34.636  125.813    455.9    951.0
     1     1    21     8     4     1     0     0   -23.0   34.489  125.862    461.9    950.7
     1     1    21     8     4     0     0     0   -24.0   34.341  125.920    471.4    949.9
     1     1    21     8     3    23     0     0   -25.0   34.190  125.988    481.4    948.4
     1     1    21     8     3    22     0     0   -26.0   34.033  126.070    489.2    947.5
     1     1    21     8     3    21     0     0   -27.0   33.871  126.165    495.0    946.9
     1     1    21     8     3    20     0     0   -28.0   33.702  126.275    499.0    946.4
     1     1    21     8     3    19     0     0   -29.0   33.526  126.401    501.4    946.1
     1     1    21     8     3    18     0     0   -30.0   33.341  126.541    502.7    946.0
     1     1    21     8     3    17     0     0   -31.0   33.156  126.700    504.9    946.4
     1     1    21     8     3    16     0     0   -32.0   32.978  126.875    509.1    946.4
     1     1    21     8     3    15     0     0   -33.0   32.809  127.067    515.3    946.1
     1     1    21     8     3    14     0     0   -34.0   32.649  127.271    522.9    945.8
     1     1    21     8     3    13     0     0   -35.0   32.497  127.488    531.7    945.3
     1     1    21     8     3    12     0     0   -36.0   32.354  127.716    540.9    944.0
     1     1    21     8     3    11     0     0   -37.0   32.216  127.954    550.9    942.4
     1     1    21     8     3    10     0     0   -38.0   32.077  128.202    562.8    940.6
     1     1    21     8     3     9     0     0   -39.0   31.935  128.458    576.4    938.7
     1     1    21     8     3     8     0     0   -40.0   31.791  128.720    591.4    936.8
     1     1    21     8     3     7     0     0   -41.0   31.646  128.988    607.8    935.0
     1     1    21     8     3     6     0     0   -42.0   31.499  129.258    625.2    933.2
     1     1    21     8     3     5     0     0   -43.0   31.350  129.522    643.6    931.1
     1     1    21     8     3     4     0     0   -44.0   31.195  129.771    663.0    929.0
     1     1    21     8     3     3     0     0   -45.0   31.033  130.006    683.2    926.9
     1     1    21     8     3     2     0     0   -46.0   30.862  130.229    703.4    925.0
     1     1    21     8     3     1     0     0   -47.0   30.684  130.444    722.4    923.3
     1     1    21     8     3     0     0     0   -48.0   30.498  130.651    739.6    921.9
     1     1    21     8     2    23     0     0   -49.0   30.305  130.860    754.1    920.6
     1     1    21     8     2    22     0     0   -50.0   30.107  131.077    765.0    919.8
     1     1    21     8     2    21     0     0   -51.0   29.905  131.295    772.9    918.8
     1     1    21     8     2    20     0     0   -52.0   29.699  131.509    778.1    917.7
     1     1    21     8     2    19     0     0   -53.0   29.489  131.715    781.7    916.9
     1     1    21     8     2    18     0     0   -54.0   29.277  131.911    784.2    916.3
     1     1    21     8     2    17     0     0   -55.0   29.069  132.105    786.4    916.0
     1     1    21     8     2    16     0     0   -56.0   28.874  132.305    788.3    915.8
     1     1    21     8     2    15     0     0   -57.0   28.695  132.511    790.1    915.7
     1     1    21     8     2    14     0     0   -58.0   28.529  132.723    792.0    916.0
     1     1    21     8     2    13     0     0   -59.0   28.377  132.941    793.6    916.4
     1     1    21     8     2    12     0     0   -60.0   28.239  133.164    795.3    916.7
     1     1    21     8     2    11     0     0   -61.0   28.112  133.381    797.8    916.8
     1     1    21     8     2    10     0     0   -62.0   27.991  133.585    801.6    916.7
     1     1    21     8     2     9     0     0   -63.0   27.879  133.775    806.8    916.3
     1     1    21     8     2     8     0     0   -64.0   27.775  133.951    813.8    915.8
     1     1    21     8     2     7     0     0   -65.0   27.682  134.113    822.5    915.0
     1     1    21     8     2     6     0     0   -66.0   27.600  134.261    833.1    914.0
     1     1    21     8     2     5     0     0   -67.0   27.533  134.398    843.8    913.1
     1     1    21     8     2     4     0     0   -68.0   27.488  134.526    852.6    912.4
     1     1    21     8     2     3     0     0   -69.0   27.464  134.645    859.7    912.0
     1     1    21     8     2     2     0     0   -70.0   27.462  134.755    865.2    911.7
     1     1    21     8     2     1     0     0   -71.0   27.482  134.856    869.5    911.5
     1     1    21     8     2     0     0     0   -72.0   27.524  134.949    872.5    911.4
     1     1    21     8     1    23     0     0   -73.0   27.571  135.027    875.8    911.2
     1     1    21     8     1    22     0     0   -74.0   27.606  135.084    881.2    910.4
     1     1    21     8     1    21     0     0   -75.0   27.627  135.119    888.3    909.5
     1     1    21     8     1    20     0     0   -76.0   27.632  135.133    897.1    908.4
     1     1    21     8     1    19     0     0   -77.0   27.621  135.126    907.7    907.2
     1     1    21     8     1    18     0     0   -78.0   27.593  135.097    919.9    905.9
     1     1    21     8     1    17     0     0   -79.0   27.553  135.064    931.8    904.5
     1     1    21     8     1    16     0     0   -80.0   27.505  135.044    941.7    903.4
     1     1    21     8     1    15     0     0   -81.0   27.450  135.037    949.5    902.5
     1     1    21     8     1    14     0     0   -82.0   27.390  135.043    955.4    901.8
     1     1    21     8     1    13     0     0   -83.0   27.324  135.063    959.6    901.2
     1     1    21     8     1    12     0     0   -84.0   27.254  135.095    962.2    900.8
     1     1    21     8     1    11     0     0   -85.0   27.184  135.137    965.5    900.6
     1     1    21     8     1    10     0     0   -86.0   27.123  135.183    971.6    899.8
     1     1    21     8     1     9     0     0   -87.0   27.069  135.235    980.4    898.7
     1     1    21     8     1     8     0     0   -88.0   27.025  135.292    991.8    897.3
     1     1    21     8     1     7     0     0   -89.0   26.991  135.354   1005.7    895.6
     1     1    21     8     1     6     0     0   -90.0   26.968  135.422   1022.2    893.7
     1     1    21     8     1     5     0     0   -91.0   26.962  135.491   1039.5    891.6
     1     1    21     8     1     4     0     0   -92.0   26.978  135.556   1056.1    889.8
     1     1    21     8     1     3     0     0   -93.0   27.016  135.615   1071.9    888.2
     1     1    21     8     1     2     0     0   -94.0   27.075  135.670   1087.1    886.6
     1     1    21     8     1     1     0     0   -95.0   27.153  135.721   1101.3    885.2
     1     1    21     8     1     0     0     0   -96.0   27.251  135.769   1114.5    883.9
