     2     1
    CDC1    21     2     1     0     0
    CDC1    21     3     1     0     0
     1 BACKWARD OMEGA   
  2021     3    15     9   37.500  127.000   500.0
     1 PRESSURE
     1     1    21     3    15     9     0     0     0.0   37.500  127.000    500.0    935.8
     1     1    21     3    15     8     0     0    -1.0   37.291  126.728    464.7    941.8
     1     1    21     3    15     7     0     0    -2.0   37.071  126.494    428.4    948.2
     1     1    21     3    15     6     0     0    -3.0   36.834  126.293    392.1    954.6
     1     1    21     3    15     5     0     0    -4.0   36.590  126.126    359.7    960.4
     1     1    21     3    15     4     0     0    -5.0   36.345  125.996    333.8    964.7
     1     1    21     3    15     3     0     0    -6.0   36.096  125.901    313.6    968.4
     1     1    21     3    15     2     0     0    -7.0   35.843  125.841    298.9    971.3
     1     1    21     3    15     1     0     0    -8.0   35.588  125.811    289.7    973.5
     1     1    21     3    15     0     0     0    -9.0   35.331  125.810    286.2    974.9
     1     1    21     3    14    23     0     0   -10.0   35.078  125.819    287.2    975.0
     1     1    21     3    14    22     0     0   -11.0   34.839  125.826    291.4    975.0
     1     1    21     3    14    21     0     0   -12.0   34.616  125.829    298.0    974.9
     1     1    21     3    14    20     0     0   -13.0   34.408  125.831    306.9    974.5
     1     1    21     3    14    19     0     0   -14.0   34.215  125.833    317.5    973.9
     1     1    21     3    14    18     0     0   -15.0   34.035  125.837    329.6    973.2
     1     1    21     3    14    17     0     0   -16.0   33.871  125.846    343.5    972.5
     1     1    21     3    14    16     0     0   -17.0   33.730  125.863    359.3    971.4
     1     1    21     3    14    15     0     0   -18.0   33.612  125.887    377.4    970.1
     1     1    21     3    14    14     0     0   -19.0   33.519  125.919    398.0    968.1
     1     1    21     3    14    13     0     0   -20.0   33.452  125.957    421.3    965.5
     1     1    21     3    14    12     0     0   -21.0   33.414  126.001    447.6    962.5
     1     1    21     3    14    11     0     0   -22.0   33.398  126.041    476.7    958.8
     1     1    21     3    14    10     0     0   -23.0   33.398  126.069    508.4    955.0
     1     1    21     3    14     9     0     0   -24.0   33.413  126.085    542.6    951.0
     1     1    21     3    14     8     0     0   -25.0   33.441  126.088    579.2    946.8
     1     1    21     3    14     7     0     0   -26.0   33.482  126.079    618.2    942.6
     1     1    21     3    14     6     0     0   -27.0   33.535  126.056    659.6    937.5
     1     1    21     3    14     5     0     0   -28.0   33.597  126.021    703.1    932.3
     1     1    21     3    14     4     0     0   -29.0   33.664  125.980    747.9    927.1
     1     1    21     3    14     3     0     0   -30.0   33.736  125.932    793.8    922.0
     1     1    21     3    14     2     0     0   -31.0   33.814  125.878    840.5    916.9
     1     1    21     3    14     1     0     0   -32.0   33.897  125.818    887.5    912.0
     1     1    21     3    14     0     0     0   -33.0   33.988  125.752    934.3    907.2
     1     1    21     3    13    23     0     0   -34.0   34.082  125.680    979.8    901.6
     1     1    21     3    13    22     0     0   -35.0   34.175  125.601   1022.8    896.5
     1     1    21     3    13    21     0     0   -36.0   34.267  125.516   1063.5    891.9
     1     1    21     3    13    20     0     0   -37.0   34.357  125.426   1102.0    887.7
     1     1    21     3    13    19     0     0   -38.0   34.444  125.331   1138.6    883.8
     1     1    21     3    13    18     0     0   -39.0   34.528  125.231   1173.4    880.3
     1     1    21     3    13    17     0     0   -40.0   34.611  125.124   1206.6    877.1
     1     1    21     3    13    16     0     0   -41.0   34.695  125.008   1239.9    873.9
     1     1    21     3    13    15     0     0   -42.0   34.780  124.883   1272.4    870.4
     1     1    21     3    13    14     0     0   -43.0   34.868  124.747   1304.1    867.0
     1     1    21     3    13    13     0     0   -44.0   34.958  124.601   1334.9    863.3
     1     1    21     3    13    12     0     0   -45.0   35.052  124.446   1364.9    859.8
     1     1    21     3    13    11     0     0   -46.0   35.147  124.287   1394.0    857.0
     1     1    21     3    13    10     0     0   -47.0   35.245  124.129   1422.9    854.2
     1     1    21     3    13     9     0     0   -48.0   35.343  123.972   1452.6    851.3
     1     1    21     3    13     8     0     0   -49.0   35.441  123.815   1483.9    848.4
     1     1    21     3    13     7     0     0   -50.0   35.539  123.657   1517.8    845.3
     1     1    21     3    13     6     0     0   -51.0   35.635  123.497   1555.2    841.9
     1     1    21     3    13     5     0     0   -52.0   35.728  123.336   1591.9    838.0
     1     1    21     3    13     4     0     0   -53.0   35.818  123.175   1622.1    835.3
     1     1    21     3    13     3     0     0   -54.0   35.904  123.013   1645.2    833.4
     1     1    21     3    13     2     0     0   -55.0   35.988  122.851   1660.4    832.3
     1     1    21     3    13     1     0     0   -56.0   36.068  122.687   1667.1    832.1
     1     1    21     3    13     0     0     0   -57.0   36.144  122.521   1665.0    832.7
     1     1    21     3    12    23     0     0   -58.0   36.220  122.366   1661.2    833.9
     1     1    21     3    12    22     0     0   -59.0   36.301  122.231   1663.7    833.6
     1     1    21     3    12    21     0     0   -60.0   36.387  122.113   1671.4    832.9
     1     1    21     3    12    20     0     0   -61.0   36.475  122.011   1683.6    831.8
     1     1    21     3    12    19     0     0   -62.0   36.565  121.924   1699.8    830.4
     1     1    21     3    12    18     0     0   -63.0   36.655  121.849   1719.3    828.7
     1     1    21     3    12    17     0     0   -64.0   36.749  121.774   1736.6    826.4
     1     1    21     3    12    16     0     0   -65.0   36.848  121.687   1747.9    825.3
     1     1    21     3    12    15     0     0   -66.0   36.948  121.590   1751.7    825.0
     1     1    21     3    12    14     0     0   -67.0   37.046  121.481   1747.3    825.5
     1     1    21     3    12    13     0     0   -68.0   37.137  121.363   1733.9    827.1
     1     1    21     3    12    12     0     0   -69.0   37.216  121.233   1710.9    829.6
     1     1    21     3    12    11     0     0   -70.0   37.286  121.100   1687.8    833.3
     1     1    21     3    12    10     0     0   -71.0   37.354  120.970   1673.6    835.3
     1     1    21     3    12     9     0     0   -72.0   37.419  120.842   1669.0    836.3
     1     1    21     3    12     8     0     0   -73.0   37.479  120.716   1674.8    836.3
     1     1    21     3    12     7     0     0   -74.0   37.536  120.593   1691.5    835.0
     1     1    21     3    12     6     0     0   -75.0   37.588  120.473   1720.1    832.2
     1     1    21     3    12     5     0     0   -76.0   37.646  120.368   1757.6    827.5
     1     1    21     3    12     4     0     0   -77.0   37.723  120.289   1802.2    822.1
     1     1    21     3    12     3     0     0   -78.0   37.819  120.237   1853.5    815.9
     1     1    21     3    12     2     0     0   -79.0   37.937  120.210   1911.6    809.0
     1     1    21     3    12     1     0     0   -80.0   38.076  120.210   1976.4    801.4
     1     1    21     3    12     0     0     0   -81.0   38.235  120.239   2047.5    793.1
     1     1    21     3    11    23     0     0   -82.0   38.402  120.272   2118.6    784.4
     1     1    21     3    11    22     0     0   -83.0   38.565  120.283   2182.6    777.1
     1     1    21     3    11    21     0     0   -84.0   38.724  120.276   2239.6    770.4
     1     1    21     3    11    20     0     0   -85.0   38.881  120.251   2289.8    764.4
     1     1    21     3    11    19     0     0   -86.0   39.035  120.210   2333.6    759.1
     1     1    21     3    11    18     0     0   -87.0   39.187  120.155   2371.4    754.4
     1     1    21     3    11    17     0     0   -88.0   39.327  120.095   2404.5    750.5
     1     1    21     3    11    16     0     0   -89.0   39.444  120.040   2432.3    747.2
     1     1    21     3    11    15     0     0   -90.0   39.541  119.988   2455.2    744.4
     1     1    21     3    11    14     0     0   -91.0   39.618  119.939   2472.7    742.0
     1     1    21     3    11    13     0     0   -92.0   39.676  119.893   2485.2    740.1
     1     1    21     3    11    12     0     0   -93.0   39.718  119.850   2493.1    738.8
     1     1    21     3    11    11     0     0   -94.0   39.744  119.804   2496.0    737.9
     1     1    21     3    11    10     0     0   -95.0   39.755  119.751   2495.2    737.4
     1     1    21     3    11     9     0     0   -96.0   39.750  119.690   2490.4    737.3
