     2     1
    CDC1    21     5     1     0     0
    CDC1    21     6     1     0     0
     1 BACKWARD OMEGA   
  2021     6    23    12   37.500  127.000   500.0
     1 PRESSURE
     1     1    21     6    23    12     0     0     0.0   37.500  127.000    500.0    935.5
     1     1    21     6    23    11     0     0    -1.0   37.525  126.917    516.1    933.6
     1     1    21     6    23    10     0     0    -2.0   37.556  126.841    532.3    931.7
     1     1    21     6    23     9     0     0    -3.0   37.593  126.771    548.6    929.6
     1     1    21     6    23     8     0     0    -4.0   37.637  126.710    564.9    927.4
     1     1    21     6    23     7     0     0    -5.0   37.688  126.658    581.2    925.1
     1     1    21     6    23     6     0     0    -6.0   37.748  126.615    597.5    922.6
     1     1    21     6    23     5     0     0    -7.0   37.812  126.577    613.5    920.5
     1     1    21     6    23     4     0     0    -8.0   37.875  126.539    627.7    918.6
     1     1    21     6    23     3     0     0    -9.0   37.937  126.502    640.0    916.6
     1     1    21     6    23     2     0     0   -10.0   38.000  126.466    650.2    914.9
     1     1    21     6    23     1     0     0   -11.0   38.061  126.430    658.2    913.5
     1     1    21     6    23     0     0     0   -12.0   38.122  126.395    663.5    912.4
     1     1    21     6    22    23     0     0   -13.0   38.180  126.365    665.2    911.2
     1     1    21     6    22    22     0     0   -14.0   38.232  126.342    662.4    910.7
     1     1    21     6    22    21     0     0   -15.0   38.277  126.327    655.1    910.8
     1     1    21     6    22    20     0     0   -16.0   38.315  126.319    643.3    911.5
     1     1    21     6    22    19     0     0   -17.0   38.345  126.319    626.8    912.8
     1     1    21     6    22    18     0     0   -18.0   38.367  126.326    605.8    914.4
     1     1    21     6    22    17     0     0   -19.0   38.387  126.333    584.0    916.4
     1     1    21     6    22    16     0     0   -20.0   38.412  126.332    564.9    917.9
     1     1    21     6    22    15     0     0   -21.0   38.442  126.324    548.4    919.0
     1     1    21     6    22    14     0     0   -22.0   38.478  126.308    534.8    919.8
     1     1    21     6    22    13     0     0   -23.0   38.521  126.284    524.0    920.3
     1     1    21     6    22    12     0     0   -24.0   38.571  126.255    516.3    920.5
     1     1    21     6    22    11     0     0   -25.0   38.618  126.221    508.0    920.5
     1     1    21     6    22    10     0     0   -26.0   38.651  126.187    496.1    921.4
     1     1    21     6    22     9     0     0   -27.0   38.669  126.151    480.3    923.0
     1     1    21     6    22     8     0     0   -28.0   38.671  126.113    460.7    925.3
     1     1    21     6    22     7     0     0   -29.0   38.656  126.072    437.7    928.3
     1     1    21     6    22     6     0     0   -30.0   38.624  126.029    411.4    932.0
     1     1    21     6    22     5     0     0   -31.0   38.586  125.991    385.3    936.3
     1     1    21     6    22     4     0     0   -32.0   38.553  125.964    362.0    939.2
     1     1    21     6    22     3     0     0   -33.0   38.527  125.947    341.3    941.7
     1     1    21     6    22     2     0     0   -34.0   38.506  125.942    322.9    943.8
     1     1    21     6    22     1     0     0   -35.0   38.490  125.950    306.6    945.6
     1     1    21     6    22     0     0     0   -36.0   38.480  125.969    292.3    947.1
     1     1    21     6    21    23     0     0   -37.0   38.469  125.988    278.6    948.5
     1     1    21     6    21    22     0     0   -38.0   38.453  125.991    264.0    950.3
     1     1    21     6    21    21     0     0   -39.0   38.431  125.980    248.8    952.4
     1     1    21     6    21    20     0     0   -40.0   38.403  125.956    233.2    954.8
     1     1    21     6    21    19     0     0   -41.0   38.372  125.919    217.5    957.4
     1     1    21     6    21    18     0     0   -42.0   38.336  125.871    201.9    960.3
     1     1    21     6    21    17     0     0   -43.0   38.303  125.822    187.8    962.4
     1     1    21     6    21    16     0     0   -44.0   38.276  125.784    176.2    963.8
     1     1    21     6    21    15     0     0   -45.0   38.255  125.753    166.8    965.0
     1     1    21     6    21    14     0     0   -46.0   38.240  125.729    159.3    965.8
     1     1    21     6    21    13     0     0   -47.0   38.232  125.709    153.6    966.4
     1     1    21     6    21    12     0     0   -48.0   38.230  125.694    149.4    966.6
     1     1    21     6    21    11     0     0   -49.0   38.231  125.674    146.0    966.8
     1     1    21     6    21    10     0     0   -50.0   38.231  125.636    142.8    967.2
     1     1    21     6    21     9     0     0   -51.0   38.229  125.581    139.7    967.7
     1     1    21     6    21     8     0     0   -52.0   38.224  125.508    136.9    968.4
     1     1    21     6    21     7     0     0   -53.0   38.214  125.416    134.3    969.2
     1     1    21     6    21     6     0     0   -54.0   38.197  125.303    132.1    970.2
     1     1    21     6    21     5     0     0   -55.0   38.176  125.188    129.8    971.6
     1     1    21     6    21     4     0     0   -56.0   38.154  125.088    127.0    972.9
     1     1    21     6    21     3     0     0   -57.0   38.133  125.008    123.5    974.3
     1     1    21     6    21     2     0     0   -58.0   38.117  124.951    119.2    975.4
     1     1    21     6    21     1     0     0   -59.0   38.107  124.915    114.2    976.4
     1     1    21     6    21     0     0     0   -60.0   38.103  124.903    108.5    977.4
     1     1    21     6    20    23     0     0   -61.0   38.107  124.896    103.2    977.7
     1     1    21     6    20    22     0     0   -62.0   38.122  124.876     98.9    977.8
     1     1    21     6    20    21     0     0   -63.0   38.146  124.844     95.6    977.7
     1     1    21     6    20    20     0     0   -64.0   38.178  124.798     93.0    977.5
     1     1    21     6    20    19     0     0   -65.0   38.218  124.740     91.3    977.2
     1     1    21     6    20    18     0     0   -66.0   38.264  124.669     90.4    976.8
     1     1    21     6    20    17     0     0   -67.0   38.313  124.586     89.5    976.5
     1     1    21     6    20    16     0     0   -68.0   38.364  124.492     87.9    976.4
     1     1    21     6    20    15     0     0   -69.0   38.419  124.389     85.4    976.5
     1     1    21     6    20    14     0     0   -70.0   38.479  124.277     82.1    976.8
     1     1    21     6    20    13     0     0   -71.0   38.546  124.157     77.8    977.3
     1     1    21     6    20    12     0     0   -72.0   38.623  124.030     72.5    977.8
     1     1    21     6    20    11     0     0   -73.0   38.700  123.901     66.9    978.1
     1     1    21     6    20    10     0     0   -74.0   38.768  123.775     61.8    978.4
     1     1    21     6    20     9     0     0   -75.0   38.832  123.653     57.3    978.8
     1     1    21     6    20     8     0     0   -76.0   38.892  123.536     53.4    979.2
     1     1    21     6    20     7     0     0   -77.0   38.951  123.422     50.2    979.5
     1     1    21     6    20     6     0     0   -78.0   39.012  123.313     47.8    979.7
     1     1    21     6    20     5     0     0   -79.0   39.077  123.216     45.9    980.1
     1     1    21     6    20     4     0     0   -80.0   39.145  123.142     44.3    980.4
     1     1    21     6    20     3     0     0   -81.0   39.219  123.088     42.7    980.6
     1     1    21     6    20     2     0     0   -82.0   39.297  123.056     41.4    980.5
     1     1    21     6    20     1     0     0   -83.0   39.380  123.045     40.1    980.3
     1     1    21     6    20     0     0     0   -84.0   39.469  123.057     38.9    979.8
     1     1    21     6    19    23     0     0   -85.0   39.540  123.079     37.5    979.1
     1     1    21     6    19    22     0     0   -86.0   39.572  123.095     35.4    978.8
     1     1    21     6    19    21     0     0   -87.0   39.561  123.102     32.8    978.9
     1     1    21     6    19    20     0     0   -88.0   39.507  123.097     29.8    979.4
     1     1    21     6    19    19     0     0   -89.0   39.408  123.077     26.6    980.4
     1     1    21     6    19    18     0     0   -90.0   39.261  123.037     23.3    982.0
     1     1    21     6    19    17     0     0   -91.0   39.089  122.973     20.5    983.9
     1     1    21     6    19    16     0     0   -92.0   38.914  122.887     18.2    985.7
     1     1    21     6    19    15     0     0   -93.0   38.736  122.781     16.3    987.6
     1     1    21     6    19    14     0     0   -94.0   38.554  122.658     14.8    989.4
     1     1    21     6    19    13     0     0   -95.0   38.364  122.522     13.5    991.1
     1     1    21     6    19    12     0     0   -96.0   38.169  122.377     12.5    992.2
