     3     1
    CDC1    21     6     1     0     0
    CDC1    21     7     1     0     0
    CDC1    21     8     1     0     0
     1 BACKWARD OMEGA   
  2021     7    31    18   37.500  127.000   500.0
     1 PRESSURE
     1     1    21     7    31    18     0     0     0.0   37.500  127.000    500.0    927.1
     1     1    21     7    31    17     0     0    -1.0   37.408  126.878    474.6    930.7
     1     1    21     7    31    16     0     0    -2.0   37.323  126.754    451.9    934.0
     1     1    21     7    31    15     0     0    -3.0   37.243  126.627    432.0    937.0
     1     1    21     7    31    14     0     0    -4.0   37.168  126.496    414.9    939.8
     1     1    21     7    31    13     0     0    -5.0   37.097  126.361    400.3    942.3
     1     1    21     7    31    12     0     0    -6.0   37.030  126.221    388.5    944.5
     1     1    21     7    31    11     0     0    -7.0   36.957  126.082    377.2    946.3
     1     1    21     7    31    10     0     0    -8.0   36.871  125.953    364.5    948.2
     1     1    21     7    31     9     0     0    -9.0   36.774  125.831    350.6    950.3
     1     1    21     7    31     8     0     0   -10.0   36.666  125.718    335.5    952.5
     1     1    21     7    31     7     0     0   -11.0   36.547  125.612    319.3    954.9
     1     1    21     7    31     6     0     0   -12.0   36.418  125.513    302.2    957.5
     1     1    21     7    31     5     0     0   -13.0   36.286  125.419    285.6    960.1
     1     1    21     7    31     4     0     0   -14.0   36.155  125.328    270.8    962.4
     1     1    21     7    31     3     0     0   -15.0   36.027  125.239    257.7    964.5
     1     1    21     7    31     2     0     0   -16.0   35.901  125.153    245.9    966.5
     1     1    21     7    31     1     0     0   -17.0   35.778  125.070    235.3    968.2
     1     1    21     7    31     0     0     0   -18.0   35.658  124.990    225.8    969.8
     1     1    21     7    30    23     0     0   -19.0   35.538  124.906    217.8    971.1
     1     1    21     7    30    22     0     0   -20.0   35.415  124.810    211.4    972.2
     1     1    21     7    30    21     0     0   -21.0   35.290  124.704    206.5    973.0
     1     1    21     7    30    20     0     0   -22.0   35.161  124.587    203.0    973.7
     1     1    21     7    30    19     0     0   -23.0   35.028  124.458    200.7    974.2
     1     1    21     7    30    18     0     0   -24.0   34.888  124.320    199.3    974.7
     1     1    21     7    30    17     0     0   -25.0   34.738  124.177    198.8    975.1
     1     1    21     7    30    16     0     0   -26.0   34.583  124.033    199.4    975.4
     1     1    21     7    30    15     0     0   -27.0   34.423  123.888    201.4    975.7
     1     1    21     7    30    14     0     0   -28.0   34.260  123.742    205.4    975.7
     1     1    21     7    30    13     0     0   -29.0   34.098  123.593    211.7    975.4
     1     1    21     7    30    12     0     0   -30.0   33.936  123.444    220.8    974.8
     1     1    21     7    30    11     0     0   -31.0   33.771  123.292    230.1    973.8
     1     1    21     7    30    10     0     0   -32.0   33.602  123.137    236.5    973.6
     1     1    21     7    30     9     0     0   -33.0   33.430  122.978    239.4    973.9
     1     1    21     7    30     8     0     0   -34.0   33.257  122.815    238.5    974.7
     1     1    21     7    30     7     0     0   -35.0   33.084  122.648    233.0    976.2
     1     1    21     7    30     6     0     0   -36.0   32.913  122.476    222.7    978.2
     1     1    21     7    30     5     0     0   -37.0   32.749  122.310    210.8    980.2
     1     1    21     7    30     4     0     0   -38.0   32.596  122.159    200.9    981.5
     1     1    21     7    30     3     0     0   -39.0   32.456  122.019    193.3    981.8
     1     1    21     7    30     2     0     0   -40.0   32.329  121.882    188.0    981.2
     1     1    21     7    30     1     0     0   -41.0   32.218  121.745    185.0    980.3
     1     1    21     7    30     0     0     0   -42.0   32.124  121.603    184.0    979.3
     1     1    21     7    29    23     0     0   -43.0   32.035  121.459    183.2    977.8
     1     1    21     7    29    22     0     0   -44.0   31.937  121.316    181.1    976.3
     1     1    21     7    29    21     0     0   -45.0   31.831  121.175    177.8    974.8
     1     1    21     7    29    20     0     0   -46.0   31.715  121.035    173.8    973.3
     1     1    21     7    29    19     0     0   -47.0   31.592  120.895    169.1    971.6
     1     1    21     7    29    18     0     0   -48.0   31.461  120.756    164.0    969.7
     1     1    21     7    29    17     0     0   -49.0   31.339  120.620    159.8    968.2
     1     1    21     7    29    16     0     0   -50.0   31.239  120.488    157.4    966.6
     1     1    21     7    29    15     0     0   -51.0   31.162  120.361    156.5    965.1
     1     1    21     7    29    14     0     0   -52.0   31.106  120.236    156.7    963.6
     1     1    21     7    29    13     0     0   -53.0   31.070  120.113    158.0    962.2
     1     1    21     7    29    12     0     0   -54.0   31.054  119.989    160.1    960.9
     1     1    21     7    29    11     0     0   -55.0   31.034  119.871    162.0    959.8
     1     1    21     7    29    10     0     0   -56.0   30.990  119.766    162.6    958.8
     1     1    21     7    29     9     0     0   -57.0   30.924  119.673    162.0    957.8
     1     1    21     7    29     8     0     0   -58.0   30.838  119.589    160.1    956.8
     1     1    21     7    29     7     0     0   -59.0   30.733  119.514    157.0    955.8
     1     1    21     7    29     6     0     0   -60.0   30.610  119.445    152.6    954.7
     1     1    21     7    29     5     0     0   -61.0   30.482  119.374    147.8    953.8
     1     1    21     7    29     4     0     0   -62.0   30.360  119.290    143.1    952.9
     1     1    21     7    29     3     0     0   -63.0   30.245  119.196    138.6    952.0
     1     1    21     7    29     2     0     0   -64.0   30.135  119.090    134.5    951.2
     1     1    21     7    29     1     0     0   -65.0   30.031  118.975    130.7    950.3
     1     1    21     7    29     0     0     0   -66.0   29.930  118.852    127.4    949.9
     1     1    21     7    28    23     0     0   -67.0   29.829  118.724    124.1    949.0
     1     1    21     7    28    22     0     0   -68.0   29.725  118.593    120.4    948.0
     1     1    21     7    28    21     0     0   -69.0   29.620  118.455    116.1    947.0
     1     1    21     7    28    20     0     0   -70.0   29.517  118.309    111.1    945.9
     1     1    21     7    28    19     0     0   -71.0   29.417  118.148    105.3    944.7
     1     1    21     7    28    18     0     0   -72.0   29.323  117.971     98.6    943.4
     1     1    21     7    28    17     0     0   -73.0   29.243  117.786     91.1    942.5
     1     1    21     7    28    16     0     0   -74.0   29.181  117.607     83.0    941.8
     1     1    21     7    28    15     0     0   -75.0   29.136  117.438     74.6    942.4
     1     1    21     7    28    14     0     0   -76.0   29.106  117.284     66.3    944.3
     1     1    21     7    28    13     0     0   -77.0   29.091  117.152     58.2    946.0
     1     1    21     7    28    12     0     0   -78.0   29.088  117.041     50.5    947.5
     1     1    21     7    28    11     0     0   -79.0   29.088  116.938     43.0    949.4
     1     1    21     7    28    10     0     0   -80.0   29.082  116.829     36.0    951.3
     1     1    21     7    28     9     0     0   -81.0   29.070  116.712     29.6    953.3
     1     1    21     7    28     8     0     0   -82.0   29.055  116.584     23.9    955.5
     1     1    21     7    28     7     0     0   -83.0   29.036  116.441     19.1    957.7
     1     1    21     7    28     6     0     0   -84.0   29.017  116.280     15.3    960.2
     1     1    21     7    28     5     0     0   -85.0   29.000  116.109     12.5    962.5
     1     1    21     7    28     4     0     0   -86.0   28.984  115.942     10.6    964.5
     1     1    21     7    28     3     0     0   -87.0   28.967  115.778      9.3    966.3
     1     1    21     7    28     2     0     0   -88.0   28.948  115.620      8.2    967.9
     1     1    21     7    28     1     0     0   -89.0   28.924  115.469      7.3    969.3
     1     1    21     7    28     0     0     0   -90.0   28.894  115.327      6.5    970.6
     1     1    21     7    27    23     0     0   -91.0   28.873  115.186      5.9    971.9
     1     1    21     7    27    22     0     0   -92.0   28.878  115.034      5.3    973.5
     1     1    21     7    27    21     0     0   -93.0   28.909  114.871      4.7    973.9
     1     1    21     7    27    20     0     0   -94.0   28.964  114.702      4.1    974.0
     1     1    21     7    27    19     0     0   -95.0   29.043  114.529      3.4    974.2
     1     1    21     7    27    18     0     0   -96.0   29.145  114.352      2.8    974.5
