     2     1
    CDC1    21     2     1     0     0
    CDC1    21     3     1     0     0
     1 BACKWARD OMEGA   
  2021     3    14     0   37.500  127.000   500.0
     1 PRESSURE
     1     1    21     3    14     0     0     0     0.0   37.500  127.000    500.0    940.2
     1     1    21     3    13    23     0     0    -1.0   37.610  126.864    525.6    936.0
     1     1    21     3    13    22     0     0    -2.0   37.713  126.714    547.2    932.6
     1     1    21     3    13    21     0     0    -3.0   37.807  126.549    564.2    930.2
     1     1    21     3    13    20     0     0    -4.0   37.892  126.370    576.5    928.6
     1     1    21     3    13    19     0     0    -5.0   37.967  126.175    584.3    927.8
     1     1    21     3    13    18     0     0    -6.0   38.031  125.965    587.6    927.9
     1     1    21     3    13    17     0     0    -7.0   38.090  125.752    587.9    928.8
     1     1    21     3    13    16     0     0    -8.0   38.150  125.549    586.6    929.5
     1     1    21     3    13    15     0     0    -9.0   38.210  125.358    583.6    930.4
     1     1    21     3    13    14     0     0   -10.0   38.273  125.178    578.9    931.4
     1     1    21     3    13    13     0     0   -11.0   38.338  125.010    572.5    932.4
     1     1    21     3    13    12     0     0   -12.0   38.406  124.854    564.1    933.4
     1     1    21     3    13    11     0     0   -13.0   38.473  124.705    555.7    934.8
     1     1    21     3    13    10     0     0   -14.0   38.536  124.556    549.3    936.1
     1     1    21     3    13     9     0     0   -15.0   38.595  124.405    545.0    937.2
     1     1    21     3    13     8     0     0   -16.0   38.649  124.253    543.1    938.2
     1     1    21     3    13     7     0     0   -17.0   38.699  124.100    543.6    939.1
     1     1    21     3    13     6     0     0   -18.0   38.745  123.944    546.8    939.7
     1     1    21     3    13     5     0     0   -19.0   38.790  123.788    550.5    940.0
     1     1    21     3    13     4     0     0   -20.0   38.835  123.634    552.6    940.7
     1     1    21     3    13     3     0     0   -21.0   38.881  123.480    553.1    941.5
     1     1    21     3    13     2     0     0   -22.0   38.928  123.326    552.0    942.6
     1     1    21     3    13     1     0     0   -23.0   38.978  123.173    549.5    943.8
     1     1    21     3    13     0     0     0   -24.0   39.031  123.020    545.7    945.2
     1     1    21     3    12    23     0     0   -25.0   39.085  122.874    542.3    946.9
     1     1    21     3    12    22     0     0   -26.0   39.137  122.745    540.5    948.2
     1     1    21     3    12    21     0     0   -27.0   39.186  122.631    540.2    949.3
     1     1    21     3    12    20     0     0   -28.0   39.232  122.531    541.2    950.2
     1     1    21     3    12    19     0     0   -29.0   39.273  122.445    543.3    950.3
     1     1    21     3    12    18     0     0   -30.0   39.310  122.371    546.3    950.0
     1     1    21     3    12    17     0     0   -31.0   39.345  122.308    547.4    949.2
     1     1    21     3    12    16     0     0   -32.0   39.383  122.251    544.3    949.1
     1     1    21     3    12    15     0     0   -33.0   39.422  122.203    536.6    949.5
     1     1    21     3    12    14     0     0   -34.0   39.463  122.163    524.6    950.5
     1     1    21     3    12    13     0     0   -35.0   39.505  122.133    508.3    952.0
     1     1    21     3    12    12     0     0   -36.0   39.549  122.112    488.0    954.0
     1     1    21     3    12    11     0     0   -37.0   39.600  122.096    468.5    956.7
     1     1    21     3    12    10     0     0   -38.0   39.663  122.083    454.7    958.2
     1     1    21     3    12     9     0     0   -39.0   39.735  122.073    446.4    959.0
     1     1    21     3    12     8     0     0   -40.0   39.816  122.066    443.6    959.0
     1     1    21     3    12     7     0     0   -41.0   39.905  122.063    446.6    958.3
     1     1    21     3    12     6     0     0   -42.0   40.002  122.065    455.5    956.9
     1     1    21     3    12     5     0     0   -43.0   40.103  122.070    467.8    954.4
     1     1    21     3    12     4     0     0   -44.0   40.203  122.076    480.4    952.1
     1     1    21     3    12     3     0     0   -45.0   40.305  122.086    493.2    949.9
     1     1    21     3    12     2     0     0   -46.0   40.408  122.100    505.9    947.7
     1     1    21     3    12     1     0     0   -47.0   40.512  122.120    518.3    945.6
     1     1    21     3    12     0     0     0   -48.0   40.619  122.148    529.9    943.6
     1     1    21     3    11    23     0     0   -49.0   40.725  122.183    538.5    941.6
     1     1    21     3    11    22     0     0   -50.0   40.830  122.221    542.0    940.5
     1     1    21     3    11    21     0     0   -51.0   40.933  122.261    540.1    940.1
     1     1    21     3    11    20     0     0   -52.0   41.035  122.301    532.9    940.3
     1     1    21     3    11    19     0     0   -53.0   41.138  122.340    520.2    941.2
     1     1    21     3    11    18     0     0   -54.0   41.240  122.377    502.3    942.7
     1     1    21     3    11    17     0     0   -55.0   41.334  122.410    482.9    945.0
     1     1    21     3    11    16     0     0   -56.0   41.411  122.438    465.3    946.8
     1     1    21     3    11    15     0     0   -57.0   41.471  122.461    449.7    948.4
     1     1    21     3    11    14     0     0   -58.0   41.513  122.478    435.9    949.9
     1     1    21     3    11    13     0     0   -59.0   41.538  122.489    424.0    951.3
     1     1    21     3    11    12     0     0   -60.0   41.544  122.493    413.8    952.5
     1     1    21     3    11    11     0     0   -61.0   41.537  122.485    404.5    953.7
     1     1    21     3    11    10     0     0   -62.0   41.524  122.463    394.9    954.9
     1     1    21     3    11     9     0     0   -63.0   41.505  122.425    384.8    956.1
     1     1    21     3    11     8     0     0   -64.0   41.477  122.374    374.2    957.0
     1     1    21     3    11     7     0     0   -65.0   41.442  122.311    362.9    957.9
     1     1    21     3    11     6     0     0   -66.0   41.398  122.236    350.6    958.9
     1     1    21     3    11     5     0     0   -67.0   41.355  122.166    336.8    959.8
     1     1    21     3    11     4     0     0   -68.0   41.328  122.118    322.0    961.1
     1     1    21     3    11     3     0     0   -69.0   41.315  122.091    306.3    962.6
     1     1    21     3    11     2     0     0   -70.0   41.319  122.085    290.0    964.2
     1     1    21     3    11     1     0     0   -71.0   41.340  122.101    273.3    966.0
     1     1    21     3    11     0     0     0   -72.0   41.378  122.141    256.5    968.0
     1     1    21     3    10    23     0     0   -73.0   41.419  122.170    240.3    969.9
     1     1    21     3    10    22     0     0   -74.0   41.444  122.149    224.6    971.4
     1     1    21     3    10    21     0     0   -75.0   41.451  122.078    209.6    972.5
     1     1    21     3    10    20     0     0   -76.0   41.441  121.958    195.3    973.0
     1     1    21     3    10    19     0     0   -77.0   41.412  121.789    181.9    972.7
     1     1    21     3    10    18     0     0   -78.0   41.364  121.572    169.7    972.2
     1     1    21     3    10    17     0     0   -79.0   41.297  121.330    159.5    971.4
     1     1    21     3    10    16     0     0   -80.0   41.208  121.085    151.8    970.8
     1     1    21     3    10    15     0     0   -81.0   41.101  120.837    146.4    970.5
     1     1    21     3    10    14     0     0   -82.0   40.979  120.585    143.1    970.7
     1     1    21     3    10    13     0     0   -83.0   40.846  120.330    141.5    971.3
     1     1    21     3    10    12     0     0   -84.0   40.702  120.072    141.3    972.4
     1     1    21     3    10    11     0     0   -85.0   40.547  119.821    141.3    972.6
     1     1    21     3    10    10     0     0   -86.0   40.376  119.584    140.4    973.2
     1     1    21     3    10     9     0     0   -87.0   40.186  119.361    138.7    974.9
     1     1    21     3    10     8     0     0   -88.0   39.976  119.151    136.2    977.4
     1     1    21     3    10     7     0     0   -89.0   39.753  118.956    133.1    978.2
     1     1    21     3    10     6     0     0   -90.0   39.524  118.776    129.5    979.9
     1     1    21     3    10     5     0     0   -91.0   39.302  118.616    126.3    982.0
     1     1    21     3    10     4     0     0   -92.0   39.099  118.482    124.4    984.2
     1     1    21     3    10     3     0     0   -93.0   38.914  118.368    123.7    986.5
     1     1    21     3    10     2     0     0   -94.0   38.743  118.272    124.2    988.9
     1     1    21     3    10     1     0     0   -95.0   38.587  118.189    126.0    991.1
     1     1    21     3    10     0     0     0   -96.0   38.444  118.119    129.2    993.1
