     2     1
    CDC1    21     6     1     0     0
    CDC1    21     7     1     0     0
     1 BACKWARD OMEGA   
  2021     7    29    15   37.500  127.000   500.0
     1 PRESSURE
     1     1    21     7    29    15     0     0     0.0   37.500  127.000    500.0    926.9
     1     1    21     7    29    14     0     0    -1.0   37.315  126.959    494.7    928.3
     1     1    21     7    29    13     0     0    -2.0   37.129  126.920    492.2    929.3
     1     1    21     7    29    12     0     0    -3.0   36.940  126.883    492.6    929.9
     1     1    21     7    29    11     0     0    -4.0   36.748  126.850    495.1    930.5
     1     1    21     7    29    10     0     0    -5.0   36.553  126.822    498.8    930.9
     1     1    21     7    29     9     0     0    -6.0   36.354  126.803    503.7    931.0
     1     1    21     7    29     8     0     0    -7.0   36.153  126.794    510.0    930.9
     1     1    21     7    29     7     0     0    -8.0   35.950  126.798    517.7    930.5
     1     1    21     7    29     6     0     0    -9.0   35.744  126.817    527.1    929.9
     1     1    21     7    29     5     0     0   -10.0   35.538  126.850    536.8    928.7
     1     1    21     7    29     4     0     0   -11.0   35.329  126.892    546.5    927.6
     1     1    21     7    29     3     0     0   -12.0   35.120  126.943    556.0    926.4
     1     1    21     7    29     2     0     0   -13.0   34.911  127.003    565.6    925.5
     1     1    21     7    29     1     0     0   -14.0   34.708  127.072    575.3    925.1
     1     1    21     7    29     0     0     0   -15.0   34.515  127.151    584.9    924.7
     1     1    21     7    28    23     0     0   -16.0   34.334  127.236    596.5    924.3
     1     1    21     7    28    22     0     0   -17.0   34.164  127.325    612.3    923.2
     1     1    21     7    28    21     0     0   -18.0   34.003  127.417    631.7    921.5
     1     1    21     7    28    20     0     0   -19.0   33.854  127.514    654.1    919.0
     1     1    21     7    28    19     0     0   -20.0   33.715  127.615    678.4    916.3
     1     1    21     7    28    18     0     0   -21.0   33.585  127.718    703.8    913.5
     1     1    21     7    28    17     0     0   -22.0   33.464  127.831    729.2    911.2
     1     1    21     7    28    16     0     0   -23.0   33.352  127.957    751.8    909.3
     1     1    21     7    28    15     0     0   -24.0   33.250  128.095    772.5    907.5
     1     1    21     7    28    14     0     0   -25.0   33.158  128.245    791.6    905.7
     1     1    21     7    28    13     0     0   -26.0   33.077  128.406    809.2    904.1
     1     1    21     7    28    12     0     0   -27.0   33.007  128.577    825.6    902.5
     1     1    21     7    28    11     0     0   -28.0   32.952  128.752    841.2    900.6
     1     1    21     7    28    10     0     0   -29.0   32.912  128.925    856.9    898.6
     1     1    21     7    28     9     0     0   -30.0   32.888  129.095    872.3    896.6
     1     1    21     7    28     8     0     0   -31.0   32.880  129.262    887.3    894.6
     1     1    21     7    28     7     0     0   -32.0   32.887  129.425    901.6    892.6
     1     1    21     7    28     6     0     0   -33.0   32.911  129.584    915.0    890.7
     1     1    21     7    28     5     0     0   -34.0   32.947  129.736    927.9    889.0
     1     1    21     7    28     4     0     0   -35.0   32.993  129.877    941.1    887.1
     1     1    21     7    28     3     0     0   -36.0   33.047  130.007    954.7    885.1
     1     1    21     7    28     2     0     0   -37.0   33.106  130.125    968.6    883.5
     1     1    21     7    28     1     0     0   -38.0   33.168  130.231    982.5    881.9
     1     1    21     7    28     0     0     0   -39.0   33.232  130.326    996.3    880.3
     1     1    21     7    27    23     0     0   -40.0   33.298  130.411   1010.8    878.8
     1     1    21     7    27    22     0     0   -41.0   33.368  130.487   1025.3    877.2
     1     1    21     7    27    21     0     0   -42.0   33.442  130.555   1040.8    875.5
     1     1    21     7    27    20     0     0   -43.0   33.519  130.614   1057.5    873.6
     1     1    21     7    27    19     0     0   -44.0   33.600  130.666   1075.9    871.7
     1     1    21     7    27    18     0     0   -45.0   33.685  130.710   1096.3    869.5
     1     1    21     7    27    17     0     0   -46.0   33.774  130.751   1114.3    866.8
     1     1    21     7    27    16     0     0   -47.0   33.869  130.792   1126.8    865.1
     1     1    21     7    27    15     0     0   -48.0   33.969  130.835   1132.8    864.0
     1     1    21     7    27    14     0     0   -49.0   34.077  130.879   1132.1    863.7
     1     1    21     7    27    13     0     0   -50.0   34.192  130.925   1124.4    864.0
     1     1    21     7    27    12     0     0   -51.0   34.317  130.974   1109.6    865.1
     1     1    21     7    27    11     0     0   -52.0   34.449  131.024   1093.0    867.2
     1     1    21     7    27    10     0     0   -53.0   34.584  131.072   1080.3    868.4
     1     1    21     7    27     9     0     0   -54.0   34.724  131.120   1071.0    869.2
     1     1    21     7    27     8     0     0   -55.0   34.867  131.166   1065.1    869.7
     1     1    21     7    27     7     0     0   -56.0   35.014  131.211   1062.2    870.0
     1     1    21     7    27     6     0     0   -57.0   35.162  131.261   1062.7    871.0
     1     1    21     7    27     5     0     0   -58.0   35.310  131.318   1065.9    871.8
     1     1    21     7    27     4     0     0   -59.0   35.458  131.383   1070.1    872.6
     1     1    21     7    27     3     0     0   -60.0   35.606  131.456   1075.8    873.4
     1     1    21     7    27     2     0     0   -61.0   35.754  131.534   1083.3    874.0
     1     1    21     7    27     1     0     0   -62.0   35.904  131.618   1092.5    874.5
     1     1    21     7    27     0     0     0   -63.0   36.055  131.706   1103.7    874.9
     1     1    21     7    26    23     0     0   -64.0   36.206  131.795   1114.7    875.2
     1     1    21     7    26    22     0     0   -65.0   36.357  131.883   1123.2    876.0
     1     1    21     7    26    21     0     0   -66.0   36.507  131.972   1128.9    877.1
     1     1    21     7    26    20     0     0   -67.0   36.656  132.061   1131.3    878.6
     1     1    21     7    26    19     0     0   -68.0   36.805  132.152   1130.3    880.5
     1     1    21     7    26    18     0     0   -69.0   36.952  132.246   1125.7    882.9
     1     1    21     7    26    17     0     0   -70.0   37.099  132.339   1120.7    885.7
     1     1    21     7    26    16     0     0   -71.0   37.242  132.424   1118.0    887.9
     1     1    21     7    26    15     0     0   -72.0   37.380  132.499   1117.6    889.9
     1     1    21     7    26    14     0     0   -73.0   37.511  132.561   1119.0    890.6
     1     1    21     7    26    13     0     0   -74.0   37.630  132.611   1122.8    890.3
     1     1    21     7    26    12     0     0   -75.0   37.734  132.647   1129.8    889.7
     1     1    21     7    26    11     0     0   -76.0   37.824  132.676   1137.2    888.8
     1     1    21     7    26    10     0     0   -77.0   37.899  132.704   1142.0    888.5
     1     1    21     7    26     9     0     0   -78.0   37.962  132.731   1144.0    888.4
     1     1    21     7    26     8     0     0   -79.0   38.012  132.758   1143.4    888.6
     1     1    21     7    26     7     0     0   -80.0   38.052  132.782   1140.0    889.1
     1     1    21     7    26     6     0     0   -81.0   38.082  132.805   1134.0    889.8
     1     1    21     7    26     5     0     0   -82.0   38.105  132.825   1127.9    890.7
     1     1    21     7    26     4     0     0   -83.0   38.125  132.841   1125.6    891.0
     1     1    21     7    26     3     0     0   -84.0   38.142  132.854   1126.7    891.0
     1     1    21     7    26     2     0     0   -85.0   38.157  132.862   1131.3    890.6
     1     1    21     7    26     1     0     0   -86.0   38.169  132.865   1139.3    889.9
     1     1    21     7    26     0     0     0   -87.0   38.177  132.865   1150.9    888.9
     1     1    21     7    25    23     0     0   -88.0   38.178  132.858   1162.2    887.5
     1     1    21     7    25    22     0     0   -89.0   38.166  132.846   1169.3    886.9
     1     1    21     7    25    21     0     0   -90.0   38.141  132.827   1172.1    886.7
     1     1    21     7    25    20     0     0   -91.0   38.105  132.802   1170.7    887.0
     1     1    21     7    25    19     0     0   -92.0   38.057  132.771   1165.1    887.6
     1     1    21     7    25    18     0     0   -93.0   37.997  132.734   1155.5    888.7
     1     1    21     7    25    17     0     0   -94.0   37.931  132.703   1145.6    890.2
     1     1    21     7    25    16     0     0   -95.0   37.862  132.688   1138.4    891.0
     1     1    21     7    25    15     0     0   -96.0   37.792  132.691   1133.8    891.5
