     2     1
    CDC1    21    10     1     0     0
    CDC1    21    11     1     0     0
     1 BACKWARD OMEGA   
  2021    11    13     9   37.500  127.000   500.0
     1 PRESSURE
     1     1    21    11    13     9     0     0     0.0   37.500  127.000    500.0    937.8
     1     1    21    11    13     8     0     0    -1.0   37.393  126.743    491.3    940.2
     1     1    21    11    13     7     0     0    -2.0   37.287  126.487    477.9    943.5
     1     1    21    11    13     6     0     0    -3.0   37.179  126.230    460.3    947.3
     1     1    21    11    13     5     0     0    -4.0   37.077  125.980    442.9    952.0
     1     1    21    11    13     4     0     0    -5.0   36.988  125.744    429.7    955.5
     1     1    21    11    13     3     0     0    -6.0   36.909  125.524    420.5    958.4
     1     1    21    11    13     2     0     0    -7.0   36.841  125.321    415.4    960.6
     1     1    21    11    13     1     0     0    -8.0   36.782  125.138    414.5    962.1
     1     1    21    11    13     0     0     0    -9.0   36.734  124.974    417.7    962.9
     1     1    21    11    12    23     0     0   -10.0   36.694  124.808    422.7    962.1
     1     1    21    11    12    22     0     0   -11.0   36.663  124.620    427.3    961.7
     1     1    21    11    12    21     0     0   -12.0   36.639  124.409    431.5    961.5
     1     1    21    11    12    20     0     0   -13.0   36.624  124.177    435.4    961.4
     1     1    21    11    12    19     0     0   -14.0   36.616  123.922    439.2    961.3
     1     1    21    11    12    18     0     0   -15.0   36.615  123.647    443.0    961.4
     1     1    21    11    12    17     0     0   -16.0   36.626  123.370    445.8    961.5
     1     1    21    11    12    16     0     0   -17.0   36.652  123.112    446.1    961.9
     1     1    21    11    12    15     0     0   -18.0   36.696  122.874    444.1    962.6
     1     1    21    11    12    14     0     0   -19.0   36.758  122.657    439.6    963.5
     1     1    21    11    12    13     0     0   -20.0   36.840  122.464    432.9    964.6
     1     1    21    11    12    12     0     0   -21.0   36.942  122.293    424.5    965.6
     1     1    21    11    12    11     0     0   -22.0   37.058  122.129    416.6    966.8
     1     1    21    11    12    10     0     0   -23.0   37.182  121.952    410.1    967.9
     1     1    21    11    12     9     0     0   -24.0   37.313  121.764    405.3    968.8
     1     1    21    11    12     8     0     0   -25.0   37.453  121.566    402.3    969.6
     1     1    21    11    12     7     0     0   -26.0   37.602  121.356    401.5    969.4
     1     1    21    11    12     6     0     0   -27.0   37.760  121.132    403.7    968.3
     1     1    21    11    12     5     0     0   -28.0   37.923  120.900    410.6    966.7
     1     1    21    11    12     4     0     0   -29.0   38.090  120.664    423.5    964.1
     1     1    21    11    12     3     0     0   -30.0   38.259  120.424    442.5    960.7
     1     1    21    11    12     2     0     0   -31.0   38.434  120.182    467.7    956.5
     1     1    21    11    12     1     0     0   -32.0   38.613  119.940    499.1    951.2
     1     1    21    11    12     0     0     0   -33.0   38.799  119.701    536.4    943.8
     1     1    21    11    11    23     0     0   -34.0   39.000  119.471    579.2    935.1
     1     1    21    11    11    22     0     0   -35.0   39.226  119.255    626.3    925.5
     1     1    21    11    11    21     0     0   -36.0   39.480  119.051    676.7    913.7
     1     1    21    11    11    20     0     0   -37.0   39.766  118.861    728.4    901.1
     1     1    21    11    11    19     0     0   -38.0   40.086  118.686    778.8    887.0
     1     1    21    11    11    18     0     0   -39.0   40.441  118.519    824.7    869.9
     1     1    21    11    11    17     0     0   -40.0   40.822  118.341    869.4    852.4
     1     1    21    11    11    16     0     0   -41.0   41.223  118.135    917.5    832.7
     1     1    21    11    11    15     0     0   -42.0   41.647  117.901    969.5    810.2
     1     1    21    11    11    14     0     0   -43.0   42.095  117.646   1026.2    785.7
     1     1    21    11    11    13     0     0   -44.0   42.567  117.379   1089.5    763.1
     1     1    21    11    11    12     0     0   -45.0   43.051  117.104   1161.4    755.4
     1     1    21    11    11    11     0     0   -46.0   43.545  116.824   1226.2    749.7
     1     1    21    11    11    10     0     0   -47.0   44.050  116.536   1279.4    746.4
     1     1    21    11    11     9     0     0   -48.0   44.563  116.232   1324.1    745.0
     1     1    21    11    11     8     0     0   -49.0   45.080  115.905   1364.1    745.7
     1     1    21    11    11     7     0     0   -50.0   45.593  115.557   1404.1    748.8
     1     1    21    11    11     6     0     0   -51.0   46.095  115.195   1445.0    751.6
     1     1    21    11    11     5     0     0   -52.0   46.580  114.836   1483.8    753.0
     1     1    21    11    11     4     0     0   -53.0   47.047  114.500   1515.2    752.1
     1     1    21    11    11     3     0     0   -54.0   47.501  114.190   1537.3    750.3
     1     1    21    11    11     2     0     0   -55.0   47.947  113.911   1549.0    746.5
     1     1    21    11    11     1     0     0   -56.0   48.389  113.669   1553.7    743.3
     1     1    21    11    11     0     0     0   -57.0   48.830  113.459   1551.1    741.0
     1     1    21    11    10    23     0     0   -58.0   49.270  113.272   1545.5    739.3
     1     1    21    11    10    22     0     0   -59.0   49.709  113.097   1541.8    737.0
     1     1    21    11    10    21     0     0   -60.0   50.144  112.928   1540.9    734.4
     1     1    21    11    10    20     0     0   -61.0   50.572  112.758   1545.4    731.7
     1     1    21    11    10    19     0     0   -62.0   50.989  112.581   1556.2    728.6
     1     1    21    11    10    18     0     0   -63.0   51.395  112.397   1573.7    726.2
     1     1    21    11    10    17     0     0   -64.0   51.788  112.210   1597.9    724.5
     1     1    21    11    10    16     0     0   -65.0   52.167  112.020   1629.2    722.7
     1     1    21    11    10    15     0     0   -66.0   52.533  111.826   1665.5    720.5
     1     1    21    11    10    14     0     0   -67.0   52.887  111.616   1701.8    715.0
     1     1    21    11    10    13     0     0   -68.0   53.228  111.379   1738.2    710.0
     1     1    21    11    10    12     0     0   -69.0   53.559  111.120   1774.2    705.5
     1     1    21    11    10    11     0     0   -70.0   53.879  110.834   1811.2    701.4
     1     1    21    11    10    10     0     0   -71.0   54.187  110.512   1848.3    697.6
     1     1    21    11    10     9     0     0   -72.0   54.480  110.151   1886.5    694.2
     1     1    21    11    10     8     0     0   -73.0   54.758  109.749   1927.9    693.5
     1     1    21    11    10     7     0     0   -74.0   55.018  109.304   1971.7    695.1
     1     1    21    11    10     6     0     0   -75.0   55.259  108.817   2018.1    699.7
     1     1    21    11    10     5     0     0   -76.0   55.486  108.291   2058.3    703.8
     1     1    21    11    10     4     0     0   -77.0   55.704  107.732   2089.2    708.9
     1     1    21    11    10     3     0     0   -78.0   55.912  107.141   2110.9    713.8
     1     1    21    11    10     2     0     0   -79.0   56.110  106.517   2125.7    718.6
     1     1    21    11    10     1     0     0   -80.0   56.298  105.861   2136.0    723.7
     1     1    21    11    10     0     0     0   -81.0   56.477  105.171   2143.8    728.8
     1     1    21    11     9    23     0     0   -82.0   56.651  104.445   2150.6    731.5
     1     1    21    11     9    22     0     0   -83.0   56.823  103.680   2161.8    733.5
     1     1    21    11     9    21     0     0   -84.0   56.988  102.878   2176.0    736.3
     1     1    21    11     9    20     0     0   -85.0   57.139  102.043   2189.9    739.0
     1     1    21    11     9    19     0     0   -86.0   57.271  101.182   2201.6    742.1
     1     1    21    11     9    18     0     0   -87.0   57.381  100.302   2209.9    746.6
     1     1    21    11     9    17     0     0   -88.0   57.477   99.406   2214.3    750.9
     1     1    21    11     9    16     0     0   -89.0   57.574   98.490   2213.8    752.8
     1     1    21    11     9    15     0     0   -90.0   57.671   97.551   2213.7    754.2
     1     1    21    11     9    14     0     0   -91.0   57.765   96.589   2214.7    752.9
     1     1    21    11     9    13     0     0   -92.0   57.856   95.603   2221.2    751.1
     1     1    21    11     9    12     0     0   -93.0   57.942   94.593   2235.1    748.7
     1     1    21    11     9    11     0     0   -94.0   58.020   93.570   2253.4    745.1
     1     1    21    11     9    10     0     0   -95.0   58.087   92.547   2269.7    742.1
     1     1    21    11     9     9     0     0   -96.0   58.141   91.534   2283.4    741.9
