     2     1
    CDC1    21     4     1     0     0
    CDC1    21     5     1     0     0
     1 BACKWARD OMEGA   
  2021     5    24    18   37.500  127.000   500.0
     1 PRESSURE
     1     1    21     5    24    18     0     0     0.0   37.500  127.000    500.0    930.9
     1     1    21     5    24    17     0     0    -1.0   37.356  126.784    473.4    935.8
     1     1    21     5    24    16     0     0    -2.0   37.233  126.563    456.2    939.3
     1     1    21     5    24    15     0     0    -3.0   37.126  126.339    447.7    941.9
     1     1    21     5    24    14     0     0    -4.0   37.033  126.116    447.6    943.6
     1     1    21     5    24    13     0     0    -5.0   36.951  125.895    456.4    944.3
     1     1    21     5    24    12     0     0    -6.0   36.881  125.680    475.0    943.9
     1     1    21     5    24    11     0     0    -7.0   36.824  125.471    497.4    941.9
     1     1    21     5    24    10     0     0    -8.0   36.782  125.268    517.1    941.0
     1     1    21     5    24     9     0     0    -9.0   36.759  125.069    534.1    940.4
     1     1    21     5    24     8     0     0   -10.0   36.757  124.874    548.4    939.6
     1     1    21     5    24     7     0     0   -11.0   36.776  124.681    560.3    938.8
     1     1    21     5    24     6     0     0   -12.0   36.816  124.490    569.9    938.2
     1     1    21     5    24     5     0     0   -13.0   36.869  124.304    577.0    938.0
     1     1    21     5    24     4     0     0   -14.0   36.927  124.128    582.1    938.1
     1     1    21     5    24     3     0     0   -15.0   36.989  123.960    585.7    938.3
     1     1    21     5    24     2     0     0   -16.0   37.058  123.799    588.5    938.6
     1     1    21     5    24     1     0     0   -17.0   37.133  123.642    591.1    938.9
     1     1    21     5    24     0     0     0   -18.0   37.215  123.489    594.3    939.2
     1     1    21     5    23    23     0     0   -19.0   37.298  123.336    596.9    939.1
     1     1    21     5    23    22     0     0   -20.0   37.382  123.183    597.7    939.3
     1     1    21     5    23    21     0     0   -21.0   37.468  123.033    596.6    939.8
     1     1    21     5    23    20     0     0   -22.0   37.559  122.885    593.6    940.0
     1     1    21     5    23    19     0     0   -23.0   37.658  122.741    589.1    940.3
     1     1    21     5    23    18     0     0   -24.0   37.766  122.600    583.3    940.7
     1     1    21     5    23    17     0     0   -25.0   37.874  122.459    579.5    941.3
     1     1    21     5    23    16     0     0   -26.0   37.969  122.314    580.9    940.8
     1     1    21     5    23    15     0     0   -27.0   38.053  122.166    588.0    939.7
     1     1    21     5    23    14     0     0   -28.0   38.126  122.015    600.8    938.0
     1     1    21     5    23    13     0     0   -29.0   38.191  121.862    619.7    935.8
     1     1    21     5    23    12     0     0   -30.0   38.248  121.706    644.9    932.7
     1     1    21     5    23    11     0     0   -31.0   38.308  121.549    672.7    928.8
     1     1    21     5    23    10     0     0   -32.0   38.378  121.393    699.3    925.5
     1     1    21     5    23     9     0     0   -33.0   38.458  121.237    724.4    922.3
     1     1    21     5    23     8     0     0   -34.0   38.547  121.078    748.0    919.2
     1     1    21     5    23     7     0     0   -35.0   38.644  120.915    770.1    916.2
     1     1    21     5    23     6     0     0   -36.0   38.750  120.745    791.0    913.3
     1     1    21     5    23     5     0     0   -37.0   38.859  120.559    810.7    910.1
     1     1    21     5    23     4     0     0   -38.0   38.968  120.348    830.3    906.9
     1     1    21     5    23     3     0     0   -39.0   39.084  120.112    850.0    903.6
     1     1    21     5    23     2     0     0   -40.0   39.211  119.852    870.1    899.0
     1     1    21     5    23     1     0     0   -41.0   39.356  119.569    891.9    892.7
     1     1    21     5    23     0     0     0   -42.0   39.529  119.264    917.4    885.3
     1     1    21     5    22    23     0     0   -43.0   39.707  118.930    947.2    876.3
     1     1    21     5    22    22     0     0   -44.0   39.865  118.558    980.6    865.9
     1     1    21     5    22    21     0     0   -45.0   40.005  118.142   1016.1    854.4
     1     1    21     5    22    20     0     0   -46.0   40.127  117.679   1051.7    841.0
     1     1    21     5    22    19     0     0   -47.0   40.223  117.169   1086.1    826.4
     1     1    21     5    22    18     0     0   -48.0   40.290  116.616   1119.1    812.2
     1     1    21     5    22    17     0     0   -49.0   40.331  116.056   1147.2    798.3
     1     1    21     5    22    16     0     0   -50.0   40.357  115.520   1164.5    786.6
     1     1    21     5    22    15     0     0   -51.0   40.377  115.005   1167.0    776.9
     1     1    21     5    22    14     0     0   -52.0   40.393  114.506   1154.5    771.8
     1     1    21     5    22    13     0     0   -53.0   40.409  114.024   1126.2    768.5
     1     1    21     5    22    12     0     0   -54.0   40.428  113.555   1081.9    767.0
     1     1    21     5    22    11     0     0   -55.0   40.452  113.098   1032.5    767.7
     1     1    21     5    22    10     0     0   -56.0   40.477  112.652    986.9    767.3
     1     1    21     5    22     9     0     0   -57.0   40.499  112.218    946.5    769.2
     1     1    21     5    22     8     0     0   -58.0   40.514  111.799    911.8    771.6
     1     1    21     5    22     7     0     0   -59.0   40.520  111.398    882.1    773.3
     1     1    21     5    22     6     0     0   -60.0   40.517  111.015    856.5    774.1
     1     1    21     5    22     5     0     0   -61.0   40.506  110.650    833.8    775.0
     1     1    21     5    22     4     0     0   -62.0   40.488  110.309    811.9    775.7
     1     1    21     5    22     3     0     0   -63.0   40.458  109.999    790.5    776.4
     1     1    21     5    22     2     0     0   -64.0   40.413  109.719    768.6    778.1
     1     1    21     5    22     1     0     0   -65.0   40.353  109.465    744.5    779.8
     1     1    21     5    22     0     0     0   -66.0   40.279  109.242    717.3    781.7
     1     1    21     5    21    23     0     0   -67.0   40.194  109.039    688.2    783.9
     1     1    21     5    21    22     0     0   -68.0   40.100  108.842    659.1    786.0
     1     1    21     5    21    21     0     0   -69.0   39.999  108.651    630.0    788.2
     1     1    21     5    21    20     0     0   -70.0   39.889  108.461    601.7    791.6
     1     1    21     5    21    19     0     0   -71.0   39.770  108.269    574.3    794.6
     1     1    21     5    21    18     0     0   -72.0   39.642  108.072    547.9    797.3
     1     1    21     5    21    17     0     0   -73.0   39.507  107.885    522.8    799.7
     1     1    21     5    21    16     0     0   -74.0   39.365  107.725    499.2    801.8
     1     1    21     5    21    15     0     0   -75.0   39.212  107.599    477.3    803.8
     1     1    21     5    21    14     0     0   -76.0   39.045  107.511    457.0    805.5
     1     1    21     5    21    13     0     0   -77.0   38.862  107.464    438.4    807.1
     1     1    21     5    21    12     0     0   -78.0   38.663  107.458    421.3    808.6
     1     1    21     5    21    11     0     0   -79.0   38.456  107.479    403.4    810.8
     1     1    21     5    21    10     0     0   -80.0   38.256  107.509    381.6    813.6
     1     1    21     5    21     9     0     0   -81.0   38.062  107.550    354.3    816.8
     1     1    21     5    21     8     0     0   -82.0   37.875  107.601    319.8    820.3
     1     1    21     5    21     7     0     0   -83.0   37.694  107.663    276.3    824.8
     1     1    21     5    21     6     0     0   -84.0   37.521  107.737    221.8    830.9
     1     1    21     5    21     5     0     0   -85.0   37.358  107.808    163.4    838.1
     1     1    21     5    21     4     0     0   -86.0   37.208  107.859    111.5    843.8
     1     1    21     5    21     3     0     0   -87.0   37.073  107.891     68.9    849.2
     1     1    21     5    21     2     0     0   -88.0   36.958  107.902     40.0    852.5
     1     1    21     5    21     1     0     0   -89.0   36.866  107.895     23.7    854.3
     1     1    21     5    21     0     0     0   -90.0   36.799  107.875     14.8    855.3
     1     1    21     5    20    23     0     0   -91.0   36.739  107.845      9.3    855.9
     1     1    21     5    20    22     0     0   -92.0   36.667  107.808      5.4    856.1
     1     1    21     5    20    21     0     0   -93.0   36.582  107.760      2.1    856.3
     1     1    21     5    20    20     0     0   -94.0   36.483  107.697      0.0    856.4
     1     1    21     5    20    19     0     0   -95.0   36.370  107.616      0.0    856.4
     1     1    21     5    20    18     0     0   -96.0   36.244  107.511      0.0    856.1
