     2     1
    CDC1    21     9     1     0     0
    CDC1    21    10     1     0     0
     1 BACKWARD OMEGA   
  2021    10    16    12   37.500  127.000   500.0
     1 PRESSURE
     1     1    21    10    16    12     0     0     0.0   37.500  127.000    500.0    945.8
     1     1    21    10    16    11     0     0    -1.0   37.859  126.888    537.6    936.2
     1     1    21    10    16    10     0     0    -2.0   38.217  126.759    573.1    927.4
     1     1    21    10    16     9     0     0    -3.0   38.574  126.614    607.4    919.0
     1     1    21    10    16     8     0     0    -4.0   38.934  126.452    641.5    910.6
     1     1    21    10    16     7     0     0    -5.0   39.295  126.273    676.4    902.1
     1     1    21    10    16     6     0     0    -6.0   39.658  126.075    713.2    893.9
     1     1    21    10    16     5     0     0    -7.0   40.023  125.866    753.6    886.4
     1     1    21    10    16     4     0     0    -8.0   40.391  125.646    799.7    881.6
     1     1    21    10    16     3     0     0    -9.0   40.766  125.413    849.3    877.1
     1     1    21    10    16     2     0     0   -10.0   41.153  125.165    901.9    872.7
     1     1    21    10    16     1     0     0   -11.0   41.554  124.903    957.0    867.9
     1     1    21    10    16     0     0     0   -12.0   41.968  124.621   1014.3    862.4
     1     1    21    10    15    23     0     0   -13.0   42.389  124.301   1078.2    857.2
     1     1    21    10    15    22     0     0   -14.0   42.816  123.929   1153.8    854.3
     1     1    21    10    15    21     0     0   -15.0   43.257  123.510   1239.8    850.6
     1     1    21    10    15    20     0     0   -16.0   43.720  123.048   1336.4    843.9
     1     1    21    10    15    19     0     0   -17.0   44.202  122.545   1444.6    833.3
     1     1    21    10    15    18     0     0   -18.0   44.701  122.004   1558.4    810.5
     1     1    21    10    15    17     0     0   -19.0   45.204  121.435   1670.2    783.6
     1     1    21    10    15    16     0     0   -20.0   45.703  120.864   1768.0    757.8
     1     1    21    10    15    15     0     0   -21.0   46.203  120.311   1854.4    736.1
     1     1    21    10    15    14     0     0   -22.0   46.703  119.785   1930.9    720.2
     1     1    21    10    15    13     0     0   -23.0   47.199  119.299   1997.1    711.3
     1     1    21    10    15    12     0     0   -24.0   47.688  118.866   2049.8    706.8
     1     1    21    10    15    11     0     0   -25.0   48.172  118.482   2092.4    704.9
     1     1    21    10    15    10     0     0   -26.0   48.657  118.143   2131.6    703.5
     1     1    21    10    15     9     0     0   -27.0   49.153  117.856   2166.8    702.6
     1     1    21    10    15     8     0     0   -28.0   49.665  117.632   2197.6    702.2
     1     1    21    10    15     7     0     0   -29.0   50.192  117.481   2222.3    701.1
     1     1    21    10    15     6     0     0   -30.0   50.719  117.407   2241.0    697.8
     1     1    21    10    15     5     0     0   -31.0   51.214  117.386   2250.5    694.8
     1     1    21    10    15     4     0     0   -32.0   51.662  117.393   2251.1    693.5
     1     1    21    10    15     3     0     0   -33.0   52.068  117.430   2240.4    693.4
     1     1    21    10    15     2     0     0   -34.0   52.439  117.499   2218.3    694.7
     1     1    21    10    15     1     0     0   -35.0   52.777  117.582   2183.7    694.6
     1     1    21    10    15     0     0     0   -36.0   53.084  117.659   2141.8    695.1
     1     1    21    10    14    23     0     0   -37.0   53.363  117.742   2093.7    696.8
     1     1    21    10    14    22     0     0   -38.0   53.612  117.842   2042.1    699.1
     1     1    21    10    14    21     0     0   -39.0   53.832  117.956   1987.6    702.2
     1     1    21    10    14    20     0     0   -40.0   54.024  118.082   1931.3    705.7
     1     1    21    10    14    19     0     0   -41.0   54.191  118.220   1874.2    709.8
     1     1    21    10    14    18     0     0   -42.0   54.334  118.369   1816.9    714.2
     1     1    21    10    14    17     0     0   -43.0   54.462  118.504   1762.5    719.0
     1     1    21    10    14    16     0     0   -44.0   54.585  118.601   1715.9    722.8
     1     1    21    10    14    15     0     0   -45.0   54.701  118.658   1676.0    725.9
     1     1    21    10    14    14     0     0   -46.0   54.812  118.671   1642.0    728.2
     1     1    21    10    14    13     0     0   -47.0   54.914  118.637   1613.4    729.8
     1     1    21    10    14    12     0     0   -48.0   55.007  118.553   1589.4    730.8
     1     1    21    10    14    11     0     0   -49.0   55.094  118.437   1569.9    732.6
     1     1    21    10    14    10     0     0   -50.0   55.176  118.305   1552.1    734.2
     1     1    21    10    14     9     0     0   -51.0   55.255  118.159   1535.8    735.6
     1     1    21    10    14     8     0     0   -52.0   55.328  117.996   1520.5    736.7
     1     1    21    10    14     7     0     0   -53.0   55.394  117.817   1505.5    737.7
     1     1    21    10    14     6     0     0   -54.0   55.454  117.620   1490.0    738.7
     1     1    21    10    14     5     0     0   -55.0   55.513  117.416   1476.8    739.8
     1     1    21    10    14     4     0     0   -56.0   55.581  117.215   1470.6    740.0
     1     1    21    10    14     3     0     0   -57.0   55.656  117.015   1471.3    739.6
     1     1    21    10    14     2     0     0   -58.0   55.736  116.814   1479.2    738.6
     1     1    21    10    14     1     0     0   -59.0   55.819  116.609   1494.6    736.9
     1     1    21    10    14     0     0     0   -60.0   55.903  116.397   1517.7    734.5
     1     1    21    10    13    23     0     0   -61.0   55.986  116.180   1541.8    731.2
     1     1    21    10    13    22     0     0   -62.0   56.068  115.959   1560.5    729.2
     1     1    21    10    13    21     0     0   -63.0   56.147  115.734   1574.3    727.6
     1     1    21    10    13    20     0     0   -64.0   56.225  115.506   1583.4    726.5
     1     1    21    10    13    19     0     0   -65.0   56.301  115.274   1588.2    725.9
     1     1    21    10    13    18     0     0   -66.0   56.375  115.037   1589.1    725.6
     1     1    21    10    13    17     0     0   -67.0   56.452  114.811   1588.8    726.4
     1     1    21    10    13    16     0     0   -68.0   56.536  114.609   1587.6    727.4
     1     1    21    10    13    15     0     0   -69.0   56.626  114.431   1586.1    728.6
     1     1    21    10    13    14     0     0   -70.0   56.724  114.277   1584.1    730.0
     1     1    21    10    13    13     0     0   -71.0   56.830  114.146   1581.7    731.5
     1     1    21    10    13    12     0     0   -72.0   56.942  114.037   1579.1    733.2
     1     1    21    10    13    11     0     0   -73.0   57.058  113.942   1576.9    734.8
     1     1    21    10    13    10     0     0   -74.0   57.173  113.853   1574.3    736.5
     1     1    21    10    13     9     0     0   -75.0   57.288  113.770   1572.2    738.2
     1     1    21    10    13     8     0     0   -76.0   57.405  113.693   1570.9    739.8
     1     1    21    10    13     7     0     0   -77.0   57.523  113.619   1571.0    741.6
     1     1    21    10    13     6     0     0   -78.0   57.643  113.543   1572.7    744.1
     1     1    21    10    13     5     0     0   -79.0   57.763  113.458   1574.6    746.3
     1     1    21    10    13     4     0     0   -80.0   57.878  113.359   1575.8    748.7
     1     1    21    10    13     3     0     0   -81.0   57.990  113.247   1576.6    751.1
     1     1    21    10    13     2     0     0   -82.0   58.098  113.123   1577.4    753.6
     1     1    21    10    13     1     0     0   -83.0   58.204  112.986   1578.6    755.9
     1     1    21    10    13     0     0     0   -84.0   58.308  112.837   1580.7    758.3
     1     1    21    10    12    23     0     0   -85.0   58.413  112.667   1585.5    760.5
     1     1    21    10    12    22     0     0   -86.0   58.522  112.466   1594.8    762.3
     1     1    21    10    12    21     0     0   -87.0   58.635  112.234   1608.3    764.1
     1     1    21    10    12    20     0     0   -88.0   58.752  111.970   1625.5    765.7
     1     1    21    10    12    19     0     0   -89.0   58.870  111.675   1646.0    767.1
     1     1    21    10    12    18     0     0   -90.0   58.989  111.352   1669.3    768.3
     1     1    21    10    12    17     0     0   -91.0   59.110  111.006   1695.0    769.4
     1     1    21    10    12    16     0     0   -92.0   59.233  110.642   1724.0    770.1
     1     1    21    10    12    15     0     0   -93.0   59.360  110.260   1756.8    770.7
     1     1    21    10    12    14     0     0   -94.0   59.491  109.864   1793.6    770.5
     1     1    21    10    12    13     0     0   -95.0   59.627  109.452   1834.7    769.2
     1     1    21    10    12    12     0     0   -96.0   59.769  109.025   1881.3    767.3
