     2     1
    CDC1    21     5     1     0     0
    CDC1    21     6     1     0     0
     1 BACKWARD OMEGA   
  2021     6    14     9   37.500  127.000   500.0
     1 PRESSURE
     1     1    21     6    14     9     0     0     0.0   37.500  127.000    500.0    930.4
     1     1    21     6    14     8     0     0    -1.0   37.418  127.061    504.2    930.2
     1     1    21     6    14     7     0     0    -2.0   37.336  127.124    514.9    929.0
     1     1    21     6    14     6     0     0    -3.0   37.252  127.190    532.3    927.0
     1     1    21     6    14     5     0     0    -4.0   37.172  127.257    552.4    924.3
     1     1    21     6    14     4     0     0    -5.0   37.102  127.325    571.2    922.1
     1     1    21     6    14     3     0     0    -6.0   37.041  127.392    588.1    920.1
     1     1    21     6    14     2     0     0    -7.0   36.990  127.460    603.0    918.4
     1     1    21     6    14     1     0     0    -8.0   36.949  127.527    615.4    917.2
     1     1    21     6    14     0     0     0    -9.0   36.917  127.594    625.2    916.4
     1     1    21     6    13    23     0     0   -10.0   36.887  127.650    634.3    915.9
     1     1    21     6    13    22     0     0   -11.0   36.851  127.686    644.0    915.0
     1     1    21     6    13    21     0     0   -12.0   36.808  127.704    654.3    914.1
     1     1    21     6    13    20     0     0   -13.0   36.759  127.703    665.3    913.0
     1     1    21     6    13    19     0     0   -14.0   36.703  127.686    676.7    911.8
     1     1    21     6    13    18     0     0   -15.0   36.640  127.651    688.6    910.6
     1     1    21     6    13    17     0     0   -16.0   36.577  127.613    698.8    909.3
     1     1    21     6    13    16     0     0   -17.0   36.516  127.585    705.7    908.7
     1     1    21     6    13    15     0     0   -18.0   36.460  127.566    709.3    908.4
     1     1    21     6    13    14     0     0   -19.0   36.407  127.557    709.6    908.5
     1     1    21     6    13    13     0     0   -20.0   36.359  127.556    706.6    908.9
     1     1    21     6    13    12     0     0   -21.0   36.315  127.564    700.4    909.7
     1     1    21     6    13    11     0     0   -22.0   36.271  127.577    694.2    910.8
     1     1    21     6    13    10     0     0   -23.0   36.225  127.592    691.3    911.2
     1     1    21     6    13     9     0     0   -24.0   36.175  127.608    691.8    911.3
     1     1    21     6    13     8     0     0   -25.0   36.123  127.627    695.4    911.0
     1     1    21     6    13     7     0     0   -26.0   36.067  127.648    702.1    910.3
     1     1    21     6    13     6     0     0   -27.0   36.008  127.673    711.9    909.3
     1     1    21     6    13     5     0     0   -28.0   35.954  127.697    722.5    908.4
     1     1    21     6    13     4     0     0   -29.0   35.913  127.716    731.5    907.9
     1     1    21     6    13     3     0     0   -30.0   35.886  127.730    739.0    907.5
     1     1    21     6    13     2     0     0   -31.0   35.873  127.736    745.3    907.2
     1     1    21     6    13     1     0     0   -32.0   35.875  127.736    750.2    907.1
     1     1    21     6    13     0     0     0   -33.0   35.892  127.728    754.0    907.1
     1     1    21     6    12    23     0     0   -34.0   35.910  127.713    757.1    906.9
     1     1    21     6    12    22     0     0   -35.0   35.916  127.690    760.1    906.7
     1     1    21     6    12    21     0     0   -36.0   35.909  127.660    762.9    906.6
     1     1    21     6    12    20     0     0   -37.0   35.890  127.622    765.5    906.5
     1     1    21     6    12    19     0     0   -38.0   35.859  127.577    767.8    906.4
     1     1    21     6    12    18     0     0   -39.0   35.816  127.524    769.7    906.4
     1     1    21     6    12    17     0     0   -40.0   35.772  127.471    770.2    906.5
     1     1    21     6    12    16     0     0   -41.0   35.740  127.426    768.5    907.0
     1     1    21     6    12    15     0     0   -42.0   35.717  127.388    764.6    907.7
     1     1    21     6    12    14     0     0   -43.0   35.705  127.357    758.5    908.6
     1     1    21     6    12    13     0     0   -44.0   35.703  127.335    750.4    909.6
     1     1    21     6    12    12     0     0   -45.0   35.712  127.321    740.4    910.8
     1     1    21     6    12    11     0     0   -46.0   35.723  127.309    731.0    912.0
     1     1    21     6    12    10     0     0   -47.0   35.729  127.294    725.2    912.6
     1     1    21     6    12     9     0     0   -48.0   35.730  127.274    722.7    912.9
     1     1    21     6    12     8     0     0   -49.0   35.725  127.252    723.4    912.9
     1     1    21     6    12     7     0     0   -50.0   35.715  127.226    727.3    912.6
     1     1    21     6    12     6     0     0   -51.0   35.701  127.196    734.3    911.9
     1     1    21     6    12     5     0     0   -52.0   35.689  127.175    744.8    911.2
     1     1    21     6    12     4     0     0   -53.0   35.681  127.172    758.4    910.0
     1     1    21     6    12     3     0     0   -54.0   35.678  127.187    775.3    908.4
     1     1    21     6    12     2     0     0   -55.0   35.680  127.219    795.4    906.3
     1     1    21     6    12     1     0     0   -56.0   35.685  127.268    818.7    903.8
     1     1    21     6    12     0     0     0   -57.0   35.693  127.333    845.0    901.0
     1     1    21     6    11    23     0     0   -58.0   35.698  127.394    870.1    897.5
     1     1    21     6    11    22     0     0   -59.0   35.695  127.431    889.6    895.3
     1     1    21     6    11    21     0     0   -60.0   35.684  127.444    903.4    893.7
     1     1    21     6    11    20     0     0   -61.0   35.666  127.434    911.3    892.9
     1     1    21     6    11    19     0     0   -62.0   35.641  127.401    913.6    892.8
     1     1    21     6    11    18     0     0   -63.0   35.609  127.346    910.2    893.4
     1     1    21     6    11    17     0     0   -64.0   35.573  127.281    905.0    894.7
     1     1    21     6    11    16     0     0   -65.0   35.535  127.218    901.5    895.4
     1     1    21     6    11    15     0     0   -66.0   35.493  127.158    899.9    895.9
     1     1    21     6    11    14     0     0   -67.0   35.448  127.103    900.1    896.3
     1     1    21     6    11    13     0     0   -68.0   35.400  127.053    902.3    896.4
     1     1    21     6    11    12     0     0   -69.0   35.350  127.009    906.7    896.3
     1     1    21     6    11    11     0     0   -70.0   35.289  126.961    911.0    895.8
     1     1    21     6    11    10     0     0   -71.0   35.214  126.900    912.8    895.8
     1     1    21     6    11     9     0     0   -72.0   35.124  126.828    912.1    896.1
     1     1    21     6    11     8     0     0   -73.0   35.019  126.745    908.7    896.8
     1     1    21     6    11     7     0     0   -74.0   34.901  126.652    902.6    898.0
     1     1    21     6    11     6     0     0   -75.0   34.771  126.551    893.5    899.5
     1     1    21     6    11     5     0     0   -76.0   34.631  126.444    881.6    901.7
     1     1    21     6    11     4     0     0   -77.0   34.484  126.332    866.5    904.2
     1     1    21     6    11     3     0     0   -78.0   34.330  126.217    849.3    906.9
     1     1    21     6    11     2     0     0   -79.0   34.168  126.101    830.7    909.8
     1     1    21     6    11     1     0     0   -80.0   34.000  125.984    811.5    912.8
     1     1    21     6    11     0     0     0   -81.0   33.823  125.869    792.4    915.8
     1     1    21     6    10    23     0     0   -82.0   33.633  125.759    773.3    918.5
     1     1    21     6    10    22     0     0   -83.0   33.421  125.658    753.8    921.4
     1     1    21     6    10    21     0     0   -84.0   33.191  125.563    733.9    924.3
     1     1    21     6    10    20     0     0   -85.0   32.943  125.471    713.5    927.3
     1     1    21     6    10    19     0     0   -86.0   32.681  125.382    692.7    930.4
     1     1    21     6    10    18     0     0   -87.0   32.407  125.291    671.2    933.3
     1     1    21     6    10    17     0     0   -88.0   32.131  125.211    648.9    935.8
     1     1    21     6    10    16     0     0   -89.0   31.857  125.157    626.3    938.3
     1     1    21     6    10    15     0     0   -90.0   31.582  125.130    604.2    940.4
     1     1    21     6    10    14     0     0   -91.0   31.304  125.128    583.3    942.5
     1     1    21     6    10    13     0     0   -92.0   31.019  125.152    564.3    944.5
     1     1    21     6    10    12     0     0   -93.0   30.726  125.200    547.9    946.5
     1     1    21     6    10    11     0     0   -94.0   30.426  125.268    533.7    948.1
     1     1    21     6    10    10     0     0   -95.0   30.123  125.355    520.8    949.6
     1     1    21     6    10     9     0     0   -96.0   29.821  125.460    508.4    951.5
