     3     1
    CDC1    21     2     1     0     0
    CDC1    21     3     1     0     0
    CDC1    21     4     1     0     0
     1 BACKWARD OMEGA   
  2021     3    31    21   37.500  127.000   500.0
     1 PRESSURE
     1     1    21     3    31    21     0     0     0.0   37.500  127.000    500.0    939.4
     1     1    21     3    31    20     0     0    -1.0   37.430  127.238    530.2    934.5
     1     1    21     3    31    19     0     0    -2.0   37.372  127.450    563.0    929.4
     1     1    21     3    31    18     0     0    -3.0   37.331  127.633    598.7    925.4
     1     1    21     3    31    17     0     0    -4.0   37.304  127.795    636.7    921.7
     1     1    21     3    31    16     0     0    -5.0   37.290  127.941    676.5    917.3
     1     1    21     3    31    15     0     0    -6.0   37.289  128.070    716.8    912.9
     1     1    21     3    31    14     0     0    -7.0   37.303  128.183    757.1    908.5
     1     1    21     3    31    13     0     0    -8.0   37.330  128.281    796.8    904.3
     1     1    21     3    31    12     0     0    -9.0   37.370  128.364    835.5    900.3
     1     1    21     3    31    11     0     0   -10.0   37.414  128.428    875.6    896.5
     1     1    21     3    31    10     0     0   -11.0   37.453  128.467    920.3    891.9
     1     1    21     3    31     9     0     0   -12.0   37.485  128.481    970.0    886.2
     1     1    21     3    31     8     0     0   -13.0   37.510  128.466   1025.5    879.6
     1     1    21     3    31     7     0     0   -14.0   37.529  128.424   1087.6    872.2
     1     1    21     3    31     6     0     0   -15.0   37.541  128.351   1157.4    864.2
     1     1    21     3    31     5     0     0   -16.0   37.556  128.260   1225.8    855.7
     1     1    21     3    31     4     0     0   -17.0   37.584  128.164   1282.4    849.4
     1     1    21     3    31     3     0     0   -18.0   37.624  128.063   1326.1    843.7
     1     1    21     3    31     2     0     0   -19.0   37.674  127.955   1356.2    839.3
     1     1    21     3    31     1     0     0   -20.0   37.732  127.841   1372.7    836.3
     1     1    21     3    31     0     0     0   -21.0   37.798  127.722   1375.8    834.6
     1     1    21     3    30    23     0     0   -22.0   37.863  127.589   1374.6    834.1
     1     1    21     3    30    22     0     0   -23.0   37.921  127.430   1377.3    833.0
     1     1    21     3    30    21     0     0   -24.0   37.972  127.244   1383.7    832.6
     1     1    21     3    30    20     0     0   -25.0   38.016  127.030   1392.9    832.3
     1     1    21     3    30    19     0     0   -26.0   38.054  126.787   1405.0    832.0
     1     1    21     3    30    18     0     0   -27.0   38.088  126.511   1420.1    831.7
     1     1    21     3    30    17     0     0   -28.0   38.124  126.227   1438.4    830.8
     1     1    21     3    30    16     0     0   -29.0   38.165  125.960   1460.8    829.3
     1     1    21     3    30    15     0     0   -30.0   38.210  125.710   1487.1    827.3
     1     1    21     3    30    14     0     0   -31.0   38.254  125.478   1517.2    824.9
     1     1    21     3    30    13     0     0   -32.0   38.297  125.264   1550.9    822.0
     1     1    21     3    30    12     0     0   -33.0   38.335  125.067   1588.0    818.8
     1     1    21     3    30    11     0     0   -34.0   38.382  124.882   1629.9    815.0
     1     1    21     3    30    10     0     0   -35.0   38.451  124.699   1677.5    810.3
     1     1    21     3    30     9     0     0   -36.0   38.541  124.521   1730.3    804.8
     1     1    21     3    30     8     0     0   -37.0   38.649  124.347   1787.7    798.6
     1     1    21     3    30     7     0     0   -38.0   38.775  124.179   1849.8    791.9
     1     1    21     3    30     6     0     0   -39.0   38.916  124.021   1916.8    784.8
     1     1    21     3    30     5     0     0   -40.0   39.070  123.858   1990.5    777.4
     1     1    21     3    30     4     0     0   -41.0   39.234  123.681   2072.8    769.3
     1     1    21     3    30     3     0     0   -42.0   39.413  123.492   2165.0    760.7
     1     1    21     3    30     2     0     0   -43.0   39.611  123.295   2269.0    750.9
     1     1    21     3    30     1     0     0   -44.0   39.835  123.094   2387.4    739.9
     1     1    21     3    30     0     0     0   -45.0   40.091  122.894   2522.4    727.7
     1     1    21     3    29    23     0     0   -46.0   40.370  122.671   2663.2    714.3
     1     1    21     3    29    22     0     0   -47.0   40.658  122.404   2795.8    701.6
     1     1    21     3    29    21     0     0   -48.0   40.952  122.096   2918.8    686.7
     1     1    21     3    29    20     0     0   -49.0   41.251  121.751   3036.2    671.7
     1     1    21     3    29    19     0     0   -50.0   41.555  121.379   3151.1    656.0
     1     1    21     3    29    18     0     0   -51.0   41.868  120.989   3267.8    639.3
     1     1    21     3    29    17     0     0   -52.0   42.189  120.601   3378.7    621.3
     1     1    21     3    29    16     0     0   -53.0   42.514  120.235   3468.6    605.4
     1     1    21     3    29    15     0     0   -54.0   42.848  119.890   3542.5    593.4
     1     1    21     3    29    14     0     0   -55.0   43.190  119.561   3594.5    582.7
     1     1    21     3    29    13     0     0   -56.0   43.544  119.253   3630.6    574.1
     1     1    21     3    29    12     0     0   -57.0   43.915  118.970   3654.3    567.4
     1     1    21     3    29    11     0     0   -58.0   44.306  118.677   3673.7    561.6
     1     1    21     3    29    10     0     0   -59.0   44.719  118.341   3698.2    554.9
     1     1    21     3    29     9     0     0   -60.0   45.157  117.966   3730.7    548.7
     1     1    21     3    29     8     0     0   -61.0   45.614  117.550   3775.1    544.1
     1     1    21     3    29     7     0     0   -62.0   46.078  117.097   3836.7    543.2
     1     1    21     3    29     6     0     0   -63.0   46.541  116.621   3907.6    542.3
     1     1    21     3    29     5     0     0   -64.0   47.002  116.126   3984.8    541.1
     1     1    21     3    29     4     0     0   -65.0   47.459  115.610   4064.5    540.1
     1     1    21     3    29     3     0     0   -66.0   47.914  115.068   4138.5    536.2
     1     1    21     3    29     2     0     0   -67.0   48.362  114.498   4197.0    527.3
     1     1    21     3    29     1     0     0   -68.0   48.802  113.898   4248.6    517.4
     1     1    21     3    29     0     0     0   -69.0   49.238  113.258   4293.9    507.1
     1     1    21     3    28    23     0     0   -70.0   49.669  112.565   4336.4    496.4
     1     1    21     3    28    22     0     0   -71.0   50.087  111.818   4384.8    487.7
     1     1    21     3    28    21     0     0   -72.0   50.489  111.029   4441.1    481.3
     1     1    21     3    28    20     0     0   -73.0   50.879  110.207   4505.0    476.2
     1     1    21     3    28    19     0     0   -74.0   51.255  109.358   4593.4    477.4
     1     1    21     3    28    18     0     0   -75.0   51.610  108.491   4689.7    481.3
     1     1    21     3    28    17     0     0   -76.0   51.945  107.612   4783.2    486.1
     1     1    21     3    28    16     0     0   -77.0   52.261  106.724   4844.8    488.1
     1     1    21     3    28    15     0     0   -78.0   52.558  105.828   4888.8    489.6
     1     1    21     3    28    14     0     0   -79.0   52.836  104.919   4914.0    489.5
     1     1    21     3    28    13     0     0   -80.0   53.097  103.988   4900.2    481.4
     1     1    21     3    28    12     0     0   -81.0   53.347  103.026   4887.7    475.7
     1     1    21     3    28    11     0     0   -82.0   53.575  102.036   4873.9    470.8
     1     1    21     3    28    10     0     0   -83.0   53.766  101.021   4864.2    464.9
     1     1    21     3    28     9     0     0   -84.0   53.916   99.985   4855.1    458.9
     1     1    21     3    28     8     0     0   -85.0   54.020   98.933   4868.6    459.1
     1     1    21     3    28     7     0     0   -86.0   54.078   97.873   4872.4    458.5
     1     1    21     3    28     6     0     0   -87.0   54.098   96.814   4879.6    461.8
     1     1    21     3    28     5     0     0   -88.0   54.095   95.752   4879.5    467.2
     1     1    21     3    28     4     0     0   -89.0   54.081   94.681   4859.9    474.1
     1     1    21     3    28     3     0     0   -90.0   54.048   93.604   4821.9    481.8
     1     1    21     3    28     2     0     0   -91.0   53.992   92.525   4771.5    490.3
     1     1    21     3    28     1     0     0   -92.0   53.908   91.443   4706.6    496.6
     1     1    21     3    28     0     0     0   -93.0   53.797   90.357   4643.6    501.6
     1     1    21     3    27    23     0     0   -94.0   53.652   89.296   4594.6    506.3
     1     1    21     3    27    22     0     0   -95.0   53.473   88.292   4553.5    509.9
     1     1    21     3    27    21     0     0   -96.0   53.260   87.340   4516.7    512.8
