     2     1
    CDC1    21     4     1     0     0
    CDC1    21     5     1     0     0
     1 BACKWARD OMEGA   
  2021     5     2     6   37.500  127.000   500.0
     1 PRESSURE
     1     1    21     5     2     6     0     0     0.0   37.500  127.000    500.0    938.8
     1     1    21     5     2     5     0     0    -1.0   37.668  126.860    534.8    933.2
     1     1    21     5     2     4     0     0    -2.0   37.860  126.734    576.1    926.2
     1     1    21     5     2     3     0     0    -3.0   38.073  126.626    624.2    918.4
     1     1    21     5     2     2     0     0    -4.0   38.305  126.545    678.2    908.5
     1     1    21     5     2     1     0     0    -5.0   38.553  126.503    737.3    898.0
     1     1    21     5     2     0     0     0    -6.0   38.816  126.506    800.7    886.7
     1     1    21     5     1    23     0     0    -7.0   39.087  126.557    859.3    874.8
     1     1    21     5     1    22     0     0    -8.0   39.356  126.655    904.0    865.0
     1     1    21     5     1    21     0     0    -9.0   39.622  126.805    935.1    856.1
     1     1    21     5     1    20     0     0   -10.0   39.880  127.012    952.4    848.1
     1     1    21     5     1    19     0     0   -11.0   40.126  127.274    956.4    842.1
     1     1    21     5     1    18     0     0   -12.0   40.359  127.582    948.0    839.4
     1     1    21     5     1    17     0     0   -13.0   40.586  127.893    934.2    841.6
     1     1    21     5     1    16     0     0   -14.0   40.812  128.178    919.2    843.0
     1     1    21     5     1    15     0     0   -15.0   41.034  128.445    902.4    844.2
     1     1    21     5     1    14     0     0   -16.0   41.247  128.699    883.5    845.4
     1     1    21     5     1    13     0     0   -17.0   41.446  128.945    862.2    846.9
     1     1    21     5     1    12     0     0   -18.0   41.628  129.189    838.1    848.9
     1     1    21     5     1    11     0     0   -19.0   41.785  129.442    812.0    851.6
     1     1    21     5     1    10     0     0   -20.0   41.912  129.710    785.6    854.6
     1     1    21     5     1     9     0     0   -21.0   42.010  129.995    758.7    858.1
     1     1    21     5     1     8     0     0   -22.0   42.079  130.295    733.6    864.8
     1     1    21     5     1     7     0     0   -23.0   42.122  130.607    710.8    871.8
     1     1    21     5     1     6     0     0   -24.0   42.140  130.934    690.1    879.1
     1     1    21     5     1     5     0     0   -25.0   42.136  131.271    673.7    887.1
     1     1    21     5     1     4     0     0   -26.0   42.111  131.617    664.1    894.7
     1     1    21     5     1     3     0     0   -27.0   42.067  131.969    661.7    901.9
     1     1    21     5     1     2     0     0   -28.0   42.003  132.326    666.9    908.7
     1     1    21     5     1     1     0     0   -29.0   41.924  132.684    679.7    912.9
     1     1    21     5     1     0     0     0   -30.0   41.839  133.039    700.3    914.3
     1     1    21     4    30    23     0     0   -31.0   41.762  133.363    725.3    913.8
     1     1    21     4    30    22     0     0   -32.0   41.704  133.634    751.6    913.1
     1     1    21     4    30    21     0     0   -33.0   41.664  133.854    778.3    911.8
     1     1    21     4    30    20     0     0   -34.0   41.641  134.024    805.4    910.0
     1     1    21     4    30    19     0     0   -35.0   41.634  134.145    832.7    907.7
     1     1    21     4    30    18     0     0   -36.0   41.643  134.219    860.3    905.0
     1     1    21     4    30    17     0     0   -37.0   41.657  134.275    886.7    901.8
     1     1    21     4    30    16     0     0   -38.0   41.670  134.341    911.2    899.0
     1     1    21     4    30    15     0     0   -39.0   41.681  134.415    933.3    896.5
     1     1    21     4    30    14     0     0   -40.0   41.691  134.498    952.8    894.0
     1     1    21     4    30    13     0     0   -41.0   41.701  134.588    969.4    892.0
     1     1    21     4    30    12     0     0   -42.0   41.710  134.684    982.9    890.3
     1     1    21     4    30    11     0     0   -43.0   41.717  134.789    992.6    889.2
     1     1    21     4    30    10     0     0   -44.0   41.724  134.906    996.2    888.9
     1     1    21     4    30     9     0     0   -45.0   41.730  135.036    994.2    889.2
     1     1    21     4    30     8     0     0   -46.0   41.736  135.175    986.9    889.3
     1     1    21     4    30     7     0     0   -47.0   41.744  135.323    975.2    889.9
     1     1    21     4    30     6     0     0   -48.0   41.754  135.480    959.7    890.9
     1     1    21     4    30     5     0     0   -49.0   41.776  135.647    946.2    892.9
     1     1    21     4    30     4     0     0   -50.0   41.818  135.823    940.2    893.1
     1     1    21     4    30     3     0     0   -51.0   41.885  136.013    942.2    892.2
     1     1    21     4    30     2     0     0   -52.0   41.981  136.217    952.6    890.1
     1     1    21     4    30     1     0     0   -53.0   42.112  136.441    972.0    886.8
     1     1    21     4    30     0     0     0   -54.0   42.283  136.690   1001.4    882.2
     1     1    21     4    29    23     0     0   -55.0   42.485  136.960   1032.0    876.5
     1     1    21     4    29    22     0     0   -56.0   42.697  137.229   1053.0    872.5
     1     1    21     4    29    21     0     0   -57.0   42.908  137.488   1062.0    869.9
     1     1    21     4    29    20     0     0   -58.0   43.106  137.740   1056.0    869.4
     1     1    21     4    29    19     0     0   -59.0   43.278  137.986   1032.9    871.4
     1     1    21     4    29    18     0     0   -60.0   43.421  138.233    993.2    875.6
     1     1    21     4    29    17     0     0   -61.0   43.534  138.489    950.3    882.5
     1     1    21     4    29    16     0     0   -62.0   43.621  138.758    916.6    887.1
     1     1    21     4    29    15     0     0   -63.0   43.685  139.033    892.7    890.8
     1     1    21     4    29    14     0     0   -64.0   43.729  139.306    879.3    893.6
     1     1    21     4    29    13     0     0   -65.0   43.752  139.573    876.8    895.5
     1     1    21     4    29    12     0     0   -66.0   43.754  139.828    886.1    896.3
     1     1    21     4    29    11     0     0   -67.0   43.748  140.044    898.3    894.9
     1     1    21     4    29    10     0     0   -68.0   43.744  140.193    905.6    894.4
     1     1    21     4    29     9     0     0   -69.0   43.745  140.276    908.1    894.5
     1     1    21     4    29     8     0     0   -70.0   43.751  140.295    906.5    894.8
     1     1    21     4    29     7     0     0   -71.0   43.764  140.251    901.0    895.5
     1     1    21     4    29     6     0     0   -72.0   43.784  140.142    892.2    896.4
     1     1    21     4    29     5     0     0   -73.0   43.806  139.991    884.8    897.5
     1     1    21     4    29     4     0     0   -74.0   43.819  139.819    884.0    897.1
     1     1    21     4    29     3     0     0   -75.0   43.824  139.628    890.4    895.9
     1     1    21     4    29     2     0     0   -76.0   43.821  139.417    905.2    893.9
     1     1    21     4    29     1     0     0   -77.0   43.812  139.187    929.5    890.9
     1     1    21     4    29     0     0     0   -78.0   43.799  138.935    965.2    886.3
     1     1    21     4    28    23     0     0   -79.0   43.786  138.655   1010.7    879.9
     1     1    21     4    28    22     0     0   -80.0   43.773  138.342   1062.2    873.1
     1     1    21     4    28    21     0     0   -81.0   43.759  137.998   1119.8    865.7
     1     1    21     4    28    20     0     0   -82.0   43.744  137.622   1182.9    857.7
     1     1    21     4    28    19     0     0   -83.0   43.729  137.216   1250.7    850.1
     1     1    21     4    28    18     0     0   -84.0   43.711  136.777   1321.5    842.3
     1     1    21     4    28    17     0     0   -85.0   43.684  136.306   1387.4    834.4
     1     1    21     4    28    16     0     0   -86.0   43.644  135.807   1442.3    828.7
     1     1    21     4    28    15     0     0   -87.0   43.600  135.276   1488.5    824.1
     1     1    21     4    28    14     0     0   -88.0   43.558  134.710   1528.3    819.0
     1     1    21     4    28    13     0     0   -89.0   43.521  134.105   1566.0    812.8
     1     1    21     4    28    12     0     0   -90.0   43.500  133.460   1608.1    806.1
     1     1    21     4    28    11     0     0   -91.0   43.490  132.790   1658.8    797.8
     1     1    21     4    28    10     0     0   -92.0   43.478  132.109   1713.2    785.8
     1     1    21     4    28     9     0     0   -93.0   43.460  131.415   1766.6    771.5
     1     1    21     4    28     8     0     0   -94.0   43.435  130.699   1817.2    757.5
     1     1    21     4    28     7     0     0   -95.0   43.410  129.952   1863.2    744.0
     1     1    21     4    28     6     0     0   -96.0   43.384  129.172   1905.6    737.1
