     2     1
    CDC1    21     7     1     0     0
    CDC1    21     8     1     0     0
     1 BACKWARD OMEGA   
  2021     8    27    12   37.500  127.000   500.0
     1 PRESSURE
     1     1    21     8    27    12     0     0     0.0   37.500  127.000    500.0    937.7
     1     1    21     8    27    11     0     0    -1.0   37.462  126.826    497.4    938.6
     1     1    21     8    27    10     0     0    -2.0   37.419  126.652    491.7    940.1
     1     1    21     8    27     9     0     0    -3.0   37.370  126.478    482.6    941.9
     1     1    21     8    27     8     0     0    -4.0   37.315  126.306    470.1    944.2
     1     1    21     8    27     7     0     0    -5.0   37.254  126.137    453.9    946.8
     1     1    21     8    27     6     0     0    -6.0   37.185  125.972    434.0    949.9
     1     1    21     8    27     5     0     0    -7.0   37.115  125.818    412.0    953.8
     1     1    21     8    27     4     0     0    -8.0   37.047  125.681    390.1    957.4
     1     1    21     8    27     3     0     0    -9.0   36.981  125.558    368.4    960.5
     1     1    21     8    27     2     0     0   -10.0   36.917  125.450    347.2    963.3
     1     1    21     8    27     1     0     0   -11.0   36.855  125.354    326.9    966.0
     1     1    21     8    27     0     0     0   -12.0   36.794  125.269    307.6    968.6
     1     1    21     8    26    23     0     0   -13.0   36.731  125.182    288.5    971.3
     1     1    21     8    26    22     0     0   -14.0   36.661  125.078    268.2    974.2
     1     1    21     8    26    21     0     0   -15.0   36.584  124.959    246.7    977.4
     1     1    21     8    26    20     0     0   -16.0   36.501  124.826    224.4    980.5
     1     1    21     8    26    19     0     0   -17.0   36.415  124.677    201.8    983.7
     1     1    21     8    26    18     0     0   -18.0   36.325  124.513    178.6    986.2
     1     1    21     8    26    17     0     0   -19.0   36.234  124.350    156.1    988.9
     1     1    21     8    26    16     0     0   -20.0   36.143  124.204    135.5    991.3
     1     1    21     8    26    15     0     0   -21.0   36.051  124.078    116.5    993.7
     1     1    21     8    26    14     0     0   -22.0   35.958  123.971     98.6    996.1
     1     1    21     8    26    13     0     0   -23.0   35.863  123.885     81.6    998.6
     1     1    21     8    26    12     0     0   -24.0   35.765  123.819     65.8   1000.6
     1     1    21     8    26    11     0     0   -25.0   35.668  123.757     52.4   1001.9
     1     1    21     8    26    10     0     0   -26.0   35.571  123.685     41.6   1003.0
     1     1    21     8    26     9     0     0   -27.0   35.474  123.603     33.3   1003.9
     1     1    21     8    26     8     0     0   -28.0   35.377  123.510     27.1   1004.7
     1     1    21     8    26     7     0     0   -29.0   35.278  123.406     22.7   1005.3
     1     1    21     8    26     6     0     0   -30.0   35.177  123.291     19.8   1005.6
     1     1    21     8    26     5     0     0   -31.0   35.076  123.169     18.2   1005.9
     1     1    21     8    26     4     0     0   -32.0   34.976  123.044     17.7   1006.1
     1     1    21     8    26     3     0     0   -33.0   34.877  122.917     18.1   1006.4
     1     1    21     8    26     2     0     0   -34.0   34.780  122.788     19.4   1006.6
     1     1    21     8    26     1     0     0   -35.0   34.685  122.656     21.9   1006.6
     1     1    21     8    26     0     0     0   -36.0   34.592  122.520     25.9   1006.5
     1     1    21     8    25    23     0     0   -37.0   34.499  122.379     30.6   1005.4
     1     1    21     8    25    22     0     0   -38.0   34.404  122.229     34.8   1004.4
     1     1    21     8    25    21     0     0   -39.0   34.307  122.069     37.8   1003.4
     1     1    21     8    25    20     0     0   -40.0   34.209  121.897     39.4   1002.6
     1     1    21     8    25    19     0     0   -41.0   34.110  121.710     39.4   1001.8
     1     1    21     8    25    18     0     0   -42.0   34.009  121.508     37.7   1001.1
     1     1    21     8    25    17     0     0   -43.0   33.906  121.303     35.7   1000.6
     1     1    21     8    25    16     0     0   -44.0   33.801  121.110     34.8    999.9
     1     1    21     8    25    15     0     0   -45.0   33.693  120.931     34.8    999.1
     1     1    21     8    25    14     0     0   -46.0   33.580  120.769     35.4    998.2
     1     1    21     8    25    13     0     0   -47.0   33.460  120.623     36.7    997.4
     1     1    21     8    25    12     0     0   -48.0   33.334  120.496     38.6    996.5
     1     1    21     8    25    11     0     0   -49.0   33.210  120.381     40.5    995.8
     1     1    21     8    25    10     0     0   -50.0   33.097  120.271     41.8    995.2
     1     1    21     8    25     9     0     0   -51.0   32.996  120.163     42.6    994.7
     1     1    21     8    25     8     0     0   -52.0   32.909  120.056     43.1    994.2
     1     1    21     8    25     7     0     0   -53.0   32.837  119.948     43.5    993.9
     1     1    21     8    25     6     0     0   -54.0   32.780  119.834     43.8    993.6
     1     1    21     8    25     5     0     0   -55.0   32.733  119.713     44.1    993.1
     1     1    21     8    25     4     0     0   -56.0   32.690  119.583     44.7    992.5
     1     1    21     8    25     3     0     0   -57.0   32.652  119.445     45.7    991.8
     1     1    21     8    25     2     0     0   -58.0   32.616  119.300     47.1    991.0
     1     1    21     8    25     1     0     0   -59.0   32.581  119.149     48.8    990.2
     1     1    21     8    25     0     0     0   -60.0   32.546  118.995     51.0    989.3
     1     1    21     8    24    23     0     0   -61.0   32.512  118.845     53.2    988.6
     1     1    21     8    24    22     0     0   -62.0   32.483  118.705     54.8    987.8
     1     1    21     8    24    21     0     0   -63.0   32.458  118.572     55.8    987.0
     1     1    21     8    24    20     0     0   -64.0   32.439  118.445     56.2    986.3
     1     1    21     8    24    19     0     0   -65.0   32.425  118.323     56.0    985.7
     1     1    21     8    24    18     0     0   -66.0   32.416  118.203     55.2    985.2
     1     1    21     8    24    17     0     0   -67.0   32.406  118.086     54.4    984.6
     1     1    21     8    24    16     0     0   -68.0   32.384  117.973     53.9    983.7
     1     1    21     8    24    15     0     0   -69.0   32.351  117.863     53.8    982.7
     1     1    21     8    24    14     0     0   -70.0   32.306  117.755     54.0    981.6
     1     1    21     8    24    13     0     0   -71.0   32.251  117.651     54.5    980.3
     1     1    21     8    24    12     0     0   -72.0   32.183  117.549     55.4    979.0
     1     1    21     8    24    11     0     0   -73.0   32.117  117.448     56.3    978.2
     1     1    21     8    24    10     0     0   -74.0   32.065  117.349     56.9    978.0
     1     1    21     8    24     9     0     0   -75.0   32.026  117.250     57.2    978.1
     1     1    21     8    24     8     0     0   -76.0   32.002  117.154     57.2    978.4
     1     1    21     8    24     7     0     0   -77.0   31.992  117.060     56.9    978.8
     1     1    21     8    24     6     0     0   -78.0   31.997  116.968     56.3    979.4
     1     1    21     8    24     5     0     0   -79.0   32.012  116.879     55.8    980.3
     1     1    21     8    24     4     0     0   -80.0   32.031  116.793     55.5    981.1
     1     1    21     8    24     3     0     0   -81.0   32.055  116.711     55.4    981.8
     1     1    21     8    24     2     0     0   -82.0   32.083  116.634     55.5    982.5
     1     1    21     8    24     1     0     0   -83.0   32.117  116.563     55.8    983.2
     1     1    21     8    24     0     0     0   -84.0   32.156  116.497     56.3    983.8
     1     1    21     8    23    23     0     0   -85.0   32.197  116.430     57.0    984.4
     1     1    21     8    23    22     0     0   -86.0   32.237  116.354     58.2    985.0
     1     1    21     8    23    21     0     0   -87.0   32.275  116.270     59.9    985.6
     1     1    21     8    23    20     0     0   -88.0   32.310  116.179     62.0    986.1
     1     1    21     8    23    19     0     0   -89.0   32.340  116.082     64.5    986.6
     1     1    21     8    23    18     0     0   -90.0   32.363  115.982     67.7    987.1
     1     1    21     8    23    17     0     0   -91.0   32.385  115.879     70.8    987.2
     1     1    21     8    23    16     0     0   -92.0   32.412  115.771     73.4    987.4
     1     1    21     8    23    15     0     0   -93.0   32.445  115.659     75.4    987.6
     1     1    21     8    23    14     0     0   -94.0   32.488  115.540     76.8    987.9
     1     1    21     8    23    13     0     0   -95.0   32.541  115.414     77.5    988.0
     1     1    21     8    23    12     0     0   -96.0   32.605  115.282     77.6    988.0
