     2     1
    CDC1    21     9     1     0     0
    CDC1    21    10     1     0     0
     1 BACKWARD OMEGA   
  2021    10     8    12   37.500  127.000   500.0
     1 PRESSURE
     1     1    21    10     8    12     0     0     0.0   37.500  127.000    500.0    945.7
     1     1    21    10     8    11     0     0    -1.0   37.487  127.103    503.2    944.8
     1     1    21    10     8    10     0     0    -2.0   37.473  127.200    508.3    943.6
     1     1    21    10     8     9     0     0    -3.0   37.458  127.289    515.4    942.2
     1     1    21    10     8     8     0     0    -4.0   37.442  127.371    524.4    940.7
     1     1    21    10     8     7     0     0    -5.0   37.423  127.445    535.3    939.0
     1     1    21    10     8     6     0     0    -6.0   37.402  127.513    548.2    937.3
     1     1    21    10     8     5     0     0    -7.0   37.380  127.581    558.4    935.7
     1     1    21    10     8     4     0     0    -8.0   37.360  127.659    561.9    935.4
     1     1    21    10     8     3     0     0    -9.0   37.340  127.744    558.5    935.9
     1     1    21    10     8     2     0     0   -10.0   37.323  127.839    548.5    937.1
     1     1    21    10     8     1     0     0   -11.0   37.309  127.944    532.3    939.0
     1     1    21    10     8     0     0     0   -12.0   37.297  128.059    510.8    941.6
     1     1    21    10     7    23     0     0   -13.0   37.288  128.175    488.9    944.7
     1     1    21    10     7    22     0     0   -14.0   37.281  128.283    470.3    946.9
     1     1    21    10     7    21     0     0   -15.0   37.275  128.382    454.5    948.8
     1     1    21    10     7    20     0     0   -16.0   37.272  128.471    441.2    950.4
     1     1    21    10     7    19     0     0   -17.0   37.271  128.549    430.0    951.7
     1     1    21    10     7    18     0     0   -18.0   37.273  128.615    420.7    952.7
     1     1    21    10     7    17     0     0   -19.0   37.283  128.667    412.5    953.5
     1     1    21    10     7    16     0     0   -20.0   37.308  128.699    404.6    954.4
     1     1    21    10     7    15     0     0   -21.0   37.348  128.714    397.0    955.2
     1     1    21    10     7    14     0     0   -22.0   37.402  128.709    389.8    955.9
     1     1    21    10     7    13     0     0   -23.0   37.471  128.685    382.8    956.5
     1     1    21    10     7    12     0     0   -24.0   37.553  128.644    376.2    956.1
     1     1    21    10     7    11     0     0   -25.0   37.638  128.581    370.5    954.9
     1     1    21    10     7    10     0     0   -26.0   37.712  128.496    365.9    953.7
     1     1    21    10     7     9     0     0   -27.0   37.777  128.387    362.6    952.3
     1     1    21    10     7     8     0     0   -28.0   37.833  128.257    360.5    950.8
     1     1    21    10     7     7     0     0   -29.0   37.883  128.104    359.9    949.1
     1     1    21    10     7     6     0     0   -30.0   37.929  127.928    361.1    947.2
     1     1    21    10     7     5     0     0   -31.0   37.967  127.741    361.9    945.6
     1     1    21    10     7     4     0     0   -32.0   37.994  127.553    359.6    944.7
     1     1    21    10     7     3     0     0   -33.0   38.011  127.364    353.7    945.8
     1     1    21    10     7     2     0     0   -34.0   38.021  127.174    343.9    948.0
     1     1    21    10     7     1     0     0   -35.0   38.023  126.986    330.4    950.7
     1     1    21    10     7     0     0     0   -36.0   38.022  126.795    313.4    954.0
     1     1    21    10     6    23     0     0   -37.0   38.015  126.622    294.3    957.5
     1     1    21    10     6    22     0     0   -38.0   38.000  126.484    273.9    960.9
     1     1    21    10     6    21     0     0   -39.0   37.975  126.381    252.1    964.5
     1     1    21    10     6    20     0     0   -40.0   37.940  126.312    229.0    968.3
     1     1    21    10     6    19     0     0   -41.0   37.895  126.276    204.6    972.3
     1     1    21    10     6    18     0     0   -42.0   37.836  126.275    179.4    975.9
     1     1    21    10     6    17     0     0   -43.0   37.774  126.298    155.6    979.5
     1     1    21    10     6    16     0     0   -44.0   37.719  126.337    135.6    982.5
     1     1    21    10     6    15     0     0   -45.0   37.671  126.392    119.0    985.0
     1     1    21    10     6    14     0     0   -46.0   37.630  126.465    105.7    987.0
     1     1    21    10     6    13     0     0   -47.0   37.597  126.557     95.3    988.5
     1     1    21    10     6    12     0     0   -48.0   37.571  126.670     87.5    989.4
     1     1    21    10     6    11     0     0   -49.0   37.548  126.801     81.3    989.9
     1     1    21    10     6    10     0     0   -50.0   37.521  126.949     76.0    990.3
     1     1    21    10     6     9     0     0   -51.0   37.490  127.111     71.5    990.3
     1     1    21    10     6     8     0     0   -52.0   37.458  127.287     67.6    989.7
     1     1    21    10     6     7     0     0   -53.0   37.426  127.475     64.4    989.0
     1     1    21    10     6     6     0     0   -54.0   37.396  127.675     61.3    990.0
     1     1    21    10     6     5     0     0   -55.0   37.379  127.881     57.8    991.9
     1     1    21    10     6     4     0     0   -56.0   37.381  128.089     54.0    993.8
     1     1    21    10     6     3     0     0   -57.0   37.404  128.302     50.2    995.7
     1     1    21    10     6     2     0     0   -58.0   37.446  128.522     46.6    997.7
     1     1    21    10     6     1     0     0   -59.0   37.511  128.749     43.2    999.5
     1     1    21    10     6     0     0     0   -60.0   37.597  128.987     40.4   1000.3
     1     1    21    10     5    23     0     0   -61.0   37.700  129.223     37.9   1000.1
     1     1    21    10     5    22     0     0   -62.0   37.815  129.446     35.3    999.9
     1     1    21    10     5    21     0     0   -63.0   37.943  129.655     32.7    999.7
     1     1    21    10     5    20     0     0   -64.0   38.085  129.849     30.2    999.5
     1     1    21    10     5    19     0     0   -65.0   38.241  130.027     27.9    999.4
     1     1    21    10     5    18     0     0   -66.0   38.412  130.186     25.9   1000.0
     1     1    21    10     5    17     0     0   -67.0   38.596  130.330     24.3   1000.6
     1     1    21    10     5    16     0     0   -68.0   38.791  130.467     23.1   1001.2
     1     1    21    10     5    15     0     0   -69.0   38.999  130.598     22.3   1001.9
     1     1    21    10     5    14     0     0   -70.0   39.221  130.724     21.8   1002.5
     1     1    21    10     5    13     0     0   -71.0   39.461  130.847     21.7   1003.3
     1     1    21    10     5    12     0     0   -72.0   39.722  130.970     21.8   1004.1
     1     1    21    10     5    11     0     0   -73.0   40.000  131.109     22.0   1005.2
     1     1    21    10     5    10     0     0   -74.0   40.279  131.264     22.1   1003.9
     1     1    21    10     5     9     0     0   -75.0   40.545  131.422     22.1   1002.7
     1     1    21    10     5     8     0     0   -76.0   40.802  131.588     21.9   1001.9
     1     1    21    10     5     7     0     0   -77.0   41.051  131.765     21.6   1001.4
     1     1    21    10     5     6     0     0   -78.0   41.294  131.955     21.1   1001.2
     1     1    21    10     5     5     0     0   -79.0   41.537  132.153     20.6   1001.5
     1     1    21    10     5     4     0     0   -80.0   41.785  132.354     20.4   1001.7
     1     1    21    10     5     3     0     0   -81.0   42.044  132.567     20.5   1001.0
     1     1    21    10     5     2     0     0   -82.0   42.315  132.795     21.0    998.6
     1     1    21    10     5     1     0     0   -83.0   42.596  133.035     22.1    997.2
     1     1    21    10     5     0     0     0   -84.0   42.869  133.266     24.1    997.3
     1     1    21    10     4    23     0     0   -85.0   43.120  133.464     26.7    996.8
     1     1    21    10     4    22     0     0   -86.0   43.350  133.618     29.5    996.1
     1     1    21    10     4    21     0     0   -87.0   43.562  133.733     32.3    995.2
     1     1    21    10     4    20     0     0   -88.0   43.758  133.811     34.9    994.1
     1     1    21    10     4    19     0     0   -89.0   43.940  133.855     37.3    992.9
     1     1    21    10     4    18     0     0   -90.0   44.109  133.869     39.5    991.7
     1     1    21    10     4    17     0     0   -91.0   44.267  133.851     41.6    990.5
     1     1    21    10     4    16     0     0   -92.0   44.417  133.803     43.8    989.3
     1     1    21    10     4    15     0     0   -93.0   44.560  133.727     46.1    988.0
     1     1    21    10     4    14     0     0   -94.0   44.698  133.625     48.4    986.8
     1     1    21    10     4    13     0     0   -95.0   44.831  133.501     50.7    985.6
     1     1    21    10     4    12     0     0   -96.0   44.962  133.354     53.1    984.4
