     2     1
    CDC1    21     8     1     0     0
    CDC1    21     9     1     0     0
     1 BACKWARD OMEGA   
  2021     9    13     3   37.500  127.000   500.0
     1 PRESSURE
     1     1    21     9    13     3     0     0     0.0   37.500  127.000    500.0    941.1
     1     1    21     9    13     2     0     0    -1.0   37.399  127.207    505.4    939.4
     1     1    21     9    13     1     0     0    -2.0   37.291  127.418    507.5    938.2
     1     1    21     9    13     0     0     0    -3.0   37.181  127.633    507.1    938.6
     1     1    21     9    12    23     0     0    -4.0   37.080  127.850    507.4    939.6
     1     1    21     9    12    22     0     0    -5.0   36.994  128.066    511.2    939.8
     1     1    21     9    12    21     0     0    -6.0   36.924  128.280    518.0    939.6
     1     1    21     9    12    20     0     0    -7.0   36.869  128.492    527.8    939.0
     1     1    21     9    12    19     0     0    -8.0   36.830  128.700    540.2    938.1
     1     1    21     9    12    18     0     0    -9.0   36.808  128.905    555.1    936.9
     1     1    21     9    12    17     0     0   -10.0   36.801  129.103    570.5    935.4
     1     1    21     9    12    16     0     0   -11.0   36.809  129.289    584.6    934.2
     1     1    21     9    12    15     0     0   -12.0   36.831  129.464    597.1    933.2
     1     1    21     9    12    14     0     0   -13.0   36.864  129.627    607.7    932.3
     1     1    21     9    12    13     0     0   -14.0   36.907  129.776    616.1    931.7
     1     1    21     9    12    12     0     0   -15.0   36.959  129.914    622.1    931.3
     1     1    21     9    12    11     0     0   -16.0   37.021  130.037    627.0    931.3
     1     1    21     9    12    10     0     0   -17.0   37.095  130.143    631.3    931.5
     1     1    21     9    12     9     0     0   -18.0   37.182  130.233    635.3    931.7
     1     1    21     9    12     8     0     0   -19.0   37.281  130.307    639.4    931.9
     1     1    21     9    12     7     0     0   -20.0   37.394  130.365    644.1    932.0
     1     1    21     9    12     6     0     0   -21.0   37.521  130.407    649.9    931.6
     1     1    21     9    12     5     0     0   -22.0   37.659  130.426    659.8    929.8
     1     1    21     9    12     4     0     0   -23.0   37.803  130.416    678.1    926.4
     1     1    21     9    12     3     0     0   -24.0   37.953  130.378    705.1    921.8
     1     1    21     9    12     2     0     0   -25.0   38.106  130.314    741.4    915.8
     1     1    21     9    12     1     0     0   -26.0   38.263  130.223    787.8    908.6
     1     1    21     9    12     0     0     0   -27.0   38.422  130.108    845.2    899.9
     1     1    21     9    11    23     0     0   -28.0   38.576  129.962    908.3    890.0
     1     1    21     9    11    22     0     0   -29.0   38.720  129.782    969.7    880.6
     1     1    21     9    11    21     0     0   -30.0   38.856  129.564   1027.9    871.3
     1     1    21     9    11    20     0     0   -31.0   38.984  129.309   1082.4    862.3
     1     1    21     9    11    19     0     0   -32.0   39.104  129.017   1133.0    853.5
     1     1    21     9    11    18     0     0   -33.0   39.216  128.686   1180.0    844.9
     1     1    21     9    11    17     0     0   -34.0   39.321  128.330   1226.4    836.6
     1     1    21     9    11    16     0     0   -35.0   39.418  127.961   1274.7    827.9
     1     1    21     9    11    15     0     0   -36.0   39.509  127.579   1324.6    818.4
     1     1    21     9    11    14     0     0   -37.0   39.593  127.186   1377.1    813.5
     1     1    21     9    11    13     0     0   -38.0   39.668  126.788   1427.8    810.5
     1     1    21     9    11    12     0     0   -39.0   39.736  126.384   1475.2    808.1
     1     1    21     9    11    11     0     0   -40.0   39.797  125.976   1514.3    806.3
     1     1    21     9    11    10     0     0   -41.0   39.852  125.562   1538.8    806.5
     1     1    21     9    11     9     0     0   -42.0   39.897  125.144   1546.7    808.4
     1     1    21     9    11     8     0     0   -43.0   39.933  124.727   1537.7    812.7
     1     1    21     9    11     7     0     0   -44.0   39.956  124.316   1512.6    819.0
     1     1    21     9    11     6     0     0   -45.0   39.968  123.917   1473.1    826.8
     1     1    21     9    11     5     0     0   -46.0   39.972  123.534   1424.3    835.9
     1     1    21     9    11     4     0     0   -47.0   39.971  123.168   1370.8    844.9
     1     1    21     9    11     3     0     0   -48.0   39.966  122.813   1312.3    854.6
     1     1    21     9    11     2     0     0   -49.0   39.955  122.465   1248.9    864.0
     1     1    21     9    11     1     0     0   -50.0   39.940  122.122   1181.9    870.0
     1     1    21     9    11     0     0     0   -51.0   39.921  121.779   1116.0    875.9
     1     1    21     9    10    23     0     0   -52.0   39.891  121.441   1056.0    882.0
     1     1    21     9    10    22     0     0   -53.0   39.839  121.107   1005.2    887.0
     1     1    21     9    10    21     0     0   -54.0   39.762  120.773    962.1    891.4
     1     1    21     9    10    20     0     0   -55.0   39.659  120.435    925.4    895.4
     1     1    21     9    10    19     0     0   -56.0   39.527  120.092    893.7    898.7
     1     1    21     9    10    18     0     0   -57.0   39.366  119.743    865.8    899.9
     1     1    21     9    10    17     0     0   -58.0   39.186  119.420    843.0    900.8
     1     1    21     9    10    16     0     0   -59.0   38.994  119.154    824.8    902.4
     1     1    21     9    10    15     0     0   -60.0   38.787  118.941    810.3    904.7
     1     1    21     9    10    14     0     0   -61.0   38.564  118.780    798.9    907.7
     1     1    21     9    10    13     0     0   -62.0   38.324  118.671    790.6    911.2
     1     1    21     9    10    12     0     0   -63.0   38.067  118.614    785.8    915.1
     1     1    21     9    10    11     0     0   -64.0   37.813  118.589    783.8    918.7
     1     1    21     9    10    10     0     0   -65.0   37.582  118.580    784.1    921.8
     1     1    21     9    10     9     0     0   -66.0   37.376  118.586    784.6    922.4
     1     1    21     9    10     8     0     0   -67.0   37.199  118.607    785.0    921.9
     1     1    21     9    10     7     0     0   -68.0   37.051  118.640    785.2    921.5
     1     1    21     9    10     6     0     0   -69.0   36.929  118.685    785.0    921.2
     1     1    21     9    10     5     0     0   -70.0   36.829  118.737    785.4    921.1
     1     1    21     9    10     4     0     0   -71.0   36.745  118.786    787.6    920.7
     1     1    21     9    10     3     0     0   -72.0   36.676  118.830    791.6    920.1
     1     1    21     9    10     2     0     0   -73.0   36.622  118.870    797.4    919.3
     1     1    21     9    10     1     0     0   -74.0   36.581  118.903    804.9    918.4
     1     1    21     9    10     0     0     0   -75.0   36.554  118.929    814.2    917.3
     1     1    21     9     9    23     0     0   -76.0   36.529  118.938    823.0    916.1
     1     1    21     9     9    22     0     0   -77.0   36.499  118.920    828.8    915.3
     1     1    21     9     9    21     0     0   -78.0   36.463  118.875    831.5    914.9
     1     1    21     9     9    20     0     0   -79.0   36.423  118.804    831.3    914.7
     1     1    21     9     9    19     0     0   -80.0   36.379  118.706    828.2    914.8
     1     1    21     9     9    18     0     0   -81.0   36.332  118.583    822.5    915.2
     1     1    21     9     9    17     0     0   -82.0   36.274  118.450    815.9    915.5
     1     1    21     9     9    16     0     0   -83.0   36.197  118.319    809.3    915.7
     1     1    21     9     9    15     0     0   -84.0   36.101  118.190    803.2    915.8
     1     1    21     9     9    14     0     0   -85.0   35.986  118.060    798.1    915.7
     1     1    21     9     9    13     0     0   -86.0   35.851  117.928    794.6    915.5
     1     1    21     9     9    12     0     0   -87.0   35.697  117.791    793.3    915.1
     1     1    21     9     9    11     0     0   -88.0   35.537  117.644    794.1    914.5
     1     1    21     9     9    10     0     0   -89.0   35.389  117.483    796.9    913.7
     1     1    21     9     9     9     0     0   -90.0   35.253  117.309    800.9    912.2
     1     1    21     9     9     8     0     0   -91.0   35.133  117.123    805.9    910.7
     1     1    21     9     9     7     0     0   -92.0   35.027  116.928    811.6    909.4
     1     1    21     9     9     6     0     0   -93.0   34.936  116.724    817.8    908.2
     1     1    21     9     9     5     0     0   -94.0   34.853  116.519    826.1    907.3
     1     1    21     9     9     4     0     0   -95.0   34.770  116.315    837.9    905.8
     1     1    21     9     9     3     0     0   -96.0   34.689  116.115    853.5    904.1
