     2     1
    CDC1    21    10     1     0     0
    CDC1    21    11     1     0     0
     1 BACKWARD OMEGA   
  2021    11    19    15   37.500  127.000   500.0
     1 PRESSURE
     1     1    21    11    19    15     0     0     0.0   37.500  127.000    500.0    940.9
     1     1    21    11    19    14     0     0    -1.0   37.569  126.947    502.2    939.8
     1     1    21    11    19    13     0     0    -2.0   37.647  126.866    505.8    938.6
     1     1    21    11    19    12     0     0    -3.0   37.732  126.756    511.0    937.3
     1     1    21    11    19    11     0     0    -4.0   37.824  126.634    520.8    935.5
     1     1    21    11    19    10     0     0    -5.0   37.921  126.513    537.6    932.6
     1     1    21    11    19     9     0     0    -6.0   38.028  126.394    561.7    928.9
     1     1    21    11    19     8     0     0    -7.0   38.147  126.277    593.5    924.2
     1     1    21    11    19     7     0     0    -8.0   38.283  126.160    633.5    918.4
     1     1    21    11    19     6     0     0    -9.0   38.438  126.039    681.6    910.9
     1     1    21    11    19     5     0     0   -10.0   38.604  125.901    735.2    903.0
     1     1    21    11    19     4     0     0   -11.0   38.770  125.736    791.5    895.6
     1     1    21    11    19     3     0     0   -12.0   38.935  125.545    850.5    888.4
     1     1    21    11    19     2     0     0   -13.0   39.096  125.329    911.6    881.5
     1     1    21    11    19     1     0     0   -14.0   39.253  125.087    973.9    874.2
     1     1    21    11    19     0     0     0   -15.0   39.405  124.822   1036.4    867.6
     1     1    21    11    18    23     0     0   -16.0   39.556  124.523   1095.7    861.5
     1     1    21    11    18    22     0     0   -17.0   39.712  124.187   1148.4    857.3
     1     1    21    11    18    21     0     0   -18.0   39.877  123.822   1195.1    854.4
     1     1    21    11    18    20     0     0   -19.0   40.055  123.432   1237.0    852.8
     1     1    21    11    18    19     0     0   -20.0   40.256  123.023   1277.0    852.0
     1     1    21    11    18    18     0     0   -21.0   40.488  122.594   1319.4    850.6
     1     1    21    11    18    17     0     0   -22.0   40.731  122.151   1354.8    842.7
     1     1    21    11    18    16     0     0   -23.0   40.961  121.699   1376.1    835.0
     1     1    21    11    18    15     0     0   -24.0   41.183  121.235   1385.0    827.5
     1     1    21    11    18    14     0     0   -25.0   41.406  120.750   1383.5    819.9
     1     1    21    11    18    13     0     0   -26.0   41.637  120.238   1373.7    811.5
     1     1    21    11    18    12     0     0   -27.0   41.882  119.693   1358.2    799.5
     1     1    21    11    18    11     0     0   -28.0   42.130  119.119   1346.3    783.7
     1     1    21    11    18    10     0     0   -29.0   42.366  118.521   1346.2    764.8
     1     1    21    11    18     9     0     0   -30.0   42.589  117.897   1356.3    746.1
     1     1    21    11    18     8     0     0   -31.0   42.795  117.256   1377.2    733.6
     1     1    21    11    18     7     0     0   -32.0   42.986  116.614   1407.0    727.3
     1     1    21    11    18     6     0     0   -33.0   43.166  115.974   1441.6    721.7
     1     1    21    11    18     5     0     0   -34.0   43.354  115.338   1480.2    716.6
     1     1    21    11    18     4     0     0   -35.0   43.561  114.705   1524.7    714.4
     1     1    21    11    18     3     0     0   -36.0   43.782  114.080   1570.7    715.5
     1     1    21    11    18     2     0     0   -37.0   44.014  113.459   1614.0    716.7
     1     1    21    11    18     1     0     0   -38.0   44.253  112.834   1653.8    718.1
     1     1    21    11    18     0     0     0   -39.0   44.498  112.199   1688.2    718.1
     1     1    21    11    17    23     0     0   -40.0   44.742  111.556   1719.3    716.4
     1     1    21    11    17    22     0     0   -41.0   44.973  110.905   1750.7    712.8
     1     1    21    11    17    21     0     0   -42.0   45.183  110.243   1774.6    705.9
     1     1    21    11    17    20     0     0   -43.0   45.366  109.571   1788.6    698.4
     1     1    21    11    17    19     0     0   -44.0   45.522  108.894   1792.3    692.5
     1     1    21    11    17    18     0     0   -45.0   45.651  108.217   1783.4    688.7
     1     1    21    11    17    17     0     0   -46.0   45.769  107.548   1765.7    687.4
     1     1    21    11    17    16     0     0   -47.0   45.890  106.889   1747.2    686.9
     1     1    21    11    17    15     0     0   -48.0   46.013  106.234   1729.8    686.4
     1     1    21    11    17    14     0     0   -49.0   46.132  105.583   1712.0    686.4
     1     1    21    11    17    13     0     0   -50.0   46.240  104.932   1691.6    686.4
     1     1    21    11    17    12     0     0   -51.0   46.341  104.265   1666.8    681.8
     1     1    21    11    17    11     0     0   -52.0   46.442  103.579   1648.5    676.4
     1     1    21    11    17    10     0     0   -53.0   46.539  102.877   1636.3    669.1
     1     1    21    11    17     9     0     0   -54.0   46.627  102.147   1623.1    659.8
     1     1    21    11    17     8     0     0   -55.0   46.703  101.366   1602.6    648.5
     1     1    21    11    17     7     0     0   -56.0   46.768  100.512   1568.6    636.7
     1     1    21    11    17     6     0     0   -57.0   46.819   99.584   1519.0    630.4
     1     1    21    11    17     5     0     0   -58.0   46.875   98.616   1469.0    632.4
     1     1    21    11    17     4     0     0   -59.0   46.951   97.624   1427.2    632.0
     1     1    21    11    17     3     0     0   -60.0   47.037   96.638   1405.0    642.0
     1     1    21    11    17     2     0     0   -61.0   47.127   95.687   1395.8    651.8
     1     1    21    11    17     1     0     0   -62.0   47.214   94.768   1395.8    659.9
     1     1    21    11    17     0     0     0   -63.0   47.296   93.877   1400.6    665.8
     1     1    21    11    16    23     0     0   -64.0   47.356   93.006   1399.7    671.6
     1     1    21    11    16    22     0     0   -65.0   47.374   92.146   1380.2    678.6
     1     1    21    11    16    21     0     0   -66.0   47.344   91.301   1338.6    686.7
     1     1    21    11    16    20     0     0   -67.0   47.262   90.481   1275.7    698.5
     1     1    21    11    16    19     0     0   -68.0   47.132   89.706   1195.7    715.8
     1     1    21    11    16    18     0     0   -69.0   46.967   89.003   1108.3    736.4
     1     1    21    11    16    17     0     0   -70.0   46.797   88.414   1029.4    755.6
     1     1    21    11    16    16     0     0   -71.0   46.641   87.951    965.3    770.0
     1     1    21    11    16    15     0     0   -72.0   46.495   87.596    913.4    781.9
     1     1    21    11    16    14     0     0   -73.0   46.356   87.339    872.5    791.1
     1     1    21    11    16    13     0     0   -74.0   46.227   87.167    841.9    797.7
     1     1    21    11    16    12     0     0   -75.0   46.107   87.069    820.8    802.5
     1     1    21    11    16    11     0     0   -76.0   45.987   86.988    803.7    806.0
     1     1    21    11    16    10     0     0   -77.0   45.859   86.874    786.0    810.1
     1     1    21    11    16     9     0     0   -78.0   45.722   86.727    768.0    814.0
     1     1    21    11    16     8     0     0   -79.0   45.575   86.546    750.3    817.5
     1     1    21    11    16     7     0     0   -80.0   45.419   86.328    733.5    820.3
     1     1    21    11    16     6     0     0   -81.0   45.254   86.072    717.9    822.0
     1     1    21    11    16     5     0     0   -82.0   45.094   85.830    703.5    822.4
     1     1    21    11    16     4     0     0   -83.0   44.956   85.657    689.7    821.5
     1     1    21    11    16     3     0     0   -84.0   44.839   85.545    677.1    818.8
     1     1    21    11    16     2     0     0   -85.0   44.743   85.492    666.7    816.9
     1     1    21    11    16     1     0     0   -86.0   44.669   85.498    657.9    816.0
     1     1    21    11    16     0     0     0   -87.0   44.614   85.563    650.1    816.2
     1     1    21    11    15    23     0     0   -88.0   44.584   85.652    642.3    817.6
     1     1    21    11    15    22     0     0   -89.0   44.582   85.723    632.8    820.0
     1     1    21    11    15    21     0     0   -90.0   44.609   85.778    621.9    823.0
     1     1    21    11    15    20     0     0   -91.0   44.668   85.817    609.4    827.0
     1     1    21    11    15    19     0     0   -92.0   44.761   85.839    595.3    831.8
     1     1    21    11    15    18     0     0   -93.0   44.887   85.841    579.5    837.3
     1     1    21    11    15    17     0     0   -94.0   45.029   85.805    560.7    841.8
     1     1    21    11    15    16     0     0   -95.0   45.163   85.709    537.1    843.4
     1     1    21    11    15    15     0     0   -96.0   45.283   85.547    510.3    845.3
