     2     1
    CDC1    21     8     1     0     0
    CDC1    21     9     1     0     0
     1 BACKWARD OMEGA   
  2021     9     6     3   37.500  127.000   500.0
     1 PRESSURE
     1     1    21     9     6     3     0     0     0.0   37.500  127.000    500.0    940.5
     1     1    21     9     6     2     0     0    -1.0   37.388  127.482    486.1    941.1
     1     1    21     9     6     1     0     0    -2.0   37.313  127.960    482.0    943.4
     1     1    21     9     6     0     0     0    -3.0   37.285  128.429    485.2    944.8
     1     1    21     9     5    23     0     0    -4.0   37.299  128.885    492.4    945.2
     1     1    21     9     5    22     0     0    -5.0   37.353  129.321    500.4    945.9
     1     1    21     9     5    21     0     0    -6.0   37.449  129.739    509.4    946.5
     1     1    21     9     5    20     0     0    -7.0   37.582  130.131    519.0    946.9
     1     1    21     9     5    19     0     0    -8.0   37.740  130.489    528.4    947.9
     1     1    21     9     5    18     0     0    -9.0   37.914  130.809    537.2    949.1
     1     1    21     9     5    17     0     0   -10.0   38.094  131.097    545.1    950.5
     1     1    21     9     5    16     0     0   -11.0   38.271  131.360    551.1    952.3
     1     1    21     9     5    15     0     0   -12.0   38.442  131.604    555.9    954.4
     1     1    21     9     5    14     0     0   -13.0   38.605  131.832    559.9    956.7
     1     1    21     9     5    13     0     0   -14.0   38.758  132.050    563.3    959.2
     1     1    21     9     5    12     0     0   -15.0   38.898  132.260    566.5    961.9
     1     1    21     9     5    11     0     0   -16.0   39.034  132.469    568.3    964.4
     1     1    21     9     5    10     0     0   -17.0   39.172  132.686    567.6    964.5
     1     1    21     9     5     9     0     0   -18.0   39.311  132.916    565.0    964.5
     1     1    21     9     5     8     0     0   -19.0   39.452  133.158    560.4    964.9
     1     1    21     9     5     7     0     0   -20.0   39.595  133.412    553.5    965.9
     1     1    21     9     5     6     0     0   -21.0   39.741  133.678    544.2    967.5
     1     1    21     9     5     5     0     0   -22.0   39.885  133.952    535.4    970.2
     1     1    21     9     5     4     0     0   -23.0   40.021  134.229    528.9    972.3
     1     1    21     9     5     3     0     0   -24.0   40.148  134.506    524.2    972.3
     1     1    21     9     5     2     0     0   -25.0   40.264  134.784    521.0    972.3
     1     1    21     9     5     1     0     0   -26.0   40.370  135.066    518.7    971.8
     1     1    21     9     5     0     0     0   -27.0   40.465  135.353    516.8    969.2
     1     1    21     9     4    23     0     0   -28.0   40.549  135.644    514.0    966.3
     1     1    21     9     4    22     0     0   -29.0   40.620  135.937    509.1    964.1
     1     1    21     9     4    21     0     0   -30.0   40.679  136.232    502.4    962.4
     1     1    21     9     4    20     0     0   -31.0   40.727  136.527    493.9    961.1
     1     1    21     9     4    19     0     0   -32.0   40.764  136.824    483.9    960.2
     1     1    21     9     4    18     0     0   -33.0   40.792  137.122    472.7    959.5
     1     1    21     9     4    17     0     0   -34.0   40.812  137.428    461.7    959.1
     1     1    21     9     4    16     0     0   -35.0   40.825  137.747    452.3    959.3
     1     1    21     9     4    15     0     0   -36.0   40.835  138.078    444.7    959.6
     1     1    21     9     4    14     0     0   -37.0   40.841  138.418    438.9    959.7
     1     1    21     9     4    13     0     0   -38.0   40.843  138.768    434.8    959.6
     1     1    21     9     4    12     0     0   -39.0   40.839  139.126    432.2    959.3
     1     1    21     9     4    11     0     0   -40.0   40.833  139.482    430.0    958.5
     1     1    21     9     4    10     0     0   -41.0   40.825  139.827    426.6    958.0
     1     1    21     9     4     9     0     0   -42.0   40.815  140.159    421.9    957.9
     1     1    21     9     4     8     0     0   -43.0   40.806  140.480    415.6    958.2
     1     1    21     9     4     7     0     0   -44.0   40.800  140.792    407.7    958.7
     1     1    21     9     4     6     0     0   -45.0   40.794  141.097    398.0    959.4
     1     1    21     9     4     5     0     0   -46.0   40.788  141.407    386.6    960.8
     1     1    21     9     4     4     0     0   -47.0   40.783  141.733    373.9    962.1
     1     1    21     9     4     3     0     0   -48.0   40.777  142.075    359.8    963.6
     1     1    21     9     4     2     0     0   -49.0   40.770  142.431    344.5    965.3
     1     1    21     9     4     1     0     0   -50.0   40.765  142.802    328.3    967.7
     1     1    21     9     4     0     0     0   -51.0   40.764  143.183    311.1    970.3
     1     1    21     9     3    23     0     0   -52.0   40.781  143.556    295.4    972.6
     1     1    21     9     3    22     0     0   -53.0   40.821  143.904    284.1    974.1
     1     1    21     9     3    21     0     0   -54.0   40.881  144.226    277.1    974.9
     1     1    21     9     3    20     0     0   -55.0   40.957  144.518    274.5    975.1
     1     1    21     9     3    19     0     0   -56.0   41.045  144.781    276.5    974.6
     1     1    21     9     3    18     0     0   -57.0   41.141  145.014    283.1    973.4
     1     1    21     9     3    17     0     0   -58.0   41.229  145.230    291.3    972.6
     1     1    21     9     3    16     0     0   -59.0   41.298  145.439    298.0    972.6
     1     1    21     9     3    15     0     0   -60.0   41.349  145.644    302.9    972.8
     1     1    21     9     3    14     0     0   -61.0   41.385  145.844    305.8    973.3
     1     1    21     9     3    13     0     0   -62.0   41.404  146.038    306.5    974.2
     1     1    21     9     3    12     0     0   -63.0   41.410  146.229    304.8    975.3
     1     1    21     9     3    11     0     0   -64.0   41.418  146.423    303.0    976.5
     1     1    21     9     3    10     0     0   -65.0   41.444  146.627    303.6    977.2
     1     1    21     9     3     9     0     0   -66.0   41.488  146.842    307.3    977.5
     1     1    21     9     3     8     0     0   -67.0   41.547  147.067    314.8    977.4
     1     1    21     9     3     7     0     0   -68.0   41.623  147.302    326.7    976.8
     1     1    21     9     3     6     0     0   -69.0   41.713  147.548    343.7    975.6
     1     1    21     9     3     5     0     0   -70.0   41.805  147.791    363.7    973.5
     1     1    21     9     3     4     0     0   -71.0   41.888  148.021    383.9    971.7
     1     1    21     9     3     3     0     0   -72.0   41.963  148.239    403.8    969.6
     1     1    21     9     3     2     0     0   -73.0   42.032  148.447    423.2    967.5
     1     1    21     9     3     1     0     0   -74.0   42.095  148.647    441.6    965.7
     1     1    21     9     3     0     0     0   -75.0   42.154  148.839    458.7    964.1
     1     1    21     9     2    23     0     0   -76.0   42.211  149.025    474.0    962.3
     1     1    21     9     2    22     0     0   -77.0   42.269  149.204    487.6    960.8
     1     1    21     9     2    21     0     0   -78.0   42.328  149.375    499.4    959.5
     1     1    21     9     2    20     0     0   -79.0   42.388  149.540    509.5    958.5
     1     1    21     9     2    19     0     0   -80.0   42.448  149.698    518.0    957.6
     1     1    21     9     2    18     0     0   -81.0   42.509  149.850    524.9    956.9
     1     1    21     9     2    17     0     0   -82.0   42.569  150.001    529.8    956.5
     1     1    21     9     2    16     0     0   -83.0   42.630  150.153    533.2    955.5
     1     1    21     9     2    15     0     0   -84.0   42.691  150.306    535.3    954.7
     1     1    21     9     2    14     0     0   -85.0   42.753  150.459    536.1    954.0
     1     1    21     9     2    13     0     0   -86.0   42.818  150.611    536.0    953.4
     1     1    21     9     2    12     0     0   -87.0   42.888  150.761    535.0    953.0
     1     1    21     9     2    11     0     0   -88.0   42.963  150.902    535.5    952.6
     1     1    21     9     2    10     0     0   -89.0   43.045  151.027    539.6    951.7
     1     1    21     9     2     9     0     0   -90.0   43.134  151.133    547.5    950.3
     1     1    21     9     2     8     0     0   -91.0   43.230  151.222    559.0    948.7
     1     1    21     9     2     7     0     0   -92.0   43.333  151.292    574.2    946.7
     1     1    21     9     2     6     0     0   -93.0   43.443  151.343    593.1    944.5
     1     1    21     9     2     5     0     0   -94.0   43.560  151.379    613.2    942.0
     1     1    21     9     2     4     0     0   -95.0   43.684  151.401    632.0    939.8
     1     1    21     9     2     3     0     0   -96.0   43.818  151.410    649.7    937.6
