     2     1
    CDC1    21     1     1     0     0
    CDC1    21     2     1     0     0
     1 BACKWARD OMEGA   
  2021     2    20    12   37.500  127.000   500.0
     1 PRESSURE
     1     1    21     2    20    12     0     0     0.0   37.500  127.000    500.0    931.0
     1     1    21     2    20    11     0     0    -1.0   37.299  126.628    464.6    938.5
     1     1    21     2    20    10     0     0    -2.0   37.121  126.281    440.8    943.7
     1     1    21     2    20     9     0     0    -3.0   36.962  125.955    426.2    947.8
     1     1    21     2    20     8     0     0    -4.0   36.821  125.647    419.2    950.8
     1     1    21     2    20     7     0     0    -5.0   36.696  125.355    419.1    952.9
     1     1    21     2    20     6     0     0    -6.0   36.588  125.080    425.2    954.2
     1     1    21     2    20     5     0     0    -7.0   36.498  124.815    429.0    953.5
     1     1    21     2    20     4     0     0    -8.0   36.425  124.561    421.8    954.9
     1     1    21     2    20     3     0     0    -9.0   36.370  124.322    403.6    957.6
     1     1    21     2    20     2     0     0   -10.0   36.334  124.104    374.6    961.6
     1     1    21     2    20     1     0     0   -11.0   36.316  123.910    335.4    966.0
     1     1    21     2    20     0     0     0   -12.0   36.316  123.741    286.5    971.8
     1     1    21     2    19    23     0     0   -13.0   36.316  123.580    235.5    979.0
     1     1    21     2    19    22     0     0   -14.0   36.300  123.400    189.9    984.8
     1     1    21     2    19    21     0     0   -15.0   36.266  123.201    150.1    989.2
     1     1    21     2    19    20     0     0   -16.0   36.217  122.979    116.1    993.5
     1     1    21     2    19    19     0     0   -17.0   36.148  122.733     87.6    997.6
     1     1    21     2    19    18     0     0   -18.0   36.064  122.455     65.5   1000.3
     1     1    21     2    19    17     0     0   -19.0   35.966  122.152     48.4   1001.3
     1     1    21     2    19    16     0     0   -20.0   35.852  121.836     34.7   1002.3
     1     1    21     2    19    15     0     0   -21.0   35.715  121.511     24.0   1003.0
     1     1    21     2    19    14     0     0   -22.0   35.553  121.185     15.5   1003.6
     1     1    21     2    19    13     0     0   -23.0   35.363  120.865      8.1   1003.6
     1     1    21     2    19    12     0     0   -24.0   35.142  120.563      0.0   1002.6
     1     1    21     2    19    11     0     0   -25.0   34.904  120.276      0.0   1002.2
     1     1    21     2    19    10     0     0   -26.0   34.667  119.996      0.0   1002.4
     1     1    21     2    19     9     0     0   -27.0   34.438  119.721      0.0   1003.2
     1     1    21     2    19     8     0     0   -28.0   34.219  119.447      0.0   1003.8
     1     1    21     2    19     7     0     0   -29.0   34.012  119.173      0.5   1004.3
     1     1    21     2    19     6     0     0   -30.0   33.818  118.895      2.8   1004.7
     1     1    21     2    19     5     0     0   -31.0   33.636  118.630      5.9   1005.3
     1     1    21     2    19     4     0     0   -32.0   33.463  118.394      9.0   1005.7
     1     1    21     2    19     3     0     0   -33.0   33.295  118.185     12.1   1005.5
     1     1    21     2    19     2     0     0   -34.0   33.127  117.999     15.3   1005.0
     1     1    21     2    19     1     0     0   -35.0   32.958  117.833     18.5   1004.4
     1     1    21     2    19     0     0     0   -36.0   32.785  117.687     21.2   1003.8
     1     1    21     2    18    23     0     0   -37.0   32.602  117.558     23.8   1003.5
     1     1    21     2    18    22     0     0   -38.0   32.409  117.446     26.9   1002.8
     1     1    21     2    18    21     0     0   -39.0   32.210  117.355     30.5   1001.6
     1     1    21     2    18    20     0     0   -40.0   32.007  117.284     34.8   1000.3
     1     1    21     2    18    19     0     0   -41.0   31.801  117.231     39.8    998.8
     1     1    21     2    18    18     0     0   -42.0   31.589  117.195     45.3    997.2
     1     1    21     2    18    17     0     0   -43.0   31.387  117.175     51.2    995.1
     1     1    21     2    18    16     0     0   -44.0   31.206  117.170     57.4    993.1
     1     1    21     2    18    15     0     0   -45.0   31.046  117.182     64.0    991.2
     1     1    21     2    18    14     0     0   -46.0   30.905  117.211     71.1    989.2
     1     1    21     2    18    13     0     0   -47.0   30.783  117.256     78.7    986.9
     1     1    21     2    18    12     0     0   -48.0   30.681  117.317     87.1    984.2
     1     1    21     2    18    11     0     0   -49.0   30.599  117.381     95.1    981.6
     1     1    21     2    18    10     0     0   -50.0   30.539  117.434    101.6    979.7
     1     1    21     2    18     9     0     0   -51.0   30.501  117.478    106.3    978.4
     1     1    21     2    18     8     0     0   -52.0   30.483  117.511    109.2    977.7
     1     1    21     2    18     7     0     0   -53.0   30.485  117.532    110.3    977.9
     1     1    21     2    18     6     0     0   -54.0   30.508  117.542    109.5    978.5
     1     1    21     2    18     5     0     0   -55.0   30.535  117.553    108.4    979.5
     1     1    21     2    18     4     0     0   -56.0   30.555  117.575    108.8    980.1
     1     1    21     2    18     3     0     0   -57.0   30.567  117.610    110.8    980.4
     1     1    21     2    18     2     0     0   -58.0   30.573  117.655    114.7    980.5
     1     1    21     2    18     1     0     0   -59.0   30.574  117.711    120.8    980.3
     1     1    21     2    18     0     0     0   -60.0   30.572  117.776    129.4    979.9
     1     1    21     2    17    23     0     0   -61.0   30.575  117.846    139.6    978.6
     1     1    21     2    17    22     0     0   -62.0   30.588  117.917    150.3    977.6
     1     1    21     2    17    21     0     0   -63.0   30.611  117.987    161.2    976.7
     1     1    21     2    17    20     0     0   -64.0   30.644  118.058    172.1    975.9
     1     1    21     2    17    19     0     0   -65.0   30.687  118.130    182.6    975.3
     1     1    21     2    17    18     0     0   -66.0   30.738  118.203    192.4    974.9
     1     1    21     2    17    17     0     0   -67.0   30.799  118.274    201.0    974.7
     1     1    21     2    17    16     0     0   -68.0   30.870  118.340    207.8    974.6
     1     1    21     2    17    15     0     0   -69.0   30.948  118.401    212.7    974.9
     1     1    21     2    17    14     0     0   -70.0   31.034  118.459    215.5    975.5
     1     1    21     2    17    13     0     0   -71.0   31.126  118.513    216.0    976.5
     1     1    21     2    17    12     0     0   -72.0   31.224  118.566    214.1    977.9
     1     1    21     2    17    11     0     0   -73.0   31.333  118.611    210.4    979.7
     1     1    21     2    17    10     0     0   -74.0   31.460  118.641    205.6    981.7
     1     1    21     2    17     9     0     0   -75.0   31.605  118.657    199.4    984.0
     1     1    21     2    17     8     0     0   -76.0   31.766  118.658    191.6    986.3
     1     1    21     2    17     7     0     0   -77.0   31.944  118.640    182.3    988.9
     1     1    21     2    17     6     0     0   -78.0   32.138  118.606    171.4    991.8
     1     1    21     2    17     5     0     0   -79.0   32.325  118.571    161.8    995.0
     1     1    21     2    17     4     0     0   -80.0   32.483  118.555    156.5    997.1
     1     1    21     2    17     3     0     0   -81.0   32.613  118.558    156.4    997.5
     1     1    21     2    17     2     0     0   -82.0   32.717  118.579    162.2    997.0
     1     1    21     2    17     1     0     0   -83.0   32.798  118.616    174.0    995.8
     1     1    21     2    17     0     0     0   -84.0   32.856  118.668    192.5    994.1
     1     1    21     2    16    23     0     0   -85.0   32.920  118.729    213.5    990.7
     1     1    21     2    16    22     0     0   -86.0   33.020  118.791    232.9    988.0
     1     1    21     2    16    21     0     0   -87.0   33.155  118.854    250.8    985.6
     1     1    21     2    16    20     0     0   -88.0   33.324  118.917    267.5    983.4
     1     1    21     2    16    19     0     0   -89.0   33.525  118.979    283.4    981.4
     1     1    21     2    16    18     0     0   -90.0   33.756  119.038    298.8    979.6
     1     1    21     2    16    17     0     0   -91.0   34.001  119.090    315.0    977.5
     1     1    21     2    16    16     0     0   -92.0   34.249  119.131    333.2    975.0
     1     1    21     2    16    15     0     0   -93.0   34.499  119.163    353.3    972.4
     1     1    21     2    16    14     0     0   -94.0   34.754  119.191    375.1    969.5
     1     1    21     2    16    13     0     0   -95.0   35.013  119.217    398.9    966.2
     1     1    21     2    16    12     0     0   -96.0   35.278  119.238    424.7    963.5
