     2     1
    CDC1    20    12     1     0     0
    CDC1    21     1     1     0     0
     1 BACKWARD OMEGA   
  2021     1    19    18   37.500  127.000   500.0
     1 PRESSURE
     1     1    21     1    19    18     0     0     0.0   37.500  127.000    500.0    949.1
     1     1    21     1    19    17     0     0    -1.0   37.371  126.899    512.7    948.3
     1     1    21     1    19    16     0     0    -2.0   37.256  126.813    528.3    947.0
     1     1    21     1    19    15     0     0    -3.0   37.153  126.740    546.7    945.4
     1     1    21     1    19    14     0     0    -4.0   37.064  126.678    568.4    943.3
     1     1    21     1    19    13     0     0    -5.0   36.989  126.626    593.2    940.9
     1     1    21     1    19    12     0     0    -6.0   36.927  126.583    621.5    938.1
     1     1    21     1    19    11     0     0    -7.0   36.886  126.545    653.4    934.5
     1     1    21     1    19    10     0     0    -8.0   36.868  126.506    689.0    930.2
     1     1    21     1    19     9     0     0    -9.0   36.874  126.464    728.5    925.5
     1     1    21     1    19     8     0     0   -10.0   36.904  126.417    772.3    920.5
     1     1    21     1    19     7     0     0   -11.0   36.955  126.361    820.7    915.0
     1     1    21     1    19     6     0     0   -12.0   37.026  126.296    873.8    909.1
     1     1    21     1    19     5     0     0   -13.0   37.116  126.215    932.7    902.8
     1     1    21     1    19     4     0     0   -14.0   37.228  126.107    997.8    895.0
     1     1    21     1    19     3     0     0   -15.0   37.365  125.966   1069.0    886.9
     1     1    21     1    19     2     0     0   -16.0   37.530  125.790   1146.4    878.0
     1     1    21     1    19     1     0     0   -17.0   37.729  125.575   1228.6    866.9
     1     1    21     1    19     0     0     0   -18.0   37.963  125.320   1315.1    855.3
     1     1    21     1    18    23     0     0   -19.0   38.225  125.029   1404.4    843.1
     1     1    21     1    18    22     0     0   -20.0   38.502  124.711   1492.8    831.2
     1     1    21     1    18    21     0     0   -21.0   38.789  124.365   1579.7    820.5
     1     1    21     1    18    20     0     0   -22.0   39.084  123.995   1665.2    810.9
     1     1    21     1    18    19     0     0   -23.0   39.387  123.603   1749.1    802.2
     1     1    21     1    18    18     0     0   -24.0   39.695  123.191   1831.3    794.5
     1     1    21     1    18    17     0     0   -25.0   40.014  122.757   1916.2    788.0
     1     1    21     1    18    16     0     0   -26.0   40.347  122.291   2003.8    778.2
     1     1    21     1    18    15     0     0   -27.0   40.695  121.789   2088.7    763.8
     1     1    21     1    18    14     0     0   -28.0   41.063  121.248   2170.1    747.7
     1     1    21     1    18    13     0     0   -29.0   41.456  120.667   2244.2    729.7
     1     1    21     1    18    12     0     0   -30.0   41.877  120.035   2306.2    709.8
     1     1    21     1    18    11     0     0   -31.0   42.338  119.341   2347.4    683.4
     1     1    21     1    18    10     0     0   -32.0   42.845  118.579   2378.0    661.0
     1     1    21     1    18     9     0     0   -33.0   43.391  117.765   2402.6    643.2
     1     1    21     1    18     8     0     0   -34.0   43.962  116.920   2431.4    635.0
     1     1    21     1    18     7     0     0   -35.0   44.534  116.068   2462.2    633.3
     1     1    21     1    18     6     0     0   -36.0   45.084  115.211   2487.1    635.5
     1     1    21     1    18     5     0     0   -37.0   45.608  114.368   2514.7    640.3
     1     1    21     1    18     4     0     0   -38.0   46.129  113.561   2547.0    638.6
     1     1    21     1    18     3     0     0   -39.0   46.672  112.785   2579.0    631.8
     1     1    21     1    18     2     0     0   -40.0   47.262  112.031   2599.2    620.2
     1     1    21     1    18     1     0     0   -41.0   47.904  111.293   2601.3    609.2
     1     1    21     1    18     0     0     0   -42.0   48.576  110.568   2579.9    603.3
     1     1    21     1    17    23     0     0   -43.0   49.256  109.858   2544.7    603.7
     1     1    21     1    17    22     0     0   -44.0   49.930  109.181   2520.3    612.3
     1     1    21     1    17    21     0     0   -45.0   50.582  108.542   2518.1    625.5
     1     1    21     1    17    20     0     0   -46.0   51.209  107.925   2538.0    638.4
     1     1    21     1    17    19     0     0   -47.0   51.814  107.320   2574.9    649.7
     1     1    21     1    17    18     0     0   -48.0   52.401  106.713   2619.2    656.6
     1     1    21     1    17    17     0     0   -49.0   52.971  106.080   2655.3    656.5
     1     1    21     1    17    16     0     0   -50.0   53.525  105.415   2684.3    659.0
     1     1    21     1    17    15     0     0   -51.0   54.068  104.729   2705.7    660.7
     1     1    21     1    17    14     0     0   -52.0   54.603  104.024   2718.8    661.0
     1     1    21     1    17    13     0     0   -53.0   55.127  103.310   2730.5    664.9
     1     1    21     1    17    12     0     0   -54.0   55.639  102.604   2736.3    666.2
     1     1    21     1    17    11     0     0   -55.0   56.121  101.905   2739.1    666.0
     1     1    21     1    17    10     0     0   -56.0   56.555  101.202   2737.5    669.2
     1     1    21     1    17     9     0     0   -57.0   56.947  100.500   2735.8    675.1
     1     1    21     1    17     8     0     0   -58.0   57.300   99.802   2736.0    682.7
     1     1    21     1    17     7     0     0   -59.0   57.621   99.113   2734.7    686.8
     1     1    21     1    17     6     0     0   -60.0   57.921   98.435   2733.3    686.0
     1     1    21     1    17     5     0     0   -61.0   58.204   97.753   2732.9    684.3
     1     1    21     1    17     4     0     0   -62.0   58.463   97.048   2725.6    683.6
     1     1    21     1    17     3     0     0   -63.0   58.705   96.326   2713.9    683.3
     1     1    21     1    17     2     0     0   -64.0   58.942   95.586   2699.9    683.8
     1     1    21     1    17     1     0     0   -65.0   59.186   94.824   2684.6    684.5
     1     1    21     1    17     0     0     0   -66.0   59.445   94.035   2668.0    684.8
     1     1    21     1    16    23     0     0   -67.0   59.698   93.225   2651.4    685.6
     1     1    21     1    16    22     0     0   -68.0   59.920   92.400   2634.8    686.7
     1     1    21     1    16    21     0     0   -69.0   60.112   91.568   2620.6    688.9
     1     1    21     1    16    20     0     0   -70.0   60.280   90.742   2608.8    691.5
     1     1    21     1    16    19     0     0   -71.0   60.437   89.926   2600.7    693.9
     1     1    21     1    16    18     0     0   -72.0   60.592   89.124   2598.4    696.9
     1     1    21     1    16    17     0     0   -73.0   60.739   88.313   2592.4    699.6
     1     1    21     1    16    16     0     0   -74.0   60.868   87.468   2571.3    704.3
     1     1    21     1    16    15     0     0   -75.0   60.977   86.594   2536.2    710.3
     1     1    21     1    16    14     0     0   -76.0   61.071   85.691   2487.9    717.6
     1     1    21     1    16    13     0     0   -77.0   61.155   84.763   2428.5    725.5
     1     1    21     1    16    12     0     0   -78.0   61.238   83.812   2361.4    733.5
     1     1    21     1    16    11     0     0   -79.0   61.309   82.856   2292.3    741.7
     1     1    21     1    16    10     0     0   -80.0   61.350   81.910   2222.9    748.9
     1     1    21     1    16     9     0     0   -81.0   61.357   80.967   2153.0    755.7
     1     1    21     1    16     8     0     0   -82.0   61.331   80.022   2082.6    762.5
     1     1    21     1    16     7     0     0   -83.0   61.274   79.073   2011.6    768.9
     1     1    21     1    16     6     0     0   -84.0   61.194   78.117   1941.6    775.2
     1     1    21     1    16     5     0     0   -85.0   61.100   77.150   1871.8    782.1
     1     1    21     1    16     4     0     0   -86.0   60.993   76.173   1799.4    789.1
     1     1    21     1    16     3     0     0   -87.0   60.872   75.174   1724.1    795.9
     1     1    21     1    16     2     0     0   -88.0   60.734   74.143   1647.4    803.8
     1     1    21     1    16     1     0     0   -89.0   60.581   73.070   1570.1    811.6
     1     1    21     1    16     0     0     0   -90.0   60.413   71.939   1495.8    820.2
     1     1    21     1    15    23     0     0   -91.0   60.228   70.800   1427.3    829.9
     1     1    21     1    15    22     0     0   -92.0   60.023   69.711   1362.5    838.8
     1     1    21     1    15    21     0     0   -93.0   59.793   68.699   1300.4    849.1
     1     1    21     1    15    20     0     0   -94.0   59.535   67.783   1240.4    857.8
     1     1    21     1    15    19     0     0   -95.0   59.253   66.951   1181.6    864.5
     1     1    21     1    15    18     0     0   -96.0   58.953   66.189   1125.9    870.2
