     2     1
    CDC1    21     7     1     0     0
    CDC1    21     8     1     0     0
     1 BACKWARD OMEGA   
  2021     8     4     0   37.500  127.000   500.0
     1 PRESSURE
     1     1    21     8     4     0     0     0     0.0   37.500  127.000    500.0    935.9
     1     1    21     8     3    23     0     0    -1.0   37.359  126.884    497.3    936.5
     1     1    21     8     3    22     0     0    -2.0   37.221  126.767    489.1    938.1
     1     1    21     8     3    21     0     0    -3.0   37.084  126.651    476.1    940.2
     1     1    21     8     3    20     0     0    -4.0   36.950  126.536    458.7    942.8
     1     1    21     8     3    19     0     0    -5.0   36.817  126.425    437.8    945.9
     1     1    21     8     3    18     0     0    -6.0   36.687  126.316    414.0    949.3
     1     1    21     8     3    17     0     0    -7.0   36.560  126.219    392.0    953.0
     1     1    21     8     3    16     0     0    -8.0   36.440  126.138    375.7    955.1
     1     1    21     8     3    15     0     0    -9.0   36.326  126.072    364.4    956.6
     1     1    21     8     3    14     0     0   -10.0   36.218  126.020    357.9    957.5
     1     1    21     8     3    13     0     0   -11.0   36.116  125.979    355.8    957.9
     1     1    21     8     3    12     0     0   -12.0   36.019  125.948    358.1    957.9
     1     1    21     8     3    11     0     0   -13.0   35.924  125.925    363.5    957.3
     1     1    21     8     3    10     0     0   -14.0   35.824  125.907    371.3    956.6
     1     1    21     8     3     9     0     0   -15.0   35.721  125.895    381.6    955.6
     1     1    21     8     3     8     0     0   -16.0   35.614  125.888    394.4    954.1
     1     1    21     8     3     7     0     0   -17.0   35.503  125.887    409.9    952.2
     1     1    21     8     3     6     0     0   -18.0   35.389  125.891    428.3    949.9
     1     1    21     8     3     5     0     0   -19.0   35.271  125.901    448.1    947.6
     1     1    21     8     3     4     0     0   -20.0   35.149  125.916    466.9    945.7
     1     1    21     8     3     3     0     0   -21.0   35.023  125.936    485.4    943.9
     1     1    21     8     3     2     0     0   -22.0   34.890  125.965    503.8    942.2
     1     1    21     8     3     1     0     0   -23.0   34.751  126.003    521.9    940.5
     1     1    21     8     3     0     0     0   -24.0   34.607  126.053    540.4    938.8
     1     1    21     8     2    23     0     0   -25.0   34.459  126.112    559.3    936.8
     1     1    21     8     2    22     0     0   -26.0   34.310  126.179    578.5    934.8
     1     1    21     8     2    21     0     0   -27.0   34.158  126.253    597.6    932.9
     1     1    21     8     2    20     0     0   -28.0   34.003  126.335    616.4    931.1
     1     1    21     8     2    19     0     0   -29.0   33.843  126.426    634.4    929.3
     1     1    21     8     2    18     0     0   -30.0   33.677  126.525    651.1    927.4
     1     1    21     8     2    17     0     0   -31.0   33.504  126.632    665.2    925.8
     1     1    21     8     2    16     0     0   -32.0   33.324  126.747    676.1    924.8
     1     1    21     8     2    15     0     0   -33.0   33.136  126.873    683.9    924.2
     1     1    21     8     2    14     0     0   -34.0   32.940  127.014    689.1    924.1
     1     1    21     8     2    13     0     0   -35.0   32.736  127.173    692.1    924.3
     1     1    21     8     2    12     0     0   -36.0   32.525  127.354    693.3    924.9
     1     1    21     8     2    11     0     0   -37.0   32.304  127.554    696.4    924.7
     1     1    21     8     2    10     0     0   -38.0   32.078  127.769    705.0    923.3
     1     1    21     8     2     9     0     0   -39.0   31.851  127.996    718.5    921.4
     1     1    21     8     2     8     0     0   -40.0   31.624  128.232    736.5    919.3
     1     1    21     8     2     7     0     0   -41.0   31.398  128.474    758.7    916.8
     1     1    21     8     2     6     0     0   -42.0   31.172  128.722    785.0    914.1
     1     1    21     8     2     5     0     0   -43.0   30.949  128.971    809.1    911.2
     1     1    21     8     2     4     0     0   -44.0   30.730  129.221    825.9    909.9
     1     1    21     8     2     3     0     0   -45.0   30.513  129.471    835.2    909.4
     1     1    21     8     2     2     0     0   -46.0   30.298  129.719    837.3    909.8
     1     1    21     8     2     1     0     0   -47.0   30.083  129.967    832.2    911.2
     1     1    21     8     2     0     0     0   -48.0   29.873  130.206    819.9    912.6
     1     1    21     8     1    23     0     0   -49.0   29.667  130.418    804.7    914.1
     1     1    21     8     1    22     0     0   -50.0   29.460  130.591    790.6    915.1
     1     1    21     8     1    21     0     0   -51.0   29.249  130.728    777.4    916.1
     1     1    21     8     1    20     0     0   -52.0   29.030  130.830    765.1    917.1
     1     1    21     8     1    19     0     0   -53.0   28.803  130.899    753.4    918.1
     1     1    21     8     1    18     0     0   -54.0   28.564  130.938    742.1    919.0
     1     1    21     8     1    17     0     0   -55.0   28.315  130.962    728.6    919.9
     1     1    21     8     1    16     0     0   -56.0   28.056  130.985    711.6    921.6
     1     1    21     8     1    15     0     0   -57.0   27.785  131.009    691.6    923.7
     1     1    21     8     1    14     0     0   -58.0   27.500  131.034    669.5    926.0
     1     1    21     8     1    13     0     0   -59.0   27.206  131.057    647.0    929.0
     1     1    21     8     1    12     0     0   -60.0   26.906  131.076    625.7    931.7
     1     1    21     8     1    11     0     0   -61.0   26.611  131.091    608.1    934.0
     1     1    21     8     1    10     0     0   -62.0   26.328  131.102    595.2    935.5
     1     1    21     8     1     9     0     0   -63.0   26.057  131.108    585.7    936.7
     1     1    21     8     1     8     0     0   -64.0   25.798  131.109    578.7    937.7
     1     1    21     8     1     7     0     0   -65.0   25.552  131.106    573.1    938.5
     1     1    21     8     1     6     0     0   -66.0   25.319  131.097    568.2    939.2
     1     1    21     8     1     5     0     0   -67.0   25.101  131.080    561.3    939.9
     1     1    21     8     1     4     0     0   -68.0   24.903  131.052    551.1    941.2
     1     1    21     8     1     3     0     0   -69.0   24.727  131.016    537.8    942.8
     1     1    21     8     1     2     0     0   -70.0   24.573  130.973    521.7    944.6
     1     1    21     8     1     1     0     0   -71.0   24.439  130.922    503.1    946.7
     1     1    21     8     1     0     0     0   -72.0   24.324  130.865    481.9    949.2
     1     1    21     7    31    23     0     0   -73.0   24.218  130.796    460.9    951.8
     1     1    21     7    31    22     0     0   -74.0   24.113  130.712    442.2    954.0
     1     1    21     7    31    21     0     0   -75.0   24.007  130.612    425.7    955.9
     1     1    21     7    31    20     0     0   -76.0   23.900  130.497    411.4    957.7
     1     1    21     7    31    19     0     0   -77.0   23.792  130.367    399.2    959.3
     1     1    21     7    31    18     0     0   -78.0   23.681  130.224    389.0    960.7
     1     1    21     7    31    17     0     0   -79.0   23.567  130.072    380.7    961.9
     1     1    21     7    31    16     0     0   -80.0   23.450  129.917    374.4    962.7
     1     1    21     7    31    15     0     0   -81.0   23.332  129.753    370.5    963.0
     1     1    21     7    31    14     0     0   -82.0   23.216  129.578    369.3    963.1
     1     1    21     7    31    13     0     0   -83.0   23.104  129.390    371.1    962.9
     1     1    21     7    31    12     0     0   -84.0   22.997  129.189    376.1    962.4
     1     1    21     7    31    11     0     0   -85.0   22.895  128.976    382.4    961.5
     1     1    21     7    31    10     0     0   -86.0   22.797  128.754    387.7    960.9
     1     1    21     7    31     9     0     0   -87.0   22.701  128.524    391.7    960.2
     1     1    21     7    31     8     0     0   -88.0   22.604  128.284    394.0    959.6
     1     1    21     7    31     7     0     0   -89.0   22.505  128.037    394.5    959.2
     1     1    21     7    31     6     0     0   -90.0   22.401  127.782    392.8    959.0
     1     1    21     7    31     5     0     0   -91.0   22.296  127.527    389.3    959.5
     1     1    21     7    31     4     0     0   -92.0   22.195  127.274    384.5    960.2
     1     1    21     7    31     3     0     0   -93.0   22.097  127.024    378.4    961.0
     1     1    21     7    31     2     0     0   -94.0   22.001  126.777    371.1    961.9
     1     1    21     7    31     1     0     0   -95.0   21.904  126.537    362.4    963.0
     1     1    21     7    31     0     0     0   -96.0   21.803  126.304    352.5    964.3
