     2     1
    CDC1    21     9     1     0     0
    CDC1    21    10     1     0     0
     1 BACKWARD OMEGA   
  2021    10    23    12   37.500  127.000   500.0
     1 PRESSURE
     1     1    21    10    23    12     0     0     0.0   37.500  127.000    500.0    949.1
     1     1    21    10    23    11     0     0    -1.0   37.538  126.916    521.4    946.6
     1     1    21    10    23    10     0     0    -2.0   37.569  126.828    545.5    943.8
     1     1    21    10    23     9     0     0    -3.0   37.596  126.734    572.1    941.0
     1     1    21    10    23     8     0     0    -4.0   37.617  126.634    601.3    938.1
     1     1    21    10    23     7     0     0    -5.0   37.635  126.527    632.8    935.0
     1     1    21    10    23     6     0     0    -6.0   37.650  126.413    666.5    931.3
     1     1    21    10    23     5     0     0    -7.0   37.665  126.301    700.9    927.7
     1     1    21    10    23     4     0     0    -8.0   37.680  126.207    734.5    924.3
     1     1    21    10    23     3     0     0    -9.0   37.694  126.128    767.5    921.0
     1     1    21    10    23     2     0     0   -10.0   37.705  126.067    799.9    917.7
     1     1    21    10    23     1     0     0   -11.0   37.712  126.023    831.8    914.5
     1     1    21    10    23     0     0     0   -12.0   37.715  125.996    863.3    911.3
     1     1    21    10    22    23     0     0   -13.0   37.723  125.983    893.8    907.6
     1     1    21    10    22    22     0     0   -14.0   37.749  125.978    923.7    903.8
     1     1    21    10    22    21     0     0   -15.0   37.791  125.981    952.4    899.5
     1     1    21    10    22    20     0     0   -16.0   37.850  125.990    979.9    895.0
     1     1    21    10    22    19     0     0   -17.0   37.926  126.004   1005.8    890.5
     1     1    21    10    22    18     0     0   -18.0   38.020  126.023   1029.9    886.0
     1     1    21    10    22    17     0     0   -19.0   38.135  126.044   1055.6    881.7
     1     1    21    10    22    16     0     0   -20.0   38.276  126.064   1086.4    876.1
     1     1    21    10    22    15     0     0   -21.0   38.442  126.083   1123.6    869.6
     1     1    21    10    22    14     0     0   -22.0   38.629  126.102   1168.6    862.1
     1     1    21    10    22    13     0     0   -23.0   38.834  126.120   1223.1    853.5
     1     1    21    10    22    12     0     0   -24.0   39.056  126.139   1289.1    843.7
     1     1    21    10    22    11     0     0   -25.0   39.285  126.147   1359.0    831.5
     1     1    21    10    22    10     0     0   -26.0   39.511  126.134   1423.1    821.4
     1     1    21    10    22     9     0     0   -27.0   39.735  126.106   1481.4    812.2
     1     1    21    10    22     8     0     0   -28.0   39.958  126.065   1533.8    803.9
     1     1    21    10    22     7     0     0   -29.0   40.183  126.015   1580.8    797.8
     1     1    21    10    22     6     0     0   -30.0   40.412  125.956   1621.9    792.9
     1     1    21    10    22     5     0     0   -31.0   40.641  125.893   1660.2    788.7
     1     1    21    10    22     4     0     0   -32.0   40.864  125.831   1699.3    784.1
     1     1    21    10    22     3     0     0   -33.0   41.085  125.769   1738.0    779.4
     1     1    21    10    22     2     0     0   -34.0   41.304  125.709   1775.4    774.9
     1     1    21    10    22     1     0     0   -35.0   41.523  125.651   1810.8    770.7
     1     1    21    10    22     0     0     0   -36.0   41.743  125.597   1843.3    766.7
     1     1    21    10    21    23     0     0   -37.0   41.959  125.536   1873.7    763.5
     1     1    21    10    21    22     0     0   -38.0   42.166  125.463   1903.0    760.5
     1     1    21    10    21    21     0     0   -39.0   42.362  125.378   1931.5    757.9
     1     1    21    10    21    20     0     0   -40.0   42.545  125.282   1959.8    756.2
     1     1    21    10    21    19     0     0   -41.0   42.719  125.176   1989.1    756.5
     1     1    21    10    21    18     0     0   -42.0   42.882  125.059   2018.1    756.9
     1     1    21    10    21    17     0     0   -43.0   43.043  124.933   2046.5    757.0
     1     1    21    10    21    16     0     0   -44.0   43.211  124.798   2073.2    756.8
     1     1    21    10    21    15     0     0   -45.0   43.385  124.655   2098.8    756.6
     1     1    21    10    21    14     0     0   -46.0   43.564  124.507   2122.9    756.5
     1     1    21    10    21    13     0     0   -47.0   43.749  124.353   2145.4    756.3
     1     1    21    10    21    12     0     0   -48.0   43.938  124.196   2166.1    756.1
     1     1    21    10    21    11     0     0   -49.0   44.128  124.040   2187.2    756.1
     1     1    21    10    21    10     0     0   -50.0   44.314  123.888   2209.1    755.4
     1     1    21    10    21     9     0     0   -51.0   44.497  123.739   2232.4    754.4
     1     1    21    10    21     8     0     0   -52.0   44.677  123.593   2256.9    753.1
     1     1    21    10    21     7     0     0   -53.0   44.852  123.448   2282.5    751.4
     1     1    21    10    21     6     0     0   -54.0   45.023  123.305   2308.8    749.2
     1     1    21    10    21     5     0     0   -55.0   45.193  123.159   2330.1    744.2
     1     1    21    10    21     4     0     0   -56.0   45.363  123.010   2348.5    739.8
     1     1    21    10    21     3     0     0   -57.0   45.532  122.857   2363.4    735.6
     1     1    21    10    21     2     0     0   -58.0   45.697  122.699   2374.9    731.5
     1     1    21    10    21     1     0     0   -59.0   45.858  122.537   2383.5    727.6
     1     1    21    10    21     0     0     0   -60.0   46.013  122.369   2388.0    722.7
     1     1    21    10    20    23     0     0   -61.0   46.168  122.196   2391.7    718.2
     1     1    21    10    20    22     0     0   -62.0   46.325  122.020   2391.6    714.0
     1     1    21    10    20    21     0     0   -63.0   46.483  121.840   2389.2    710.1
     1     1    21    10    20    20     0     0   -64.0   46.640  121.655   2384.4    706.6
     1     1    21    10    20    19     0     0   -65.0   46.798  121.465   2377.0    703.4
     1     1    21    10    20    18     0     0   -66.0   46.953  121.269   2366.8    700.5
     1     1    21    10    20    17     0     0   -67.0   47.108  121.063   2354.4    697.9
     1     1    21    10    20    16     0     0   -68.0   47.262  120.845   2341.9    695.3
     1     1    21    10    20    15     0     0   -69.0   47.414  120.612   2328.5    692.8
     1     1    21    10    20    14     0     0   -70.0   47.563  120.364   2313.9    690.6
     1     1    21    10    20    13     0     0   -71.0   47.707  120.101   2298.0    688.9
     1     1    21    10    20    12     0     0   -72.0   47.847  119.826   2282.7    689.3
     1     1    21    10    20    11     0     0   -73.0   47.983  119.553   2271.9    691.3
     1     1    21    10    20    10     0     0   -74.0   48.113  119.290   2266.0    692.4
     1     1    21    10    20     9     0     0   -75.0   48.236  119.035   2265.4    693.1
     1     1    21    10    20     8     0     0   -76.0   48.350  118.783   2269.6    693.4
     1     1    21    10    20     7     0     0   -77.0   48.452  118.533   2278.0    693.4
     1     1    21    10    20     6     0     0   -78.0   48.542  118.281   2290.1    693.1
     1     1    21    10    20     5     0     0   -79.0   48.630  118.022   2303.2    692.8
     1     1    21    10    20     4     0     0   -80.0   48.728  117.754   2313.1    693.1
     1     1    21    10    20     3     0     0   -81.0   48.836  117.476   2320.4    693.8
     1     1    21    10    20     2     0     0   -82.0   48.955  117.190   2323.8    694.1
     1     1    21    10    20     1     0     0   -83.0   49.089  116.895   2323.6    694.7
     1     1    21    10    20     0     0     0   -84.0   49.237  116.590   2319.1    695.5
     1     1    21    10    19    23     0     0   -85.0   49.390  116.291   2312.8    696.9
     1     1    21    10    19    22     0     0   -86.0   49.539  116.008   2305.9    697.9
     1     1    21    10    19    21     0     0   -87.0   49.683  115.740   2300.1    698.8
     1     1    21    10    19    20     0     0   -88.0   49.819  115.486   2296.0    699.5
     1     1    21    10    19    19     0     0   -89.0   49.946  115.242   2294.1    699.8
     1     1    21    10    19    18     0     0   -90.0   50.061  115.009   2294.7    699.5
     1     1    21    10    19    17     0     0   -91.0   50.175  114.780   2296.6    696.0
     1     1    21    10    19    16     0     0   -92.0   50.299  114.551   2303.2    691.8
     1     1    21    10    19    15     0     0   -93.0   50.432  114.319   2313.6    687.4
     1     1    21    10    19    14     0     0   -94.0   50.574  114.085   2326.5    682.8
     1     1    21    10    19    13     0     0   -95.0   50.723  113.845   2340.3    678.2
     1     1    21    10    19    12     0     0   -96.0   50.880  113.598   2353.5    673.8
