     2     1
    CDC1    21     2     1     0     0
    CDC1    21     3     1     0     0
     1 BACKWARD OMEGA   
  2021     3     8    18   37.500  127.000   500.0
     1 PRESSURE
     1     1    21     3     8    18     0     0     0.0   37.500  127.000    500.0    944.2
     1     1    21     3     8    17     0     0    -1.0   37.495  126.869    517.4    943.1
     1     1    21     3     8    16     0     0    -2.0   37.492  126.741    533.9    942.2
     1     1    21     3     8    15     0     0    -3.0   37.490  126.614    549.6    941.3
     1     1    21     3     8    14     0     0    -4.0   37.489  126.489    564.7    940.5
     1     1    21     3     8    13     0     0    -5.0   37.489  126.364    579.3    939.8
     1     1    21     3     8    12     0     0    -6.0   37.488  126.240    593.3    939.2
     1     1    21     3     8    11     0     0    -7.0   37.484  126.125    607.8    938.5
     1     1    21     3     8    10     0     0    -8.0   37.475  126.027    623.2    937.7
     1     1    21     3     8     9     0     0    -9.0   37.460  125.948    639.7    936.3
     1     1    21     3     8     8     0     0   -10.0   37.441  125.886    657.1    934.7
     1     1    21     3     8     7     0     0   -11.0   37.419  125.843    675.5    932.8
     1     1    21     3     8     6     0     0   -12.0   37.394  125.818    695.1    930.8
     1     1    21     3     8     5     0     0   -13.0   37.378  125.808    714.1    928.5
     1     1    21     3     8     4     0     0   -14.0   37.379  125.811    730.4    926.7
     1     1    21     3     8     3     0     0   -15.0   37.398  125.827    743.8    925.1
     1     1    21     3     8     2     0     0   -16.0   37.434  125.855    754.2    923.8
     1     1    21     3     8     1     0     0   -17.0   37.484  125.898    761.4    922.8
     1     1    21     3     8     0     0     0   -18.0   37.551  125.957    765.2    921.4
     1     1    21     3     7    23     0     0   -19.0   37.626  126.009    770.9    919.8
     1     1    21     3     7    22     0     0   -20.0   37.704  126.029    783.8    916.9
     1     1    21     3     7    21     0     0   -21.0   37.787  126.015    803.6    913.4
     1     1    21     3     7    20     0     0   -22.0   37.874  125.966    829.9    909.3
     1     1    21     3     7    19     0     0   -23.0   37.967  125.880    862.6    904.8
     1     1    21     3     7    18     0     0   -24.0   38.064  125.760    901.2    900.0
     1     1    21     3     7    17     0     0   -25.0   38.160  125.619    941.2    894.6
     1     1    21     3     7    16     0     0   -26.0   38.248  125.473    978.2    889.9
     1     1    21     3     7    15     0     0   -27.0   38.331  125.324   1012.1    885.8
     1     1    21     3     7    14     0     0   -28.0   38.410  125.171   1042.9    882.2
     1     1    21     3     7    13     0     0   -29.0   38.485  125.017   1070.6    879.1
     1     1    21     3     7    12     0     0   -30.0   38.558  124.863   1095.3    876.4
     1     1    21     3     7    11     0     0   -31.0   38.630  124.703   1117.8    874.3
     1     1    21     3     7    10     0     0   -32.0   38.702  124.533   1139.2    872.4
     1     1    21     3     7     9     0     0   -33.0   38.773  124.351   1159.7    870.8
     1     1    21     3     7     8     0     0   -34.0   38.844  124.159   1179.4    869.5
     1     1    21     3     7     7     0     0   -35.0   38.915  123.956   1198.5    868.5
     1     1    21     3     7     6     0     0   -36.0   38.988  123.743   1217.2    867.8
     1     1    21     3     7     5     0     0   -37.0   39.061  123.530   1232.7    867.0
     1     1    21     3     7     4     0     0   -38.0   39.133  123.329   1242.7    867.0
     1     1    21     3     7     3     0     0   -39.0   39.206  123.137   1246.4    867.8
     1     1    21     3     7     2     0     0   -40.0   39.278  122.956   1243.4    869.2
     1     1    21     3     7     1     0     0   -41.0   39.349  122.783   1233.4    871.3
     1     1    21     3     7     0     0     0   -42.0   39.420  122.621   1216.0    874.2
     1     1    21     3     6    23     0     0   -43.0   39.487  122.468   1198.3    877.8
     1     1    21     3     6    22     0     0   -44.0   39.551  122.317   1189.2    878.5
     1     1    21     3     6    21     0     0   -45.0   39.614  122.166   1190.0    878.0
     1     1    21     3     6    20     0     0   -46.0   39.678  122.012   1201.1    876.4
     1     1    21     3     6    19     0     0   -47.0   39.741  121.854   1222.9    873.6
     1     1    21     3     6    18     0     0   -48.0   39.804  121.687   1255.7    869.7
     1     1    21     3     6    17     0     0   -49.0   39.862  121.518   1294.0    864.4
     1     1    21     3     6    16     0     0   -50.0   39.916  121.357   1332.5    859.4
     1     1    21     3     6    15     0     0   -51.0   39.964  121.206   1370.8    854.5
     1     1    21     3     6    14     0     0   -52.0   40.008  121.063   1408.7    849.7
     1     1    21     3     6    13     0     0   -53.0   40.049  120.929   1446.1    844.7
     1     1    21     3     6    12     0     0   -54.0   40.086  120.802   1483.0    839.9
     1     1    21     3     6    11     0     0   -55.0   40.137  120.684   1521.7    835.3
     1     1    21     3     6    10     0     0   -56.0   40.217  120.572   1563.0    829.7
     1     1    21     3     6     9     0     0   -57.0   40.325  120.464   1607.8    823.2
     1     1    21     3     6     8     0     0   -58.0   40.459  120.356   1656.3    815.9
     1     1    21     3     6     7     0     0   -59.0   40.615  120.245   1709.0    807.6
     1     1    21     3     6     6     0     0   -60.0   40.790  120.125   1766.3    797.9
     1     1    21     3     6     5     0     0   -61.0   40.970  119.979   1828.8    786.8
     1     1    21     3     6     4     0     0   -62.0   41.143  119.793   1894.5    773.3
     1     1    21     3     6     3     0     0   -63.0   41.311  119.567   1963.7    759.0
     1     1    21     3     6     2     0     0   -64.0   41.479  119.304   2035.9    743.6
     1     1    21     3     6     1     0     0   -65.0   41.652  119.005   2111.1    727.3
     1     1    21     3     6     0     0     0   -66.0   41.835  118.677   2189.4    709.6
     1     1    21     3     5    23     0     0   -67.0   42.024  118.321   2269.1    690.6
     1     1    21     3     5    22     0     0   -68.0   42.214  117.928   2345.9    671.2
     1     1    21     3     5    21     0     0   -69.0   42.403  117.489   2418.8    651.3
     1     1    21     3     5    20     0     0   -70.0   42.588  117.006   2492.6    638.8
     1     1    21     3     5    19     0     0   -71.0   42.768  116.489   2556.9    630.4
     1     1    21     3     5    18     0     0   -72.0   42.942  115.944   2605.3    623.9
     1     1    21     3     5    17     0     0   -73.0   43.110  115.392   2640.9    619.3
     1     1    21     3     5    16     0     0   -74.0   43.273  114.851   2673.4    616.9
     1     1    21     3     5    15     0     0   -75.0   43.433  114.329   2709.8    618.1
     1     1    21     3     5    14     0     0   -76.0   43.593  113.827   2748.2    618.8
     1     1    21     3     5    13     0     0   -77.0   43.756  113.341   2791.0    619.1
     1     1    21     3     5    12     0     0   -78.0   43.926  112.869   2840.3    618.7
     1     1    21     3     5    11     0     0   -79.0   44.098  112.404   2894.7    617.0
     1     1    21     3     5    10     0     0   -80.0   44.269  111.938   2950.2    613.4
     1     1    21     3     5     9     0     0   -81.0   44.439  111.472   3012.2    608.9
     1     1    21     3     5     8     0     0   -82.0   44.610  111.009   3082.5    603.2
     1     1    21     3     5     7     0     0   -83.0   44.783  110.551   3162.9    596.4
     1     1    21     3     5     6     0     0   -84.0   44.962  110.103   3254.6    588.2
     1     1    21     3     5     5     0     0   -85.0   45.141  109.666   3343.8    575.8
     1     1    21     3     5     4     0     0   -86.0   45.318  109.232   3428.2    564.2
     1     1    21     3     5     3     0     0   -87.0   45.497  108.796   3508.6    553.6
     1     1    21     3     5     2     0     0   -88.0   45.680  108.357   3586.1    543.8
     1     1    21     3     5     1     0     0   -89.0   45.869  107.914   3661.6    534.5
     1     1    21     3     5     0     0     0   -90.0   46.068  107.468   3736.8    525.7
     1     1    21     3     4    23     0     0   -91.0   46.267  107.020   3809.7    518.4
     1     1    21     3     4    22     0     0   -92.0   46.449  106.573   3874.7    512.6
     1     1    21     3     4    21     0     0   -93.0   46.610  106.132   3933.5    507.8
     1     1    21     3     4    20     0     0   -94.0   46.746  105.701   3987.4    503.8
     1     1    21     3     4    19     0     0   -95.0   46.851  105.282   4037.2    500.5
     1     1    21     3     4    18     0     0   -96.0   46.924  104.873   4080.2    496.6
