     2     1
    CDC1    21     8     1     0     0
    CDC1    21     9     1     0     0
     1 BACKWARD OMEGA   
  2021     9     7    15   37.500  127.000   500.0
     1 PRESSURE
     1     1    21     9     7    15     0     0     0.0   37.500  127.000    500.0    931.6
     1     1    21     9     7    14     0     0    -1.0   37.693  126.811    485.3    931.2
     1     1    21     9     7    13     0     0    -2.0   37.873  126.643    468.9    931.3
     1     1    21     9     7    12     0     0    -3.0   38.044  126.496    450.6    931.8
     1     1    21     9     7    11     0     0    -4.0   38.195  126.375    430.8    932.8
     1     1    21     9     7    10     0     0    -5.0   38.316  126.284    410.0    934.1
     1     1    21     9     7     9     0     0    -6.0   38.408  126.222    387.8    935.8
     1     1    21     9     7     8     0     0    -7.0   38.471  126.186    364.6    937.5
     1     1    21     9     7     7     0     0    -8.0   38.504  126.175    340.5    939.4
     1     1    21     9     7     6     0     0    -9.0   38.510  126.186    315.9    941.7
     1     1    21     9     7     5     0     0   -10.0   38.497  126.215    291.8    944.5
     1     1    21     9     7     4     0     0   -11.0   38.473  126.259    269.1    947.3
     1     1    21     9     7     3     0     0   -12.0   38.436  126.319    248.0    950.1
     1     1    21     9     7     2     0     0   -13.0   38.382  126.395    228.3    953.1
     1     1    21     9     7     1     0     0   -14.0   38.307  126.488    210.4    956.2
     1     1    21     9     7     0     0     0   -15.0   38.206  126.599    194.2    959.3
     1     1    21     9     6    23     0     0   -16.0   38.072  126.736    178.5    962.3
     1     1    21     9     6    22     0     0   -17.0   37.898  126.909    162.5    966.0
     1     1    21     9     6    21     0     0   -18.0   37.687  127.122    146.9    970.2
     1     1    21     9     6    20     0     0   -19.0   37.446  127.382    132.2    974.0
     1     1    21     9     6    19     0     0   -20.0   37.199  127.689    118.6    976.7
     1     1    21     9     6    18     0     0   -21.0   36.973  128.031    105.5    980.2
     1     1    21     9     6    17     0     0   -22.0   36.784  128.387     93.4    983.6
     1     1    21     9     6    16     0     0   -23.0   36.639  128.741     82.5    986.5
     1     1    21     9     6    15     0     0   -24.0   36.536  129.092     72.3    989.0
     1     1    21     9     6    14     0     0   -25.0   36.476  129.437     62.5    991.0
     1     1    21     9     6    13     0     0   -26.0   36.459  129.770     53.1    993.0
     1     1    21     9     6    12     0     0   -27.0   36.481  130.089     44.3    995.4
     1     1    21     9     6    11     0     0   -28.0   36.531  130.400     36.3    998.3
     1     1    21     9     6    10     0     0   -29.0   36.601  130.711     29.2   1001.4
     1     1    21     9     6     9     0     0   -30.0   36.690  131.020     23.1   1004.8
     1     1    21     9     6     8     0     0   -31.0   36.797  131.327     18.1   1008.3
     1     1    21     9     6     7     0     0   -32.0   36.923  131.632     14.2   1012.1
     1     1    21     9     6     6     0     0   -33.0   37.067  131.936     11.3   1016.2
     1     1    21     9     6     5     0     0   -34.0   37.227  132.242      9.3   1020.5
     1     1    21     9     6     4     0     0   -35.0   37.401  132.554      7.8   1024.4
     1     1    21     9     6     3     0     0   -36.0   37.590  132.870      6.3   1023.6
     1     1    21     9     6     2     0     0   -37.0   37.791  133.177      4.4   1022.5
     1     1    21     9     6     1     0     0   -38.0   38.005  133.471      2.2   1022.0
     1     1    21     9     6     0     0     0   -39.0   38.235  133.755      0.0   1022.2
     1     1    21     9     5    23     0     0   -40.0   38.473  134.027      0.0   1022.6
     1     1    21     9     5    22     0     0   -41.0   38.711  134.290      0.0   1023.5
     1     1    21     9     5    21     0     0   -42.0   38.949  134.551      0.0   1025.0
     1     1    21     9     5    20     0     0   -43.0   39.186  134.816      0.0   1027.0
     1     1    21     9     5    19     0     0   -44.0   39.419  135.088      0.0   1028.7
     1     1    21     9     5    18     0     0   -45.0   39.638  135.369      0.0   1028.8
     1     1    21     9     5    17     0     0   -46.0   39.839  135.660      0.0   1028.7
     1     1    21     9     5    16     0     0   -47.0   40.022  135.965      0.0   1027.9
     1     1    21     9     5    15     0     0   -48.0   40.183  136.277      0.0   1024.3
     1     1    21     9     5    14     0     0   -49.0   40.320  136.587      0.2   1021.1
     1     1    21     9     5    13     0     0   -50.0   40.437  136.900      0.4   1018.2
     1     1    21     9     5    12     0     0   -51.0   40.535  137.219      0.9   1015.5
     1     1    21     9     5    11     0     0   -52.0   40.619  137.538      1.3   1013.1
     1     1    21     9     5    10     0     0   -53.0   40.700  137.843      1.6   1012.2
     1     1    21     9     5     9     0     0   -54.0   40.779  138.134      1.7   1011.4
     1     1    21     9     5     8     0     0   -55.0   40.859  138.415      1.7   1010.8
     1     1    21     9     5     7     0     0   -56.0   40.941  138.690      1.5   1010.2
     1     1    21     9     5     6     0     0   -57.0   41.026  138.964      1.4   1009.7
     1     1    21     9     5     5     0     0   -58.0   41.105  139.240      1.2   1009.6
     1     1    21     9     5     4     0     0   -59.0   41.168  139.517      0.9   1009.5
     1     1    21     9     5     3     0     0   -60.0   41.213  139.795      0.4   1009.3
     1     1    21     9     5     2     0     0   -61.0   41.242  140.073      0.0   1009.1
     1     1    21     9     5     1     0     0   -62.0   41.259  140.351      0.0   1008.9
     1     1    21     9     5     0     0     0   -63.0   41.271  140.631      0.0   1008.7
     1     1    21     9     4    23     0     0   -64.0   41.286  140.907      0.0   1008.4
     1     1    21     9     4    22     0     0   -65.0   41.311  141.172      0.0   1008.0
     1     1    21     9     4    21     0     0   -66.0   41.345  141.427      0.0   1007.6
     1     1    21     9     4    20     0     0   -67.0   41.386  141.670      0.0   1007.2
     1     1    21     9     4    19     0     0   -68.0   41.434  141.901      0.0   1006.8
     1     1    21     9     4    18     0     0   -69.0   41.485  142.120      0.0   1006.3
     1     1    21     9     4    17     0     0   -70.0   41.531  142.328      0.0   1006.2
     1     1    21     9     4    16     0     0   -71.0   41.564  142.526      0.0   1006.1
     1     1    21     9     4    15     0     0   -72.0   41.586  142.715      0.0   1006.2
     1     1    21     9     4    14     0     0   -73.0   41.601  142.896      0.0   1006.3
     1     1    21     9     4    13     0     0   -74.0   41.610  143.069      0.0   1006.4
     1     1    21     9     4    12     0     0   -75.0   41.615  143.234      0.0   1006.6
     1     1    21     9     4    11     0     0   -76.0   41.621  143.405      0.0   1006.2
     1     1    21     9     4    10     0     0   -77.0   41.637  143.593      0.0   1005.8
     1     1    21     9     4     9     0     0   -78.0   41.663  143.801      0.0   1005.3
     1     1    21     9     4     8     0     0   -79.0   41.699  144.028      0.0   1004.9
     1     1    21     9     4     7     0     0   -80.0   41.745  144.276      0.0   1004.4
     1     1    21     9     4     6     0     0   -81.0   41.803  144.545      0.0   1003.9
     1     1    21     9     4     5     0     0   -82.0   41.868  144.825      0.0   1003.8
     1     1    21     9     4     4     0     0   -83.0   41.935  145.098      0.0   1004.2
     1     1    21     9     4     3     0     0   -84.0   42.002  145.358      0.0   1005.6
     1     1    21     9     4     2     0     0   -85.0   42.065  145.599      0.0   1006.8
     1     1    21     9     4     1     0     0   -86.0   42.123  145.824      0.0   1008.1
     1     1    21     9     4     0     0     0   -87.0   42.174  146.032      0.0   1009.2
     1     1    21     9     3    23     0     0   -88.0   42.223  146.220      0.0   1009.9
     1     1    21     9     3    22     0     0   -89.0   42.275  146.385      0.0   1010.3
     1     1    21     9     3    21     0     0   -90.0   42.327  146.528      0.0   1010.7
     1     1    21     9     3    20     0     0   -91.0   42.379  146.650      0.0   1010.9
     1     1    21     9     3    19     0     0   -92.0   42.432  146.753      0.0   1011.0
     1     1    21     9     3    18     0     0   -93.0   42.484  146.836      0.5   1011.0
     1     1    21     9     3    17     0     0   -94.0   42.525  146.911      1.3   1011.4
     1     1    21     9     3    16     0     0   -95.0   42.545  146.990      2.0   1011.8
     1     1    21     9     3    15     0     0   -96.0   42.547  147.072      2.6   1012.2
