     2     1
    CDC1    21     4     1     0     0
    CDC1    21     5     1     0     0
     1 BACKWARD OMEGA   
  2021     5    17     9   37.500  127.000   500.0
     1 PRESSURE
     1     1    21     5    17     9     0     0     0.0   37.500  127.000    500.0    931.7
     1     1    21     5    17     8     0     0    -1.0   37.604  126.945    510.9    929.3
     1     1    21     5    17     7     0     0    -2.0   37.705  126.900    524.6    926.4
     1     1    21     5    17     6     0     0    -3.0   37.801  126.864    541.1    923.2
     1     1    21     5    17     5     0     0    -4.0   37.904  126.842    556.6    919.4
     1     1    21     5    17     4     0     0    -5.0   38.021  126.839    567.4    916.3
     1     1    21     5    17     3     0     0    -6.0   38.152  126.854    573.0    913.4
     1     1    21     5    17     2     0     0    -7.0   38.296  126.888    572.9    910.9
     1     1    21     5    17     1     0     0    -8.0   38.452  126.942    566.8    908.7
     1     1    21     5    17     0     0     0    -9.0   38.620  127.016    554.4    906.8
     1     1    21     5    16    23     0     0   -10.0   38.796  127.097    541.6    905.4
     1     1    21     5    16    22     0     0   -11.0   38.977  127.174    534.4    902.8
     1     1    21     5    16    21     0     0   -12.0   39.167  127.246    533.3    899.3
     1     1    21     5    16    20     0     0   -13.0   39.367  127.314    539.0    895.1
     1     1    21     5    16    19     0     0   -14.0   39.582  127.379    552.1    889.9
     1     1    21     5    16    18     0     0   -15.0   39.815  127.440    573.4    883.7
     1     1    21     5    16    17     0     0   -16.0   40.058  127.515    599.9    877.0
     1     1    21     5    16    16     0     0   -17.0   40.301  127.614    628.6    872.7
     1     1    21     5    16    15     0     0   -18.0   40.540  127.729    659.2    868.1
     1     1    21     5    16    14     0     0   -19.0   40.777  127.858    692.7    863.5
     1     1    21     5    16    13     0     0   -20.0   41.011  128.003    730.5    858.6
     1     1    21     5    16    12     0     0   -21.0   41.245  128.162    773.7    853.2
     1     1    21     5    16    11     0     0   -22.0   41.471  128.324    818.4    847.7
     1     1    21     5    16    10     0     0   -23.0   41.682  128.482    858.9    843.1
     1     1    21     5    16     9     0     0   -24.0   41.876  128.638    894.4    839.1
     1     1    21     5    16     8     0     0   -25.0   42.053  128.792    923.7    835.7
     1     1    21     5    16     7     0     0   -26.0   42.211  128.944    945.7    832.9
     1     1    21     5    16     6     0     0   -27.0   42.351  129.097    959.4    831.2
     1     1    21     5    16     5     0     0   -28.0   42.485  129.256    968.0    830.4
     1     1    21     5    16     4     0     0   -29.0   42.623  129.422    975.8    831.4
     1     1    21     5    16     3     0     0   -30.0   42.764  129.587    983.0    832.7
     1     1    21     5    16     2     0     0   -31.0   42.906  129.751    991.0    833.7
     1     1    21     5    16     1     0     0   -32.0   43.053  129.913   1001.3    834.5
     1     1    21     5    16     0     0     0   -33.0   43.204  130.072   1015.0    835.4
     1     1    21     5    15    23     0     0   -34.0   43.359  130.207   1029.9    836.0
     1     1    21     5    15    22     0     0   -35.0   43.518  130.303   1043.3    836.5
     1     1    21     5    15    21     0     0   -36.0   43.683  130.362   1055.3    836.7
     1     1    21     5    15    20     0     0   -37.0   43.854  130.387   1065.9    836.6
     1     1    21     5    15    19     0     0   -38.0   44.034  130.380   1075.6    836.2
     1     1    21     5    15    18     0     0   -39.0   44.223  130.342   1084.5    835.7
     1     1    21     5    15    17     0     0   -40.0   44.409  130.259   1094.0    834.9
     1     1    21     5    15    16     0     0   -41.0   44.577  130.120   1106.1    833.1
     1     1    21     5    15    15     0     0   -42.0   44.729  129.926   1120.9    831.4
     1     1    21     5    15    14     0     0   -43.0   44.865  129.679   1139.0    830.7
     1     1    21     5    15    13     0     0   -44.0   44.988  129.384   1159.9    830.1
     1     1    21     5    15    12     0     0   -45.0   45.099  129.043   1183.8    828.9
     1     1    21     5    15    11     0     0   -46.0   45.203  128.662   1211.5    827.5
     1     1    21     5    15    10     0     0   -47.0   45.304  128.249   1243.3    825.6
     1     1    21     5    15     9     0     0   -48.0   45.411  127.804   1279.8    823.4
     1     1    21     5    15     8     0     0   -49.0   45.530  127.325   1322.0    821.6
     1     1    21     5    15     7     0     0   -50.0   45.665  126.812   1369.6    821.4
     1     1    21     5    15     6     0     0   -51.0   45.823  126.266   1422.0    820.6
     1     1    21     5    15     5     0     0   -52.0   46.014  125.692   1479.5    818.4
     1     1    21     5    15     4     0     0   -53.0   46.244  125.091   1541.6    815.0
     1     1    21     5    15     3     0     0   -54.0   46.511  124.459   1605.7    803.5
     1     1    21     5    15     2     0     0   -55.0   46.811  123.793   1676.5    788.8
     1     1    21     5    15     1     0     0   -56.0   47.146  123.096   1759.0    771.1
     1     1    21     5    15     0     0     0   -57.0   47.521  122.370   1859.2    749.4
     1     1    21     5    14    23     0     0   -58.0   47.909  121.653   1970.4    727.5
     1     1    21     5    14    22     0     0   -59.0   48.280  120.966   2079.2    709.5
     1     1    21     5    14    21     0     0   -60.0   48.628  120.301   2189.1    693.1
     1     1    21     5    14    20     0     0   -61.0   48.951  119.657   2303.7    680.9
     1     1    21     5    14    19     0     0   -62.0   49.246  119.041   2420.6    672.8
     1     1    21     5    14    18     0     0   -63.0   49.522  118.462   2538.1    665.4
     1     1    21     5    14    17     0     0   -64.0   49.798  117.945   2656.6    658.1
     1     1    21     5    14    16     0     0   -65.0   50.088  117.515   2770.8    650.8
     1     1    21     5    14    15     0     0   -66.0   50.381  117.169   2870.6    641.0
     1     1    21     5    14    14     0     0   -67.0   50.667  116.906   2956.5    632.8
     1     1    21     5    14    13     0     0   -68.0   50.948  116.719   3029.6    625.7
     1     1    21     5    14    12     0     0   -69.0   51.224  116.607   3090.2    619.6
     1     1    21     5    14    11     0     0   -70.0   51.486  116.540   3140.6    614.6
     1     1    21     5    14    10     0     0   -71.0   51.728  116.491   3181.5    610.3
     1     1    21     5    14     9     0     0   -72.0   51.949  116.459   3215.5    606.6
     1     1    21     5    14     8     0     0   -73.0   52.146  116.442   3243.6    603.4
     1     1    21     5    14     7     0     0   -74.0   52.321  116.438   3266.9    600.6
     1     1    21     5    14     6     0     0   -75.0   52.471  116.442   3286.2    598.2
     1     1    21     5    14     5     0     0   -76.0   52.602  116.463   3301.5    596.1
     1     1    21     5    14     4     0     0   -77.0   52.719  116.508   3310.3    594.4
     1     1    21     5    14     3     0     0   -78.0   52.824  116.574   3313.7    593.4
     1     1    21     5    14     2     0     0   -79.0   52.915  116.656   3310.8    593.1
     1     1    21     5    14     1     0     0   -80.0   52.992  116.751   3301.3    593.5
     1     1    21     5    14     0     0     0   -81.0   53.055  116.856   3285.0    594.6
     1     1    21     5    13    23     0     0   -82.0   53.102  116.935   3262.6    596.4
     1     1    21     5    13    22     0     0   -83.0   53.137  116.955   3238.1    598.1
     1     1    21     5    13    21     0     0   -84.0   53.160  116.917   3211.8    599.7
     1     1    21     5    13    20     0     0   -85.0   53.175  116.823   3184.4    601.3
     1     1    21     5    13    19     0     0   -86.0   53.180  116.673   3156.2    602.9
     1     1    21     5    13    18     0     0   -87.0   53.176  116.472   3127.2    604.3
     1     1    21     5    13    17     0     0   -88.0   53.172  116.255   3099.8    606.0
     1     1    21     5    13    16     0     0   -89.0   53.176  116.057   3075.5    607.2
     1     1    21     5    13    15     0     0   -90.0   53.185  115.876   3053.8    608.2
     1     1    21     5    13    14     0     0   -91.0   53.200  115.713   3034.6    609.0
     1     1    21     5    13    13     0     0   -92.0   53.218  115.567   3017.4    609.7
     1     1    21     5    13    12     0     0   -93.0   53.240  115.435   3002.1    610.2
     1     1    21     5    13    11     0     0   -94.0   53.258  115.278   2986.5    610.3
     1     1    21     5    13    10     0     0   -95.0   53.268  115.056   2964.2    611.0
     1     1    21     5    13     9     0     0   -96.0   53.270  114.769   2934.9    611.5
