     2     1
    CDC1    20    12     1     0     0
    CDC1    21     1     1     0     0
     1 BACKWARD OMEGA   
  2021     1    27     3   37.500  127.000   500.0
     1 PRESSURE
     1     1    21     1    27     3     0     0     0.0   37.500  127.000    500.0    942.1
     1     1    21     1    27     2     0     0    -1.0   37.687  126.984    540.2    935.1
     1     1    21     1    27     1     0     0    -2.0   37.886  126.955    588.1    926.9
     1     1    21     1    27     0     0     0    -3.0   38.097  126.902    644.5    917.7
     1     1    21     1    26    23     0     0    -4.0   38.330  126.797    708.3    906.4
     1     1    21     1    26    22     0     0    -5.0   38.590  126.621    777.9    895.1
     1     1    21     1    26    21     0     0    -6.0   38.874  126.375    852.7    884.0
     1     1    21     1    26    20     0     0    -7.0   39.178  126.061    932.3    873.2
     1     1    21     1    26    19     0     0    -8.0   39.497  125.676   1016.0    861.9
     1     1    21     1    26    18     0     0    -9.0   39.828  125.220   1103.1    851.5
     1     1    21     1    26    17     0     0   -10.0   40.153  124.707   1189.6    844.0
     1     1    21     1    26    16     0     0   -11.0   40.454  124.168   1271.0    839.7
     1     1    21     1    26    15     0     0   -12.0   40.735  123.619   1346.1    835.6
     1     1    21     1    26    14     0     0   -13.0   41.001  123.063   1415.7    832.1
     1     1    21     1    26    13     0     0   -14.0   41.260  122.503   1480.8    829.0
     1     1    21     1    26    12     0     0   -15.0   41.516  121.930   1538.6    815.5
     1     1    21     1    26    11     0     0   -16.0   41.763  121.316   1598.3    799.3
     1     1    21     1    26    10     0     0   -17.0   42.001  120.638   1662.2    780.7
     1     1    21     1    26     9     0     0   -18.0   42.229  119.886   1729.4    758.4
     1     1    21     1    26     8     0     0   -19.0   42.447  119.049   1795.5    728.2
     1     1    21     1    26     7     0     0   -20.0   42.657  118.121   1867.0    698.8
     1     1    21     1    26     6     0     0   -21.0   42.866  117.119   1947.5    675.2
     1     1    21     1    26     5     0     0   -22.0   43.075  116.076   2042.5    661.5
     1     1    21     1    26     4     0     0   -23.0   43.280  115.013   2146.6    648.3
     1     1    21     1    26     3     0     0   -24.0   43.479  113.958   2265.9    645.0
     1     1    21     1    26     2     0     0   -25.0   43.670  112.941   2381.4    642.1
     1     1    21     1    26     1     0     0   -26.0   43.861  111.962   2486.2    636.8
     1     1    21     1    26     0     0     0   -27.0   44.061  111.025   2575.7    629.9
     1     1    21     1    25    23     0     0   -28.0   44.265  110.110   2647.0    623.7
     1     1    21     1    25    22     0     0   -29.0   44.463  109.186   2695.2    614.6
     1     1    21     1    25    21     0     0   -30.0   44.654  108.245   2730.7    605.7
     1     1    21     1    25    20     0     0   -31.0   44.840  107.297   2759.8    597.6
     1     1    21     1    25    19     0     0   -32.0   45.024  106.345   2791.1    590.0
     1     1    21     1    25    18     0     0   -33.0   45.214  105.395   2832.3    581.9
     1     1    21     1    25    17     0     0   -34.0   45.412  104.442   2876.0    571.6
     1     1    21     1    25    16     0     0   -35.0   45.616  103.469   2912.5    560.5
     1     1    21     1    25    15     0     0   -36.0   45.824  102.480   2944.6    548.8
     1     1    21     1    25    14     0     0   -37.0   46.040  101.475   2968.5    533.8
     1     1    21     1    25    13     0     0   -38.0   46.273  100.451   2992.5    517.2
     1     1    21     1    25    12     0     0   -39.0   46.527   99.424   3028.4    504.5
     1     1    21     1    25    11     0     0   -40.0   46.781   98.401   3069.3    496.0
     1     1    21     1    25    10     0     0   -41.0   47.005   97.377   3100.8    489.8
     1     1    21     1    25     9     0     0   -42.0   47.197   96.366   3134.3    494.6
     1     1    21     1    25     8     0     0   -43.0   47.357   95.378   3146.9    501.3
     1     1    21     1    25     7     0     0   -44.0   47.494   94.412   3140.6    508.4
     1     1    21     1    25     6     0     0   -45.0   47.620   93.466   3130.5    517.1
     1     1    21     1    25     5     0     0   -46.0   47.749   92.535   3121.3    524.4
     1     1    21     1    25     4     0     0   -47.0   47.897   91.612   3119.7    525.6
     1     1    21     1    25     3     0     0   -48.0   48.066   90.691   3127.2    523.1
     1     1    21     1    25     2     0     0   -49.0   48.259   89.763   3143.2    519.5
     1     1    21     1    25     1     0     0   -50.0   48.480   88.833   3174.4    519.9
     1     1    21     1    25     0     0     0   -51.0   48.743   87.905   3206.1    517.7
     1     1    21     1    24    23     0     0   -52.0   49.040   86.977   3251.1    520.4
     1     1    21     1    24    22     0     0   -53.0   49.352   86.062   3310.4    528.5
     1     1    21     1    24    21     0     0   -54.0   49.678   85.169   3376.4    536.8
     1     1    21     1    24    20     0     0   -55.0   50.018   84.304   3450.3    545.6
     1     1    21     1    24    19     0     0   -56.0   50.366   83.482   3553.2    563.9
     1     1    21     1    24    18     0     0   -57.0   50.727   82.709   3661.9    579.2
     1     1    21     1    24    17     0     0   -58.0   51.099   81.964   3753.9    585.5
     1     1    21     1    24    16     0     0   -59.0   51.473   81.220   3828.2    590.6
     1     1    21     1    24    15     0     0   -60.0   51.849   80.474   3889.9    596.1
     1     1    21     1    24    14     0     0   -61.0   52.231   79.724   3936.0    600.4
     1     1    21     1    24    13     0     0   -62.0   52.623   78.977   3960.1    600.1
     1     1    21     1    24    12     0     0   -63.0   53.039   78.240   3964.7    595.2
     1     1    21     1    24    11     0     0   -64.0   53.485   77.535   3969.1    592.3
     1     1    21     1    24    10     0     0   -65.0   53.951   76.870   3972.3    590.0
     1     1    21     1    24     9     0     0   -66.0   54.425   76.236   3976.8    589.2
     1     1    21     1    24     8     0     0   -67.0   54.905   75.627   3981.6    590.0
     1     1    21     1    24     7     0     0   -68.0   55.393   75.046   3985.5    591.2
     1     1    21     1    24     6     0     0   -69.0   55.888   74.495   3986.8    590.6
     1     1    21     1    24     5     0     0   -70.0   56.384   73.958   3989.5    589.8
     1     1    21     1    24     4     0     0   -71.0   56.879   73.412   3991.3    589.1
     1     1    21     1    24     3     0     0   -72.0   57.372   72.855   3989.8    588.6
     1     1    21     1    24     2     0     0   -73.0   57.862   72.305   3981.3    587.3
     1     1    21     1    24     1     0     0   -74.0   58.344   71.788   3969.5    586.1
     1     1    21     1    24     0     0     0   -75.0   58.820   71.314   3955.7    585.4
     1     1    21     1    23    23     0     0   -76.0   59.293   70.898   3946.8    585.6
     1     1    21     1    23    22     0     0   -77.0   59.764   70.549   3949.2    584.2
     1     1    21     1    23    21     0     0   -78.0   60.229   70.276   3965.0    583.2
     1     1    21     1    23    20     0     0   -79.0   60.681   70.096   3991.5    582.7
     1     1    21     1    23    19     0     0   -80.0   61.116   70.018   4023.1    581.4
     1     1    21     1    23    18     0     0   -81.0   61.534   70.050   4057.4    579.6
     1     1    21     1    23    17     0     0   -82.0   61.946   70.188   4091.7    577.5
     1     1    21     1    23    16     0     0   -83.0   62.361   70.429   4131.5    574.8
     1     1    21     1    23    15     0     0   -84.0   62.778   70.763   4172.5    570.5
     1     1    21     1    23    14     0     0   -85.0   63.193   71.170   4215.0    565.9
     1     1    21     1    23    13     0     0   -86.0   63.609   71.655   4261.0    561.5
     1     1    21     1    23    12     0     0   -87.0   64.029   72.236   4312.4    557.2
     1     1    21     1    23    11     0     0   -88.0   64.445   72.916   4364.2    552.5
     1     1    21     1    23    10     0     0   -89.0   64.844   73.690   4411.6    548.3
     1     1    21     1    23     9     0     0   -90.0   65.221   74.544   4453.6    544.3
     1     1    21     1    23     8     0     0   -91.0   65.567   75.435   4487.7    540.8
     1     1    21     1    23     7     0     0   -92.0   65.875   76.347   4513.5    538.1
     1     1    21     1    23     6     0     0   -93.0   66.143   77.289   4531.7    536.1
     1     1    21     1    23     5     0     0   -94.0   66.368   78.263   4544.7    535.1
     1     1    21     1    23     4     0     0   -95.0   66.548   79.264   4553.5    534.6
     1     1    21     1    23     3     0     0   -96.0   66.685   80.288   4559.1    534.2
