     2     1
    CDC1    21     9     1     0     0
    CDC1    21    10     1     0     0
     1 BACKWARD OMEGA   
  2021    10    25     9   37.500  127.000   500.0
     1 PRESSURE
     1     1    21    10    25     9     0     0     0.0   37.500  127.000    500.0    943.6
     1     1    21    10    25     8     0     0    -1.0   37.491  126.908    503.0    943.8
     1     1    21    10    25     7     0     0    -2.0   37.481  126.818    507.0    943.9
     1     1    21    10    25     6     0     0    -3.0   37.470  126.728    512.1    943.9
     1     1    21    10    25     5     0     0    -4.0   37.462  126.637    517.9    944.0
     1     1    21    10    25     4     0     0    -5.0   37.460  126.545    523.9    944.1
     1     1    21    10    25     3     0     0    -6.0   37.464  126.450    529.7    944.2
     1     1    21    10    25     2     0     0    -7.0   37.473  126.354    535.3    944.4
     1     1    21    10    25     1     0     0    -8.0   37.488  126.257    540.4    944.6
     1     1    21    10    25     0     0     0    -9.0   37.509  126.158    544.9    944.8
     1     1    21    10    24    23     0     0   -10.0   37.529  126.055    548.7    944.8
     1     1    21    10    24    22     0     0   -11.0   37.544  125.941    551.9    945.0
     1     1    21    10    24    21     0     0   -12.0   37.553  125.817    554.2    945.4
     1     1    21    10    24    20     0     0   -13.0   37.557  125.685    555.8    946.0
     1     1    21    10    24    19     0     0   -14.0   37.558  125.543    556.4    946.8
     1     1    21    10    24    18     0     0   -15.0   37.554  125.393    556.0    947.7
     1     1    21    10    24    17     0     0   -16.0   37.550  125.245    555.0    948.6
     1     1    21    10    24    16     0     0   -17.0   37.547  125.109    554.2    949.5
     1     1    21    10    24    15     0     0   -18.0   37.546  124.985    553.8    950.2
     1     1    21    10    24    14     0     0   -19.0   37.544  124.872    553.8    950.5
     1     1    21    10    24    13     0     0   -20.0   37.541  124.772    554.5    950.8
     1     1    21    10    24    12     0     0   -21.0   37.538  124.684    555.7    950.9
     1     1    21    10    24    11     0     0   -22.0   37.537  124.603    557.3    951.2
     1     1    21    10    24    10     0     0   -23.0   37.539  124.522    558.1    951.6
     1     1    21    10    24     9     0     0   -24.0   37.545  124.440    558.5    952.0
     1     1    21    10    24     8     0     0   -25.0   37.554  124.359    558.4    952.3
     1     1    21    10    24     7     0     0   -26.0   37.566  124.277    557.8    952.7
     1     1    21    10    24     6     0     0   -27.0   37.582  124.194    556.8    953.1
     1     1    21    10    24     5     0     0   -28.0   37.598  124.113    555.2    953.5
     1     1    21    10    24     4     0     0   -29.0   37.613  124.034    553.3    954.1
     1     1    21    10    24     3     0     0   -30.0   37.625  123.957    551.1    954.8
     1     1    21    10    24     2     0     0   -31.0   37.637  123.882    548.6    955.5
     1     1    21    10    24     1     0     0   -32.0   37.647  123.810    545.8    956.2
     1     1    21    10    24     0     0     0   -33.0   37.658  123.740    542.8    957.0
     1     1    21    10    23    23     0     0   -34.0   37.668  123.668    539.9    957.5
     1     1    21    10    23    22     0     0   -35.0   37.679  123.587    537.0    958.0
     1     1    21    10    23    21     0     0   -36.0   37.691  123.498    534.4    958.5
     1     1    21    10    23    20     0     0   -37.0   37.702  123.399    532.0    959.0
     1     1    21    10    23    19     0     0   -38.0   37.715  123.292    529.8    959.5
     1     1    21    10    23    18     0     0   -39.0   37.727  123.175    527.8    960.1
     1     1    21    10    23    17     0     0   -40.0   37.739  123.055    527.1    960.7
     1     1    21    10    23    16     0     0   -41.0   37.750  122.940    528.8    961.0
     1     1    21    10    23    15     0     0   -42.0   37.760  122.831    533.0    960.9
     1     1    21    10    23    14     0     0   -43.0   37.767  122.728    539.6    960.6
     1     1    21    10    23    13     0     0   -44.0   37.772  122.632    548.7    960.1
     1     1    21    10    23    12     0     0   -45.0   37.774  122.543    560.4    959.2
     1     1    21    10    23    11     0     0   -46.0   37.778  122.455    573.8    957.9
     1     1    21    10    23    10     0     0   -47.0   37.790  122.361    587.8    956.6
     1     1    21    10    23     9     0     0   -48.0   37.810  122.261    602.3    955.2
     1     1    21    10    23     8     0     0   -49.0   37.839  122.154    617.2    953.7
     1     1    21    10    23     7     0     0   -50.0   37.875  122.042    632.4    952.1
     1     1    21    10    23     6     0     0   -51.0   37.920  121.923    647.9    950.1
     1     1    21    10    23     5     0     0   -52.0   37.966  121.807    662.0    948.0
     1     1    21    10    23     4     0     0   -53.0   38.005  121.704    673.2    946.5
     1     1    21    10    23     3     0     0   -54.0   38.039  121.613    681.4    945.3
     1     1    21    10    23     2     0     0   -55.0   38.067  121.534    686.5    944.5
     1     1    21    10    23     1     0     0   -56.0   38.091  121.466    688.5    944.2
     1     1    21    10    23     0     0     0   -57.0   38.110  121.410    687.4    944.2
     1     1    21    10    22    23     0     0   -58.0   38.130  121.357    685.7    944.5
     1     1    21    10    22    22     0     0   -59.0   38.155  121.301    685.6    944.4
     1     1    21    10    22    21     0     0   -60.0   38.185  121.241    687.3    944.0
     1     1    21    10    22    20     0     0   -61.0   38.221  121.175    690.5    943.4
     1     1    21    10    22    19     0     0   -62.0   38.262  121.103    695.3    942.6
     1     1    21    10    22    18     0     0   -63.0   38.307  121.025    701.7    941.6
     1     1    21    10    22    17     0     0   -64.0   38.362  120.949    709.6    940.2
     1     1    21    10    22    16     0     0   -65.0   38.432  120.885    718.8    938.7
     1     1    21    10    22    15     0     0   -66.0   38.515  120.833    729.4    936.9
     1     1    21    10    22    14     0     0   -67.0   38.610  120.794    741.6    934.8
     1     1    21    10    22    13     0     0   -68.0   38.715  120.769    755.5    932.5
     1     1    21    10    22    12     0     0   -69.0   38.831  120.759    771.4    930.0
     1     1    21    10    22    11     0     0   -70.0   38.953  120.756    789.5    927.1
     1     1    21    10    22    10     0     0   -71.0   39.082  120.755    810.2    923.8
     1     1    21    10    22     9     0     0   -72.0   39.217  120.757    833.9    920.2
     1     1    21    10    22     8     0     0   -73.0   39.358  120.762    860.8    916.3
     1     1    21    10    22     7     0     0   -74.0   39.507  120.772    891.3    911.9
     1     1    21    10    22     6     0     0   -75.0   39.664  120.786    925.9    907.0
     1     1    21    10    22     5     0     0   -76.0   39.829  120.807    964.1    901.3
     1     1    21    10    22     4     0     0   -77.0   40.006  120.837   1004.5    895.4
     1     1    21    10    22     3     0     0   -78.0   40.194  120.872   1045.8    887.6
     1     1    21    10    22     2     0     0   -79.0   40.394  120.908   1087.5    879.9
     1     1    21    10    22     1     0     0   -80.0   40.607  120.946   1129.1    872.1
     1     1    21    10    22     0     0     0   -81.0   40.832  120.988   1170.1    864.4
     1     1    21    10    21    23     0     0   -82.0   41.066  121.022   1209.8    856.7
     1     1    21    10    21    22     0     0   -83.0   41.307  121.041   1248.8    849.1
     1     1    21    10    21    21     0     0   -84.0   41.557  121.045   1287.5    841.4
     1     1    21    10    21    20     0     0   -85.0   41.816  121.036   1326.4    833.0
     1     1    21    10    21    19     0     0   -86.0   42.084  121.013   1366.4    824.2
     1     1    21    10    21    18     0     0   -87.0   42.362  120.978   1408.2    814.9
     1     1    21    10    21    17     0     0   -88.0   42.645  120.930   1451.1    807.0
     1     1    21    10    21    16     0     0   -89.0   42.926  120.868   1491.0    801.1
     1     1    21    10    21    15     0     0   -90.0   43.205  120.792   1527.3    795.3
     1     1    21    10    21    14     0     0   -91.0   43.484  120.708   1560.0    789.6
     1     1    21    10    21    13     0     0   -92.0   43.763  120.619   1589.2    784.0
     1     1    21    10    21    12     0     0   -93.0   44.043  120.529   1614.8    778.6
     1     1    21    10    21    11     0     0   -94.0   44.320  120.435   1638.7    773.5
     1     1    21    10    21    10     0     0   -95.0   44.592  120.336   1663.7    768.0
     1     1    21    10    21     9     0     0   -96.0   44.858  120.230   1689.6    762.1
