     2     1
    CDC1    21    10     1     0     0
    CDC1    21    11     1     0     0
     1 BACKWARD OMEGA   
  2021    11     5    18   37.500  127.000   500.0
     1 PRESSURE
     1     1    21    11     5    18     0     0     0.0   37.500  127.000    500.0    942.9
     1     1    21    11     5    17     0     0    -1.0   37.419  127.126    523.6    939.9
     1     1    21    11     5    16     0     0    -2.0   37.347  127.253    554.4    935.8
     1     1    21    11     5    15     0     0    -3.0   37.283  127.380    593.1    930.9
     1     1    21    11     5    14     0     0    -4.0   37.227  127.504    640.5    925.1
     1     1    21    11     5    13     0     0    -5.0   37.181  127.626    695.3    918.7
     1     1    21    11     5    12     0     0    -6.0   37.145  127.745    755.9    911.9
     1     1    21    11     5    11     0     0    -7.0   37.117  127.858    818.1    905.1
     1     1    21    11     5    10     0     0    -8.0   37.096  127.966    877.3    899.3
     1     1    21    11     5     9     0     0    -9.0   37.080  128.068    933.7    893.8
     1     1    21    11     5     8     0     0   -10.0   37.072  128.167    987.2    888.0
     1     1    21    11     5     7     0     0   -11.0   37.072  128.262   1038.1    882.7
     1     1    21    11     5     6     0     0   -12.0   37.081  128.354   1086.4    877.7
     1     1    21    11     5     5     0     0   -13.0   37.104  128.443   1132.5    873.4
     1     1    21    11     5     4     0     0   -14.0   37.150  128.525   1175.6    869.4
     1     1    21    11     5     3     0     0   -15.0   37.217  128.599   1215.6    865.8
     1     1    21    11     5     2     0     0   -16.0   37.306  128.665   1252.3    862.5
     1     1    21    11     5     1     0     0   -17.0   37.415  128.722   1285.2    859.7
     1     1    21    11     5     0     0     0   -18.0   37.544  128.768   1313.4    856.4
     1     1    21    11     4    23     0     0   -19.0   37.681  128.793   1339.3    852.3
     1     1    21    11     4    22     0     0   -20.0   37.817  128.789   1366.2    847.7
     1     1    21    11     4    21     0     0   -21.0   37.951  128.756   1394.5    842.8
     1     1    21    11     4    20     0     0   -22.0   38.082  128.695   1424.1    837.7
     1     1    21    11     4    19     0     0   -23.0   38.211  128.606   1455.3    832.3
     1     1    21    11     4    18     0     0   -24.0   38.338  128.489   1488.2    826.6
     1     1    21    11     4    17     0     0   -25.0   38.465  128.352   1521.0    820.4
     1     1    21    11     4    16     0     0   -26.0   38.593  128.200   1551.8    814.6
     1     1    21    11     4    15     0     0   -27.0   38.722  128.033   1580.2    808.8
     1     1    21    11     4    14     0     0   -28.0   38.853  127.851   1606.2    803.1
     1     1    21    11     4    13     0     0   -29.0   38.985  127.652   1629.3    797.4
     1     1    21    11     4    12     0     0   -30.0   39.118  127.436   1649.7    792.7
     1     1    21    11     4    11     0     0   -31.0   39.249  127.200   1668.2    790.4
     1     1    21    11     4    10     0     0   -32.0   39.375  126.941   1684.4    788.7
     1     1    21    11     4     9     0     0   -33.0   39.496  126.661   1697.8    787.5
     1     1    21    11     4     8     0     0   -34.0   39.613  126.361   1708.4    786.8
     1     1    21    11     4     7     0     0   -35.0   39.727  126.043   1716.3    786.8
     1     1    21    11     4     6     0     0   -36.0   39.839  125.707   1721.7    787.4
     1     1    21    11     4     5     0     0   -37.0   39.946  125.356   1727.3    788.5
     1     1    21    11     4     4     0     0   -38.0   40.047  124.990   1736.2    789.7
     1     1    21    11     4     3     0     0   -39.0   40.137  124.614   1750.5    791.4
     1     1    21    11     4     2     0     0   -40.0   40.219  124.232   1770.0    792.5
     1     1    21    11     4     1     0     0   -41.0   40.294  123.846   1795.6    793.1
     1     1    21    11     4     0     0     0   -42.0   40.366  123.456   1828.2    792.9
     1     1    21    11     3    23     0     0   -43.0   40.435  123.059   1862.8    792.1
     1     1    21    11     3    22     0     0   -44.0   40.495  122.652   1894.8    792.1
     1     1    21    11     3    21     0     0   -45.0   40.548  122.234   1921.3    789.3
     1     1    21    11     3    20     0     0   -46.0   40.593  121.800   1943.1    784.7
     1     1    21    11     3    19     0     0   -47.0   40.630  121.349   1962.0    780.4
     1     1    21    11     3    18     0     0   -48.0   40.656  120.878   1978.4    776.3
     1     1    21    11     3    17     0     0   -49.0   40.682  120.396   1994.4    772.2
     1     1    21    11     3    16     0     0   -50.0   40.717  119.913   2012.9    766.3
     1     1    21    11     3    15     0     0   -51.0   40.764  119.425   2029.4    756.2
     1     1    21    11     3    14     0     0   -52.0   40.825  118.926   2045.9    745.6
     1     1    21    11     3    13     0     0   -53.0   40.900  118.412   2061.4    734.4
     1     1    21    11     3    12     0     0   -54.0   40.990  117.878   2074.9    722.5
     1     1    21    11     3    11     0     0   -55.0   41.089  117.324   2089.7    710.7
     1     1    21    11     3    10     0     0   -56.0   41.192  116.751   2108.1    699.2
     1     1    21    11     3     9     0     0   -57.0   41.297  116.159   2128.9    687.8
     1     1    21    11     3     8     0     0   -58.0   41.406  115.547   2151.9    676.1
     1     1    21    11     3     7     0     0   -59.0   41.518  114.915   2177.9    665.3
     1     1    21    11     3     6     0     0   -60.0   41.631  114.263   2212.3    659.9
     1     1    21    11     3     5     0     0   -61.0   41.743  113.589   2242.9    655.2
     1     1    21    11     3     4     0     0   -62.0   41.854  112.888   2262.0    653.4
     1     1    21    11     3     3     0     0   -63.0   41.963  112.160   2272.8    653.9
     1     1    21    11     3     2     0     0   -64.0   42.076  111.406   2279.5    656.1
     1     1    21    11     3     1     0     0   -65.0   42.197  110.628   2285.2    658.8
     1     1    21    11     3     0     0     0   -66.0   42.329  109.824   2290.7    661.0
     1     1    21    11     2    23     0     0   -67.0   42.469  108.998   2301.1    658.7
     1     1    21    11     2    22     0     0   -68.0   42.610  108.153   2328.5    652.7
     1     1    21    11     2    21     0     0   -69.0   42.749  107.288   2369.8    645.6
     1     1    21    11     2    20     0     0   -70.0   42.883  106.399   2419.0    639.2
     1     1    21    11     2    19     0     0   -71.0   43.011  105.485   2466.7    632.7
     1     1    21    11     2    18     0     0   -72.0   43.135  104.544   2509.2    628.4
     1     1    21    11     2    17     0     0   -73.0   43.263  103.591   2543.9    626.4
     1     1    21    11     2    16     0     0   -74.0   43.409  102.631   2575.3    623.3
     1     1    21    11     2    15     0     0   -75.0   43.567  101.657   2606.3    615.1
     1     1    21    11     2    14     0     0   -76.0   43.732  100.668   2647.5    604.0
     1     1    21    11     2    13     0     0   -77.0   43.907   99.666   2705.9    590.3
     1     1    21    11     2    12     0     0   -78.0   44.094   98.658   2781.9    575.1
     1     1    21    11     2    11     0     0   -79.0   44.288   97.660   2859.2    559.5
     1     1    21    11     2    10     0     0   -80.0   44.472   96.690   2939.3    554.4
     1     1    21    11     2     9     0     0   -81.0   44.637   95.749   3009.0    553.5
     1     1    21    11     2     8     0     0   -82.0   44.781   94.830   3068.6    555.5
     1     1    21    11     2     7     0     0   -83.0   44.899   93.929   3123.4    562.6
     1     1    21    11     2     6     0     0   -84.0   44.986   93.043   3166.5    571.7
     1     1    21    11     2     5     0     0   -85.0   45.056   92.176   3196.5    580.1
     1     1    21    11     2     4     0     0   -86.0   45.127   91.333   3215.5    586.0
     1     1    21    11     2     3     0     0   -87.0   45.204   90.513   3233.3    591.1
     1     1    21    11     2     2     0     0   -88.0   45.294   89.714   3246.8    593.7
     1     1    21    11     2     1     0     0   -89.0   45.399   88.933   3251.4    593.6
     1     1    21    11     2     0     0     0   -90.0   45.517   88.169   3247.9    594.5
     1     1    21    11     1    23     0     0   -91.0   45.633   87.400   3229.0    596.5
     1     1    21    11     1    22     0     0   -92.0   45.738   86.604   3186.8    597.9
     1     1    21    11     1    21     0     0   -93.0   45.838   85.781   3130.0    602.0
     1     1    21    11     1    20     0     0   -94.0   45.938   84.936   3062.1    608.3
     1     1    21    11     1    19     0     0   -95.0   46.046   84.074   2985.7    613.9
     1     1    21    11     1    18     0     0   -96.0   46.172   83.198   2912.9    620.8
