     2     1
    CDC1    21     6     1     0     0
    CDC1    21     7     1     0     0
     1 BACKWARD OMEGA   
  2021     7     4     6   37.500  127.000   500.0
     1 PRESSURE
     1     1    21     7     4     6     0     0     0.0   37.500  127.000    500.0    929.5
     1     1    21     7     4     5     0     0    -1.0   37.528  126.725    489.8    930.8
     1     1    21     7     4     4     0     0    -2.0   37.549  126.474    477.6    932.7
     1     1    21     7     4     3     0     0    -3.0   37.564  126.245    463.9    934.7
     1     1    21     7     4     2     0     0    -4.0   37.577  126.040    449.1    936.8
     1     1    21     7     4     1     0     0    -5.0   37.590  125.858    433.5    939.0
     1     1    21     7     4     0     0     0    -6.0   37.605  125.699    417.5    941.1
     1     1    21     7     3    23     0     0    -7.0   37.617  125.571    400.0    942.9
     1     1    21     7     3    22     0     0    -8.0   37.620  125.481    381.5    944.9
     1     1    21     7     3    21     0     0    -9.0   37.613  125.426    361.5    946.4
     1     1    21     7     3    20     0     0   -10.0   37.594  125.404    340.1    948.0
     1     1    21     7     3    19     0     0   -11.0   37.561  125.415    317.6    949.8
     1     1    21     7     3    18     0     0   -12.0   37.512  125.459    294.1    951.7
     1     1    21     7     3    17     0     0   -13.0   37.442  125.549    271.2    955.0
     1     1    21     7     3    16     0     0   -14.0   37.342  125.700    249.1    957.8
     1     1    21     7     3    15     0     0   -15.0   37.212  125.905    228.2    960.4
     1     1    21     7     3    14     0     0   -16.0   37.050  126.154    208.6    963.0
     1     1    21     7     3    13     0     0   -17.0   36.860  126.438    190.2    965.0
     1     1    21     7     3    12     0     0   -18.0   36.646  126.748    173.0    966.6
     1     1    21     7     3    11     0     0   -19.0   36.423  127.052    156.8    968.1
     1     1    21     7     3    10     0     0   -20.0   36.206  127.328    141.8    969.7
     1     1    21     7     3     9     0     0   -21.0   36.005  127.587    128.2    971.5
     1     1    21     7     3     8     0     0   -22.0   35.829  127.838    116.3    973.8
     1     1    21     7     3     7     0     0   -23.0   35.684  128.091    105.9    975.6
     1     1    21     7     3     6     0     0   -24.0   35.575  128.353     97.1    977.1
     1     1    21     7     3     5     0     0   -25.0   35.498  128.622     90.0    978.4
     1     1    21     7     3     4     0     0   -26.0   35.450  128.893     85.0    979.2
     1     1    21     7     3     3     0     0   -27.0   35.430  129.162     81.7    979.7
     1     1    21     7     3     2     0     0   -28.0   35.440  129.429     79.9    980.0
     1     1    21     7     3     1     0     0   -29.0   35.477  129.690     79.4    980.2
     1     1    21     7     3     0     0     0   -30.0   35.541  129.945     80.2    980.3
     1     1    21     7     2    23     0     0   -31.0   35.628  130.185     81.4    981.2
     1     1    21     7     2    22     0     0   -32.0   35.732  130.404     81.9    982.6
     1     1    21     7     2    21     0     0   -33.0   35.851  130.605     81.8    984.2
     1     1    21     7     2    20     0     0   -34.0   35.987  130.788     80.8    986.0
     1     1    21     7     2    19     0     0   -35.0   36.140  130.953     78.9    988.0
     1     1    21     7     2    18     0     0   -36.0   36.310  131.100     75.9    990.4
     1     1    21     7     2    17     0     0   -37.0   36.489  131.237     71.9    992.8
     1     1    21     7     2    16     0     0   -38.0   36.670  131.370     67.0    995.4
     1     1    21     7     2    15     0     0   -39.0   36.851  131.502     60.9    998.1
     1     1    21     7     2    14     0     0   -40.0   37.033  131.635     53.9   1001.1
     1     1    21     7     2    13     0     0   -41.0   37.217  131.769     46.0   1004.4
     1     1    21     7     2    12     0     0   -42.0   37.404  131.907     37.5   1008.0
     1     1    21     7     2    11     0     0   -43.0   37.597  132.042     29.7   1010.9
     1     1    21     7     2    10     0     0   -44.0   37.792  132.166     23.4   1012.8
     1     1    21     7     2     9     0     0   -45.0   37.984  132.279     18.6   1014.7
     1     1    21     7     2     8     0     0   -46.0   38.175  132.382     15.1   1016.6
     1     1    21     7     2     7     0     0   -47.0   38.365  132.482     12.6   1018.4
     1     1    21     7     2     6     0     0   -48.0   38.555  132.582     10.9   1018.9
     1     1    21     7     2     5     0     0   -49.0   38.737  132.686      9.7   1019.2
     1     1    21     7     2     4     0     0   -50.0   38.903  132.798      8.9   1019.6
     1     1    21     7     2     3     0     0   -51.0   39.057  132.918      8.3   1020.1
     1     1    21     7     2     2     0     0   -52.0   39.198  133.045      7.9   1020.7
     1     1    21     7     2     1     0     0   -53.0   39.328  133.181      7.7   1021.5
     1     1    21     7     2     0     0     0   -54.0   39.448  133.326      7.7   1022.3
     1     1    21     7     1    23     0     0   -55.0   39.555  133.471      7.7   1022.8
     1     1    21     7     1    22     0     0   -56.0   39.648  133.607      7.7   1023.2
     1     1    21     7     1    21     0     0   -57.0   39.727  133.733      7.5   1023.6
     1     1    21     7     1    20     0     0   -58.0   39.794  133.848      7.2   1024.0
     1     1    21     7     1    19     0     0   -59.0   39.849  133.950      6.8   1024.3
     1     1    21     7     1    18     0     0   -60.0   39.892  134.038      6.3   1024.5
     1     1    21     7     1    17     0     0   -61.0   39.929  134.123      5.8   1024.7
     1     1    21     7     1    16     0     0   -62.0   39.965  134.216      5.2   1025.0
     1     1    21     7     1    15     0     0   -63.0   40.001  134.320      4.7   1025.4
     1     1    21     7     1    14     0     0   -64.0   40.037  134.435      4.2   1025.1
     1     1    21     7     1    13     0     0   -65.0   40.073  134.562      3.6   1024.9
     1     1    21     7     1    12     0     0   -66.0   40.110  134.703      3.1   1024.8
     1     1    21     7     1    11     0     0   -67.0   40.147  134.852      2.6   1024.7
     1     1    21     7     1    10     0     0   -68.0   40.184  134.998      2.1   1024.7
     1     1    21     7     1     9     0     0   -69.0   40.217  135.143      1.5   1023.1
     1     1    21     7     1     8     0     0   -70.0   40.241  135.286      0.7   1021.7
     1     1    21     7     1     7     0     0   -71.0   40.257  135.424      0.0   1020.4
     1     1    21     7     1     6     0     0   -72.0   40.266  135.556      0.0   1019.2
     1     1    21     7     1     5     0     0   -73.0   40.268  135.680      0.0   1018.3
     1     1    21     7     1     4     0     0   -74.0   40.264  135.797      0.0   1017.5
     1     1    21     7     1     3     0     0   -75.0   40.254  135.909      0.0   1016.8
     1     1    21     7     1     2     0     0   -76.0   40.239  136.015      0.0   1016.2
     1     1    21     7     1     1     0     0   -77.0   40.220  136.117      0.0   1015.7
     1     1    21     7     1     0     0     0   -78.0   40.197  136.216      0.0   1015.3
     1     1    21     6    30    23     0     0   -79.0   40.161  136.312      0.0   1014.6
     1     1    21     6    30    22     0     0   -80.0   40.101  136.408      0.3   1013.9
     1     1    21     6    30    21     0     0   -81.0   40.017  136.503      1.5   1013.4
     1     1    21     6    30    20     0     0   -82.0   39.909  136.593      3.4   1011.2
     1     1    21     6    30    19     0     0   -83.0   39.776  136.678      6.1   1008.3
     1     1    21     6    30    18     0     0   -84.0   39.615  136.752      9.4   1005.1
     1     1    21     6    30    17     0     0   -85.0   39.444  136.826     13.2   1001.7
     1     1    21     6    30    16     0     0   -86.0   39.282  136.912     17.5    998.0
     1     1    21     6    30    15     0     0   -87.0   39.129  137.009     22.0    994.3
     1     1    21     6    30    14     0     0   -88.0   38.984  137.118     26.6    990.6
     1     1    21     6    30    13     0     0   -89.0   38.849  137.238     31.2    986.9
     1     1    21     6    30    12     0     0   -90.0   38.723  137.370     35.9    983.2
     1     1    21     6    30    11     0     0   -91.0   38.594  137.494     40.2    978.8
     1     1    21     6    30    10     0     0   -92.0   38.448  137.590     43.4    975.8
     1     1    21     6    30     9     0     0   -93.0   38.288  137.661     45.3    972.9
     1     1    21     6    30     8     0     0   -94.0   38.111  137.706     45.8    969.8
     1     1    21     6    30     7     0     0   -95.0   37.918  137.725     45.0    966.6
     1     1    21     6    30     6     0     0   -96.0   37.705  137.715     43.3    963.0
