     2     1
    CDC1    20    12     1     0     0
    CDC1    21     1     1     0     0
     1 BACKWARD OMEGA   
  2021     1    28    21   37.500  127.000   500.0
     1 PRESSURE
     1     1    21     1    28    21     0     0     0.0   37.500  127.000    500.0    938.1
     1     1    21     1    28    20     0     0    -1.0   37.787  126.661    556.7    929.3
     1     1    21     1    28    19     0     0    -2.0   38.095  126.324    618.3    919.6
     1     1    21     1    28    18     0     0    -3.0   38.419  125.994    683.6    908.6
     1     1    21     1    28    17     0     0    -4.0   38.751  125.661    755.4    897.6
     1     1    21     1    28    16     0     0    -5.0   39.090  125.315    838.7    885.7
     1     1    21     1    28    15     0     0    -6.0   39.442  124.961    936.5    872.8
     1     1    21     1    28    14     0     0    -7.0   39.816  124.601   1049.8    857.7
     1     1    21     1    28    13     0     0    -8.0   40.211  124.234   1176.1    843.9
     1     1    21     1    28    12     0     0    -9.0   40.627  123.865   1309.5    830.8
     1     1    21     1    28    11     0     0   -10.0   41.059  123.490   1435.5    816.5
     1     1    21     1    28    10     0     0   -11.0   41.498  123.109   1545.7    805.8
     1     1    21     1    28     9     0     0   -12.0   41.949  122.725   1648.4    795.9
     1     1    21     1    28     8     0     0   -13.0   42.412  122.337   1748.7    781.9
     1     1    21     1    28     7     0     0   -14.0   42.872  121.935   1851.5    763.6
     1     1    21     1    28     6     0     0   -15.0   43.312  121.505   1962.8    744.2
     1     1    21     1    28     5     0     0   -16.0   43.720  121.046   2074.1    722.6
     1     1    21     1    28     4     0     0   -17.0   44.098  120.568   2175.0    702.5
     1     1    21     1    28     3     0     0   -18.0   44.468  120.083   2270.0    681.8
     1     1    21     1    28     2     0     0   -19.0   44.844  119.605   2360.1    663.1
     1     1    21     1    28     1     0     0   -20.0   45.231  119.150   2445.3    647.7
     1     1    21     1    28     0     0     0   -21.0   45.633  118.726   2529.7    635.4
     1     1    21     1    27    23     0     0   -22.0   46.032  118.295   2611.7    625.5
     1     1    21     1    27    22     0     0   -23.0   46.417  117.819   2688.3    617.9
     1     1    21     1    27    21     0     0   -24.0   46.790  117.305   2761.6    613.5
     1     1    21     1    27    20     0     0   -25.0   47.149  116.765   2830.2    611.8
     1     1    21     1    27    19     0     0   -26.0   47.494  116.212   2891.1    610.8
     1     1    21     1    27    18     0     0   -27.0   47.822  115.661   2941.4    608.0
     1     1    21     1    27    17     0     0   -28.0   48.140  115.125   2982.1    605.8
     1     1    21     1    27    16     0     0   -29.0   48.457  114.603   3008.9    600.1
     1     1    21     1    27    15     0     0   -30.0   48.774  114.106   3030.9    593.1
     1     1    21     1    27    14     0     0   -31.0   49.093  113.646   3054.2    585.8
     1     1    21     1    27    13     0     0   -32.0   49.411  113.236   3082.0    578.3
     1     1    21     1    27    12     0     0   -33.0   49.728  112.886   3117.0    570.7
     1     1    21     1    27    11     0     0   -34.0   50.036  112.579   3156.8    562.8
     1     1    21     1    27    10     0     0   -35.0   50.327  112.293   3201.9    557.1
     1     1    21     1    27     9     0     0   -36.0   50.600  112.027   3248.0    552.5
     1     1    21     1    27     8     0     0   -37.0   50.854  111.778   3293.4    548.6
     1     1    21     1    27     7     0     0   -38.0   51.088  111.542   3337.2    545.2
     1     1    21     1    27     6     0     0   -39.0   51.300  111.317   3378.7    542.3
     1     1    21     1    27     5     0     0   -40.0   51.505  111.106   3418.7    539.8
     1     1    21     1    27     4     0     0   -41.0   51.716  110.916   3457.6    537.7
     1     1    21     1    27     3     0     0   -42.0   51.933  110.752   3493.4    536.1
     1     1    21     1    27     2     0     0   -43.0   52.154  110.617   3524.8    535.1
     1     1    21     1    27     1     0     0   -44.0   52.379  110.516   3550.0    534.8
     1     1    21     1    27     0     0     0   -45.0   52.605  110.453   3565.5    534.1
     1     1    21     1    26    23     0     0   -46.0   52.829  110.423   3574.4    532.8
     1     1    21     1    26    22     0     0   -47.0   53.051  110.422   3586.2    531.0
     1     1    21     1    26    21     0     0   -48.0   53.272  110.449   3599.4    528.9
     1     1    21     1    26    20     0     0   -49.0   53.496  110.503   3613.5    526.7
     1     1    21     1    26    19     0     0   -50.0   53.724  110.587   3627.7    524.4
     1     1    21     1    26    18     0     0   -51.0   53.958  110.702   3641.2    521.9
     1     1    21     1    26    17     0     0   -52.0   54.197  110.856   3652.2    519.4
     1     1    21     1    26    16     0     0   -53.0   54.434  111.061   3659.8    517.0
     1     1    21     1    26    15     0     0   -54.0   54.669  111.323   3663.6    514.6
     1     1    21     1    26    14     0     0   -55.0   54.901  111.653   3663.2    512.1
     1     1    21     1    26    13     0     0   -56.0   55.127  112.049   3662.7    511.6
     1     1    21     1    26    12     0     0   -57.0   55.349  112.497   3661.6    512.5
     1     1    21     1    26    11     0     0   -58.0   55.570  112.984   3655.4    515.7
     1     1    21     1    26    10     0     0   -59.0   55.793  113.508   3632.1    520.4
     1     1    21     1    26     9     0     0   -60.0   56.018  114.073   3589.2    526.3
     1     1    21     1    26     8     0     0   -61.0   56.242  114.690   3525.5    533.5
     1     1    21     1    26     7     0     0   -62.0   56.458  115.364   3442.4    542.4
     1     1    21     1    26     6     0     0   -63.0   56.654  116.103   3343.1    552.8
     1     1    21     1    26     5     0     0   -64.0   56.824  116.902   3237.8    564.2
     1     1    21     1    26     4     0     0   -65.0   56.962  117.745   3135.9    574.5
     1     1    21     1    26     3     0     0   -66.0   57.059  118.608   3037.8    585.3
     1     1    21     1    26     2     0     0   -67.0   57.111  119.466   2940.0    595.9
     1     1    21     1    26     1     0     0   -68.0   57.117  120.303   2839.3    607.0
     1     1    21     1    26     0     0     0   -69.0   57.079  121.092   2734.6    619.0
     1     1    21     1    25    23     0     0   -70.0   56.996  121.818   2628.3    631.7
     1     1    21     1    25    22     0     0   -71.0   56.866  122.480   2523.6    643.7
     1     1    21     1    25    21     0     0   -72.0   56.699  123.074   2422.7    655.0
     1     1    21     1    25    20     0     0   -73.0   56.503  123.605   2329.4    665.9
     1     1    21     1    25    19     0     0   -74.0   56.280  124.083   2243.2    676.7
     1     1    21     1    25    18     0     0   -75.0   56.030  124.523   2163.2    687.7
     1     1    21     1    25    17     0     0   -76.0   55.763  124.930   2085.5    698.4
     1     1    21     1    25    16     0     0   -77.0   55.496  125.303   2008.2    708.4
     1     1    21     1    25    15     0     0   -78.0   55.232  125.644   1932.6    718.1
     1     1    21     1    25    14     0     0   -79.0   54.976  125.957   1859.1    728.2
     1     1    21     1    25    13     0     0   -80.0   54.730  126.236   1790.1    739.7
     1     1    21     1    25    12     0     0   -81.0   54.492  126.477   1725.1    751.0
     1     1    21     1    25    11     0     0   -82.0   54.269  126.693   1669.5    761.7
     1     1    21     1    25    10     0     0   -83.0   54.068  126.886   1628.8    769.9
     1     1    21     1    25     9     0     0   -84.0   53.891  127.058   1601.7    776.5
     1     1    21     1    25     8     0     0   -85.0   53.740  127.208   1587.8    781.6
     1     1    21     1    25     7     0     0   -86.0   53.617  127.335   1586.9    784.8
     1     1    21     1    25     6     0     0   -87.0   53.525  127.435   1598.9    786.2
     1     1    21     1    25     5     0     0   -88.0   53.463  127.498   1617.8    785.2
     1     1    21     1    25     4     0     0   -89.0   53.431  127.520   1636.1    784.0
     1     1    21     1    25     3     0     0   -90.0   53.427  127.502   1654.2    782.5
     1     1    21     1    25     2     0     0   -91.0   53.452  127.443   1671.7    780.2
     1     1    21     1    25     1     0     0   -92.0   53.505  127.344   1688.3    777.4
     1     1    21     1    25     0     0     0   -93.0   53.586  127.205   1704.0    774.0
     1     1    21     1    24    23     0     0   -94.0   53.692  127.032   1719.7    770.1
     1     1    21     1    24    22     0     0   -95.0   53.819  126.833   1736.3    765.7
     1     1    21     1    24    21     0     0   -96.0   53.965  126.605   1754.3    761.0
