     2     1
    CDC1    20    12     1     0     0
    CDC1    21     1     1     0     0
     1 BACKWARD OMEGA   
  2021     1    19     9   37.500  127.000   500.0
     1 PRESSURE
     1     1    21     1    19     9     0     0     0.0   37.500  127.000    500.0    947.9
     1     1    21     1    19     8     0     0    -1.0   37.515  126.968    542.5    943.2
     1     1    21     1    19     7     0     0    -2.0   37.549  126.937    590.2    937.3
     1     1    21     1    19     6     0     0    -3.0   37.604  126.906    643.4    930.4
     1     1    21     1    19     5     0     0    -4.0   37.678  126.862    702.6    921.8
     1     1    21     1    19     4     0     0    -5.0   37.774  126.793    767.4    912.5
     1     1    21     1    19     3     0     0    -6.0   37.892  126.698    837.9    902.8
     1     1    21     1    19     2     0     0    -7.0   38.035  126.577    913.7    892.5
     1     1    21     1    19     1     0     0    -8.0   38.207  126.427    994.6    880.8
     1     1    21     1    19     0     0     0    -9.0   38.414  126.242   1080.0    868.5
     1     1    21     1    18    23     0     0   -10.0   38.656  126.025   1170.4    855.8
     1     1    21     1    18    22     0     0   -11.0   38.934  125.777   1266.1    842.8
     1     1    21     1    18    21     0     0   -12.0   39.246  125.495   1366.6    828.8
     1     1    21     1    18    20     0     0   -13.0   39.590  125.180   1470.6    814.7
     1     1    21     1    18    19     0     0   -14.0   39.965  124.831   1577.7    801.1
     1     1    21     1    18    18     0     0   -15.0   40.358  124.449   1687.5    791.2
     1     1    21     1    18    17     0     0   -16.0   40.758  124.028   1798.4    781.4
     1     1    21     1    18    16     0     0   -17.0   41.169  123.565   1912.0    771.2
     1     1    21     1    18    15     0     0   -18.0   41.597  123.073   2026.4    761.0
     1     1    21     1    18    14     0     0   -19.0   42.049  122.560   2139.7    750.7
     1     1    21     1    18    13     0     0   -20.0   42.538  122.020   2240.8    730.6
     1     1    21     1    18    12     0     0   -21.0   43.060  121.438   2333.6    711.4
     1     1    21     1    18    11     0     0   -22.0   43.607  120.809   2410.2    692.1
     1     1    21     1    18    10     0     0   -23.0   44.191  120.131   2471.2    672.3
     1     1    21     1    18     9     0     0   -24.0   44.817  119.406   2526.4    652.8
     1     1    21     1    18     8     0     0   -25.0   45.470  118.651   2586.6    638.0
     1     1    21     1    18     7     0     0   -26.0   46.132  117.892   2656.6    628.8
     1     1    21     1    18     6     0     0   -27.0   46.785  117.152   2737.1    625.7
     1     1    21     1    18     5     0     0   -28.0   47.419  116.452   2819.5    625.0
     1     1    21     1    18     4     0     0   -29.0   48.039  115.798   2891.1    620.8
     1     1    21     1    18     3     0     0   -30.0   48.669  115.194   2956.7    616.0
     1     1    21     1    18     2     0     0   -31.0   49.323  114.640   3009.8    607.1
     1     1    21     1    18     1     0     0   -32.0   50.010  114.133   3049.0    596.8
     1     1    21     1    18     0     0     0   -33.0   50.723  113.648   3076.3    586.7
     1     1    21     1    17    23     0     0   -34.0   51.440  113.153   3103.9    578.1
     1     1    21     1    17    22     0     0   -35.0   52.151  112.655   3136.0    570.6
     1     1    21     1    17    21     0     0   -36.0   52.863  112.161   3177.2    564.2
     1     1    21     1    17    20     0     0   -37.0   53.580  111.663   3222.8    557.4
     1     1    21     1    17    19     0     0   -38.0   54.308  111.149   3272.2    551.3
     1     1    21     1    17    18     0     0   -39.0   55.054  110.612   3324.1    546.7
     1     1    21     1    17    17     0     0   -40.0   55.788  110.070   3392.3    551.0
     1     1    21     1    17    16     0     0   -41.0   56.476  109.553   3462.7    556.2
     1     1    21     1    17    15     0     0   -42.0   57.121  109.071   3534.4    559.1
     1     1    21     1    17    14     0     0   -43.0   57.740  108.629   3614.7    560.9
     1     1    21     1    17    13     0     0   -44.0   58.344  108.237   3708.6    563.1
     1     1    21     1    17    12     0     0   -45.0   58.940  107.898   3812.1    563.5
     1     1    21     1    17    11     0     0   -46.0   59.511  107.610   3919.1    561.5
     1     1    21     1    17    10     0     0   -47.0   60.043  107.376   4016.4    559.0
     1     1    21     1    17     9     0     0   -48.0   60.546  107.194   4093.0    550.9
     1     1    21     1    17     8     0     0   -49.0   61.024  107.059   4164.2    543.6
     1     1    21     1    17     7     0     0   -50.0   61.473  106.988   4231.1    537.0
     1     1    21     1    17     6     0     0   -51.0   61.888  106.996   4294.0    531.0
     1     1    21     1    17     5     0     0   -52.0   62.270  107.074   4353.1    525.0
     1     1    21     1    17     4     0     0   -53.0   62.626  107.206   4413.5    519.1
     1     1    21     1    17     3     0     0   -54.0   62.957  107.392   4473.4    513.1
     1     1    21     1    17     2     0     0   -55.0   63.266  107.631   4531.5    507.2
     1     1    21     1    17     1     0     0   -56.0   63.551  107.928   4587.2    501.4
     1     1    21     1    17     0     0     0   -57.0   63.813  108.287   4640.5    495.8
     1     1    21     1    16    23     0     0   -58.0   64.052  108.707   4690.7    490.5
     1     1    21     1    16    22     0     0   -59.0   64.273  109.187   4740.6    485.1
     1     1    21     1    16    21     0     0   -60.0   64.480  109.731   4789.4    479.8
     1     1    21     1    16    20     0     0   -61.0   64.676  110.343   4839.8    475.3
     1     1    21     1    16    19     0     0   -62.0   64.867  111.021   4891.6    472.0
     1     1    21     1    16    18     0     0   -63.0   65.054  111.768   4943.0    469.4
     1     1    21     1    16    17     0     0   -64.0   65.237  112.584   4993.5    467.7
     1     1    21     1    16    16     0     0   -65.0   65.410  113.448   5042.9    469.1
     1     1    21     1    16    15     0     0   -66.0   65.569  114.344   5084.6    470.8
     1     1    21     1    16    14     0     0   -67.0   65.710  115.264   5118.8    472.9
     1     1    21     1    16    13     0     0   -68.0   65.828  116.189   5145.1    475.5
     1     1    21     1    16    12     0     0   -69.0   65.919  117.107   5163.0    478.5
     1     1    21     1    16    11     0     0   -70.0   65.987  118.048   5172.0    480.4
     1     1    21     1    16    10     0     0   -71.0   66.032  119.044   5179.2    480.6
     1     1    21     1    16     9     0     0   -72.0   66.059  120.086   5187.1    480.4
     1     1    21     1    16     8     0     0   -73.0   66.070  121.171   5181.0    476.2
     1     1    21     1    16     7     0     0   -74.0   66.071  122.295   5174.6    472.0
     1     1    21     1    16     6     0     0   -75.0   66.067  123.451   5161.5    466.2
     1     1    21     1    16     5     0     0   -76.0   66.064  124.624   5143.7    460.2
     1     1    21     1    16     4     0     0   -77.0   66.063  125.796   5123.9    455.8
     1     1    21     1    16     3     0     0   -78.0   66.061  126.960   5100.8    452.2
     1     1    21     1    16     2     0     0   -79.0   66.058  128.109   5078.3    450.3
     1     1    21     1    16     1     0     0   -80.0   66.050  129.237   5056.4    449.7
     1     1    21     1    16     0     0     0   -81.0   66.037  130.339   5032.5    449.8
     1     1    21     1    15    23     0     0   -82.0   66.021  131.419   5008.0    450.9
     1     1    21     1    15    22     0     0   -83.0   66.006  132.489   4977.6    452.4
     1     1    21     1    15    21     0     0   -84.0   65.992  133.563   4938.4    452.7
     1     1    21     1    15    20     0     0   -85.0   65.979  134.654   4895.8    453.2
     1     1    21     1    15    19     0     0   -86.0   65.966  135.767   4846.6    452.9
     1     1    21     1    15    18     0     0   -87.0   65.952  136.908   4792.5    452.2
     1     1    21     1    15    17     0     0   -88.0   65.934  138.077   4738.9    452.0
     1     1    21     1    15    16     0     0   -89.0   65.910  139.268   4688.6    451.6
     1     1    21     1    15    15     0     0   -90.0   65.882  140.478   4646.5    452.3
     1     1    21     1    15    14     0     0   -91.0   65.850  141.695   4616.1    454.8
     1     1    21     1    15    13     0     0   -92.0   65.817  142.909   4594.3    458.3
     1     1    21     1    15    12     0     0   -93.0   65.784  144.111   4585.7    464.4
     1     1    21     1    15    11     0     0   -94.0   65.750  145.299   4580.3    471.0
     1     1    21     1    15    10     0     0   -95.0   65.720  146.471   4577.9    479.5
     1     1    21     1    15     9     0     0   -96.0   65.694  147.621   4573.9    487.9
