     2     1
    CDC1    21    10     1     0     0
    CDC1    21    11     1     0     0
     1 BACKWARD OMEGA   
  2021    11    18    12   37.500  127.000   500.0
     1 PRESSURE
     1     1    21    11    18    12     0     0     0.0   37.500  127.000    500.0    938.4
     1     1    21    11    18    11     0     0    -1.0   37.339  126.628    502.9    940.3
     1     1    21    11    18    10     0     0    -2.0   37.183  126.269    506.6    942.0
     1     1    21    11    18     9     0     0    -3.0   37.029  125.927    510.4    943.8
     1     1    21    11    18     8     0     0    -4.0   36.875  125.603    513.9    945.5
     1     1    21    11    18     7     0     0    -5.0   36.719  125.301    516.6    947.3
     1     1    21    11    18     6     0     0    -6.0   36.559  125.023    518.3    949.0
     1     1    21    11    18     5     0     0    -7.0   36.406  124.765    520.8    950.2
     1     1    21    11    18     4     0     0    -8.0   36.268  124.519    526.5    950.6
     1     1    21    11    18     3     0     0    -9.0   36.145  124.281    535.7    950.4
     1     1    21    11    18     2     0     0   -10.0   36.037  124.052    548.7    949.8
     1     1    21    11    18     1     0     0   -11.0   35.943  123.827    565.6    948.7
     1     1    21    11    18     0     0     0   -12.0   35.864  123.606    586.9    947.1
     1     1    21    11    17    23     0     0   -13.0   35.793  123.381    606.5    944.6
     1     1    21    11    17    22     0     0   -14.0   35.723  123.147    618.8    943.4
     1     1    21    11    17    21     0     0   -15.0   35.653  122.902    623.2    943.1
     1     1    21    11    17    20     0     0   -16.0   35.580  122.647    619.4    943.5
     1     1    21    11    17    19     0     0   -17.0   35.505  122.383    607.9    944.6
     1     1    21    11    17    18     0     0   -18.0   35.427  122.109    590.1    946.0
     1     1    21    11    17    17     0     0   -19.0   35.340  121.842    572.6    948.2
     1     1    21    11    17    16     0     0   -20.0   35.241  121.599    560.4    949.0
     1     1    21    11    17    15     0     0   -21.0   35.132  121.379    553.3    949.3
     1     1    21    11    17    14     0     0   -22.0   35.012  121.183    551.3    948.8
     1     1    21    11    17    13     0     0   -23.0   34.886  121.011    554.1    948.3
     1     1    21    11    17    12     0     0   -24.0   34.755  120.866    561.3    947.4
     1     1    21    11    17    11     0     0   -25.0   34.621  120.737    570.8    946.2
     1     1    21    11    17    10     0     0   -26.0   34.487  120.616    580.9    945.2
     1     1    21    11    17     9     0     0   -27.0   34.351  120.503    591.3    944.3
     1     1    21    11    17     8     0     0   -28.0   34.213  120.398    601.8    943.4
     1     1    21    11    17     7     0     0   -29.0   34.073  120.301    612.3    942.5
     1     1    21    11    17     6     0     0   -30.0   33.931  120.214    622.4    941.8
     1     1    21    11    17     5     0     0   -31.0   33.792  120.144    632.8    941.0
     1     1    21    11    17     4     0     0   -32.0   33.662  120.096    644.2    940.0
     1     1    21    11    17     3     0     0   -33.0   33.543  120.073    656.4    938.9
     1     1    21    11    17     2     0     0   -34.0   33.435  120.073    669.6    937.7
     1     1    21    11    17     1     0     0   -35.0   33.338  120.096    683.6    936.5
     1     1    21    11    17     0     0     0   -36.0   33.252  120.143    698.7    935.3
     1     1    21    11    16    23     0     0   -37.0   33.173  120.203    714.0    934.0
     1     1    21    11    16    22     0     0   -38.0   33.094  120.270    728.2    932.9
     1     1    21    11    16    21     0     0   -39.0   33.015  120.344    741.2    932.1
     1     1    21    11    16    20     0     0   -40.0   32.936  120.424    753.1    931.4
     1     1    21    11    16    19     0     0   -41.0   32.856  120.512    763.6    931.0
     1     1    21    11    16    18     0     0   -42.0   32.774  120.607    772.8    930.7
     1     1    21    11    16    17     0     0   -43.0   32.702  120.713    782.5    930.3
     1     1    21    11    16    16     0     0   -44.0   32.648  120.831    795.9    929.3
     1     1    21    11    16    15     0     0   -45.0   32.614  120.959    813.0    927.8
     1     1    21    11    16    14     0     0   -46.0   32.598  121.092    834.4    926.0
     1     1    21    11    16    13     0     0   -47.0   32.599  121.229    860.3    923.6
     1     1    21    11    16    12     0     0   -48.0   32.617  121.366    891.2    920.8
     1     1    21    11    16    11     0     0   -49.0   32.645  121.498    924.7    917.6
     1     1    21    11    16    10     0     0   -50.0   32.679  121.622    957.5    914.4
     1     1    21    11    16     9     0     0   -51.0   32.719  121.736    989.5    911.0
     1     1    21    11    16     8     0     0   -52.0   32.765  121.840   1020.2    907.8
     1     1    21    11    16     7     0     0   -53.0   32.818  121.937   1049.8    904.7
     1     1    21    11    16     6     0     0   -54.0   32.877  122.026   1078.0    901.7
     1     1    21    11    16     5     0     0   -55.0   32.939  122.111   1104.5    898.7
     1     1    21    11    16     4     0     0   -56.0   33.001  122.194   1129.5    896.0
     1     1    21    11    16     3     0     0   -57.0   33.062  122.274   1152.5    893.5
     1     1    21    11    16     2     0     0   -58.0   33.122  122.352   1173.4    891.2
     1     1    21    11    16     1     0     0   -59.0   33.183  122.427   1191.9    889.2
     1     1    21    11    16     0     0     0   -60.0   33.244  122.500   1207.9    887.4
     1     1    21    11    15    23     0     0   -61.0   33.304  122.561   1221.4    885.7
     1     1    21    11    15    22     0     0   -62.0   33.360  122.602   1231.4    884.4
     1     1    21    11    15    21     0     0   -63.0   33.412  122.625   1238.5    883.4
     1     1    21    11    15    20     0     0   -64.0   33.459  122.632   1242.4    882.7
     1     1    21    11    15    19     0     0   -65.0   33.501  122.623   1243.3    882.4
     1     1    21    11    15    18     0     0   -66.0   33.537  122.600   1241.3    882.5
     1     1    21    11    15    17     0     0   -67.0   33.568  122.565   1238.7    882.8
     1     1    21    11    15    16     0     0   -68.0   33.593  122.522   1238.4    882.7
     1     1    21    11    15    15     0     0   -69.0   33.613  122.471   1240.1    882.2
     1     1    21    11    15    14     0     0   -70.0   33.627  122.412   1243.7    881.4
     1     1    21    11    15    13     0     0   -71.0   33.636  122.344   1249.3    880.4
     1     1    21    11    15    12     0     0   -72.0   33.639  122.269   1256.9    879.2
     1     1    21    11    15    11     0     0   -73.0   33.638  122.187   1266.0    878.0
     1     1    21    11    15    10     0     0   -74.0   33.634  122.101   1274.7    876.9
     1     1    21    11    15     9     0     0   -75.0   33.626  122.011   1283.2    875.8
     1     1    21    11    15     8     0     0   -76.0   33.614  121.918   1291.5    874.7
     1     1    21    11    15     7     0     0   -77.0   33.597  121.820   1299.3    873.6
     1     1    21    11    15     6     0     0   -78.0   33.574  121.719   1306.5    872.6
     1     1    21    11    15     5     0     0   -79.0   33.549  121.616   1314.3    871.6
     1     1    21    11    15     4     0     0   -80.0   33.529  121.512   1324.1    870.3
     1     1    21    11    15     3     0     0   -81.0   33.514  121.408   1335.8    868.7
     1     1    21    11    15     2     0     0   -82.0   33.504  121.303   1349.6    866.8
     1     1    21    11    15     1     0     0   -83.0   33.499  121.197   1365.2    864.8
     1     1    21    11    15     0     0     0   -84.0   33.499  121.088   1382.9    862.5
     1     1    21    11    14    23     0     0   -85.0   33.500  120.973   1398.3    859.9
     1     1    21    11    14    22     0     0   -86.0   33.499  120.850   1407.1    858.5
     1     1    21    11    14    21     0     0   -87.0   33.497  120.718   1409.6    857.7
     1     1    21    11    14    20     0     0   -88.0   33.492  120.579   1405.7    857.7
     1     1    21    11    14    19     0     0   -89.0   33.485  120.433   1395.6    858.3
     1     1    21    11    14    18     0     0   -90.0   33.476  120.279   1379.4    859.7
     1     1    21    11    14    17     0     0   -91.0   33.470  120.126   1359.9    861.3
     1     1    21    11    14    16     0     0   -92.0   33.473  119.983   1341.1    862.6
     1     1    21    11    14    15     0     0   -93.0   33.485  119.850   1323.0    864.1
     1     1    21    11    14    14     0     0   -94.0   33.505  119.728   1305.9    865.4
     1     1    21    11    14    13     0     0   -95.0   33.534  119.616   1289.4    866.6
     1     1    21    11    14    12     0     0   -96.0   33.570  119.515   1273.7    867.7
