     2     1
    CDC1    21     3     1     0     0
    CDC1    21     4     1     0     0
     1 BACKWARD OMEGA   
  2021     4    15     6   37.500  127.000   500.0
     1 PRESSURE
     1     1    21     4    15     6     0     0     0.0   37.500  127.000    500.0    938.9
     1     1    21     4    15     5     0     0    -1.0   37.331  126.894    516.4    938.3
     1     1    21     4    15     4     0     0    -2.0   37.179  126.808    531.3    937.8
     1     1    21     4    15     3     0     0    -3.0   37.046  126.743    545.2    937.3
     1     1    21     4    15     2     0     0    -4.0   36.929  126.696    558.3    936.7
     1     1    21     4    15     1     0     0    -5.0   36.829  126.667    570.8    936.0
     1     1    21     4    15     0     0     0    -6.0   36.746  126.657    583.0    935.2
     1     1    21     4    14    23     0     0    -7.0   36.683  126.642    594.7    933.9
     1     1    21     4    14    22     0     0    -8.0   36.640  126.599    605.1    933.0
     1     1    21     4    14    21     0     0    -9.0   36.616  126.525    613.5    932.4
     1     1    21     4    14    20     0     0   -10.0   36.608  126.419    619.1    932.2
     1     1    21     4    14    19     0     0   -11.0   36.616  126.281    621.3    932.6
     1     1    21     4    14    18     0     0   -12.0   36.635  126.109    619.5    933.6
     1     1    21     4    14    17     0     0   -13.0   36.656  125.914    617.9    935.3
     1     1    21     4    14    16     0     0   -14.0   36.676  125.709    621.9    936.1
     1     1    21     4    14    15     0     0   -15.0   36.697  125.495    632.4    936.3
     1     1    21     4    14    14     0     0   -16.0   36.721  125.271    650.2    935.5
     1     1    21     4    14    13     0     0   -17.0   36.752  125.039    676.5    933.7
     1     1    21     4    14    12     0     0   -18.0   36.790  124.799    712.2    930.1
     1     1    21     4    14    11     0     0   -19.0   36.835  124.553    748.5    925.2
     1     1    21     4    14    10     0     0   -20.0   36.886  124.304    777.1    922.4
     1     1    21     4    14     9     0     0   -21.0   36.941  124.050    797.5    920.6
     1     1    21     4    14     8     0     0   -22.0   37.001  123.792    809.7    919.9
     1     1    21     4    14     7     0     0   -23.0   37.066  123.530    813.7    920.1
     1     1    21     4    14     6     0     0   -24.0   37.136  123.264    809.6    921.4
     1     1    21     4    14     5     0     0   -25.0   37.211  122.993    803.4    923.3
     1     1    21     4    14     4     0     0   -26.0   37.292  122.712    801.8    924.1
     1     1    21     4    14     3     0     0   -27.0   37.380  122.423    805.2    924.2
     1     1    21     4    14     2     0     0   -28.0   37.476  122.125    814.0    923.2
     1     1    21     4    14     1     0     0   -29.0   37.584  121.822    829.2    921.2
     1     1    21     4    14     0     0     0   -30.0   37.709  121.515    851.4    918.1
     1     1    21     4    13    23     0     0   -31.0   37.845  121.202    879.8    914.4
     1     1    21     4    13    22     0     0   -32.0   37.983  120.878    912.9    910.2
     1     1    21     4    13    21     0     0   -33.0   38.123  120.542    951.5    905.2
     1     1    21     4    13    20     0     0   -34.0   38.268  120.196    996.4    899.0
     1     1    21     4    13    19     0     0   -35.0   38.422  119.840   1047.4    891.1
     1     1    21     4    13    18     0     0   -36.0   38.589  119.471   1104.0    881.0
     1     1    21     4    13    17     0     0   -37.0   38.775  119.096   1165.2    869.6
     1     1    21     4    13    16     0     0   -38.0   38.981  118.717   1229.2    857.1
     1     1    21     4    13    15     0     0   -39.0   39.207  118.328   1295.4    843.4
     1     1    21     4    13    14     0     0   -40.0   39.453  117.922   1363.6    827.6
     1     1    21     4    13    13     0     0   -41.0   39.718  117.491   1434.1    810.3
     1     1    21     4    13    12     0     0   -42.0   40.007  117.032   1506.1    788.7
     1     1    21     4    13    11     0     0   -43.0   40.304  116.557   1573.6    765.5
     1     1    21     4    13    10     0     0   -44.0   40.592  116.075   1629.9    745.4
     1     1    21     4    13     9     0     0   -45.0   40.870  115.577   1670.8    728.0
     1     1    21     4    13     8     0     0   -46.0   41.136  115.058   1693.2    713.4
     1     1    21     4    13     7     0     0   -47.0   41.388  114.519   1699.1    706.5
     1     1    21     4    13     6     0     0   -48.0   41.622  113.965   1687.1    704.3
     1     1    21     4    13     5     0     0   -49.0   41.848  113.419   1668.4    706.0
     1     1    21     4    13     4     0     0   -50.0   42.076  112.907   1653.4    707.9
     1     1    21     4    13     3     0     0   -51.0   42.304  112.431   1640.9    711.3
     1     1    21     4    13     2     0     0   -52.0   42.531  111.993   1630.3    715.2
     1     1    21     4    13     1     0     0   -53.0   42.756  111.588   1622.2    719.4
     1     1    21     4    13     0     0     0   -54.0   42.978  111.205   1616.1    722.7
     1     1    21     4    12    23     0     0   -55.0   43.198  110.833   1612.8    725.5
     1     1    21     4    12    22     0     0   -56.0   43.419  110.466   1613.2    727.5
     1     1    21     4    12    21     0     0   -57.0   43.639  110.107   1617.2    728.5
     1     1    21     4    12    20     0     0   -58.0   43.860  109.761   1623.8    727.3
     1     1    21     4    12    19     0     0   -59.0   44.087  109.428   1634.4    724.8
     1     1    21     4    12    18     0     0   -60.0   44.319  109.111   1648.9    721.9
     1     1    21     4    12    17     0     0   -61.0   44.560  108.807   1667.7    718.5
     1     1    21     4    12    16     0     0   -62.0   44.808  108.513   1689.8    714.7
     1     1    21     4    12    15     0     0   -63.0   45.065  108.229   1713.7    710.0
     1     1    21     4    12    14     0     0   -64.0   45.329  107.948   1735.8    703.9
     1     1    21     4    12    13     0     0   -65.0   45.599  107.664   1754.1    698.6
     1     1    21     4    12    12     0     0   -66.0   45.873  107.374   1766.9    694.7
     1     1    21     4    12    11     0     0   -67.0   46.155  107.079   1779.4    691.8
     1     1    21     4    12    10     0     0   -68.0   46.448  106.784   1798.5    688.4
     1     1    21     4    12     9     0     0   -69.0   46.758  106.495   1824.1    685.1
     1     1    21     4    12     8     0     0   -70.0   47.085  106.216   1856.5    681.6
     1     1    21     4    12     7     0     0   -71.0   47.432  105.955   1895.8    678.1
     1     1    21     4    12     6     0     0   -72.0   47.796  105.708   1943.8    677.2
     1     1    21     4    12     5     0     0   -73.0   48.174  105.463   1992.3    676.1
     1     1    21     4    12     4     0     0   -74.0   48.572  105.211   2039.7    675.9
     1     1    21     4    12     3     0     0   -75.0   48.990  104.957   2083.2    675.5
     1     1    21     4    12     2     0     0   -76.0   49.431  104.705   2118.1    672.1
     1     1    21     4    12     1     0     0   -77.0   49.896  104.462   2146.9    669.3
     1     1    21     4    12     0     0     0   -78.0   50.378  104.223   2172.1    669.7
     1     1    21     4    11    23     0     0   -79.0   50.846  103.972   2189.1    670.9
     1     1    21     4    11    22     0     0   -80.0   51.279  103.702   2195.3    672.3
     1     1    21     4    11    21     0     0   -81.0   51.680  103.429   2191.3    673.9
     1     1    21     4    11    20     0     0   -82.0   52.050  103.162   2177.4    675.9
     1     1    21     4    11    19     0     0   -83.0   52.388  102.914   2153.5    678.5
     1     1    21     4    11    18     0     0   -84.0   52.691  102.695   2123.6    683.9
     1     1    21     4    11    17     0     0   -85.0   52.976  102.498   2094.9    691.1
     1     1    21     4    11    16     0     0   -86.0   53.258  102.310   2069.6    698.0
     1     1    21     4    11    15     0     0   -87.0   53.536  102.128   2050.1    704.9
     1     1    21     4    11    14     0     0   -88.0   53.812  101.946   2037.1    711.6
     1     1    21     4    11    13     0     0   -89.0   54.086  101.759   2031.3    717.9
     1     1    21     4    11    12     0     0   -90.0   54.359  101.563   2033.2    723.9
     1     1    21     4    11    11     0     0   -91.0   54.628  101.367   2041.5    729.1
     1     1    21     4    11    10     0     0   -92.0   54.896  101.187   2054.0    734.8
     1     1    21     4    11     9     0     0   -93.0   55.167  101.030   2066.7    737.8
     1     1    21     4    11     8     0     0   -94.0   55.446  100.898   2079.3    739.4
     1     1    21     4    11     7     0     0   -95.0   55.732  100.791   2092.9    741.7
     1     1    21     4    11     6     0     0   -96.0   56.026  100.704   2106.3    744.6
