     2     1
    CDC1    21     6     1     0     0
    CDC1    21     7     1     0     0
     1 BACKWARD OMEGA   
  2021     7    12     0   37.500  127.000   500.0
     1 PRESSURE
     1     1    21     7    12     0     0     0     0.0   37.500  127.000    500.0    936.5
     1     1    21     7    11    23     0     0    -1.0   37.431  126.959    515.8    934.7
     1     1    21     7    11    22     0     0    -2.0   37.363  126.902    529.6    933.4
     1     1    21     7    11    21     0     0    -3.0   37.297  126.830    541.5    932.4
     1     1    21     7    11    20     0     0    -4.0   37.231  126.745    551.4    931.7
     1     1    21     7    11    19     0     0    -5.0   37.164  126.648    559.2    931.3
     1     1    21     7    11    18     0     0    -6.0   37.096  126.542    565.1    931.1
     1     1    21     7    11    17     0     0    -7.0   37.026  126.435    569.9    931.3
     1     1    21     7    11    16     0     0    -8.0   36.958  126.334    574.5    931.4
     1     1    21     7    11    15     0     0    -9.0   36.892  126.240    578.8    931.4
     1     1    21     7    11    14     0     0   -10.0   36.832  126.155    582.7    931.5
     1     1    21     7    11    13     0     0   -11.0   36.779  126.077    586.2    931.5
     1     1    21     7    11    12     0     0   -12.0   36.734  126.009    589.3    931.5
     1     1    21     7    11    11     0     0   -13.0   36.687  125.937    592.2    931.9
     1     1    21     7    11    10     0     0   -14.0   36.626  125.850    594.7    932.3
     1     1    21     7    11     9     0     0   -15.0   36.551  125.748    597.1    932.9
     1     1    21     7    11     8     0     0   -16.0   36.462  125.630    599.5    933.6
     1     1    21     7    11     7     0     0   -17.0   36.358  125.497    602.0    934.4
     1     1    21     7    11     6     0     0   -18.0   36.241  125.347    604.9    935.3
     1     1    21     7    11     5     0     0   -19.0   36.115  125.193    606.5    935.9
     1     1    21     7    11     4     0     0   -20.0   35.985  125.047    605.4    936.8
     1     1    21     7    11     3     0     0   -21.0   35.850  124.910    601.3    937.6
     1     1    21     7    11     2     0     0   -22.0   35.710  124.780    594.4    938.5
     1     1    21     7    11     1     0     0   -23.0   35.564  124.656    584.7    939.7
     1     1    21     7    11     0     0     0   -24.0   35.413  124.537    572.3    941.1
     1     1    21     7    10    23     0     0   -25.0   35.258  124.423    558.3    942.8
     1     1    21     7    10    22     0     0   -26.0   35.102  124.313    543.8    944.4
     1     1    21     7    10    21     0     0   -27.0   34.944  124.206    528.9    946.1
     1     1    21     7    10    20     0     0   -28.0   34.783  124.101    513.4    948.1
     1     1    21     7    10    19     0     0   -29.0   34.617  123.998    497.3    950.2
     1     1    21     7    10    18     0     0   -30.0   34.443  123.897    480.7    952.5
     1     1    21     7    10    17     0     0   -31.0   34.266  123.789    465.6    954.7
     1     1    21     7    10    16     0     0   -32.0   34.092  123.668    453.7    956.4
     1     1    21     7    10    15     0     0   -33.0   33.924  123.532    444.9    957.8
     1     1    21     7    10    14     0     0   -34.0   33.765  123.381    439.4    958.8
     1     1    21     7    10    13     0     0   -35.0   33.616  123.214    437.1    959.4
     1     1    21     7    10    12     0     0   -36.0   33.481  123.030    438.3    959.7
     1     1    21     7    10    11     0     0   -37.0   33.347  122.843    441.3    959.9
     1     1    21     7    10    10     0     0   -38.0   33.201  122.665    444.4    960.4
     1     1    21     7    10     9     0     0   -39.0   33.043  122.497    447.5    960.9
     1     1    21     7    10     8     0     0   -40.0   32.873  122.337    450.0    960.6
     1     1    21     7    10     7     0     0   -41.0   32.691  122.185    452.0    960.5
     1     1    21     7    10     6     0     0   -42.0   32.497  122.039    453.3    960.4
     1     1    21     7    10     5     0     0   -43.0   32.304  121.888    454.6    958.7
     1     1    21     7    10     4     0     0   -44.0   32.125  121.720    457.0    956.5
     1     1    21     7    10     3     0     0   -45.0   31.962  121.533    460.8    954.1
     1     1    21     7    10     2     0     0   -46.0   31.815  121.327    466.3    951.3
     1     1    21     7    10     1     0     0   -47.0   31.685  121.099    473.5    948.2
     1     1    21     7    10     0     0     0   -48.0   31.575  120.847    482.4    944.8
     1     1    21     7     9    23     0     0   -49.0   31.468  120.577    491.7    941.2
     1     1    21     7     9    22     0     0   -50.0   31.343  120.295    500.3    937.6
     1     1    21     7     9    21     0     0   -51.0   31.200  120.003    508.4    933.7
     1     1    21     7     9    20     0     0   -52.0   31.033  119.704    515.7    930.3
     1     1    21     7     9    19     0     0   -53.0   30.839  119.398    521.3    926.9
     1     1    21     7     9    18     0     0   -54.0   30.616  119.085    524.7    923.3
     1     1    21     7     9    17     0     0   -55.0   30.378  118.777    526.9    919.8
     1     1    21     7     9    16     0     0   -56.0   30.137  118.481    529.8    916.1
     1     1    21     7     9    15     0     0   -57.0   29.895  118.198    534.0    912.6
     1     1    21     7     9    14     0     0   -58.0   29.658  117.934    539.8    909.4
     1     1    21     7     9    13     0     0   -59.0   29.429  117.689    547.6    905.9
     1     1    21     7     9    12     0     0   -60.0   29.210  117.465    558.3    902.8
     1     1    21     7     9    11     0     0   -61.0   29.008  117.245    569.8    902.4
     1     1    21     7     9    10     0     0   -62.0   28.826  117.015    578.6    902.7
     1     1    21     7     9     9     0     0   -63.0   28.663  116.773    585.2    903.3
     1     1    21     7     9     8     0     0   -64.0   28.515  116.518    590.3    904.2
     1     1    21     7     9     7     0     0   -65.0   28.382  116.249    594.4    905.3
     1     1    21     7     9     6     0     0   -66.0   28.263  115.964    598.1    906.5
     1     1    21     7     9     5     0     0   -67.0   28.146  115.664    604.9    907.9
     1     1    21     7     9     4     0     0   -68.0   28.018  115.351    617.9    908.3
     1     1    21     7     9     3     0     0   -69.0   27.877  115.028    637.2    907.6
     1     1    21     7     9     2     0     0   -70.0   27.723  114.699    662.1    904.1
     1     1    21     7     9     1     0     0   -71.0   27.556  114.372    692.9    900.1
     1     1    21     7     9     0     0     0   -72.0   27.376  114.052    729.6    896.1
     1     1    21     7     8    23     0     0   -73.0   27.185  113.750    766.2    891.5
     1     1    21     7     8    22     0     0   -74.0   26.984  113.466    796.8    887.9
     1     1    21     7     8    21     0     0   -75.0   26.773  113.199    822.2    884.7
     1     1    21     7     8    20     0     0   -76.0   26.554  112.947    842.9    881.8
     1     1    21     7     8    19     0     0   -77.0   26.325  112.710    859.3    879.2
     1     1    21     7     8    18     0     0   -78.0   26.089  112.487    872.1    876.6
     1     1    21     7     8    17     0     0   -79.0   25.851  112.283    884.3    873.2
     1     1    21     7     8    16     0     0   -80.0   25.618  112.103    898.9    870.0
     1     1    21     7     8    15     0     0   -81.0   25.388  111.945    915.4    867.3
     1     1    21     7     8    14     0     0   -82.0   25.160  111.807    933.0    864.8
     1     1    21     7     8    13     0     0   -83.0   24.933  111.688    951.2    863.2
     1     1    21     7     8    12     0     0   -84.0   24.708  111.591    969.1    863.3
     1     1    21     7     8    11     0     0   -85.0   24.482  111.516    983.9    863.9
     1     1    21     7     8    10     0     0   -86.0   24.252  111.461    993.6    865.3
     1     1    21     7     8     9     0     0   -87.0   24.018  111.426    998.4    867.3
     1     1    21     7     8     8     0     0   -88.0   23.781  111.410    998.6    869.8
     1     1    21     7     8     7     0     0   -89.0   23.540  111.414    994.3    872.7
     1     1    21     7     8     6     0     0   -90.0   23.296  111.438    985.8    876.0
     1     1    21     7     8     5     0     0   -91.0   23.044  111.487    973.9    879.3
     1     1    21     7     8     4     0     0   -92.0   22.775  111.570    958.7    882.7
     1     1    21     7     8     3     0     0   -93.0   22.491  111.690    939.6    886.2
     1     1    21     7     8     2     0     0   -94.0   22.191  111.840    917.9    889.1
     1     1    21     7     8     1     0     0   -95.0   21.875  112.012    895.7    892.0
     1     1    21     7     8     0     0     0   -96.0   21.543  112.203    873.3    895.2
