     2     1
    CDC1    21    10     1     0     0
    CDC1    21    11     1     0     0
     1 BACKWARD OMEGA   
  2021    11     5     3   37.500  127.000   500.0
     1 PRESSURE
     1     1    21    11     5     3     0     0     0.0   37.500  127.000    500.0    943.5
     1     1    21    11     5     2     0     0    -1.0   37.460  127.041    518.5    941.6
     1     1    21    11     5     1     0     0    -2.0   37.429  127.079    534.8    940.1
     1     1    21    11     5     0     0     0    -3.0   37.409  127.116    548.5    938.8
     1     1    21    11     4    23     0     0    -4.0   37.399  127.142    560.6    937.3
     1     1    21    11     4    22     0     0    -5.0   37.400  127.150    572.8    935.7
     1     1    21    11     4    21     0     0    -6.0   37.410  127.137    584.6    934.2
     1     1    21    11     4    20     0     0    -7.0   37.428  127.105    595.8    932.9
     1     1    21    11     4    19     0     0    -8.0   37.453  127.051    606.1    931.8
     1     1    21    11     4    18     0     0    -9.0   37.484  126.976    615.1    931.0
     1     1    21    11     4    17     0     0   -10.0   37.516  126.882    624.1    930.3
     1     1    21    11     4    16     0     0   -11.0   37.544  126.774    634.7    929.1
     1     1    21    11     4    15     0     0   -12.0   37.568  126.655    647.3    927.8
     1     1    21    11     4    14     0     0   -13.0   37.589  126.523    662.0    926.3
     1     1    21    11     4    13     0     0   -14.0   37.606  126.379    679.1    924.8
     1     1    21    11     4    12     0     0   -15.0   37.619  126.224    698.8    923.2
     1     1    21    11     4    11     0     0   -16.0   37.626  126.066    718.8    921.3
     1     1    21    11     4    10     0     0   -17.0   37.629  125.915    736.7    919.9
     1     1    21    11     4     9     0     0   -18.0   37.626  125.770    752.5    918.8
     1     1    21    11     4     8     0     0   -19.0   37.620  125.632    766.1    917.9
     1     1    21    11     4     7     0     0   -20.0   37.611  125.501    777.5    917.3
     1     1    21    11     4     6     0     0   -21.0   37.600  125.377    786.6    916.9
     1     1    21    11     4     5     0     0   -22.0   37.593  125.248    794.9    917.1
     1     1    21    11     4     4     0     0   -23.0   37.597  125.102    803.3    917.1
     1     1    21    11     4     3     0     0   -24.0   37.612  124.936    812.0    916.9
     1     1    21    11     4     2     0     0   -25.0   37.637  124.751    821.4    916.3
     1     1    21    11     4     1     0     0   -26.0   37.672  124.548    832.1    915.5
     1     1    21    11     4     0     0     0   -27.0   37.718  124.326    844.6    914.5
     1     1    21    11     3    23     0     0   -28.0   37.767  124.084    856.8    913.0
     1     1    21    11     3    22     0     0   -29.0   37.810  123.822    866.9    912.2
     1     1    21    11     3    21     0     0   -30.0   37.846  123.539    874.8    911.9
     1     1    21    11     3    20     0     0   -31.0   37.873  123.233    880.5    912.0
     1     1    21    11     3    19     0     0   -32.0   37.890  122.902    884.1    912.5
     1     1    21    11     3    18     0     0   -33.0   37.895  122.546    885.7    913.5
     1     1    21    11     3    17     0     0   -34.0   37.888  122.181    888.1    913.8
     1     1    21    11     3    16     0     0   -35.0   37.873  121.831    894.5    913.2
     1     1    21    11     3    15     0     0   -36.0   37.850  121.496    904.3    912.3
     1     1    21    11     3    14     0     0   -37.0   37.822  121.180    917.2    911.0
     1     1    21    11     3    13     0     0   -38.0   37.790  120.885    932.4    909.5
     1     1    21    11     3    12     0     0   -39.0   37.756  120.613    949.5    907.5
     1     1    21    11     3    11     0     0   -40.0   37.723  120.352    968.3    905.7
     1     1    21    11     3    10     0     0   -41.0   37.693  120.088    989.0    903.7
     1     1    21    11     3     9     0     0   -42.0   37.667  119.818   1012.2    901.2
     1     1    21    11     3     8     0     0   -43.0   37.644  119.544   1038.2    898.3
     1     1    21    11     3     7     0     0   -44.0   37.627  119.263   1068.1    895.0
     1     1    21    11     3     6     0     0   -45.0   37.616  118.975   1102.8    891.3
     1     1    21    11     3     5     0     0   -46.0   37.616  118.685   1142.7    886.9
     1     1    21    11     3     4     0     0   -47.0   37.629  118.402   1186.5    881.9
     1     1    21    11     3     3     0     0   -48.0   37.658  118.125   1234.6    876.2
     1     1    21    11     3     2     0     0   -49.0   37.701  117.854   1287.0    869.9
     1     1    21    11     3     1     0     0   -50.0   37.759  117.589   1343.5    862.2
     1     1    21    11     3     0     0     0   -51.0   37.833  117.324   1402.1    851.4
     1     1    21    11     2    23     0     0   -52.0   37.915  117.036   1458.1    838.8
     1     1    21    11     2    22     0     0   -53.0   37.999  116.707   1508.4    826.7
     1     1    21    11     2    21     0     0   -54.0   38.083  116.338   1554.1    814.6
     1     1    21    11     2    20     0     0   -55.0   38.167  115.932   1597.2    802.2
     1     1    21    11     2    19     0     0   -56.0   38.249  115.491   1640.0    789.4
     1     1    21    11     2    18     0     0   -57.0   38.326  115.017   1685.2    776.0
     1     1    21    11     2    17     0     0   -58.0   38.402  114.527   1732.7    760.0
     1     1    21    11     2    16     0     0   -59.0   38.480  114.035   1781.9    744.0
     1     1    21    11     2    15     0     0   -60.0   38.566  113.544   1831.6    728.4
     1     1    21    11     2    14     0     0   -61.0   38.664  113.055   1880.0    713.1
     1     1    21    11     2    13     0     0   -62.0   38.775  112.569   1925.0    698.5
     1     1    21    11     2    12     0     0   -63.0   38.899  112.086   1966.0    688.5
     1     1    21    11     2    11     0     0   -64.0   39.033  111.586   2001.3    680.9
     1     1    21    11     2    10     0     0   -65.0   39.172  111.046   2034.4    673.2
     1     1    21    11     2     9     0     0   -66.0   39.315  110.466   2068.3    665.8
     1     1    21    11     2     8     0     0   -67.0   39.461  109.847   2107.2    659.2
     1     1    21    11     2     7     0     0   -68.0   39.603  109.196   2156.2    655.7
     1     1    21    11     2     6     0     0   -69.0   39.735  108.521   2213.4    651.9
     1     1    21    11     2     5     0     0   -70.0   39.852  107.843   2275.1    647.2
     1     1    21    11     2     4     0     0   -71.0   39.960  107.177   2338.1    643.4
     1     1    21    11     2     3     0     0   -72.0   40.067  106.528   2402.5    640.2
     1     1    21    11     2     2     0     0   -73.0   40.176  105.893   2465.8    636.9
     1     1    21    11     2     1     0     0   -74.0   40.293  105.268   2527.8    633.4
     1     1    21    11     2     0     0     0   -75.0   40.420  104.647   2584.3    627.9
     1     1    21    11     1    23     0     0   -76.0   40.541  104.014   2634.8    622.8
     1     1    21    11     1    22     0     0   -77.0   40.642  103.362   2675.5    618.8
     1     1    21    11     1    21     0     0   -78.0   40.723  102.693   2709.1    615.7
     1     1    21    11     1    20     0     0   -79.0   40.788  102.009   2728.3    607.9
     1     1    21    11     1    19     0     0   -80.0   40.840  101.314   2741.4    598.4
     1     1    21    11     1    18     0     0   -81.0   40.881  100.613   2753.3    589.3
     1     1    21    11     1    17     0     0   -82.0   40.923   99.909   2765.6    580.4
     1     1    21    11     1    16     0     0   -83.0   40.977   99.207   2787.5    573.0
     1     1    21    11     1    15     0     0   -84.0   41.039   98.507   2817.5    565.5
     1     1    21    11     1    14     0     0   -85.0   41.107   97.804   2854.4    558.2
     1     1    21    11     1    13     0     0   -86.0   41.176   97.098   2907.2    556.6
     1     1    21    11     1    12     0     0   -87.0   41.244   96.397   2969.1    558.7
     1     1    21    11     1    11     0     0   -88.0   41.310   95.707   3026.9    560.9
     1     1    21    11     1    10     0     0   -89.0   41.379   95.027   3076.1    563.5
     1     1    21    11     1     9     0     0   -90.0   41.455   94.358   3122.2    569.4
     1     1    21    11     1     8     0     0   -91.0   41.541   93.701   3159.0    575.5
     1     1    21    11     1     7     0     0   -92.0   41.638   93.050   3186.2    581.8
     1     1    21    11     1     6     0     0   -93.0   41.745   92.402   3202.5    587.4
     1     1    21    11     1     5     0     0   -94.0   41.856   91.760   3201.0    588.8
     1     1    21    11     1     4     0     0   -95.0   41.962   91.132   3186.4    590.6
     1     1    21    11     1     3     0     0   -96.0   42.064   90.516   3159.6    592.7
