     2     1
    CDC1    21     8     1     0     0
    CDC1    21     9     1     0     0
     1 BACKWARD OMEGA   
  2021     9     2    15   37.500  127.000   500.0
     1 PRESSURE
     1     1    21     9     2    15     0     0     0.0   37.500  127.000    500.0    933.1
     1     1    21     9     2    14     0     0    -1.0   37.474  127.094    492.0    933.4
     1     1    21     9     2    13     0     0    -2.0   37.449  127.200    483.6    933.7
     1     1    21     9     2    12     0     0    -3.0   37.424  127.319    474.9    933.9
     1     1    21     9     2    11     0     0    -4.0   37.404  127.446    466.0    934.4
     1     1    21     9     2    10     0     0    -5.0   37.390  127.579    457.8    935.5
     1     1    21     9     2     9     0     0    -6.0   37.383  127.718    450.4    937.0
     1     1    21     9     2     8     0     0    -7.0   37.384  127.863    443.9    938.4
     1     1    21     9     2     7     0     0    -8.0   37.394  128.016    438.4    939.7
     1     1    21     9     2     6     0     0    -9.0   37.413  128.175    434.0    940.9
     1     1    21     9     2     5     0     0   -10.0   37.440  128.346    431.3    942.2
     1     1    21     9     2     4     0     0   -11.0   37.472  128.532    430.4    943.4
     1     1    21     9     2     3     0     0   -12.0   37.513  128.734    431.3    944.1
     1     1    21     9     2     2     0     0   -13.0   37.562  128.949    433.9    944.3
     1     1    21     9     2     1     0     0   -14.0   37.620  129.176    438.1    944.2
     1     1    21     9     2     0     0     0   -15.0   37.688  129.413    444.0    943.9
     1     1    21     9     1    23     0     0   -16.0   37.766  129.654    450.8    943.3
     1     1    21     9     1    22     0     0   -17.0   37.851  129.893    457.9    942.7
     1     1    21     9     1    21     0     0   -18.0   37.941  130.130    465.0    942.8
     1     1    21     9     1    20     0     0   -19.0   38.031  130.363    471.4    943.7
     1     1    21     9     1    19     0     0   -20.0   38.121  130.592    476.5    944.9
     1     1    21     9     1    18     0     0   -21.0   38.209  130.818    479.7    946.5
     1     1    21     9     1    17     0     0   -22.0   38.295  131.034    480.3    948.2
     1     1    21     9     1    16     0     0   -23.0   38.379  131.234    478.4    950.2
     1     1    21     9     1    15     0     0   -24.0   38.462  131.419    474.4    952.4
     1     1    21     9     1    14     0     0   -25.0   38.542  131.589    468.6    954.8
     1     1    21     9     1    13     0     0   -26.0   38.619  131.746    461.6    957.2
     1     1    21     9     1    12     0     0   -27.0   38.695  131.890    453.7    959.8
     1     1    21     9     1    11     0     0   -28.0   38.765  132.030    444.7    962.8
     1     1    21     9     1    10     0     0   -29.0   38.826  132.175    434.5    966.1
     1     1    21     9     1     9     0     0   -30.0   38.877  132.322    423.2    969.7
     1     1    21     9     1     8     0     0   -31.0   38.919  132.473    411.0    973.6
     1     1    21     9     1     7     0     0   -32.0   38.951  132.625    397.7    975.7
     1     1    21     9     1     6     0     0   -33.0   38.974  132.780    384.2    977.3
     1     1    21     9     1     5     0     0   -34.0   38.993  132.932    370.7    978.7
     1     1    21     9     1     4     0     0   -35.0   39.018  133.078    357.6    980.1
     1     1    21     9     1     3     0     0   -36.0   39.049  133.217    344.9    981.5
     1     1    21     9     1     2     0     0   -37.0   39.088  133.349    332.3    983.0
     1     1    21     9     1     1     0     0   -38.0   39.135  133.473    319.9    984.6
     1     1    21     9     1     0     0     0   -39.0   39.192  133.591    307.7    986.3
     1     1    21     8    31    23     0     0   -40.0   39.252  133.700    295.5    988.1
     1     1    21     8    31    22     0     0   -41.0   39.308  133.797    282.8    990.1
     1     1    21     8    31    21     0     0   -42.0   39.360  133.881    269.3    992.2
     1     1    21     8    31    20     0     0   -43.0   39.407  133.953    255.1    994.4
     1     1    21     8    31    19     0     0   -44.0   39.449  134.011    240.0    996.9
     1     1    21     8    31    18     0     0   -45.0   39.486  134.054    224.0    999.4
     1     1    21     8    31    17     0     0   -46.0   39.520  134.088    207.9   1002.0
     1     1    21     8    31    16     0     0   -47.0   39.552  134.114    192.8   1004.1
     1     1    21     8    31    15     0     0   -48.0   39.582  134.132    178.9   1005.8
     1     1    21     8    31    14     0     0   -49.0   39.607  134.139    166.3   1007.3
     1     1    21     8    31    13     0     0   -50.0   39.628  134.137    154.7   1008.8
     1     1    21     8    31    12     0     0   -51.0   39.644  134.125    144.2   1010.1
     1     1    21     8    31    11     0     0   -52.0   39.667  134.104    135.2   1011.6
     1     1    21     8    31    10     0     0   -53.0   39.708  134.079    128.0   1013.0
     1     1    21     8    31     9     0     0   -54.0   39.769  134.049    122.7   1014.3
     1     1    21     8    31     8     0     0   -55.0   39.850  134.017    119.2   1015.6
     1     1    21     8    31     7     0     0   -56.0   39.953  133.983    117.6   1016.7
     1     1    21     8    31     6     0     0   -57.0   40.076  133.947    117.8   1016.3
     1     1    21     8    31     5     0     0   -58.0   40.213  133.908    119.7   1014.2
     1     1    21     8    31     4     0     0   -59.0   40.356  133.862    122.9   1011.8
     1     1    21     8    31     3     0     0   -60.0   40.508  133.812    127.7   1009.2
     1     1    21     8    31     2     0     0   -61.0   40.669  133.755    134.0   1006.2
     1     1    21     8    31     1     0     0   -62.0   40.843  133.693    142.1   1002.8
     1     1    21     8    31     0     0     0   -63.0   41.030  133.625    152.0    999.1
     1     1    21     8    30    23     0     0   -64.0   41.223  133.542    162.2    994.9
     1     1    21     8    30    22     0     0   -65.0   41.412  133.440    171.1    991.0
     1     1    21     8    30    21     0     0   -66.0   41.600  133.322    178.5    987.1
     1     1    21     8    30    20     0     0   -67.0   41.786  133.192    184.7    983.2
     1     1    21     8    30    19     0     0   -68.0   41.971  133.054    189.9    979.4
     1     1    21     8    30    18     0     0   -69.0   42.158  132.910    194.5    975.5
     1     1    21     8    30    17     0     0   -70.0   42.353  132.764    200.6    971.0
     1     1    21     8    30    16     0     0   -71.0   42.561  132.612    210.1    966.0
     1     1    21     8    30    15     0     0   -72.0   42.780  132.451    222.4    961.7
     1     1    21     8    30    14     0     0   -73.0   43.003  132.273    238.1    955.9
     1     1    21     8    30    13     0     0   -74.0   43.231  132.075    258.7    949.6
     1     1    21     8    30    12     0     0   -75.0   43.465  131.853    285.3    942.9
     1     1    21     8    30    11     0     0   -76.0   43.691  131.603    316.1    935.5
     1     1    21     8    30    10     0     0   -77.0   43.897  131.325    348.6    928.4
     1     1    21     8    30     9     0     0   -78.0   44.088  131.024    381.8    921.4
     1     1    21     8    30     8     0     0   -79.0   44.268  130.710    414.0    914.0
     1     1    21     8    30     7     0     0   -80.0   44.442  130.387    443.5    907.4
     1     1    21     8    30     6     0     0   -81.0   44.615  130.061    469.0    901.7
     1     1    21     8    30     5     0     0   -82.0   44.791  129.738    493.8    900.7
     1     1    21     8    30     4     0     0   -83.0   44.968  129.421    520.5    900.1
     1     1    21     8    30     3     0     0   -84.0   45.145  129.109    549.0    899.2
     1     1    21     8    30     2     0     0   -85.0   45.322  128.801    579.0    898.0
     1     1    21     8    30     1     0     0   -86.0   45.498  128.497    610.4    896.5
     1     1    21     8    30     0     0     0   -87.0   45.674  128.193    643.0    894.4
     1     1    21     8    29    23     0     0   -88.0   45.847  127.891    673.5    892.0
     1     1    21     8    29    22     0     0   -89.0   46.012  127.591    698.1    890.5
     1     1    21     8    29    21     0     0   -90.0   46.166  127.295    716.9    890.7
     1     1    21     8    29    20     0     0   -91.0   46.306  127.005    729.4    891.5
     1     1    21     8    29    19     0     0   -92.0   46.432  126.720    735.5    892.6
     1     1    21     8    29    18     0     0   -93.0   46.544  126.440    735.3    894.0
     1     1    21     8    29    17     0     0   -94.0   46.655  126.166    731.3    895.9
     1     1    21     8    29    16     0     0   -95.0   46.778  125.901    727.0    897.3
     1     1    21     8    29    15     0     0   -96.0   46.915  125.644    722.5    898.2
