     2     1
    CDC1    21     3     1     0     0
    CDC1    21     4     1     0     0
     1 BACKWARD OMEGA   
  2021     4    27     3   37.500  127.000   500.0
     1 PRESSURE
     1     1    21     4    27     3     0     0     0.0   37.500  127.000    500.0    939.6
     1     1    21     4    27     2     0     0    -1.0   37.305  126.878    472.7    944.2
     1     1    21     4    27     1     0     0    -2.0   37.124  126.776    447.6    948.5
     1     1    21     4    27     0     0     0    -3.0   36.955  126.694    424.3    952.4
     1     1    21     4    26    23     0     0    -4.0   36.792  126.623    402.8    955.9
     1     1    21     4    26    22     0     0    -5.0   36.630  126.554    383.4    959.2
     1     1    21     4    26    21     0     0    -6.0   36.470  126.489    365.9    961.8
     1     1    21     4    26    20     0     0    -7.0   36.309  126.428    350.1    964.2
     1     1    21     4    26    19     0     0    -8.0   36.148  126.375    336.2    966.4
     1     1    21     4    26    18     0     0    -9.0   35.987  126.332    324.2    968.3
     1     1    21     4    26    17     0     0   -10.0   35.831  126.300    314.1    970.0
     1     1    21     4    26    16     0     0   -11.0   35.685  126.280    305.9    971.4
     1     1    21     4    26    15     0     0   -12.0   35.548  126.271    299.5    972.5
     1     1    21     4    26    14     0     0   -13.0   35.422  126.274    294.9    973.4
     1     1    21     4    26    13     0     0   -14.0   35.307  126.285    291.9    974.0
     1     1    21     4    26    12     0     0   -15.0   35.204  126.306    290.7    974.3
     1     1    21     4    26    11     0     0   -16.0   35.103  126.336    291.1    974.4
     1     1    21     4    26    10     0     0   -17.0   34.996  126.376    293.8    974.1
     1     1    21     4    26     9     0     0   -18.0   34.883  126.427    298.5    973.7
     1     1    21     4    26     8     0     0   -19.0   34.765  126.490    305.1    973.1
     1     1    21     4    26     7     0     0   -20.0   34.645  126.566    313.6    972.2
     1     1    21     4    26     6     0     0   -21.0   34.523  126.657    324.0    971.0
     1     1    21     4    26     5     0     0   -22.0   34.407  126.767    336.0    969.7
     1     1    21     4    26     4     0     0   -23.0   34.305  126.898    349.1    968.2
     1     1    21     4    26     3     0     0   -24.0   34.218  127.051    364.0    966.5
     1     1    21     4    26     2     0     0   -25.0   34.146  127.226    381.0    964.4
     1     1    21     4    26     1     0     0   -26.0   34.091  127.423    400.9    961.5
     1     1    21     4    26     0     0     0   -27.0   34.054  127.643    424.2    958.2
     1     1    21     4    25    23     0     0   -28.0   34.045  127.878    452.3    954.3
     1     1    21     4    25    22     0     0   -29.0   34.073  128.121    486.4    949.5
     1     1    21     4    25    21     0     0   -30.0   34.136  128.368    527.6    943.9
     1     1    21     4    25    20     0     0   -31.0   34.236  128.619    577.2    937.6
     1     1    21     4    25    19     0     0   -32.0   34.374  128.874    636.7    930.2
     1     1    21     4    25    18     0     0   -33.0   34.557  129.130    706.9    920.6
     1     1    21     4    25    17     0     0   -34.0   34.770  129.383    781.5    910.1
     1     1    21     4    25    16     0     0   -35.0   34.989  129.628    853.2    901.0
     1     1    21     4    25    15     0     0   -36.0   35.211  129.861    918.5    894.1
     1     1    21     4    25    14     0     0   -37.0   35.428  130.079    973.5    888.5
     1     1    21     4    25    13     0     0   -38.0   35.637  130.279   1016.7    885.1
     1     1    21     4    25    12     0     0   -39.0   35.837  130.463   1047.2    883.3
     1     1    21     4    25    11     0     0   -40.0   36.035  130.635   1071.9    883.0
     1     1    21     4    25    10     0     0   -41.0   36.242  130.797   1097.8    882.1
     1     1    21     4    25     9     0     0   -42.0   36.460  130.945   1125.3    881.2
     1     1    21     4    25     8     0     0   -43.0   36.688  131.076   1154.6    880.2
     1     1    21     4    25     7     0     0   -44.0   36.928  131.187   1186.2    879.2
     1     1    21     4    25     6     0     0   -45.0   37.181  131.274   1220.4    877.9
     1     1    21     4    25     5     0     0   -46.0   37.443  131.348   1253.8    876.3
     1     1    21     4    25     4     0     0   -47.0   37.712  131.415   1285.1    873.2
     1     1    21     4    25     3     0     0   -48.0   37.988  131.472   1315.7    869.5
     1     1    21     4    25     2     0     0   -49.0   38.272  131.516   1346.5    865.5
     1     1    21     4    25     1     0     0   -50.0   38.561  131.549   1378.3    861.5
     1     1    21     4    25     0     0     0   -51.0   38.857  131.571   1411.9    857.2
     1     1    21     4    24    23     0     0   -52.0   39.162  131.580   1445.0    852.5
     1     1    21     4    24    22     0     0   -53.0   39.477  131.580   1475.4    848.4
     1     1    21     4    24    21     0     0   -54.0   39.805  131.579   1505.1    844.3
     1     1    21     4    24    20     0     0   -55.0   40.146  131.581   1534.7    838.7
     1     1    21     4    24    19     0     0   -56.0   40.504  131.583   1565.2    830.8
     1     1    21     4    24    18     0     0   -57.0   40.878  131.579   1599.8    822.4
     1     1    21     4    24    17     0     0   -58.0   41.268  131.551   1637.7    813.0
     1     1    21     4    24    16     0     0   -59.0   41.672  131.487   1675.8    803.1
     1     1    21     4    24    15     0     0   -60.0   42.094  131.398   1714.3    792.6
     1     1    21     4    24    14     0     0   -61.0   42.538  131.294   1753.5    781.9
     1     1    21     4    24    13     0     0   -62.0   42.999  131.178   1795.9    776.0
     1     1    21     4    24    12     0     0   -63.0   43.473  131.053   1838.2    770.9
     1     1    21     4    24    11     0     0   -64.0   43.945  130.904   1881.9    766.0
     1     1    21     4    24    10     0     0   -65.0   44.400  130.711   1929.0    761.0
     1     1    21     4    24     9     0     0   -66.0   44.843  130.471   1978.5    756.1
     1     1    21     4    24     8     0     0   -67.0   45.275  130.183   2029.5    751.5
     1     1    21     4    24     7     0     0   -68.0   45.696  129.850   2081.0    748.3
     1     1    21     4    24     6     0     0   -69.0   46.106  129.480   2133.6    746.5
     1     1    21     4    24     5     0     0   -70.0   46.512  129.092   2184.3    744.9
     1     1    21     4    24     4     0     0   -71.0   46.917  128.695   2228.4    743.7
     1     1    21     4    24     3     0     0   -72.0   47.323  128.285   2266.3    743.1
     1     1    21     4    24     2     0     0   -73.0   47.730  127.862   2297.4    741.8
     1     1    21     4    24     1     0     0   -74.0   48.137  127.430   2324.7    739.9
     1     1    21     4    24     0     0     0   -75.0   48.539  126.994   2353.3    736.8
     1     1    21     4    23    23     0     0   -76.0   48.934  126.559   2390.1    731.7
     1     1    21     4    23    22     0     0   -77.0   49.321  126.123   2437.5    724.4
     1     1    21     4    23    21     0     0   -78.0   49.702  125.686   2492.2    715.5
     1     1    21     4    23    20     0     0   -79.0   50.080  125.245   2550.5    706.1
     1     1    21     4    23    19     0     0   -80.0   50.456  124.798   2608.2    697.5
     1     1    21     4    23    18     0     0   -81.0   50.827  124.346   2659.3    688.5
     1     1    21     4    23    17     0     0   -82.0   51.195  123.878   2710.3    680.5
     1     1    21     4    23    16     0     0   -83.0   51.563  123.380   2765.8    671.4
     1     1    21     4    23    15     0     0   -84.0   51.931  122.841   2830.9    661.2
     1     1    21     4    23    14     0     0   -85.0   52.299  122.252   2911.2    650.8
     1     1    21     4    23    13     0     0   -86.0   52.665  121.612   3007.3    639.4
     1     1    21     4    23    12     0     0   -87.0   53.032  120.925   3114.5    625.6
     1     1    21     4    23    11     0     0   -88.0   53.401  120.203   3230.2    610.4
     1     1    21     4    23    10     0     0   -89.0   53.771  119.455   3348.8    596.8
     1     1    21     4    23     9     0     0   -90.0   54.139  118.687   3462.2    583.8
     1     1    21     4    23     8     0     0   -91.0   54.508  117.904   3566.7    570.7
     1     1    21     4    23     7     0     0   -92.0   54.878  117.108   3660.0    557.1
     1     1    21     4    23     6     0     0   -93.0   55.251  116.308   3746.2    547.1
     1     1    21     4    23     5     0     0   -94.0   55.623  115.521   3824.7    540.8
     1     1    21     4    23     4     0     0   -95.0   55.992  114.771   3899.8    535.6
     1     1    21     4    23     3     0     0   -96.0   56.357  114.073   3974.5    531.9
