     2     1
    CDC1    21     6     1     0     0
    CDC1    21     7     1     0     0
     1 BACKWARD OMEGA   
  2021     7     2    21   37.500  127.000   500.0
     1 PRESSURE
     1     1    21     7     2    21     0     0     0.0   37.500  127.000    500.0    934.4
     1     1    21     7     2    20     0     0    -1.0   37.430  127.294    490.7    934.4
     1     1    21     7     2    19     0     0    -2.0   37.393  127.559    483.4    934.6
     1     1    21     7     2    18     0     0    -3.0   37.389  127.796    477.5    936.1
     1     1    21     7     2    17     0     0    -4.0   37.407  128.015    473.4    937.4
     1     1    21     7     2    16     0     0    -5.0   37.435  128.230    471.4    938.3
     1     1    21     7     2    15     0     0    -6.0   37.473  128.442    471.2    939.0
     1     1    21     7     2    14     0     0    -7.0   37.519  128.652    472.1    939.5
     1     1    21     7     2    13     0     0    -8.0   37.571  128.860    473.6    939.4
     1     1    21     7     2    12     0     0    -9.0   37.627  129.067    475.5    939.3
     1     1    21     7     2    11     0     0   -10.0   37.696  129.268    476.2    939.2
     1     1    21     7     2    10     0     0   -11.0   37.785  129.458    475.0    939.2
     1     1    21     7     2     9     0     0   -12.0   37.893  129.635    472.3    939.2
     1     1    21     7     2     8     0     0   -13.0   38.019  129.800    468.7    939.2
     1     1    21     7     2     7     0     0   -14.0   38.160  129.952    464.7    939.1
     1     1    21     7     2     6     0     0   -15.0   38.313  130.091    460.6    939.4
     1     1    21     7     2     5     0     0   -16.0   38.463  130.225    457.2    940.3
     1     1    21     7     2     4     0     0   -17.0   38.597  130.363    455.3    941.3
     1     1    21     7     2     3     0     0   -18.0   38.717  130.508    455.1    942.5
     1     1    21     7     2     2     0     0   -19.0   38.824  130.663    456.5    943.8
     1     1    21     7     2     1     0     0   -20.0   38.919  130.829    459.6    945.4
     1     1    21     7     2     0     0     0   -21.0   39.005  131.007    464.7    947.0
     1     1    21     7     1    23     0     0   -22.0   39.084  131.188    470.4    948.4
     1     1    21     7     1    22     0     0   -23.0   39.159  131.363    475.5    950.0
     1     1    21     7     1    21     0     0   -24.0   39.229  131.529    479.7    951.7
     1     1    21     7     1    20     0     0   -25.0   39.295  131.687    482.7    953.5
     1     1    21     7     1    19     0     0   -26.0   39.356  131.835    484.3    955.4
     1     1    21     7     1    18     0     0   -27.0   39.411  131.972    484.2    957.4
     1     1    21     7     1    17     0     0   -28.0   39.457  132.104    482.4    959.4
     1     1    21     7     1    16     0     0   -29.0   39.492  132.238    479.3    961.6
     1     1    21     7     1    15     0     0   -30.0   39.517  132.376    474.8    964.1
     1     1    21     7     1    14     0     0   -31.0   39.531  132.519    468.9    966.5
     1     1    21     7     1    13     0     0   -32.0   39.533  132.669    461.5    967.1
     1     1    21     7     1    12     0     0   -33.0   39.522  132.826    453.2    967.8
     1     1    21     7     1    11     0     0   -34.0   39.501  132.983    445.3    969.0
     1     1    21     7     1    10     0     0   -35.0   39.470  133.136    438.0    970.0
     1     1    21     7     1     9     0     0   -36.0   39.430  133.283    431.4    970.7
     1     1    21     7     1     8     0     0   -37.0   39.381  133.423    425.3    971.2
     1     1    21     7     1     7     0     0   -38.0   39.321  133.555    419.7    971.5
     1     1    21     7     1     6     0     0   -39.0   39.250  133.679    414.4    971.6
     1     1    21     7     1     5     0     0   -40.0   39.181  133.796    410.0    971.7
     1     1    21     7     1     4     0     0   -41.0   39.126  133.909    407.5    971.5
     1     1    21     7     1     3     0     0   -42.0   39.086  134.018    406.6    971.3
     1     1    21     7     1     2     0     0   -43.0   39.061  134.123    407.4    970.9
     1     1    21     7     1     1     0     0   -44.0   39.054  134.226    409.7    970.5
     1     1    21     7     1     0     0     0   -45.0   39.065  134.326    413.6    970.0
     1     1    21     6    30    23     0     0   -46.0   39.067  134.417    418.9    969.1
     1     1    21     6    30    22     0     0   -47.0   39.036  134.490    425.7    967.7
     1     1    21     6    30    21     0     0   -48.0   38.970  134.548    434.0    965.8
     1     1    21     6    30    20     0     0   -49.0   38.868  134.590    443.6    963.4
     1     1    21     6    30    19     0     0   -50.0   38.728  134.615    454.5    960.5
     1     1    21     6    30    18     0     0   -51.0   38.547  134.624    466.2    957.2
     1     1    21     6    30    17     0     0   -52.0   38.347  134.638    478.1    954.0
     1     1    21     6    30    16     0     0   -53.0   38.154  134.679    489.1    950.9
     1     1    21     6    30    15     0     0   -54.0   37.967  134.750    499.9    947.8
     1     1    21     6    30    14     0     0   -55.0   37.786  134.853    511.2    944.5
     1     1    21     6    30    13     0     0   -56.0   37.613  134.990    523.7    940.8
     1     1    21     6    30    12     0     0   -57.0   37.447  135.164    538.2    936.1
     1     1    21     6    30    11     0     0   -58.0   37.280  135.345    552.6    931.2
     1     1    21     6    30    10     0     0   -59.0   37.107  135.506    563.3    927.4
     1     1    21     6    30     9     0     0   -60.0   36.926  135.647    569.4    924.3
     1     1    21     6    30     8     0     0   -61.0   36.738  135.768    570.6    922.1
     1     1    21     6    30     7     0     0   -62.0   36.543  135.868    566.5    920.8
     1     1    21     6    30     6     0     0   -63.0   36.339  135.950    557.3    920.2
     1     1    21     6    30     5     0     0   -64.0   36.136  136.027    545.1    920.6
     1     1    21     6    30     4     0     0   -65.0   35.941  136.112    531.8    920.9
     1     1    21     6    30     3     0     0   -66.0   35.757  136.204    517.8    921.4
     1     1    21     6    30     2     0     0   -67.0   35.586  136.305    503.0    922.0
     1     1    21     6    30     1     0     0   -68.0   35.429  136.414    487.6    922.8
     1     1    21     6    30     0     0     0   -69.0   35.288  136.532    471.6    923.7
     1     1    21     6    29    23     0     0   -70.0   35.161  136.654    455.1    924.3
     1     1    21     6    29    22     0     0   -71.0   35.047  136.774    438.3    925.0
     1     1    21     6    29    21     0     0   -72.0   34.944  136.891    421.4    926.4
     1     1    21     6    29    20     0     0   -73.0   34.851  137.003    404.9    928.3
     1     1    21     6    29    19     0     0   -74.0   34.769  137.108    388.8    930.1
     1     1    21     6    29    18     0     0   -75.0   34.696  137.207    373.3    931.7
     1     1    21     6    29    17     0     0   -76.0   34.640  137.296    359.7    932.9
     1     1    21     6    29    16     0     0   -77.0   34.606  137.373    349.4    933.5
     1     1    21     6    29    15     0     0   -78.0   34.596  137.441    341.8    933.6
     1     1    21     6    29    14     0     0   -79.0   34.608  137.499    336.6    933.2
     1     1    21     6    29    13     0     0   -80.0   34.643  137.548    333.7    932.9
     1     1    21     6    29    12     0     0   -81.0   34.702  137.590    332.9    931.9
     1     1    21     6    29    11     0     0   -82.0   34.782  137.625    332.6    930.9
     1     1    21     6    29    10     0     0   -83.0   34.878  137.652    329.8    929.9
     1     1    21     6    29     9     0     0   -84.0   34.993  137.671    324.9    928.9
     1     1    21     6    29     8     0     0   -85.0   35.126  137.683    318.4    929.3
     1     1    21     6    29     7     0     0   -86.0   35.277  137.691    310.4    929.8
     1     1    21     6    29     6     0     0   -87.0   35.446  137.696    301.2    930.5
     1     1    21     6    29     5     0     0   -88.0   35.620  137.713    290.7    931.1
     1     1    21     6    29     4     0     0   -89.0   35.783  137.753    278.7    932.0
     1     1    21     6    29     3     0     0   -90.0   35.932  137.814    264.7    933.3
     1     1    21     6    29     2     0     0   -91.0   36.068  137.896    248.6    934.9
     1     1    21     6    29     1     0     0   -92.0   36.188  137.998    230.4    937.1
     1     1    21     6    29     0     0     0   -93.0   36.294  138.121    210.2    939.7
     1     1    21     6    28    23     0     0   -94.0   36.379  138.264    189.9    942.7
     1     1    21     6    28    22     0     0   -95.0   36.437  138.420    171.4    945.1
     1     1    21     6    28    21     0     0   -96.0   36.467  138.588    154.6    947.5
