     2     1
    CDC1    21     4     1     0     0
    CDC1    21     5     1     0     0
     1 BACKWARD OMEGA   
  2021     5     1    21   37.500  127.000   500.0
     1 PRESSURE
     1     1    21     5     1    21     0     0     0.0   37.500  127.000    500.0    933.4
     1     1    21     5     1    20     0     0    -1.0   37.776  126.942    523.6    925.8
     1     1    21     5     1    19     0     0    -2.0   38.057  126.916    535.9    919.7
     1     1    21     5     1    18     0     0    -3.0   38.341  126.927    537.0    914.7
     1     1    21     5     1    17     0     0    -4.0   38.622  126.957    533.3    910.8
     1     1    21     5     1    16     0     0    -5.0   38.894  126.983    531.0    906.1
     1     1    21     5     1    15     0     0    -6.0   39.159  127.006    529.4    901.4
     1     1    21     5     1    14     0     0    -7.0   39.416  127.026    528.2    896.7
     1     1    21     5     1    13     0     0    -8.0   39.667  127.043    526.7    892.1
     1     1    21     5     1    12     0     0    -9.0   39.912  127.058    524.6    887.6
     1     1    21     5     1    11     0     0   -10.0   40.146  127.080    521.4    885.1
     1     1    21     5     1    10     0     0   -11.0   40.363  127.117    517.3    883.4
     1     1    21     5     1     9     0     0   -12.0   40.560  127.165    512.6    881.8
     1     1    21     5     1     8     0     0   -13.0   40.739  127.225    507.5    880.2
     1     1    21     5     1     7     0     0   -14.0   40.900  127.298    502.3    878.5
     1     1    21     5     1     6     0     0   -15.0   41.042  127.383    497.2    876.7
     1     1    21     5     1     5     0     0   -16.0   41.165  127.487    491.9    875.1
     1     1    21     5     1     4     0     0   -17.0   41.270  127.616    486.1    875.6
     1     1    21     5     1     3     0     0   -18.0   41.354  127.768    479.9    876.8
     1     1    21     5     1     2     0     0   -19.0   41.416  127.944    473.8    878.4
     1     1    21     5     1     1     0     0   -20.0   41.455  128.141    468.3    880.3
     1     1    21     5     1     0     0     0   -21.0   41.471  128.363    464.1    882.4
     1     1    21     4    30    23     0     0   -22.0   41.466  128.592    460.8    884.9
     1     1    21     4    30    22     0     0   -23.0   41.448  128.808    457.9    887.4
     1     1    21     4    30    21     0     0   -24.0   41.419  129.008    455.7    889.8
     1     1    21     4    30    20     0     0   -25.0   41.381  129.186    454.5    892.0
     1     1    21     4    30    19     0     0   -26.0   41.336  129.340    454.5    894.0
     1     1    21     4    30    18     0     0   -27.0   41.286  129.467    455.7    895.7
     1     1    21     4    30    17     0     0   -28.0   41.235  129.575    459.5    896.9
     1     1    21     4    30    16     0     0   -29.0   41.186  129.676    467.0    897.6
     1     1    21     4    30    15     0     0   -30.0   41.140  129.769    478.1    897.7
     1     1    21     4    30    14     0     0   -31.0   41.097  129.854    492.6    897.4
     1     1    21     4    30    13     0     0   -32.0   41.060  129.931    510.5    896.7
     1     1    21     4    30    12     0     0   -33.0   41.028  129.999    531.6    895.5
     1     1    21     4    30    11     0     0   -34.0   41.008  130.059    553.6    893.8
     1     1    21     4    30    10     0     0   -35.0   41.003  130.112    573.0    892.4
     1     1    21     4    30     9     0     0   -36.0   41.012  130.160    589.8    890.9
     1     1    21     4    30     8     0     0   -37.0   41.034  130.204    603.9    889.6
     1     1    21     4    30     7     0     0   -38.0   41.068  130.247    615.2    888.4
     1     1    21     4    30     6     0     0   -39.0   41.113  130.290    623.7    887.2
     1     1    21     4    30     5     0     0   -40.0   41.149  130.352    627.3    886.8
     1     1    21     4    30     4     0     0   -41.0   41.155  130.445    623.9    888.5
     1     1    21     4    30     3     0     0   -42.0   41.134  130.566    613.8    891.9
     1     1    21     4    30     2     0     0   -43.0   41.084  130.714    597.6    896.5
     1     1    21     4    30     1     0     0   -44.0   41.007  130.886    576.2    902.7
     1     1    21     4    30     0     0     0   -45.0   40.904  131.084    550.8    910.2
     1     1    21     4    29    23     0     0   -46.0   40.784  131.283    525.9    918.9
     1     1    21     4    29    22     0     0   -47.0   40.661  131.458    504.6    926.5
     1     1    21     4    29    21     0     0   -48.0   40.538  131.612    486.4    933.4
     1     1    21     4    29    20     0     0   -49.0   40.422  131.747    470.7    939.7
     1     1    21     4    29    19     0     0   -50.0   40.314  131.863    457.2    945.3
     1     1    21     4    29    18     0     0   -51.0   40.220  131.962    445.3    950.3
     1     1    21     4    29    17     0     0   -52.0   40.140  132.063    433.8    954.5
     1     1    21     4    29    16     0     0   -53.0   40.078  132.185    422.2    959.2
     1     1    21     4    29    15     0     0   -54.0   40.035  132.328    410.3    964.0
     1     1    21     4    29    14     0     0   -55.0   40.012  132.492    398.4    969.0
     1     1    21     4    29    13     0     0   -56.0   40.008  132.678    385.4    971.3
     1     1    21     4    29    12     0     0   -57.0   40.021  132.885    371.4    973.3
     1     1    21     4    29    11     0     0   -58.0   40.035  133.096    357.7    976.1
     1     1    21     4    29    10     0     0   -59.0   40.037  133.293    344.9    978.6
     1     1    21     4    29     9     0     0   -60.0   40.028  133.475    333.0    981.1
     1     1    21     4    29     8     0     0   -61.0   40.005  133.644    321.8    983.5
     1     1    21     4    29     7     0     0   -62.0   39.970  133.801    311.0    985.4
     1     1    21     4    29     6     0     0   -63.0   39.920  133.946    300.7    986.9
     1     1    21     4    29     5     0     0   -64.0   39.873  134.094    292.2    988.5
     1     1    21     4    29     4     0     0   -65.0   39.845  134.257    286.8    989.8
     1     1    21     4    29     3     0     0   -66.0   39.834  134.436    284.5    990.9
     1     1    21     4    29     2     0     0   -67.0   39.839  134.628    285.2    991.9
     1     1    21     4    29     1     0     0   -68.0   39.860  134.832    289.1    992.7
     1     1    21     4    29     0     0     0   -69.0   39.893  135.047    296.4    993.0
     1     1    21     4    28    23     0     0   -70.0   39.932  135.236    304.5    990.8
     1     1    21     4    28    22     0     0   -71.0   39.966  135.368    311.2    989.5
     1     1    21     4    28    21     0     0   -72.0   39.998  135.445    316.2    988.9
     1     1    21     4    28    20     0     0   -73.0   40.028  135.468    319.5    988.2
     1     1    21     4    28    19     0     0   -74.0   40.055  135.438    321.3    988.2
     1     1    21     4    28    18     0     0   -75.0   40.081  135.357    321.7    988.8
     1     1    21     4    28    17     0     0   -76.0   40.092  135.227    322.1    989.8
     1     1    21     4    28    16     0     0   -77.0   40.079  135.052    324.1    991.1
     1     1    21     4    28    15     0     0   -78.0   40.042  134.831    327.5    991.1
     1     1    21     4    28    14     0     0   -79.0   39.985  134.562    332.9    990.2
     1     1    21     4    28    13     0     0   -80.0   39.910  134.245    340.3    988.0
     1     1    21     4    28    12     0     0   -81.0   39.823  133.879    350.0    985.6
     1     1    21     4    28    11     0     0   -82.0   39.732  133.491    361.5    983.1
     1     1    21     4    28    10     0     0   -83.0   39.644  133.107    374.1    980.9
     1     1    21     4    28     9     0     0   -84.0   39.558  132.728    387.7    978.8
     1     1    21     4    28     8     0     0   -85.0   39.473  132.350    401.8    974.2
     1     1    21     4    28     7     0     0   -86.0   39.388  131.971    416.1    966.1
     1     1    21     4    28     6     0     0   -87.0   39.304  131.593    431.2    958.4
     1     1    21     4    28     5     0     0   -88.0   39.227  131.212    447.3    950.9
     1     1    21     4    28     4     0     0   -89.0   39.171  130.821    464.9    943.1
     1     1    21     4    28     3     0     0   -90.0   39.138  130.417    483.2    935.1
     1     1    21     4    28     2     0     0   -91.0   39.134  129.996    501.9    926.7
     1     1    21     4    28     1     0     0   -92.0   39.157  129.558    520.4    920.9
     1     1    21     4    28     0     0     0   -93.0   39.204  129.109    537.7    915.1
     1     1    21     4    27    23     0     0   -94.0   39.255  128.642    553.0    908.7
     1     1    21     4    27    22     0     0   -95.0   39.295  128.151    566.2    902.4
     1     1    21     4    27    21     0     0   -96.0   39.332  127.634    577.1    896.1
