     2     1
    CDC1    20    12     1     0     0
    CDC1    21     1     1     0     0
     1 BACKWARD OMEGA   
  2021     1    22     9   37.500  127.000   500.0
     1 PRESSURE
     1     1    21     1    22     9     0     0     0.0   37.500  127.000    500.0    939.8
     1     1    21     1    22     8     0     0    -1.0   37.596  127.100    511.5    936.2
     1     1    21     1    22     7     0     0    -2.0   37.697  127.202    524.2    932.2
     1     1    21     1    22     6     0     0    -3.0   37.806  127.306    538.2    927.8
     1     1    21     1    22     5     0     0    -4.0   37.917  127.398    553.8    924.0
     1     1    21     1    22     4     0     0    -5.0   38.026  127.463    571.2    920.1
     1     1    21     1    22     3     0     0    -6.0   38.133  127.499    591.0    916.3
     1     1    21     1    22     2     0     0    -7.0   38.241  127.504    613.6    912.4
     1     1    21     1    22     1     0     0    -8.0   38.347  127.476    639.4    908.1
     1     1    21     1    22     0     0     0    -9.0   38.449  127.414    669.0    903.4
     1     1    21     1    21    23     0     0   -10.0   38.545  127.321    699.8    898.3
     1     1    21     1    21    22     0     0   -11.0   38.633  127.200    729.4    894.0
     1     1    21     1    21    21     0     0   -12.0   38.718  127.055    757.4    890.2
     1     1    21     1    21    20     0     0   -13.0   38.802  126.885    783.6    887.0
     1     1    21     1    21    19     0     0   -14.0   38.889  126.694    807.8    884.3
     1     1    21     1    21    18     0     0   -15.0   38.981  126.483    830.2    881.9
     1     1    21     1    21    17     0     0   -16.0   39.070  126.262    851.4    880.3
     1     1    21     1    21    16     0     0   -17.0   39.144  126.041    870.9    879.0
     1     1    21     1    21    15     0     0   -18.0   39.203  125.819    888.0    878.2
     1     1    21     1    21    14     0     0   -19.0   39.245  125.595    901.8    878.0
     1     1    21     1    21    13     0     0   -20.0   39.268  125.370    911.4    878.6
     1     1    21     1    21    12     0     0   -21.0   39.271  125.144    915.9    879.9
     1     1    21     1    21    11     0     0   -22.0   39.259  124.911    914.2    882.2
     1     1    21     1    21    10     0     0   -23.0   39.237  124.666    905.7    885.6
     1     1    21     1    21     9     0     0   -24.0   39.205  124.407    892.4    889.7
     1     1    21     1    21     8     0     0   -25.0   39.160  124.134    875.5    894.4
     1     1    21     1    21     7     0     0   -26.0   39.102  123.846    856.7    899.5
     1     1    21     1    21     6     0     0   -27.0   39.029  123.542    837.3    904.8
     1     1    21     1    21     5     0     0   -28.0   38.943  123.254    821.0    909.9
     1     1    21     1    21     4     0     0   -29.0   38.847  123.012    809.4    913.6
     1     1    21     1    21     3     0     0   -30.0   38.740  122.817    800.1    916.6
     1     1    21     1    21     2     0     0   -31.0   38.624  122.668    791.3    919.2
     1     1    21     1    21     1     0     0   -32.0   38.499  122.564    782.2    921.6
     1     1    21     1    21     0     0     0   -33.0   38.365  122.503    772.3    923.9
     1     1    21     1    20    23     0     0   -34.0   38.230  122.454    760.7    926.0
     1     1    21     1    20    22     0     0   -35.0   38.100  122.388    746.8    928.4
     1     1    21     1    20    21     0     0   -36.0   37.974  122.306    730.7    931.1
     1     1    21     1    20    20     0     0   -37.0   37.848  122.209    712.6    934.2
     1     1    21     1    20    19     0     0   -38.0   37.722  122.099    692.8    937.5
     1     1    21     1    20    18     0     0   -39.0   37.593  121.978    671.3    941.1
     1     1    21     1    20    17     0     0   -40.0   37.451  121.860    650.6    944.5
     1     1    21     1    20    16     0     0   -41.0   37.288  121.756    632.6    946.5
     1     1    21     1    20    15     0     0   -42.0   37.104  121.667    617.2    947.7
     1     1    21     1    20    14     0     0   -43.0   36.902  121.590    604.1    948.6
     1     1    21     1    20    13     0     0   -44.0   36.684  121.523    592.9    949.2
     1     1    21     1    20    12     0     0   -45.0   36.450  121.466    583.3    949.6
     1     1    21     1    20    11     0     0   -46.0   36.210  121.411    573.1    950.0
     1     1    21     1    20    10     0     0   -47.0   35.970  121.355    560.4    950.9
     1     1    21     1    20     9     0     0   -48.0   35.732  121.300    545.2    952.1
     1     1    21     1    20     8     0     0   -49.0   35.498  121.249    527.9    953.6
     1     1    21     1    20     7     0     0   -50.0   35.270  121.203    508.3    955.4
     1     1    21     1    20     6     0     0   -51.0   35.048  121.166    486.6    957.5
     1     1    21     1    20     5     0     0   -52.0   34.827  121.146    466.7    960.6
     1     1    21     1    20     4     0     0   -53.0   34.603  121.154    452.4    963.1
     1     1    21     1    20     3     0     0   -54.0   34.374  121.186    444.0    964.9
     1     1    21     1    20     2     0     0   -55.0   34.141  121.242    441.6    966.2
     1     1    21     1    20     1     0     0   -56.0   33.905  121.320    445.2    966.8
     1     1    21     1    20     0     0     0   -57.0   33.665  121.417    455.0    966.8
     1     1    21     1    19    23     0     0   -58.0   33.421  121.533    468.9    966.3
     1     1    21     1    19    22     0     0   -59.0   33.174  121.669    485.1    966.0
     1     1    21     1    19    21     0     0   -60.0   32.926  121.827    503.9    965.6
     1     1    21     1    19    20     0     0   -61.0   32.680  122.009    525.7    965.2
     1     1    21     1    19    19     0     0   -62.0   32.440  122.213    550.3    964.1
     1     1    21     1    19    18     0     0   -63.0   32.210  122.436    577.2    961.4
     1     1    21     1    19    17     0     0   -64.0   32.001  122.668    605.1    957.7
     1     1    21     1    19    16     0     0   -65.0   31.821  122.896    633.7    953.8
     1     1    21     1    19    15     0     0   -66.0   31.669  123.117    662.8    949.5
     1     1    21     1    19    14     0     0   -67.0   31.543  123.328    692.2    945.5
     1     1    21     1    19    13     0     0   -68.0   31.443  123.528    721.6    941.7
     1     1    21     1    19    12     0     0   -69.0   31.367  123.717    750.6    938.1
     1     1    21     1    19    11     0     0   -70.0   31.309  123.900    778.7    934.4
     1     1    21     1    19    10     0     0   -71.0   31.265  124.083    805.3    931.1
     1     1    21     1    19     9     0     0   -72.0   31.235  124.266    830.3    927.9
     1     1    21     1    19     8     0     0   -73.0   31.219  124.449    853.8    925.0
     1     1    21     1    19     7     0     0   -74.0   31.216  124.631    876.0    922.3
     1     1    21     1    19     6     0     0   -75.0   31.227  124.814    897.0    919.8
     1     1    21     1    19     5     0     0   -76.0   31.260  124.991    918.6    917.6
     1     1    21     1    19     4     0     0   -77.0   31.322  125.156    943.1    915.0
     1     1    21     1    19     3     0     0   -78.0   31.414  125.303    970.9    911.8
     1     1    21     1    19     2     0     0   -79.0   31.535  125.428   1002.5    908.1
     1     1    21     1    19     1     0     0   -80.0   31.687  125.528   1039.0    903.8
     1     1    21     1    19     0     0     0   -81.0   31.870  125.599   1081.3    898.9
     1     1    21     1    18    23     0     0   -82.0   32.073  125.639   1128.9    893.2
     1     1    21     1    18    22     0     0   -83.0   32.283  125.648   1179.3    887.5
     1     1    21     1    18    21     0     0   -84.0   32.499  125.627   1232.2    881.6
     1     1    21     1    18    20     0     0   -85.0   32.719  125.579   1287.0    875.2
     1     1    21     1    18    19     0     0   -86.0   32.940  125.502   1344.0    868.2
     1     1    21     1    18    18     0     0   -87.0   33.160  125.398   1402.4    861.2
     1     1    21     1    18    17     0     0   -88.0   33.389  125.253   1462.2    854.1
     1     1    21     1    18    16     0     0   -89.0   33.639  125.054   1526.4    846.9
     1     1    21     1    18    15     0     0   -90.0   33.911  124.801   1594.0    839.1
     1     1    21     1    18    14     0     0   -91.0   34.206  124.490   1663.9    831.1
     1     1    21     1    18    13     0     0   -92.0   34.524  124.122   1735.0    822.9
     1     1    21     1    18    12     0     0   -93.0   34.866  123.695   1805.7    814.3
     1     1    21     1    18    11     0     0   -94.0   35.219  123.220   1874.3    806.3
     1     1    21     1    18    10     0     0   -95.0   35.573  122.716   1942.0    799.4
     1     1    21     1    18     9     0     0   -96.0   35.933  122.193   2011.4    792.0
