     2     1
    CDC1    21     2     1     0     0
    CDC1    21     3     1     0     0
     1 BACKWARD OMEGA   
  2021     3    17     0   37.500  127.000   500.0
     1 PRESSURE
     1     1    21     3    17     0     0     0     0.0   37.500  127.000    500.0    939.4
     1     1    21     3    16    23     0     0    -1.0   37.593  127.111    552.1    931.6
     1     1    21     3    16    22     0     0    -2.0   37.711  127.223    605.1    923.1
     1     1    21     3    16    21     0     0    -3.0   37.859  127.332    657.3    913.8
     1     1    21     3    16    20     0     0    -4.0   38.043  127.425    706.4    904.0
     1     1    21     3    16    19     0     0    -5.0   38.265  127.497    751.0    894.5
     1     1    21     3    16    18     0     0    -6.0   38.529  127.549    790.7    885.8
     1     1    21     3    16    17     0     0    -7.0   38.818  127.566    830.2    877.1
     1     1    21     3    16    16     0     0    -8.0   39.116  127.537    875.2    867.0
     1     1    21     3    16    15     0     0    -9.0   39.423  127.462    927.2    856.5
     1     1    21     3    16    14     0     0   -10.0   39.737  127.342    987.9    845.5
     1     1    21     3    16    13     0     0   -11.0   40.055  127.180   1057.8    834.7
     1     1    21     3    16    12     0     0   -12.0   40.379  126.976   1137.4    825.6
     1     1    21     3    16    11     0     0   -13.0   40.722  126.733   1222.9    816.3
     1     1    21     3    16    10     0     0   -14.0   41.102  126.457   1310.7    807.1
     1     1    21     3    16     9     0     0   -15.0   41.518  126.144   1399.2    798.2
     1     1    21     3    16     8     0     0   -16.0   41.972  125.795   1486.3    790.2
     1     1    21     3    16     7     0     0   -17.0   42.465  125.410   1570.0    783.7
     1     1    21     3    16     6     0     0   -18.0   42.990  125.002   1651.2    786.4
     1     1    21     3    16     5     0     0   -19.0   43.524  124.582   1723.4    787.3
     1     1    21     3    16     4     0     0   -20.0   44.061  124.152   1792.7    785.9
     1     1    21     3    16     3     0     0   -21.0   44.612  123.714   1860.4    782.7
     1     1    21     3    16     2     0     0   -22.0   45.193  123.275   1927.3    775.0
     1     1    21     3    16     1     0     0   -23.0   45.820  122.861   1997.7    759.0
     1     1    21     3    16     0     0     0   -24.0   46.506  122.488   2083.6    739.3
     1     1    21     3    15    23     0     0   -25.0   47.230  122.146   2182.7    715.1
     1     1    21     3    15    22     0     0   -26.0   47.955  121.838   2291.5    694.5
     1     1    21     3    15    21     0     0   -27.0   48.674  121.584   2403.4    676.8
     1     1    21     3    15    20     0     0   -28.0   49.386  121.396   2509.3    661.2
     1     1    21     3    15    19     0     0   -29.0   50.096  121.277   2601.2    648.8
     1     1    21     3    15    18     0     0   -30.0   50.795  121.209   2679.0    642.7
     1     1    21     3    15    17     0     0   -31.0   51.470  121.182   2743.7    638.3
     1     1    21     3    15    16     0     0   -32.0   52.112  121.211   2798.1    634.7
     1     1    21     3    15    15     0     0   -33.0   52.723  121.281   2843.4    630.6
     1     1    21     3    15    14     0     0   -34.0   53.306  121.341   2886.0    624.2
     1     1    21     3    15    13     0     0   -35.0   53.866  121.351   2936.8    616.8
     1     1    21     3    15    12     0     0   -36.0   54.407  121.302   2998.3    608.5
     1     1    21     3    15    11     0     0   -37.0   54.923  121.178   3067.9    598.9
     1     1    21     3    15    10     0     0   -38.0   55.411  120.948   3147.7    591.2
     1     1    21     3    15     9     0     0   -39.0   55.885  120.586   3243.4    582.3
     1     1    21     3    15     8     0     0   -40.0   56.353  120.087   3364.0    571.4
     1     1    21     3    15     7     0     0   -41.0   56.820  119.441   3518.4    557.9
     1     1    21     3    15     6     0     0   -42.0   57.293  118.633   3713.3    541.5
     1     1    21     3    15     5     0     0   -43.0   57.780  117.659   3938.5    523.9
     1     1    21     3    15     4     0     0   -44.0   58.277  116.539   4165.2    511.1
     1     1    21     3    15     3     0     0   -45.0   58.796  115.284   4377.9    501.3
     1     1    21     3    15     2     0     0   -46.0   59.349  113.882   4583.3    495.6
     1     1    21     3    15     1     0     0   -47.0   59.940  112.325   4771.7    493.9
     1     1    21     3    15     0     0     0   -48.0   60.558  110.626   4901.1    487.6
     1     1    21     3    14    23     0     0   -49.0   61.171  108.812   4972.2    481.4
     1     1    21     3    14    22     0     0   -50.0   61.764  106.904   5006.6    477.6
     1     1    21     3    14    21     0     0   -51.0   62.345  104.924   5005.4    477.4
     1     1    21     3    14    20     0     0   -52.0   62.923  102.898   4972.2    476.4
     1     1    21     3    14    19     0     0   -53.0   63.495  100.844   4923.6    475.9
     1     1    21     3    14    18     0     0   -54.0   64.060   98.740   4862.9    476.5
     1     1    21     3    14    17     0     0   -55.0   64.612   96.554   4799.3    478.6
     1     1    21     3    14    16     0     0   -56.0   65.141   94.291   4741.1    483.9
     1     1    21     3    14    15     0     0   -57.0   65.628   92.000   4692.9    493.9
     1     1    21     3    14    14     0     0   -58.0   66.063   89.721   4651.2    506.9
     1     1    21     3    14    13     0     0   -59.0   66.447   87.480   4613.5    520.1
     1     1    21     3    14    12     0     0   -60.0   66.793   85.296   4578.6    529.2
     1     1    21     3    14    11     0     0   -61.0   67.133   83.205   4551.6    534.2
     1     1    21     3    14    10     0     0   -62.0   67.491   81.210   4524.5    536.5
     1     1    21     3    14     9     0     0   -63.0   67.871   79.266   4491.9    538.1
     1     1    21     3    14     8     0     0   -64.0   68.271   77.339   4452.0    540.2
     1     1    21     3    14     7     0     0   -65.0   68.687   75.406   4406.5    542.8
     1     1    21     3    14     6     0     0   -66.0   69.120   73.455   4360.6    546.0
     1     1    21     3    14     5     0     0   -67.0   69.560   71.468   4327.3    548.8
     1     1    21     3    14     4     0     0   -68.0   69.998   69.443   4312.1    550.9
     1     1    21     3    14     3     0     0   -69.0   70.427   67.409   4312.9    551.4
     1     1    21     3    14     2     0     0   -70.0   70.852   65.378   4324.9    550.0
     1     1    21     3    14     1     0     0   -71.0   71.281   63.344   4345.8    547.9
     1     1    21     3    14     0     0     0   -72.0   71.718   61.296   4370.1    545.0
     1     1    21     3    13    23     0     0   -73.0   72.170   59.217   4397.3    542.4
     1     1    21     3    13    22     0     0   -74.0   72.634   57.113   4426.9    539.7
     1     1    21     3    13    21     0     0   -75.0   73.105   55.004   4459.5    535.9
     1     1    21     3    13    20     0     0   -76.0   73.588   52.875   4497.9    532.7
     1     1    21     3    13    19     0     0   -77.0   74.085   50.697   4536.2    530.5
     1     1    21     3    13    18     0     0   -78.0   74.593   48.444   4565.7    529.2
     1     1    21     3    13    17     0     0   -79.0   75.101   46.081   4580.2    530.5
     1     1    21     3    13    16     0     0   -80.0   75.594   43.658   4586.9    533.3
     1     1    21     3    13    15     0     0   -81.0   76.073   41.194   4589.6    535.3
     1     1    21     3    13    14     0     0   -82.0   76.545   38.665   4595.0    535.7
     1     1    21     3    13    13     0     0   -83.0   77.011   36.052   4608.5    534.0
     1     1    21     3    13    12     0     0   -84.0   77.473   33.333   4634.6    530.1
     1     1    21     3    13    11     0     0   -85.0   77.916   30.517   4665.5    523.9
     1     1    21     3    13    10     0     0   -86.0   78.332   27.621   4701.3    518.5
     1     1    21     3    13     9     0     0   -87.0   78.729   24.624   4734.2    514.0
     1     1    21     3    13     8     0     0   -88.0   79.109   21.504   4763.1    510.5
     1     1    21     3    13     7     0     0   -89.0   79.476   18.234   4787.7    507.5
     1     1    21     3    13     6     0     0   -90.0   79.819   14.784   4806.4    505.3
     1     1    21     3    13     5     0     0   -91.0   80.125   11.176   4818.1    504.3
     1     1    21     3    13     4     0     0   -92.0   80.386    7.511   4832.6    506.3
     1     1    21     3    13     3     0     0   -93.0   80.603    3.825   4843.7    509.3
     1     1    21     3    13     2     0     0   -94.0   80.778    0.148   4854.2    513.1
     1     1    21     3    13     1     0     0   -95.0   80.909   -3.457   4859.6    516.3
     1     1    21     3    13     0     0     0   -96.0   81.013   -6.994   4858.5    517.8
