     2     1
    CDC1    21     6     1     0     0
    CDC1    21     7     1     0     0
     1 BACKWARD OMEGA   
  2021     7    10    15   37.500  127.000   500.0
     1 PRESSURE
     1     1    21     7    10    15     0     0     0.0   37.500  127.000    500.0    932.7
     1     1    21     7    10    14     0     0    -1.0   37.431  126.838    502.5    933.2
     1     1    21     7    10    13     0     0    -2.0   37.360  126.687    504.5    933.8
     1     1    21     7    10    12     0     0    -3.0   37.286  126.544    506.1    934.3
     1     1    21     7    10    11     0     0    -4.0   37.201  126.404    506.4    935.2
     1     1    21     7    10    10     0     0    -5.0   37.094  126.260    503.9    936.5
     1     1    21     7    10     9     0     0    -6.0   36.967  126.114    499.4    938.2
     1     1    21     7    10     8     0     0    -7.0   36.821  125.966    493.1    940.0
     1     1    21     7    10     7     0     0    -8.0   36.657  125.817    485.7    942.1
     1     1    21     7    10     6     0     0    -9.0   36.477  125.667    477.3    944.2
     1     1    21     7    10     5     0     0   -10.0   36.300  125.525    468.3    946.0
     1     1    21     7    10     4     0     0   -11.0   36.142  125.397    458.6    947.8
     1     1    21     7    10     3     0     0   -12.0   36.004  125.282    448.1    949.5
     1     1    21     7    10     2     0     0   -13.0   35.884  125.177    437.0    951.3
     1     1    21     7    10     1     0     0   -14.0   35.780  125.083    425.5    952.9
     1     1    21     7    10     0     0     0   -15.0   35.694  124.998    413.6    954.6
     1     1    21     7     9    23     0     0   -16.0   35.609  124.910    401.5    956.3
     1     1    21     7     9    22     0     0   -17.0   35.511  124.806    389.0    958.0
     1     1    21     7     9    21     0     0   -18.0   35.402  124.687    376.4    959.6
     1     1    21     7     9    20     0     0   -19.0   35.281  124.551    363.3    961.1
     1     1    21     7     9    19     0     0   -20.0   35.150  124.399    349.9    962.7
     1     1    21     7     9    18     0     0   -21.0   35.008  124.232    336.2    964.3
     1     1    21     7     9    17     0     0   -22.0   34.860  124.064    323.8    966.0
     1     1    21     7     9    16     0     0   -23.0   34.711  123.913    314.4    967.3
     1     1    21     7     9    15     0     0   -24.0   34.560  123.777    307.8    968.3
     1     1    21     7     9    14     0     0   -25.0   34.408  123.657    303.6    969.1
     1     1    21     7     9    13     0     0   -26.0   34.254  123.554    301.6    969.7
     1     1    21     7     9    12     0     0   -27.0   34.100  123.466    301.7    970.1
     1     1    21     7     9    11     0     0   -28.0   33.950  123.385    303.3    970.5
     1     1    21     7     9    10     0     0   -29.0   33.809  123.299    306.2    970.9
     1     1    21     7     9     9     0     0   -30.0   33.677  123.209    310.3    971.1
     1     1    21     7     9     8     0     0   -31.0   33.556  123.114    315.8    971.2
     1     1    21     7     9     7     0     0   -32.0   33.445  123.016    322.5    971.1
     1     1    21     7     9     6     0     0   -33.0   33.347  122.913    330.4    970.9
     1     1    21     7     9     5     0     0   -34.0   33.255  122.805    338.4    970.4
     1     1    21     7     9     4     0     0   -35.0   33.167  122.686    345.7    970.1
     1     1    21     7     9     3     0     0   -36.0   33.081  122.557    352.1    970.0
     1     1    21     7     9     2     0     0   -37.0   32.997  122.417    357.4    969.5
     1     1    21     7     9     1     0     0   -38.0   32.915  122.262    361.6    968.7
     1     1    21     7     9     0     0     0   -39.0   32.837  122.091    364.5    968.0
     1     1    21     7     8    23     0     0   -40.0   32.759  121.900    365.8    967.2
     1     1    21     7     8    22     0     0   -41.0   32.676  121.685    365.1    966.6
     1     1    21     7     8    21     0     0   -42.0   32.589  121.445    362.6    966.0
     1     1    21     7     8    20     0     0   -43.0   32.499  121.179    358.6    965.4
     1     1    21     7     8    19     0     0   -44.0   32.407  120.889    353.3    963.9
     1     1    21     7     8    18     0     0   -45.0   32.313  120.575    347.2    962.3
     1     1    21     7     8    17     0     0   -46.0   32.219  120.262    342.4    960.6
     1     1    21     7     8    16     0     0   -47.0   32.130  119.973    340.8    958.5
     1     1    21     7     8    15     0     0   -48.0   32.042  119.708    342.1    956.6
     1     1    21     7     8    14     0     0   -49.0   31.952  119.466    346.5    954.4
     1     1    21     7     8    13     0     0   -50.0   31.860  119.248    354.0    952.0
     1     1    21     7     8    12     0     0   -51.0   31.767  119.052    364.9    949.4
     1     1    21     7     8    11     0     0   -52.0   31.676  118.858    376.2    946.8
     1     1    21     7     8    10     0     0   -53.0   31.593  118.648    384.5    944.6
     1     1    21     7     8     9     0     0   -54.0   31.520  118.422    389.0    942.8
     1     1    21     7     8     8     0     0   -55.0   31.458  118.180    388.9    941.5
     1     1    21     7     8     7     0     0   -56.0   31.412  117.921    383.9    940.8
     1     1    21     7     8     6     0     0   -57.0   31.382  117.646    373.5    940.8
     1     1    21     7     8     5     0     0   -58.0   31.354  117.365    361.2    942.5
     1     1    21     7     8     4     0     0   -59.0   31.306  117.089    350.7    945.4
     1     1    21     7     8     3     0     0   -60.0   31.236  116.820    342.3    947.9
     1     1    21     7     8     2     0     0   -61.0   31.141  116.555    336.1    950.1
     1     1    21     7     8     1     0     0   -62.0   31.019  116.294    332.8    952.1
     1     1    21     7     8     0     0     0   -63.0   30.867  116.033    332.8    953.8
     1     1    21     7     7    23     0     0   -64.0   30.694  115.775    334.7    955.1
     1     1    21     7     7    22     0     0   -65.0   30.512  115.528    336.7    956.8
     1     1    21     7     7    21     0     0   -66.0   30.320  115.296    338.5    958.6
     1     1    21     7     7    20     0     0   -67.0   30.119  115.082    339.6    960.5
     1     1    21     7     7    19     0     0   -68.0   29.908  114.888    339.5    959.5
     1     1    21     7     7    18     0     0   -69.0   29.686  114.711    338.0    956.1
     1     1    21     7     7    17     0     0   -70.0   29.461  114.548    337.2    953.4
     1     1    21     7     7    16     0     0   -71.0   29.241  114.395    339.2    950.5
     1     1    21     7     7    15     0     0   -72.0   29.031  114.252    343.9    947.7
     1     1    21     7     7    14     0     0   -73.0   28.834  114.117    351.4    944.8
     1     1    21     7     7    13     0     0   -74.0   28.653  113.991    361.6    942.0
     1     1    21     7     7    12     0     0   -75.0   28.492  113.873    374.7    939.3
     1     1    21     7     7    11     0     0   -76.0   28.347  113.763    386.9    936.8
     1     1    21     7     7    10     0     0   -77.0   28.215  113.663    394.2    935.4
     1     1    21     7     7     9     0     0   -78.0   28.095  113.573    396.5    934.8
     1     1    21     7     7     8     0     0   -79.0   27.988  113.495    393.7    935.0
     1     1    21     7     7     7     0     0   -80.0   27.896  113.429    386.0    936.0
     1     1    21     7     7     6     0     0   -81.0   27.819  113.375    373.7    937.5
     1     1    21     7     7     5     0     0   -82.0   27.738  113.323    361.8    938.9
     1     1    21     7     7     4     0     0   -83.0   27.635  113.264    354.8    939.3
     1     1    21     7     7     3     0     0   -84.0   27.511  113.199    352.6    939.2
     1     1    21     7     7     2     0     0   -85.0   27.363  113.132    354.6    938.2
     1     1    21     7     7     1     0     0   -86.0   27.192  113.069    360.6    936.6
     1     1    21     7     7     0     0     0   -87.0   26.998  113.015    370.4    934.4
     1     1    21     7     6    23     0     0   -88.0   26.790  112.976    380.4    931.7
     1     1    21     7     6    22     0     0   -89.0   26.581  112.953    386.5    929.6
     1     1    21     7     6    21     0     0   -90.0   26.370  112.944    388.9    927.9
     1     1    21     7     6    20     0     0   -91.0   26.158  112.949    387.5    926.6
     1     1    21     7     6    19     0     0   -92.0   25.944  112.965    382.7    925.6
     1     1    21     7     6    18     0     0   -93.0   25.727  112.992    374.8    925.0
     1     1    21     7     6    17     0     0   -94.0   25.518  113.031    366.4    924.2
     1     1    21     7     6    16     0     0   -95.0   25.325  113.085    360.6    923.0
     1     1    21     7     6    15     0     0   -96.0   25.147  113.151    357.6    921.6
