     2     1
    CDC1    21     6     1     0     0
    CDC1    21     7     1     0     0
     1 BACKWARD OMEGA   
  2021     7    23    15   37.500  127.000   500.0
     1 PRESSURE
     1     1    21     7    23    15     0     0     0.0   37.500  127.000    500.0    934.1
     1     1    21     7    23    14     0     0    -1.0   37.475  127.048    506.4    932.9
     1     1    21     7    23    13     0     0    -2.0   37.453  127.092    508.8    932.3
     1     1    21     7    23    12     0     0    -3.0   37.436  127.133    507.3    932.2
     1     1    21     7    23    11     0     0    -4.0   37.415  127.175    504.6    932.7
     1     1    21     7    23    10     0     0    -5.0   37.387  127.223    503.6    932.8
     1     1    21     7    23     9     0     0    -6.0   37.349  127.277    504.6    932.7
     1     1    21     7    23     8     0     0    -7.0   37.303  127.339    508.0    932.3
     1     1    21     7    23     7     0     0    -8.0   37.248  127.407    514.1    931.6
     1     1    21     7    23     6     0     0    -9.0   37.184  127.482    523.5    930.6
     1     1    21     7    23     5     0     0   -10.0   37.117  127.567    535.5    929.7
     1     1    21     7    23     4     0     0   -11.0   37.053  127.664    548.0    929.0
     1     1    21     7    23     3     0     0   -12.0   36.992  127.773    561.2    928.2
     1     1    21     7    23     2     0     0   -13.0   36.934  127.894    575.0    927.4
     1     1    21     7    23     1     0     0   -14.0   36.880  128.028    589.4    926.6
     1     1    21     7    23     0     0     0   -15.0   36.828  128.174    604.3    925.6
     1     1    21     7    22    23     0     0   -16.0   36.778  128.326    618.9    924.2
     1     1    21     7    22    22     0     0   -17.0   36.730  128.475    632.4    922.8
     1     1    21     7    22    21     0     0   -18.0   36.683  128.621    644.5    921.5
     1     1    21     7    22    20     0     0   -19.0   36.639  128.764    655.1    920.3
     1     1    21     7    22    19     0     0   -20.0   36.596  128.903    664.3    919.2
     1     1    21     7    22    18     0     0   -21.0   36.556  129.037    672.1    918.3
     1     1    21     7    22    17     0     0   -22.0   36.520  129.168    680.4    918.0
     1     1    21     7    22    16     0     0   -23.0   36.492  129.297    690.8    917.2
     1     1    21     7    22    15     0     0   -24.0   36.471  129.423    703.6    916.2
     1     1    21     7    22    14     0     0   -25.0   36.455  129.548    718.6    914.9
     1     1    21     7    22    13     0     0   -26.0   36.444  129.671    736.0    913.4
     1     1    21     7    22    12     0     0   -27.0   36.436  129.792    755.9    911.6
     1     1    21     7    22    11     0     0   -28.0   36.428  129.919    778.1    909.3
     1     1    21     7    22    10     0     0   -29.0   36.416  130.059    802.2    907.2
     1     1    21     7    22     9     0     0   -30.0   36.402  130.212    827.8    905.3
     1     1    21     7    22     8     0     0   -31.0   36.386  130.377    854.3    903.5
     1     1    21     7    22     7     0     0   -32.0   36.370  130.556    881.5    901.6
     1     1    21     7    22     6     0     0   -33.0   36.356  130.748    908.7    899.9
     1     1    21     7    22     5     0     0   -34.0   36.344  130.944    934.5    898.3
     1     1    21     7    22     4     0     0   -35.0   36.332  131.135    957.9    896.8
     1     1    21     7    22     3     0     0   -36.0   36.320  131.320    978.7    895.5
     1     1    21     7    22     2     0     0   -37.0   36.308  131.499    996.3    894.6
     1     1    21     7    22     1     0     0   -38.0   36.297  131.671   1010.7    894.0
     1     1    21     7    22     0     0     0   -39.0   36.287  131.836   1021.5    893.7
     1     1    21     7    21    23     0     0   -40.0   36.274  131.998   1029.4    893.6
     1     1    21     7    21    22     0     0   -41.0   36.255  132.165   1035.6    893.7
     1     1    21     7    21    21     0     0   -42.0   36.229  132.335   1040.6    893.8
     1     1    21     7    21    20     0     0   -43.0   36.197  132.509   1044.7    893.9
     1     1    21     7    21    19     0     0   -44.0   36.160  132.687   1048.1    892.4
     1     1    21     7    21    18     0     0   -45.0   36.116  132.871   1052.1    890.8
     1     1    21     7    21    17     0     0   -46.0   36.071  133.061   1057.4    889.2
     1     1    21     7    21    16     0     0   -47.0   36.029  133.259   1063.2    887.5
     1     1    21     7    21    15     0     0   -48.0   35.989  133.465   1070.0    885.8
     1     1    21     7    21    14     0     0   -49.0   35.950  133.679   1078.1    883.9
     1     1    21     7    21    13     0     0   -50.0   35.911  133.902   1087.4    881.9
     1     1    21     7    21    12     0     0   -51.0   35.872  134.135   1098.3    879.7
     1     1    21     7    21    11     0     0   -52.0   35.834  134.370   1109.1    877.1
     1     1    21     7    21    10     0     0   -53.0   35.800  134.603   1118.5    874.9
     1     1    21     7    21     9     0     0   -54.0   35.771  134.833   1126.1    872.9
     1     1    21     7    21     8     0     0   -55.0   35.746  135.059   1131.4    871.0
     1     1    21     7    21     7     0     0   -56.0   35.728  135.282   1134.4    868.7
     1     1    21     7    21     6     0     0   -57.0   35.716  135.500   1135.4    866.7
     1     1    21     7    21     5     0     0   -58.0   35.704  135.718   1136.3    865.3
     1     1    21     7    21     4     0     0   -59.0   35.686  135.941   1139.6    863.4
     1     1    21     7    21     3     0     0   -60.0   35.663  136.169   1145.4    861.3
     1     1    21     7    21     2     0     0   -61.0   35.635  136.402   1154.1    859.0
     1     1    21     7    21     1     0     0   -62.0   35.603  136.640   1166.0    856.4
     1     1    21     7    21     0     0     0   -63.0   35.568  136.883   1181.3    853.5
     1     1    21     7    20    23     0     0   -64.0   35.533  137.126   1199.8    850.0
     1     1    21     7    20    22     0     0   -65.0   35.504  137.362   1220.5    846.3
     1     1    21     7    20    21     0     0   -66.0   35.480  137.593   1243.7    843.7
     1     1    21     7    20    20     0     0   -67.0   35.463  137.816   1269.2    842.4
     1     1    21     7    20    19     0     0   -68.0   35.450  138.032   1296.0    840.8
     1     1    21     7    20    18     0     0   -69.0   35.442  138.241   1324.2    838.9
     1     1    21     7    20    17     0     0   -70.0   35.438  138.447   1353.5    837.0
     1     1    21     7    20    16     0     0   -71.0   35.435  138.659   1384.4    835.0
     1     1    21     7    20    15     0     0   -72.0   35.436  138.875   1416.6    832.9
     1     1    21     7    20    14     0     0   -73.0   35.439  139.097   1450.2    830.7
     1     1    21     7    20    13     0     0   -74.0   35.445  139.325   1485.0    828.4
     1     1    21     7    20    12     0     0   -75.0   35.455  139.560   1520.9    826.1
     1     1    21     7    20    11     0     0   -76.0   35.468  139.795   1554.6    823.6
     1     1    21     7    20    10     0     0   -77.0   35.485  140.024   1581.2    822.2
     1     1    21     7    20     9     0     0   -78.0   35.505  140.245   1601.2    822.0
     1     1    21     7    20     8     0     0   -79.0   35.526  140.457   1614.3    822.5
     1     1    21     7    20     7     0     0   -80.0   35.547  140.661   1621.2    823.5
     1     1    21     7    20     6     0     0   -81.0   35.568  140.858   1622.3    824.9
     1     1    21     7    20     5     0     0   -82.0   35.591  141.047   1623.2    827.1
     1     1    21     7    20     4     0     0   -83.0   35.617  141.227   1630.2    828.1
     1     1    21     7    20     3     0     0   -84.0   35.650  141.398   1642.5    828.5
     1     1    21     7    20     2     0     0   -85.0   35.689  141.559   1659.6    828.3
     1     1    21     7    20     1     0     0   -86.0   35.736  141.711   1681.1    827.6
     1     1    21     7    20     0     0     0   -87.0   35.792  141.854   1706.9    826.5
     1     1    21     7    19    23     0     0   -88.0   35.851  141.988   1734.1    824.3
     1     1    21     7    19    22     0     0   -89.0   35.907  142.115   1759.9    822.4
     1     1    21     7    19    21     0     0   -90.0   35.961  142.236   1784.6    820.6
     1     1    21     7    19    20     0     0   -91.0   36.012  142.351   1808.1    818.9
     1     1    21     7    19    19     0     0   -92.0   36.060  142.461   1830.6    817.2
     1     1    21     7    19    18     0     0   -93.0   36.105  142.564   1851.8    815.3
     1     1    21     7    19    17     0     0   -94.0   36.154  142.664   1870.1    813.7
     1     1    21     7    19    16     0     0   -95.0   36.213  142.762   1883.2    812.7
     1     1    21     7    19    15     0     0   -96.0   36.284  142.860   1891.4    812.3
