     2     1
    CDC1    21     4     1     0     0
    CDC1    21     5     1     0     0
     1 BACKWARD OMEGA   
  2021     5    25     3   37.500  127.000   500.0
     1 PRESSURE
     1     1    21     5    25     3     0     0     0.0   37.500  127.000    500.0    928.7
     1     1    21     5    25     2     0     0    -1.0   37.466  126.607    469.1    934.2
     1     1    21     5    25     1     0     0    -2.0   37.415  126.232    434.8    940.4
     1     1    21     5    25     0     0     0    -3.0   37.354  125.872    398.9    946.9
     1     1    21     5    24    23     0     0    -4.0   37.289  125.531    364.8    953.2
     1     1    21     5    24    22     0     0    -5.0   37.215  125.217    333.2    958.3
     1     1    21     5    24    21     0     0    -6.0   37.120  124.931    301.8    963.2
     1     1    21     5    24    20     0     0    -7.0   36.999  124.673    269.4    967.8
     1     1    21     5    24    19     0     0    -8.0   36.851  124.444    235.4    972.7
     1     1    21     5    24    18     0     0    -9.0   36.672  124.239    199.7    978.0
     1     1    21     5    24    17     0     0   -10.0   36.478  124.054    166.4    982.7
     1     1    21     5    24    16     0     0   -11.0   36.286  123.889    138.7    986.5
     1     1    21     5    24    15     0     0   -12.0   36.093  123.749    116.4    989.9
     1     1    21     5    24    14     0     0   -13.0   35.898  123.639     99.1    992.7
     1     1    21     5    24    13     0     0   -14.0   35.702  123.562     86.8    994.8
     1     1    21     5    24    12     0     0   -15.0   35.505  123.521     79.6    996.3
     1     1    21     5    24    11     0     0   -16.0   35.327  123.489     75.5    996.8
     1     1    21     5    24    10     0     0   -17.0   35.181  123.442     72.5    997.3
     1     1    21     5    24     9     0     0   -18.0   35.070  123.379     71.0    997.7
     1     1    21     5    24     8     0     0   -19.0   34.991  123.299     71.2    998.0
     1     1    21     5    24     7     0     0   -20.0   34.944  123.200     73.2    998.3
     1     1    21     5    24     6     0     0   -21.0   34.928  123.081     76.8    998.3
     1     1    21     5    24     5     0     0   -22.0   34.937  122.956     79.8    997.7
     1     1    21     5    24     4     0     0   -23.0   34.963  122.840     79.7    998.0
     1     1    21     5    24     3     0     0   -24.0   35.006  122.732     76.4    998.6
     1     1    21     5    24     2     0     0   -25.0   35.068  122.632     70.3    999.8
     1     1    21     5    24     1     0     0   -26.0   35.152  122.540     62.3   1000.9
     1     1    21     5    24     0     0     0   -27.0   35.258  122.450     53.2   1002.1
     1     1    21     5    23    23     0     0   -28.0   35.371  122.356     44.4   1002.6
     1     1    21     5    23    22     0     0   -29.0   35.471  122.256     36.7   1002.9
     1     1    21     5    23    21     0     0   -30.0   35.561  122.150     30.1   1003.3
     1     1    21     5    23    20     0     0   -31.0   35.639  122.037     24.6   1003.7
     1     1    21     5    23    19     0     0   -32.0   35.706  121.917     20.0   1004.0
     1     1    21     5    23    18     0     0   -33.0   35.762  121.788     16.4   1004.2
     1     1    21     5    23    17     0     0   -34.0   35.807  121.664     13.5   1004.9
     1     1    21     5    23    16     0     0   -35.0   35.844  121.558     11.0   1005.5
     1     1    21     5    23    15     0     0   -36.0   35.875  121.471      8.7   1005.8
     1     1    21     5    23    14     0     0   -37.0   35.899  121.405      6.4   1005.9
     1     1    21     5    23    13     0     0   -38.0   35.918  121.361      3.8   1006.0
     1     1    21     5    23    12     0     0   -39.0   35.933  121.340      1.0   1006.1
     1     1    21     5    23    11     0     0   -40.0   35.944  121.331      0.0   1006.1
     1     1    21     5    23    10     0     0   -41.0   35.956  121.321      0.0   1006.0
     1     1    21     5    23     9     0     0   -42.0   35.968  121.311      0.0   1006.0
     1     1    21     5    23     8     0     0   -43.0   35.980  121.302      0.0   1006.0
     1     1    21     5    23     7     0     0   -44.0   35.993  121.293      0.0   1006.0
     1     1    21     5    23     6     0     0   -45.0   36.007  121.283      0.0   1006.0
     1     1    21     5    23     5     0     0   -46.0   36.005  121.273      0.0   1005.8
     1     1    21     5    23     4     0     0   -47.0   35.973  121.262      0.0   1005.6
     1     1    21     5    23     3     0     0   -48.0   35.910  121.253      0.0   1005.3
     1     1    21     5    23     2     0     0   -49.0   35.815  121.247      0.0   1005.0
     1     1    21     5    23     1     0     0   -50.0   35.690  121.246      0.0   1004.6
     1     1    21     5    23     0     0     0   -51.0   35.532  121.252      0.0   1004.2
     1     1    21     5    22    23     0     0   -52.0   35.353  121.271      0.0   1003.8
     1     1    21     5    22    22     0     0   -53.0   35.162  121.305      0.0   1003.4
     1     1    21     5    22    21     0     0   -54.0   34.964  121.350      0.0   1003.2
     1     1    21     5    22    20     0     0   -55.0   34.761  121.405      0.0   1003.9
     1     1    21     5    22    19     0     0   -56.0   34.556  121.465      0.0   1004.6
     1     1    21     5    22    18     0     0   -57.0   34.351  121.529      0.0   1005.3
     1     1    21     5    22    17     0     0   -58.0   34.152  121.597      0.0   1006.3
     1     1    21     5    22    16     0     0   -59.0   33.965  121.668      0.0   1007.3
     1     1    21     5    22    15     0     0   -60.0   33.789  121.742      0.0   1008.3
     1     1    21     5    22    14     0     0   -61.0   33.622  121.818      0.0   1009.3
     1     1    21     5    22    13     0     0   -62.0   33.463  121.894      0.0   1010.3
     1     1    21     5    22    12     0     0   -63.0   33.311  121.969      0.2   1011.4
     1     1    21     5    22    11     0     0   -64.0   33.163  122.050      0.4   1012.4
     1     1    21     5    22    10     0     0   -65.0   33.017  122.146      0.3   1013.5
     1     1    21     5    22     9     0     0   -66.0   32.874  122.256      0.0   1014.7
     1     1    21     5    22     8     0     0   -67.0   32.733  122.384      0.0   1016.1
     1     1    21     5    22     7     0     0   -68.0   32.595  122.530      0.0   1017.3
     1     1    21     5    22     6     0     0   -69.0   32.466  122.696      0.0   1017.2
     1     1    21     5    22     5     0     0   -70.0   32.352  122.860      0.0   1016.1
     1     1    21     5    22     4     0     0   -71.0   32.256  123.007      0.0   1015.3
     1     1    21     5    22     3     0     0   -72.0   32.175  123.138      0.0   1014.6
     1     1    21     5    22     2     0     0   -73.0   32.109  123.254      0.0   1014.1
     1     1    21     5    22     1     0     0   -74.0   32.056  123.355      0.0   1013.7
     1     1    21     5    22     0     0     0   -75.0   32.014  123.442      0.0   1013.4
     1     1    21     5    21    23     0     0   -76.0   31.979  123.517      0.0   1013.1
     1     1    21     5    21    22     0     0   -77.0   31.943  123.584      0.0   1012.8
     1     1    21     5    21    21     0     0   -78.0   31.906  123.642      0.0   1012.5
     1     1    21     5    21    20     0     0   -79.0   31.868  123.692      0.3   1012.2
     1     1    21     5    21    19     0     0   -80.0   31.828  123.732      1.1   1011.9
     1     1    21     5    21    18     0     0   -81.0   31.784  123.763      2.4   1011.6
     1     1    21     5    21    17     0     0   -82.0   31.738  123.790      3.8   1011.4
     1     1    21     5    21    16     0     0   -83.0   31.688  123.821      4.9   1011.1
     1     1    21     5    21    15     0     0   -84.0   31.637  123.853      5.7   1010.9
     1     1    21     5    21    14     0     0   -85.0   31.582  123.888      6.2   1010.7
     1     1    21     5    21    13     0     0   -86.0   31.525  123.924      6.3   1010.5
     1     1    21     5    21    12     0     0   -87.0   31.466  123.962      6.1   1010.4
     1     1    21     5    21    11     0     0   -88.0   31.409  124.003      5.8   1010.4
     1     1    21     5    21    10     0     0   -89.0   31.359  124.050      5.5   1010.4
     1     1    21     5    21     9     0     0   -90.0   31.317  124.102      5.2   1010.4
     1     1    21     5    21     8     0     0   -91.0   31.283  124.160      5.0   1010.4
     1     1    21     5    21     7     0     0   -92.0   31.258  124.223      4.9   1010.4
     1     1    21     5    21     6     0     0   -93.0   31.242  124.292      4.9   1010.5
     1     1    21     5    21     5     0     0   -94.0   31.248  124.356      5.0   1010.4
     1     1    21     5    21     4     0     0   -95.0   31.286  124.404      5.1   1010.3
     1     1    21     5    21     3     0     0   -96.0   31.354  124.432      5.3   1010.4
