     2     1
    CDC1    21     3     1     0     0
    CDC1    21     4     1     0     0
     1 BACKWARD OMEGA   
  2021     4    11     6   37.500  127.000   500.0
     1 PRESSURE
     1     1    21     4    11     6     0     0     0.0   37.500  127.000    500.0    950.6
     1     1    21     4    11     5     0     0    -1.0   37.346  126.997    532.1    947.4
     1     1    21     4    11     4     0     0    -2.0   37.201  127.015    563.2    944.3
     1     1    21     4    11     3     0     0    -3.0   37.066  127.053    593.7    941.3
     1     1    21     4    11     2     0     0    -4.0   36.944  127.110    623.9    938.2
     1     1    21     4    11     1     0     0    -5.0   36.837  127.183    653.9    934.5
     1     1    21     4    11     0     0     0    -6.0   36.749  127.273    684.0    930.8
     1     1    21     4    10    23     0     0    -7.0   36.677  127.358    714.8    926.8
     1     1    21     4    10    22     0     0    -8.0   36.619  127.421    745.9    922.9
     1     1    21     4    10    21     0     0    -9.0   36.574  127.460    777.1    919.1
     1     1    21     4    10    20     0     0   -10.0   36.540  127.476    808.3    915.4
     1     1    21     4    10    19     0     0   -11.0   36.515  127.469    839.0    912.0
     1     1    21     4    10    18     0     0   -12.0   36.498  127.436    869.1    908.8
     1     1    21     4    10    17     0     0   -13.0   36.486  127.394    898.7    905.8
     1     1    21     4    10    16     0     0   -14.0   36.479  127.357    928.6    902.8
     1     1    21     4    10    15     0     0   -15.0   36.475  127.323    958.8    899.3
     1     1    21     4    10    14     0     0   -16.0   36.476  127.293    989.8    895.8
     1     1    21     4    10    13     0     0   -17.0   36.483  127.265   1021.5    892.1
     1     1    21     4    10    12     0     0   -18.0   36.494  127.239   1054.4    888.5
     1     1    21     4    10    11     0     0   -19.0   36.509  127.211   1087.1    884.9
     1     1    21     4    10    10     0     0   -20.0   36.524  127.176   1117.2    881.7
     1     1    21     4    10     9     0     0   -21.0   36.539  127.135   1144.6    879.0
     1     1    21     4    10     8     0     0   -22.0   36.555  127.088   1168.8    876.6
     1     1    21     4    10     7     0     0   -23.0   36.573  127.034   1189.6    874.7
     1     1    21     4    10     6     0     0   -24.0   36.591  126.973   1206.3    873.2
     1     1    21     4    10     5     0     0   -25.0   36.612  126.910   1222.7    872.3
     1     1    21     4    10     4     0     0   -26.0   36.638  126.851   1241.6    870.8
     1     1    21     4    10     3     0     0   -27.0   36.670  126.795   1263.3    869.0
     1     1    21     4    10     2     0     0   -28.0   36.709  126.742   1287.8    866.8
     1     1    21     4    10     1     0     0   -29.0   36.754  126.691   1315.1    864.2
     1     1    21     4    10     0     0     0   -30.0   36.806  126.641   1345.3    861.1
     1     1    21     4     9    23     0     0   -31.0   36.863  126.589   1374.6    857.1
     1     1    21     4     9    22     0     0   -32.0   36.922  126.536   1400.0    854.0
     1     1    21     4     9    21     0     0   -33.0   36.982  126.480   1420.7    851.4
     1     1    21     4     9    20     0     0   -34.0   37.043  126.421   1436.4    849.4
     1     1    21     4     9    19     0     0   -35.0   37.105  126.360   1446.7    848.0
     1     1    21     4     9    18     0     0   -36.0   37.168  126.295   1451.3    847.2
     1     1    21     4     9    17     0     0   -37.0   37.229  126.231   1454.8    847.5
     1     1    21     4     9    16     0     0   -38.0   37.288  126.170   1461.4    846.9
     1     1    21     4     9    15     0     0   -39.0   37.345  126.114   1471.8    845.9
     1     1    21     4     9    14     0     0   -40.0   37.400  126.063   1486.4    844.5
     1     1    21     4     9    13     0     0   -41.0   37.454  126.018   1505.4    842.5
     1     1    21     4     9    12     0     0   -42.0   37.507  125.978   1529.3    840.0
     1     1    21     4     9    11     0     0   -43.0   37.560  125.943   1556.9    836.3
     1     1    21     4     9    10     0     0   -44.0   37.614  125.914   1589.1    832.3
     1     1    21     4     9     9     0     0   -45.0   37.671  125.891   1625.6    827.8
     1     1    21     4     9     8     0     0   -46.0   37.731  125.873   1666.5    822.8
     1     1    21     4     9     7     0     0   -47.0   37.794  125.861   1712.0    817.4
     1     1    21     4     9     6     0     0   -48.0   37.861  125.854   1762.3    811.1
     1     1    21     4     9     5     0     0   -49.0   37.945  125.844   1815.5    804.0
     1     1    21     4     9     4     0     0   -50.0   38.058  125.826   1870.5    796.7
     1     1    21     4     9     3     0     0   -51.0   38.200  125.798   1927.1    789.1
     1     1    21     4     9     2     0     0   -52.0   38.372  125.763   1985.4    781.1
     1     1    21     4     9     1     0     0   -53.0   38.574  125.721   2045.4    772.8
     1     1    21     4     9     0     0     0   -54.0   38.805  125.673   2107.2    764.2
     1     1    21     4     8    23     0     0   -55.0   39.062  125.613   2170.1    755.1
     1     1    21     4     8    22     0     0   -56.0   39.338  125.534   2234.6    745.8
     1     1    21     4     8    21     0     0   -57.0   39.632  125.430   2300.3    736.4
     1     1    21     4     8    20     0     0   -58.0   39.945  125.299   2367.4    727.1
     1     1    21     4     8    19     0     0   -59.0   40.274  125.145   2437.0    719.8
     1     1    21     4     8    18     0     0   -60.0   40.620  124.973   2506.4    713.4
     1     1    21     4     8    17     0     0   -61.0   40.983  124.799   2575.0    707.4
     1     1    21     4     8    16     0     0   -62.0   41.364  124.639   2642.3    701.3
     1     1    21     4     8    15     0     0   -63.0   41.764  124.499   2707.9    695.1
     1     1    21     4     8    14     0     0   -64.0   42.189  124.382   2771.4    688.7
     1     1    21     4     8    13     0     0   -65.0   42.638  124.287   2834.6    683.6
     1     1    21     4     8    12     0     0   -66.0   43.108  124.210   2899.2    681.6
     1     1    21     4     8    11     0     0   -67.0   43.593  124.126   2959.7    679.7
     1     1    21     4     8    10     0     0   -68.0   44.093  124.018   3015.0    678.4
     1     1    21     4     8     9     0     0   -69.0   44.607  123.892   3067.7    677.2
     1     1    21     4     8     8     0     0   -70.0   45.139  123.753   3118.0    673.8
     1     1    21     4     8     7     0     0   -71.0   45.685  123.600   3163.9    664.6
     1     1    21     4     8     6     0     0   -72.0   46.248  123.433   3217.6    654.1
     1     1    21     4     8     5     0     0   -73.0   46.828  123.261   3272.9    642.0
     1     1    21     4     8     4     0     0   -74.0   47.427  123.091   3321.5    630.6
     1     1    21     4     8     3     0     0   -75.0   48.039  122.935   3363.7    620.7
     1     1    21     4     8     2     0     0   -76.0   48.656  122.806   3396.5    612.1
     1     1    21     4     8     1     0     0   -77.0   49.275  122.708   3419.5    604.6
     1     1    21     4     8     0     0     0   -78.0   49.900  122.643   3432.5    598.2
     1     1    21     4     7    23     0     0   -79.0   50.515  122.593   3448.3    596.7
     1     1    21     4     7    22     0     0   -80.0   51.112  122.538   3462.9    595.8
     1     1    21     4     7    21     0     0   -81.0   51.689  122.473   3475.8    595.0
     1     1    21     4     7    20     0     0   -82.0   52.247  122.395   3487.9    594.3
     1     1    21     4     7    19     0     0   -83.0   52.791  122.293   3496.3    592.0
     1     1    21     4     7    18     0     0   -84.0   53.329  122.143   3501.4    588.1
     1     1    21     4     7    17     0     0   -85.0   53.874  121.952   3507.6    584.4
     1     1    21     4     7    16     0     0   -86.0   54.438  121.737   3512.3    580.2
     1     1    21     4     7    15     0     0   -87.0   55.022  121.494   3514.1    576.1
     1     1    21     4     7    14     0     0   -88.0   55.624  121.211   3517.6    574.9
     1     1    21     4     7    13     0     0   -89.0   56.238  120.873   3513.9    574.3
     1     1    21     4     7    12     0     0   -90.0   56.858  120.471   3497.4    574.9
     1     1    21     4     7    11     0     0   -91.0   57.473  119.997   3467.8    577.2
     1     1    21     4     7    10     0     0   -92.0   58.066  119.469   3444.5    586.1
     1     1    21     4     7     9     0     0   -93.0   58.625  118.903   3420.0    594.5
     1     1    21     4     7     8     0     0   -94.0   59.152  118.295   3393.4    602.7
     1     1    21     4     7     7     0     0   -95.0   59.649  117.641   3363.8    610.6
     1     1    21     4     7     6     0     0   -96.0   60.115  116.947   3332.9    619.2
