     3     1
    CDC1    21     2     1     0     0
    CDC1    21     3     1     0     0
    CDC1    21     4     1     0     0
     1 BACKWARD OMEGA   
  2021     3    31     3   37.500  127.000   500.0
     1 PRESSURE
     1     1    21     3    31     3     0     0     0.0   37.500  127.000    500.0    935.8
     1     1    21     3    31     2     0     0    -1.0   37.486  126.998    520.3    933.3
     1     1    21     3    31     1     0     0    -2.0   37.476  126.996    532.0    932.0
     1     1    21     3    31     0     0     0    -3.0   37.469  126.997    534.4    931.8
     1     1    21     3    30    23     0     0    -4.0   37.466  126.989    534.3    932.6
     1     1    21     3    30    22     0     0    -5.0   37.467  126.960    538.1    932.3
     1     1    21     3    30    21     0     0    -6.0   37.472  126.910    545.8    931.8
     1     1    21     3    30    20     0     0    -7.0   37.481  126.838    557.6    930.9
     1     1    21     3    30    19     0     0    -8.0   37.494  126.741    573.9    929.7
     1     1    21     3    30    18     0     0    -9.0   37.512  126.619    594.9    928.0
     1     1    21     3    30    17     0     0   -10.0   37.534  126.484    618.9    925.6
     1     1    21     3    30    16     0     0   -11.0   37.564  126.350    644.5    922.8
     1     1    21     3    30    15     0     0   -12.0   37.599  126.218    671.3    919.7
     1     1    21     3    30    14     0     0   -13.0   37.641  126.089    699.5    916.4
     1     1    21     3    30    13     0     0   -14.0   37.687  125.966    729.5    912.8
     1     1    21     3    30    12     0     0   -15.0   37.740  125.850    761.5    908.9
     1     1    21     3    30    11     0     0   -16.0   37.805  125.739    796.8    904.8
     1     1    21     3    30    10     0     0   -17.0   37.894  125.631    836.5    899.8
     1     1    21     3    30     9     0     0   -18.0   38.005  125.525    880.8    894.0
     1     1    21     3    30     8     0     0   -19.0   38.142  125.423    929.9    887.6
     1     1    21     3    30     7     0     0   -20.0   38.306  125.323    984.4    879.7
     1     1    21     3    30     6     0     0   -21.0   38.499  125.225   1045.0    870.8
     1     1    21     3    30     5     0     0   -22.0   38.707  125.118   1112.7    861.4
     1     1    21     3    30     4     0     0   -23.0   38.920  124.991   1187.2    851.7
     1     1    21     3    30     3     0     0   -24.0   39.138  124.845   1268.9    841.7
     1     1    21     3    30     2     0     0   -25.0   39.362  124.679   1357.5    830.8
     1     1    21     3    30     1     0     0   -26.0   39.593  124.497   1453.5    819.6
     1     1    21     3    30     0     0     0   -27.0   39.837  124.303   1558.1    808.0
     1     1    21     3    29    23     0     0   -28.0   40.095  124.090   1666.6    796.6
     1     1    21     3    29    22     0     0   -29.0   40.365  123.847   1770.2    786.9
     1     1    21     3    29    21     0     0   -30.0   40.647  123.577   1868.1    778.0
     1     1    21     3    29    20     0     0   -31.0   40.941  123.280   1961.3    769.8
     1     1    21     3    29    19     0     0   -32.0   41.250  122.962   2051.8    762.0
     1     1    21     3    29    18     0     0   -33.0   41.575  122.624   2142.6    754.1
     1     1    21     3    29    17     0     0   -34.0   41.901  122.276   2227.2    742.3
     1     1    21     3    29    16     0     0   -35.0   42.214  121.930   2296.0    729.3
     1     1    21     3    29    15     0     0   -36.0   42.518  121.590   2351.9    717.0
     1     1    21     3    29    14     0     0   -37.0   42.818  121.260   2395.7    707.9
     1     1    21     3    29    13     0     0   -38.0   43.119  120.943   2424.3    700.1
     1     1    21     3    29    12     0     0   -39.0   43.428  120.641   2438.3    693.5
     1     1    21     3    29    11     0     0   -40.0   43.754  120.336   2447.0    687.3
     1     1    21     3    29    10     0     0   -41.0   44.107  120.010   2461.2    679.1
     1     1    21     3    29     9     0     0   -42.0   44.489  119.665   2482.7    670.2
     1     1    21     3    29     8     0     0   -43.0   44.900  119.306   2513.4    660.7
     1     1    21     3    29     7     0     0   -44.0   45.338  118.936   2554.0    652.1
     1     1    21     3    29     6     0     0   -45.0   45.797  118.559   2604.2    644.9
     1     1    21     3    29     5     0     0   -46.0   46.273  118.173   2661.3    639.1
     1     1    21     3    29     4     0     0   -47.0   46.763  117.781   2722.7    635.1
     1     1    21     3    29     3     0     0   -48.0   47.268  117.384   2787.9    633.2
     1     1    21     3    29     2     0     0   -49.0   47.779  116.984   2851.8    631.3
     1     1    21     3    29     1     0     0   -50.0   48.285  116.579   2911.0    628.3
     1     1    21     3    29     0     0     0   -51.0   48.785  116.165   2966.2    625.3
     1     1    21     3    28    23     0     0   -52.0   49.269  115.728   3018.1    622.3
     1     1    21     3    28    22     0     0   -53.0   49.727  115.259   3070.5    618.9
     1     1    21     3    28    21     0     0   -54.0   50.163  114.753   3119.7    611.2
     1     1    21     3    28    20     0     0   -55.0   50.577  114.209   3167.6    599.1
     1     1    21     3    28    19     0     0   -56.0   50.970  113.622   3224.1    587.1
     1     1    21     3    28    18     0     0   -57.0   51.354  112.984   3290.0    575.0
     1     1    21     3    28    17     0     0   -58.0   51.744  112.309   3364.5    564.3
     1     1    21     3    28    16     0     0   -59.0   52.144  111.619   3444.4    558.8
     1     1    21     3    28    15     0     0   -60.0   52.550  110.915   3523.0    555.2
     1     1    21     3    28    14     0     0   -61.0   52.963  110.191   3594.0    549.4
     1     1    21     3    28    13     0     0   -62.0   53.373  109.449   3673.6    548.0
     1     1    21     3    28    12     0     0   -63.0   53.769  108.690   3754.2    548.8
     1     1    21     3    28    11     0     0   -64.0   54.146  107.908   3837.4    550.3
     1     1    21     3    28    10     0     0   -65.0   54.502  107.096   3920.5    550.7
     1     1    21     3    28     9     0     0   -66.0   54.832  106.253   4005.2    551.5
     1     1    21     3    28     8     0     0   -67.0   55.133  105.381   4090.0    553.6
     1     1    21     3    28     7     0     0   -68.0   55.403  104.485   4155.9    551.6
     1     1    21     3    28     6     0     0   -69.0   55.640  103.569   4205.6    548.2
     1     1    21     3    28     5     0     0   -70.0   55.856  102.629   4242.6    546.2
     1     1    21     3    28     4     0     0   -71.0   56.062  101.662   4257.1    543.8
     1     1    21     3    28     3     0     0   -72.0   56.260  100.662   4258.0    543.6
     1     1    21     3    28     2     0     0   -73.0   56.446   99.627   4247.6    545.9
     1     1    21     3    28     1     0     0   -74.0   56.616   98.551   4225.8    549.9
     1     1    21     3    28     0     0     0   -75.0   56.762   97.430   4192.7    555.1
     1     1    21     3    27    23     0     0   -76.0   56.874   96.287   4148.3    560.4
     1     1    21     3    27    22     0     0   -77.0   56.951   95.146   4098.8    565.2
     1     1    21     3    27    21     0     0   -78.0   56.995   94.024   4046.6    570.5
     1     1    21     3    27    20     0     0   -79.0   57.007   92.937   3991.2    575.7
     1     1    21     3    27    19     0     0   -80.0   56.985   91.898   3935.8    582.0
     1     1    21     3    27    18     0     0   -81.0   56.929   90.918   3880.6    588.9
     1     1    21     3    27    17     0     0   -82.0   56.850   89.978   3826.7    596.1
     1     1    21     3    27    16     0     0   -83.0   56.767   89.055   3776.0    603.5
     1     1    21     3    27    15     0     0   -84.0   56.682   88.146   3727.3    610.8
     1     1    21     3    27    14     0     0   -85.0   56.590   87.245   3678.5    617.7
     1     1    21     3    27    13     0     0   -86.0   56.492   86.354   3627.7    623.4
     1     1    21     3    27    12     0     0   -87.0   56.387   85.476   3577.2    629.1
     1     1    21     3    27    11     0     0   -88.0   56.275   84.638   3526.9    633.5
     1     1    21     3    27    10     0     0   -89.0   56.166   83.863   3482.8    635.8
     1     1    21     3    27     9     0     0   -90.0   56.062   83.142   3445.0    637.8
     1     1    21     3    27     8     0     0   -91.0   55.961   82.468   3411.9    639.6
     1     1    21     3    27     7     0     0   -92.0   55.865   81.838   3383.7    641.7
     1     1    21     3    27     6     0     0   -93.0   55.776   81.247   3358.4    643.8
     1     1    21     3    27     5     0     0   -94.0   55.700   80.677   3329.6    645.2
     1     1    21     3    27     4     0     0   -95.0   55.644   80.111   3298.8    647.2
     1     1    21     3    27     3     0     0   -96.0   55.603   79.548   3266.8    651.0
