     2     1
    CDC1    21     9     1     0     0
    CDC1    21    10     1     0     0
     1 BACKWARD OMEGA   
  2021    10    11     0   37.500  127.000   500.0
     1 PRESSURE
     1     1    21    10    11     0     0     0     0.0   37.500  127.000    500.0    944.0
     1     1    21    10    10    23     0     0    -1.0   37.719  127.062    513.0    938.9
     1     1    21    10    10    22     0     0    -2.0   37.939  127.103    530.8    933.2
     1     1    21    10    10    21     0     0    -3.0   38.164  127.122    554.2    926.9
     1     1    21    10    10    20     0     0    -4.0   38.395  127.118    584.4    920.1
     1     1    21    10    10    19     0     0    -5.0   38.635  127.090    622.2    912.6
     1     1    21    10    10    18     0     0    -6.0   38.883  127.033    668.3    903.6
     1     1    21    10    10    17     0     0    -7.0   39.127  126.926    720.4    894.2
     1     1    21    10    10    16     0     0    -8.0   39.361  126.759    777.1    885.4
     1     1    21    10    10    15     0     0    -9.0   39.590  126.535    837.8    877.2
     1     1    21    10    10    14     0     0   -10.0   39.818  126.259    902.2    869.6
     1     1    21    10    10    13     0     0   -11.0   40.049  125.929    970.3    862.0
     1     1    21    10    10    12     0     0   -12.0   40.287  125.551   1041.3    856.2
     1     1    21    10    10    11     0     0   -13.0   40.529  125.146   1113.9    851.1
     1     1    21    10    10    10     0     0   -14.0   40.765  124.730   1187.2    846.6
     1     1    21    10    10     9     0     0   -15.0   40.996  124.299   1261.0    842.4
     1     1    21    10    10     8     0     0   -16.0   41.225  123.849   1336.1    837.6
     1     1    21    10    10     7     0     0   -17.0   41.455  123.379   1413.6    832.3
     1     1    21    10    10     6     0     0   -18.0   41.691  122.886   1494.7    826.6
     1     1    21    10    10     5     0     0   -19.0   41.951  122.374   1579.6    818.3
     1     1    21    10    10     4     0     0   -20.0   42.240  121.825   1668.5    800.4
     1     1    21    10    10     3     0     0   -21.0   42.544  121.217   1768.9    778.9
     1     1    21    10    10     2     0     0   -22.0   42.859  120.539   1882.1    756.4
     1     1    21    10    10     1     0     0   -23.0   43.186  119.788   2004.8    730.8
     1     1    21    10    10     0     0     0   -24.0   43.520  118.956   2138.8    702.3
     1     1    21    10     9    23     0     0   -25.0   43.840  118.066   2281.3    672.9
     1     1    21    10     9    22     0     0   -26.0   44.139  117.156   2432.3    650.2
     1     1    21    10     9    21     0     0   -27.0   44.434  116.255   2596.4    636.5
     1     1    21    10     9    20     0     0   -28.0   44.746  115.379   2763.7    624.3
     1     1    21    10     9    19     0     0   -29.0   45.082  114.535   2930.8    615.2
     1     1    21    10     9    18     0     0   -30.0   45.433  113.736   3081.3    606.5
     1     1    21    10     9    17     0     0   -31.0   45.789  112.989   3209.4    597.1
     1     1    21    10     9    16     0     0   -32.0   46.150  112.295   3319.8    584.9
     1     1    21    10     9    15     0     0   -33.0   46.515  111.653   3411.0    570.6
     1     1    21    10     9    14     0     0   -34.0   46.888  111.069   3485.9    556.6
     1     1    21    10     9    13     0     0   -35.0   47.281  110.553   3542.7    543.2
     1     1    21    10     9    12     0     0   -36.0   47.703  110.109   3586.0    533.2
     1     1    21    10     9    11     0     0   -37.0   48.115  109.733   3625.2    530.9
     1     1    21    10     9    10     0     0   -38.0   48.476  109.410   3656.6    530.9
     1     1    21    10     9     9     0     0   -39.0   48.789  109.125   3682.0    531.3
     1     1    21    10     9     8     0     0   -40.0   49.060  108.868   3705.3    531.9
     1     1    21    10     9     7     0     0   -41.0   49.293  108.632   3729.3    532.3
     1     1    21    10     9     6     0     0   -42.0   49.490  108.412   3755.9    532.4
     1     1    21    10     9     5     0     0   -43.0   49.668  108.204   3776.5    532.4
     1     1    21    10     9     4     0     0   -44.0   49.843  108.012   3776.7    534.7
     1     1    21    10     9     3     0     0   -45.0   50.017  107.837   3760.0    538.3
     1     1    21    10     9     2     0     0   -46.0   50.191  107.671   3731.0    544.0
     1     1    21    10     9     1     0     0   -47.0   50.366  107.508   3691.0    550.4
     1     1    21    10     9     0     0     0   -48.0   50.543  107.350   3639.6    557.2
     1     1    21    10     8    23     0     0   -49.0   50.710  107.194   3584.5    564.6
     1     1    21    10     8    22     0     0   -50.0   50.856  107.041   3529.9    571.3
     1     1    21    10     8    21     0     0   -51.0   50.984  106.894   3476.6    577.6
     1     1    21    10     8    20     0     0   -52.0   51.094  106.756   3424.6    583.6
     1     1    21    10     8    19     0     0   -53.0   51.189  106.630   3373.9    589.3
     1     1    21    10     8    18     0     0   -54.0   51.269  106.518   3324.4    594.7
     1     1    21    10     8    17     0     0   -55.0   51.343  106.403   3278.3    600.0
     1     1    21    10     8    16     0     0   -56.0   51.420  106.267   3236.6    604.9
     1     1    21    10     8    15     0     0   -57.0   51.499  106.110   3199.2    609.5
     1     1    21    10     8    14     0     0   -58.0   51.581  105.933   3166.1    613.9
     1     1    21    10     8    13     0     0   -59.0   51.665  105.735   3137.2    618.0
     1     1    21    10     8    12     0     0   -60.0   51.754  105.519   3112.3    621.9
     1     1    21    10     8    11     0     0   -61.0   51.843  105.283   3093.9    625.4
     1     1    21    10     8    10     0     0   -62.0   51.931  105.027   3082.3    628.1
     1     1    21    10     8     9     0     0   -63.0   52.013  104.751   3068.5    626.2
     1     1    21    10     8     8     0     0   -64.0   52.086  104.456   3056.0    623.0
     1     1    21    10     8     7     0     0   -65.0   52.149  104.144   3043.5    619.3
     1     1    21    10     8     6     0     0   -66.0   52.201  103.816   3028.3    615.4
     1     1    21    10     8     5     0     0   -67.0   52.249  103.486   3010.4    611.3
     1     1    21    10     8     4     0     0   -68.0   52.300  103.169   2996.9    607.1
     1     1    21    10     8     3     0     0   -69.0   52.354  102.864   2987.7    602.7
     1     1    21    10     8     2     0     0   -70.0   52.409  102.572   2984.4    598.1
     1     1    21    10     8     1     0     0   -71.0   52.466  102.294   2988.3    593.3
     1     1    21    10     8     0     0     0   -72.0   52.523  102.029   3000.4    588.3
     1     1    21    10     7    23     0     0   -73.0   52.576  101.769   3010.3    583.7
     1     1    21    10     7    22     0     0   -74.0   52.622  101.506   3003.6    581.1
     1     1    21    10     7    21     0     0   -75.0   52.661  101.241   2980.3    579.6
     1     1    21    10     7    20     0     0   -76.0   52.693  100.973   2939.8    579.3
     1     1    21    10     7    19     0     0   -77.0   52.718  100.702   2881.3    580.2
     1     1    21    10     7    18     0     0   -78.0   52.737  100.425   2804.3    582.3
     1     1    21    10     7    17     0     0   -79.0   52.758  100.154   2717.9    586.1
     1     1    21    10     7    16     0     0   -80.0   52.791   99.897   2634.2    591.7
     1     1    21    10     7    15     0     0   -81.0   52.836   99.651   2555.5    600.0
     1     1    21    10     7    14     0     0   -82.0   52.894   99.414   2478.7    608.4
     1     1    21    10     7    13     0     0   -83.0   52.963   99.183   2404.8    617.0
     1     1    21    10     7    12     0     0   -84.0   53.044   98.955   2334.1    625.7
     1     1    21    10     7    11     0     0   -85.0   53.128   98.722   2270.3    634.4
     1     1    21    10     7    10     0     0   -86.0   53.208   98.481   2216.2    641.8
     1     1    21    10     7     9     0     0   -87.0   53.285   98.238   2170.9    648.3
     1     1    21    10     7     8     0     0   -88.0   53.357   97.995   2133.4    653.9
     1     1    21    10     7     7     0     0   -89.0   53.424   97.757   2102.9    658.7
     1     1    21    10     7     6     0     0   -90.0   53.487   97.528   2078.8    662.6
     1     1    21    10     7     5     0     0   -91.0   53.550   97.304   2057.9    667.7
     1     1    21    10     7     4     0     0   -92.0   53.618   97.083   2034.1    673.8
     1     1    21    10     7     3     0     0   -93.0   53.693   96.866   2008.0    680.1
     1     1    21    10     7     2     0     0   -94.0   53.776   96.652   1980.6    686.5
     1     1    21    10     7     1     0     0   -95.0   53.867   96.441   1953.1    693.0
     1     1    21    10     7     0     0     0   -96.0   53.969   96.235   1926.5    699.4
