     2     1
    CDC1    21     8     1     0     0
    CDC1    21     9     1     0     0
     1 BACKWARD OMEGA   
  2021     9    28     6   37.500  127.000   500.0
     1 PRESSURE
     1     1    21     9    28     6     0     0     0.0   37.500  127.000    500.0    936.5
     1     1    21     9    28     5     0     0    -1.0   37.412  127.159    460.0    941.2
     1     1    21     9    28     4     0     0    -2.0   37.332  127.328    428.0    944.6
     1     1    21     9    28     3     0     0    -3.0   37.261  127.504    403.0    947.2
     1     1    21     9    28     2     0     0    -4.0   37.205  127.685    384.3    950.2
     1     1    21     9    28     1     0     0    -5.0   37.166  127.867    370.7    952.3
     1     1    21     9    28     0     0     0    -6.0   37.142  128.046    361.6    954.0
     1     1    21     9    27    23     0     0    -7.0   37.126  128.217    355.3    955.0
     1     1    21     9    27    22     0     0    -8.0   37.109  128.376    350.7    955.9
     1     1    21     9    27    21     0     0    -9.0   37.090  128.524    347.9    956.6
     1     1    21     9    27    20     0     0   -10.0   37.067  128.661    347.0    957.1
     1     1    21     9    27    19     0     0   -11.0   37.039  128.791    348.2    957.3
     1     1    21     9    27    18     0     0   -12.0   37.004  128.914    351.4    957.2
     1     1    21     9    27    17     0     0   -13.0   36.968  129.037    354.9    957.0
     1     1    21     9    27    16     0     0   -14.0   36.936  129.168    356.7    957.1
     1     1    21     9    27    15     0     0   -15.0   36.910  129.307    356.7    957.4
     1     1    21     9    27    14     0     0   -16.0   36.891  129.456    355.0    958.0
     1     1    21     9    27    13     0     0   -17.0   36.880  129.616    351.2    958.8
     1     1    21     9    27    12     0     0   -18.0   36.879  129.787    345.4    959.8
     1     1    21     9    27    11     0     0   -19.0   36.888  129.966    338.6    961.3
     1     1    21     9    27    10     0     0   -20.0   36.907  130.146    332.1    963.2
     1     1    21     9    27     9     0     0   -21.0   36.935  130.327    326.1    965.2
     1     1    21     9    27     8     0     0   -22.0   36.970  130.507    320.4    967.3
     1     1    21     9    27     7     0     0   -23.0   37.013  130.688    315.1    969.5
     1     1    21     9    27     6     0     0   -24.0   37.061  130.870    310.2    971.7
     1     1    21     9    27     5     0     0   -25.0   37.113  131.055    305.6    974.0
     1     1    21     9    27     4     0     0   -26.0   37.167  131.245    301.5    976.3
     1     1    21     9    27     3     0     0   -27.0   37.223  131.438    297.5    978.8
     1     1    21     9    27     2     0     0   -28.0   37.283  131.633    293.8    981.3
     1     1    21     9    27     1     0     0   -29.0   37.348  131.830    289.9    983.9
     1     1    21     9    27     0     0     0   -30.0   37.421  132.026    286.0    986.7
     1     1    21     9    26    23     0     0   -31.0   37.504  132.216    281.6    989.4
     1     1    21     9    26    22     0     0   -32.0   37.598  132.392    276.6    991.6
     1     1    21     9    26    21     0     0   -33.0   37.699  132.557    270.9    993.0
     1     1    21     9    26    20     0     0   -34.0   37.804  132.709    264.7    993.0
     1     1    21     9    26    19     0     0   -35.0   37.911  132.851    258.1    993.3
     1     1    21     9    26    18     0     0   -36.0   38.019  132.982    251.3    993.8
     1     1    21     9    26    17     0     0   -37.0   38.127  133.106    244.6    994.7
     1     1    21     9    26    16     0     0   -38.0   38.232  133.226    238.1    995.6
     1     1    21     9    26    15     0     0   -39.0   38.335  133.344    232.0    996.6
     1     1    21     9    26    14     0     0   -40.0   38.436  133.460    226.2    997.6
     1     1    21     9    26    13     0     0   -41.0   38.535  133.577    220.9    998.7
     1     1    21     9    26    12     0     0   -42.0   38.632  133.694    216.1    999.8
     1     1    21     9    26    11     0     0   -43.0   38.728  133.814    211.4   1000.8
     1     1    21     9    26    10     0     0   -44.0   38.824  133.937    206.6   1002.0
     1     1    21     9    26     9     0     0   -45.0   38.920  134.065    201.5   1003.3
     1     1    21     9    26     8     0     0   -46.0   39.019  134.195    196.4   1004.6
     1     1    21     9    26     7     0     0   -47.0   39.121  134.329    191.2   1005.9
     1     1    21     9    26     6     0     0   -48.0   39.227  134.465    185.9   1007.4
     1     1    21     9    26     5     0     0   -49.0   39.337  134.601    180.7   1009.2
     1     1    21     9    26     4     0     0   -50.0   39.449  134.732    175.7   1011.1
     1     1    21     9    26     3     0     0   -51.0   39.564  134.862    170.7   1013.2
     1     1    21     9    26     2     0     0   -52.0   39.682  134.990    165.8   1015.4
     1     1    21     9    26     1     0     0   -53.0   39.799  135.119    160.8   1016.5
     1     1    21     9    26     0     0     0   -54.0   39.911  135.249    155.5   1017.6
     1     1    21     9    25    23     0     0   -55.0   40.010  135.381    149.8   1018.2
     1     1    21     9    25    22     0     0   -56.0   40.085  135.513    143.2   1017.4
     1     1    21     9    25    21     0     0   -57.0   40.137  135.645    136.1   1016.9
     1     1    21     9    25    20     0     0   -58.0   40.166  135.778    128.6   1016.7
     1     1    21     9    25    19     0     0   -59.0   40.173  135.912    120.7   1016.6
     1     1    21     9    25    18     0     0   -60.0   40.157  136.046    112.7   1016.8
     1     1    21     9    25    17     0     0   -61.0   40.131  136.190    105.5   1017.0
     1     1    21     9    25    16     0     0   -62.0   40.102  136.352    100.0   1016.8
     1     1    21     9    25    15     0     0   -63.0   40.073  136.532     96.3   1016.1
     1     1    21     9    25    14     0     0   -64.0   40.044  136.730     94.3   1015.0
     1     1    21     9    25    13     0     0   -65.0   40.015  136.947     94.3   1013.5
     1     1    21     9    25    12     0     0   -66.0   39.988  137.181     96.6   1011.2
     1     1    21     9    25    11     0     0   -67.0   39.967  137.421    100.3   1008.4
     1     1    21     9    25    10     0     0   -68.0   39.960  137.655    104.4   1006.8
     1     1    21     9    25     9     0     0   -69.0   39.966  137.882    108.7   1005.9
     1     1    21     9    25     8     0     0   -70.0   39.988  138.102    113.1   1005.3
     1     1    21     9    25     7     0     0   -71.0   40.026  138.315    117.5   1004.5
     1     1    21     9    25     6     0     0   -72.0   40.079  138.517    121.9   1003.6
     1     1    21     9    25     5     0     0   -73.0   40.137  138.710    126.3   1002.6
     1     1    21     9    25     4     0     0   -74.0   40.188  138.897    131.3   1001.5
     1     1    21     9    25     3     0     0   -75.0   40.232  139.077    136.8   1000.4
     1     1    21     9    25     2     0     0   -76.0   40.272  139.252    142.9    999.3
     1     1    21     9    25     1     0     0   -77.0   40.308  139.422    149.7    998.1
     1     1    21     9    25     0     0     0   -78.0   40.342  139.587    157.4    996.9
     1     1    21     9    24    23     0     0   -79.0   40.382  139.749    164.9    995.6
     1     1    21     9    24    22     0     0   -80.0   40.437  139.906    171.1    994.7
     1     1    21     9    24    21     0     0   -81.0   40.507  140.059    176.2    994.1
     1     1    21     9    24    20     0     0   -82.0   40.593  140.207    180.1    993.7
     1     1    21     9    24    19     0     0   -83.0   40.695  140.349    182.9    993.5
     1     1    21     9    24    18     0     0   -84.0   40.810  140.486    184.6    993.2
     1     1    21     9    24    17     0     0   -85.0   40.937  140.619    186.8    992.7
     1     1    21     9    24    16     0     0   -86.0   41.073  140.747    191.3    991.9
     1     1    21     9    24    15     0     0   -87.0   41.220  140.870    197.9    990.8
     1     1    21     9    24    14     0     0   -88.0   41.378  140.989    206.4    989.3
     1     1    21     9    24    13     0     0   -89.0   41.548  141.102    216.9    987.5
     1     1    21     9    24    12     0     0   -90.0   41.731  141.209    229.1    985.5
     1     1    21     9    24    11     0     0   -91.0   41.928  141.313    242.6    983.1
     1     1    21     9    24    10     0     0   -92.0   42.141  141.417    257.2    980.7
     1     1    21     9    24     9     0     0   -93.0   42.369  141.524    273.0    978.1
     1     1    21     9    24     8     0     0   -94.0   42.610  141.633    290.0    975.5
     1     1    21     9    24     7     0     0   -95.0   42.863  141.740    308.0    973.1
     1     1    21     9    24     6     0     0   -96.0   43.127  141.841    326.7    970.9
