     2     1
    CDC1    21     7     1     0     0
    CDC1    21     8     1     0     0
     1 BACKWARD OMEGA   
  2021     8    25    15   37.500  127.000   500.0
     1 PRESSURE
     1     1    21     8    25    15     0     0     0.0   37.500  127.000    500.0    933.7
     1     1    21     8    25    14     0     0    -1.0   37.367  126.806    491.1    935.5
     1     1    21     8    25    13     0     0    -2.0   37.235  126.618    480.7    937.6
     1     1    21     8    25    12     0     0    -3.0   37.104  126.435    469.0    939.7
     1     1    21     8    25    11     0     0    -4.0   36.968  126.259    455.1    942.0
     1     1    21     8    25    10     0     0    -5.0   36.820  126.095    438.2    944.8
     1     1    21     8    25     9     0     0    -6.0   36.659  125.944    418.8    947.8
     1     1    21     8    25     8     0     0    -7.0   36.487  125.807    397.8    951.1
     1     1    21     8    25     7     0     0    -8.0   36.304  125.685    375.7    954.3
     1     1    21     8    25     6     0     0    -9.0   36.113  125.577    352.8    957.0
     1     1    21     8    25     5     0     0   -10.0   35.924  125.482    331.7    960.1
     1     1    21     8    25     4     0     0   -11.0   35.750  125.400    314.4    962.4
     1     1    21     8    25     3     0     0   -12.0   35.587  125.330    300.4    964.4
     1     1    21     8    25     2     0     0   -13.0   35.436  125.273    289.2    966.1
     1     1    21     8    25     1     0     0   -14.0   35.296  125.231    280.6    967.4
     1     1    21     8    25     0     0     0   -15.0   35.166  125.204    274.3    968.5
     1     1    21     8    24    23     0     0   -16.0   35.044  125.175    268.6    969.2
     1     1    21     8    24    22     0     0   -17.0   34.927  125.126    261.7    970.4
     1     1    21     8    24    21     0     0   -18.0   34.812  125.056    253.8    971.8
     1     1    21     8    24    20     0     0   -19.0   34.697  124.968    244.8    973.3
     1     1    21     8    24    19     0     0   -20.0   34.583  124.860    234.9    974.8
     1     1    21     8    24    18     0     0   -21.0   34.470  124.734    223.8    976.4
     1     1    21     8    24    17     0     0   -22.0   34.357  124.597    212.9    978.0
     1     1    21     8    24    16     0     0   -23.0   34.245  124.457    203.4    979.3
     1     1    21     8    24    15     0     0   -24.0   34.135  124.314    195.3    980.3
     1     1    21     8    24    14     0     0   -25.0   34.027  124.174    188.5    981.1
     1     1    21     8    24    13     0     0   -26.0   33.921  124.037    183.2    981.8
     1     1    21     8    24    12     0     0   -27.0   33.816  123.907    179.4    982.3
     1     1    21     8    24    11     0     0   -28.0   33.714  123.767    176.5    982.7
     1     1    21     8    24    10     0     0   -29.0   33.613  123.600    173.3    983.2
     1     1    21     8    24     9     0     0   -30.0   33.517  123.408    170.2    983.9
     1     1    21     8    24     8     0     0   -31.0   33.428  123.192    167.3    984.7
     1     1    21     8    24     7     0     0   -32.0   33.346  122.955    164.5    985.6
     1     1    21     8    24     6     0     0   -33.0   33.276  122.697    162.3    986.6
     1     1    21     8    24     5     0     0   -34.0   33.210  122.428    159.7    986.8
     1     1    21     8    24     4     0     0   -35.0   33.140  122.158    156.0    986.0
     1     1    21     8    24     3     0     0   -36.0   33.069  121.890    151.0    985.5
     1     1    21     8    24     2     0     0   -37.0   33.000  121.622    145.2    985.2
     1     1    21     8    24     1     0     0   -38.0   32.938  121.357    139.0    984.9
     1     1    21     8    24     0     0     0   -39.0   32.887  121.092    133.0    984.7
     1     1    21     8    23    23     0     0   -40.0   32.846  120.828    128.5    984.0
     1     1    21     8    23    22     0     0   -41.0   32.811  120.557    126.8    982.7
     1     1    21     8    23    21     0     0   -42.0   32.786  120.272    126.9    981.0
     1     1    21     8    23    20     0     0   -43.0   32.772  119.963    128.0    979.2
     1     1    21     8    23    19     0     0   -44.0   32.765  119.636    129.8    977.9
     1     1    21     8    23    18     0     0   -45.0   32.759  119.302    132.5    976.6
     1     1    21     8    23    17     0     0   -46.0   32.754  118.986    135.3    975.4
     1     1    21     8    23    16     0     0   -47.0   32.747  118.709    137.5    974.4
     1     1    21     8    23    15     0     0   -48.0   32.740  118.463    138.8    973.5
     1     1    21     8    23    14     0     0   -49.0   32.733  118.242    138.9    972.8
     1     1    21     8    23    13     0     0   -50.0   32.729  118.039    137.7    972.2
     1     1    21     8    23    12     0     0   -51.0   32.728  117.852    135.2    971.9
     1     1    21     8    23    11     0     0   -52.0   32.735  117.678    131.9    971.7
     1     1    21     8    23    10     0     0   -53.0   32.754  117.520    128.6    971.5
     1     1    21     8    23     9     0     0   -54.0   32.778  117.375    125.3    972.1
     1     1    21     8    23     8     0     0   -55.0   32.805  117.245    122.0    972.7
     1     1    21     8    23     7     0     0   -56.0   32.833  117.129    118.8    973.3
     1     1    21     8    23     6     0     0   -57.0   32.862  117.024    115.6    973.9
     1     1    21     8    23     5     0     0   -58.0   32.888  116.929    112.6    975.0
     1     1    21     8    23     4     0     0   -59.0   32.907  116.841    109.9    976.0
     1     1    21     8    23     3     0     0   -60.0   32.919  116.760    107.4    976.9
     1     1    21     8    23     2     0     0   -61.0   32.925  116.687    105.2    977.8
     1     1    21     8    23     1     0     0   -62.0   32.926  116.619    103.3    978.5
     1     1    21     8    23     0     0     0   -63.0   32.920  116.557    101.6    979.3
     1     1    21     8    22    23     0     0   -64.0   32.905  116.509     99.7    979.7
     1     1    21     8    22    22     0     0   -65.0   32.874  116.485     97.4    980.2
     1     1    21     8    22    21     0     0   -66.0   32.826  116.484     94.8    980.6
     1     1    21     8    22    20     0     0   -67.0   32.759  116.507     91.9    981.0
     1     1    21     8    22    19     0     0   -68.0   32.672  116.556     88.8    981.4
     1     1    21     8    22    18     0     0   -69.0   32.566  116.632     85.4    981.6
     1     1    21     8    22    17     0     0   -70.0   32.452  116.728     82.8    981.2
     1     1    21     8    22    16     0     0   -71.0   32.343  116.834     81.5    980.1
     1     1    21     8    22    15     0     0   -72.0   32.241  116.951     81.5    978.7
     1     1    21     8    22    14     0     0   -73.0   32.145  117.077     82.8    977.0
     1     1    21     8    22    13     0     0   -74.0   32.056  117.214     85.3    975.1
     1     1    21     8    22    12     0     0   -75.0   31.977  117.362     89.2    972.9
     1     1    21     8    22    11     0     0   -76.0   31.901  117.514     93.8    971.1
     1     1    21     8    22    10     0     0   -77.0   31.827  117.658     98.2    970.7
     1     1    21     8    22     9     0     0   -78.0   31.754  117.797    102.3    970.4
     1     1    21     8    22     8     0     0   -79.0   31.681  117.928    106.1    970.2
     1     1    21     8    22     7     0     0   -80.0   31.606  118.053    109.5    969.9
     1     1    21     8    22     6     0     0   -81.0   31.529  118.172    112.3    969.7
     1     1    21     8    22     5     0     0   -82.0   31.450  118.279    115.2    969.6
     1     1    21     8    22     4     0     0   -83.0   31.371  118.373    118.5    969.2
     1     1    21     8    22     3     0     0   -84.0   31.294  118.453    122.3    968.8
     1     1    21     8    22     2     0     0   -85.0   31.221  118.519    126.6    968.2
     1     1    21     8    22     1     0     0   -86.0   31.152  118.571    131.5    967.6
     1     1    21     8    22     0     0     0   -87.0   31.089  118.610    137.0    966.9
     1     1    21     8    21    23     0     0   -88.0   31.022  118.642    142.5    965.8
     1     1    21     8    21    22     0     0   -89.0   30.943  118.673    147.7    964.6
     1     1    21     8    21    21     0     0   -90.0   30.850  118.703    152.4    963.3
     1     1    21     8    21    20     0     0   -91.0   30.743  118.732    156.8    961.9
     1     1    21     8    21    19     0     0   -92.0   30.622  118.760    160.8    960.5
     1     1    21     8    21    18     0     0   -93.0   30.486  118.786    164.4    959.0
     1     1    21     8    21    17     0     0   -94.0   30.355  118.807    168.0    957.5
     1     1    21     8    21    16     0     0   -95.0   30.251  118.821    171.7    956.1
     1     1    21     8    21    15     0     0   -96.0   30.173  118.828    175.6    955.0
