     2     1
    CDC1    21     4     1     0     0
    CDC1    21     5     1     0     0
     1 BACKWARD OMEGA   
  2021     5    27    18   37.500  127.000   500.0
     1 PRESSURE
     1     1    21     5    27    18     0     0     0.0   37.500  127.000    500.0    927.8
     1     1    21     5    27    17     0     0    -1.0   37.324  126.839    485.1    930.6
     1     1    21     5    27    16     0     0    -2.0   37.161  126.664    475.6    932.6
     1     1    21     5    27    15     0     0    -3.0   37.012  126.476    471.0    934.2
     1     1    21     5    27    14     0     0    -4.0   36.876  126.280    470.8    935.5
     1     1    21     5    27    13     0     0    -5.0   36.754  126.076    474.9    936.3
     1     1    21     5    27    12     0     0    -6.0   36.648  125.869    483.4    936.8
     1     1    21     5    27    11     0     0    -7.0   36.562  125.654    494.2    936.6
     1     1    21     5    27    10     0     0    -8.0   36.499  125.425    504.6    936.8
     1     1    21     5    27     9     0     0    -9.0   36.463  125.183    514.8    937.2
     1     1    21     5    27     8     0     0   -10.0   36.454  124.928    524.5    937.5
     1     1    21     5    27     7     0     0   -11.0   36.473  124.662    533.1    936.9
     1     1    21     5    27     6     0     0   -12.0   36.517  124.388    540.4    936.6
     1     1    21     5    27     5     0     0   -13.0   36.579  124.113    545.9    936.1
     1     1    21     5    27     4     0     0   -14.0   36.657  123.839    550.0    935.9
     1     1    21     5    27     3     0     0   -15.0   36.757  123.563    553.8    935.8
     1     1    21     5    27     2     0     0   -16.0   36.883  123.280    558.4    935.7
     1     1    21     5    27     1     0     0   -17.0   37.043  122.985    564.8    935.5
     1     1    21     5    27     0     0     0   -18.0   37.240  122.673    574.0    935.2
     1     1    21     5    26    23     0     0   -19.0   37.442  122.350    582.8    934.3
     1     1    21     5    26    22     0     0   -20.0   37.612  122.030    589.6    933.4
     1     1    21     5    26    21     0     0   -21.0   37.755  121.716    595.9    932.2
     1     1    21     5    26    20     0     0   -22.0   37.881  121.405    603.7    930.9
     1     1    21     5    26    19     0     0   -23.0   38.000  121.093    614.6    929.2
     1     1    21     5    26    18     0     0   -24.0   38.123  120.776    630.4    927.0
     1     1    21     5    26    17     0     0   -25.0   38.245  120.462    649.3    923.5
     1     1    21     5    26    16     0     0   -26.0   38.361  120.164    668.8    920.1
     1     1    21     5    26    15     0     0   -27.0   38.473  119.882    688.9    916.0
     1     1    21     5    26    14     0     0   -28.0   38.585  119.620    709.5    910.9
     1     1    21     5    26    13     0     0   -29.0   38.701  119.376    731.4    905.5
     1     1    21     5    26    12     0     0   -30.0   38.826  119.147    755.2    899.8
     1     1    21     5    26    11     0     0   -31.0   38.952  118.925    778.6    893.9
     1     1    21     5    26    10     0     0   -32.0   39.066  118.699    799.1    888.3
     1     1    21     5    26     9     0     0   -33.0   39.170  118.472    814.9    883.1
     1     1    21     5    26     8     0     0   -34.0   39.263  118.245    825.1    878.3
     1     1    21     5    26     7     0     0   -35.0   39.342  118.021    828.3    874.1
     1     1    21     5    26     6     0     0   -36.0   39.408  117.802    824.0    870.8
     1     1    21     5    26     5     0     0   -37.0   39.470  117.585    814.2    868.4
     1     1    21     5    26     4     0     0   -38.0   39.540  117.368    800.4    864.9
     1     1    21     5    26     3     0     0   -39.0   39.617  117.150    781.9    861.1
     1     1    21     5    26     2     0     0   -40.0   39.700  116.934    758.4    857.7
     1     1    21     5    26     1     0     0   -41.0   39.790  116.722    729.7    854.7
     1     1    21     5    26     0     0     0   -42.0   39.887  116.520    695.7    852.3
     1     1    21     5    25    23     0     0   -43.0   39.975  116.308    660.7    850.7
     1     1    21     5    25    22     0     0   -44.0   40.039  116.068    630.4    848.1
     1     1    21     5    25    21     0     0   -45.0   40.074  115.801    606.2    844.8
     1     1    21     5    25    20     0     0   -46.0   40.079  115.507    589.0    840.7
     1     1    21     5    25    19     0     0   -47.0   40.050  115.183    579.9    835.9
     1     1    21     5    25    18     0     0   -48.0   39.984  114.825    579.7    830.9
     1     1    21     5    25    17     0     0   -49.0   39.893  114.449    578.8    826.4
     1     1    21     5    25    16     0     0   -50.0   39.793  114.076    567.7    823.7
     1     1    21     5    25    15     0     0   -51.0   39.682  113.708    546.5    822.0
     1     1    21     5    25    14     0     0   -52.0   39.556  113.347    515.9    821.2
     1     1    21     5    25    13     0     0   -53.0   39.413  112.995    477.2    821.5
     1     1    21     5    25    12     0     0   -54.0   39.249  112.654    432.0    822.6
     1     1    21     5    25    11     0     0   -55.0   39.078  112.300    391.5    826.8
     1     1    21     5    25    10     0     0   -56.0   38.926  111.906    362.7    829.2
     1     1    21     5    25     9     0     0   -57.0   38.794  111.479    342.3    829.5
     1     1    21     5    25     8     0     0   -58.0   38.683  111.022    327.2    828.5
     1     1    21     5    25     7     0     0   -59.0   38.590  110.539    314.9    826.5
     1     1    21     5    25     6     0     0   -60.0   38.513  110.032    303.4    823.7
     1     1    21     5    25     5     0     0   -61.0   38.442  109.539    292.7    825.0
     1     1    21     5    25     4     0     0   -62.0   38.369  109.094    282.8    826.4
     1     1    21     5    25     3     0     0   -63.0   38.298  108.688    274.7    827.6
     1     1    21     5    25     2     0     0   -64.0   38.231  108.315    269.5    828.4
     1     1    21     5    25     1     0     0   -65.0   38.171  107.966    268.1    828.7
     1     1    21     5    25     0     0     0   -66.0   38.123  107.636    271.7    828.5
     1     1    21     5    24    23     0     0   -67.0   38.082  107.321    276.7    826.5
     1     1    21     5    24    22     0     0   -68.0   38.039  107.024    279.1    824.3
     1     1    21     5    24    21     0     0   -69.0   37.993  106.746    279.2    822.2
     1     1    21     5    24    20     0     0   -70.0   37.942  106.485    277.0    820.4
     1     1    21     5    24    19     0     0   -71.0   37.884  106.239    272.8    818.7
     1     1    21     5    24    18     0     0   -72.0   37.819  106.006    266.9    817.1
     1     1    21     5    24    17     0     0   -73.0   37.770  105.792    261.4    815.3
     1     1    21     5    24    16     0     0   -74.0   37.764  105.596    257.7    813.5
     1     1    21     5    24    15     0     0   -75.0   37.801  105.416    255.3    812.3
     1     1    21     5    24    14     0     0   -76.0   37.879  105.249    253.5    811.8
     1     1    21     5    24    13     0     0   -77.0   38.000  105.095    251.2    812.2
     1     1    21     5    24    12     0     0   -78.0   38.162  104.957    247.2    813.1
     1     1    21     5    24    11     0     0   -79.0   38.345  104.814    240.8    814.1
     1     1    21     5    24    10     0     0   -80.0   38.530  104.647    233.1    815.4
     1     1    21     5    24     9     0     0   -81.0   38.717  104.454    225.6    816.8
     1     1    21     5    24     8     0     0   -82.0   38.910  104.233    219.5    818.4
     1     1    21     5    24     7     0     0   -83.0   39.108  103.980    216.3    820.3
     1     1    21     5    24     6     0     0   -84.0   39.315  103.695    217.5    822.4
     1     1    21     5    24     5     0     0   -85.0   39.515  103.391    223.9    823.9
     1     1    21     5    24     4     0     0   -86.0   39.697  103.084    235.8    825.5
     1     1    21     5    24     3     0     0   -87.0   39.866  102.774    254.2    827.1
     1     1    21     5    24     2     0     0   -88.0   40.026  102.459    279.0    827.2
     1     1    21     5    24     1     0     0   -89.0   40.174  102.138    305.0    818.7
     1     1    21     5    24     0     0     0   -90.0   40.306  101.812    328.9    811.4
     1     1    21     5    23    23     0     0   -91.0   40.417  101.488    349.0    805.0
     1     1    21     5    23    22     0     0   -92.0   40.504  101.174    364.3    799.4
     1     1    21     5    23    21     0     0   -93.0   40.568  100.869    375.2    794.0
     1     1    21     5    23    20     0     0   -94.0   40.611  100.570    382.0    789.1
     1     1    21     5    23    19     0     0   -95.0   40.634  100.277    384.6    784.3
     1     1    21     5    23    18     0     0   -96.0   40.639   99.990    383.0    779.4
