     2     1
    CDC1    21    10     1     0     0
    CDC1    21    11     1     0     0
     1 BACKWARD OMEGA   
  2021    11    16    15   37.500  127.000   500.0
     1 PRESSURE
     1     1    21    11    16    15     0     0     0.0   37.500  127.000    500.0    945.3
     1     1    21    11    16    14     0     0    -1.0   37.597  126.828    533.1    941.1
     1     1    21    11    16    13     0     0    -2.0   37.694  126.657    569.3    936.5
     1     1    21    11    16    12     0     0    -3.0   37.792  126.488    609.0    931.7
     1     1    21    11    16    11     0     0    -4.0   37.892  126.319    650.8    926.1
     1     1    21    11    16    10     0     0    -5.0   37.992  126.144    692.6    920.6
     1     1    21    11    16     9     0     0    -6.0   38.092  125.960    734.4    915.4
     1     1    21    11    16     8     0     0    -7.0   38.195  125.767    776.2    910.5
     1     1    21    11    16     7     0     0    -8.0   38.302  125.562    817.8    905.9
     1     1    21    11    16     6     0     0    -9.0   38.413  125.344    859.2    901.5
     1     1    21    11    16     5     0     0   -10.0   38.528  125.120    899.1    897.3
     1     1    21    11    16     4     0     0   -11.0   38.644  124.897    936.1    893.4
     1     1    21    11    16     3     0     0   -12.0   38.760  124.677    970.4    889.4
     1     1    21    11    16     2     0     0   -13.0   38.878  124.459   1002.3    885.9
     1     1    21    11    16     1     0     0   -14.0   38.997  124.244   1032.4    882.8
     1     1    21    11    16     0     0     0   -15.0   39.119  124.030   1061.1    880.0
     1     1    21    11    15    23     0     0   -16.0   39.241  123.814   1090.7    877.5
     1     1    21    11    15    22     0     0   -17.0   39.361  123.591   1123.1    874.9
     1     1    21    11    15    21     0     0   -18.0   39.478  123.362   1158.7    872.2
     1     1    21    11    15    20     0     0   -19.0   39.595  123.128   1198.3    869.4
     1     1    21    11    15    19     0     0   -20.0   39.711  122.891   1242.5    866.5
     1     1    21    11    15    18     0     0   -21.0   39.829  122.651   1292.1    863.3
     1     1    21    11    15    17     0     0   -22.0   39.946  122.420   1344.3    857.8
     1     1    21    11    15    16     0     0   -23.0   40.061  122.208   1396.1    850.6
     1     1    21    11    15    15     0     0   -24.0   40.175  122.014   1446.7    843.3
     1     1    21    11    15    14     0     0   -25.0   40.288  121.835   1495.6    836.2
     1     1    21    11    15    13     0     0   -26.0   40.404  121.668   1542.7    829.1
     1     1    21    11    15    12     0     0   -27.0   40.523  121.510   1588.1    822.1
     1     1    21    11    15    11     0     0   -28.0   40.639  121.339   1630.0    815.5
     1     1    21    11    15    10     0     0   -29.0   40.742  121.135   1665.8    809.4
     1     1    21    11    15     9     0     0   -30.0   40.830  120.900   1695.9    803.8
     1     1    21    11    15     8     0     0   -31.0   40.903  120.634   1720.7    798.5
     1     1    21    11    15     7     0     0   -32.0   40.959  120.339   1740.5    793.6
     1     1    21    11    15     6     0     0   -33.0   40.994  120.016   1756.3    789.1
     1     1    21    11    15     5     0     0   -34.0   41.016  119.688   1768.1    782.3
     1     1    21    11    15     4     0     0   -35.0   41.034  119.377   1780.2    775.4
     1     1    21    11    15     3     0     0   -36.0   41.050  119.077   1791.4    768.8
     1     1    21    11    15     2     0     0   -37.0   41.065  118.785   1800.6    762.6
     1     1    21    11    15     1     0     0   -38.0   41.078  118.498   1806.8    756.8
     1     1    21    11    15     0     0     0   -39.0   41.090  118.211   1809.0    751.4
     1     1    21    11    14    23     0     0   -40.0   41.105  117.926   1806.7    746.5
     1     1    21    11    14    22     0     0   -41.0   41.123  117.642   1800.2    741.9
     1     1    21    11    14    21     0     0   -42.0   41.142  117.360   1789.5    738.1
     1     1    21    11    14    20     0     0   -43.0   41.159  117.080   1774.9    735.4
     1     1    21    11    14    19     0     0   -44.0   41.170  116.803   1756.3    733.2
     1     1    21    11    14    18     0     0   -45.0   41.172  116.526   1733.2    731.7
     1     1    21    11    14    17     0     0   -46.0   41.181  116.256   1713.2    730.4
     1     1    21    11    14    16     0     0   -47.0   41.214  116.000   1704.5    726.9
     1     1    21    11    14    15     0     0   -48.0   41.273  115.757   1706.7    722.2
     1     1    21    11    14    14     0     0   -49.0   41.355  115.527   1720.3    716.2
     1     1    21    11    14    13     0     0   -50.0   41.460  115.313   1745.5    709.1
     1     1    21    11    14    12     0     0   -51.0   41.590  115.114   1783.0    700.9
     1     1    21    11    14    11     0     0   -52.0   41.749  114.901   1830.1    692.2
     1     1    21    11    14    10     0     0   -53.0   41.940  114.645   1882.7    684.8
     1     1    21    11    14     9     0     0   -54.0   42.162  114.349   1940.8    677.3
     1     1    21    11    14     8     0     0   -55.0   42.417  114.018   2006.1    670.3
     1     1    21    11    14     7     0     0   -56.0   42.701  113.656   2083.7    666.7
     1     1    21    11    14     6     0     0   -57.0   43.011  113.269   2173.4    663.7
     1     1    21    11    14     5     0     0   -58.0   43.324  112.854   2262.5    659.7
     1     1    21    11    14     4     0     0   -59.0   43.624  112.415   2338.2    657.5
     1     1    21    11    14     3     0     0   -60.0   43.912  111.959   2396.8    655.0
     1     1    21    11    14     2     0     0   -61.0   44.195  111.495   2439.9    653.2
     1     1    21    11    14     1     0     0   -62.0   44.478  111.032   2470.5    651.8
     1     1    21    11    14     0     0     0   -63.0   44.773  110.578   2493.0    650.3
     1     1    21    11    13    23     0     0   -64.0   45.067  110.123   2511.1    647.5
     1     1    21    11    13    22     0     0   -65.0   45.345  109.646   2525.8    640.1
     1     1    21    11    13    21     0     0   -66.0   45.610  109.144   2543.7    632.9
     1     1    21    11    13    20     0     0   -67.0   45.866  108.619   2565.9    626.2
     1     1    21    11    13    19     0     0   -68.0   46.121  108.076   2593.1    619.9
     1     1    21    11    13    18     0     0   -69.0   46.384  107.519   2626.1    613.9
     1     1    21    11    13    17     0     0   -70.0   46.660  106.949   2661.1    608.8
     1     1    21    11    13    16     0     0   -71.0   46.952  106.363   2697.0    605.3
     1     1    21    11    13    15     0     0   -72.0   47.264  105.762   2737.1    602.5
     1     1    21    11    13    14     0     0   -73.0   47.604  105.145   2788.1    600.8
     1     1    21    11    13    13     0     0   -74.0   47.977  104.505   2842.7    593.6
     1     1    21    11    13    12     0     0   -75.0   48.390  103.829   2907.5    582.6
     1     1    21    11    13    11     0     0   -76.0   48.824  103.098   2977.4    568.8
     1     1    21    11    13    10     0     0   -77.0   49.251  102.291   3041.0    554.3
     1     1    21    11    13     9     0     0   -78.0   49.659  101.387   3097.7    539.6
     1     1    21    11    13     8     0     0   -79.0   50.047  100.376   3150.2    525.2
     1     1    21    11    13     7     0     0   -80.0   50.410   99.297   3222.7    522.1
     1     1    21    11    13     6     0     0   -81.0   50.745   98.212   3299.8    524.8
     1     1    21    11    13     5     0     0   -82.0   51.045   97.135   3362.7    528.9
     1     1    21    11    13     4     0     0   -83.0   51.297   96.059   3408.0    540.0
     1     1    21    11    13     3     0     0   -84.0   51.501   94.981   3423.5    553.5
     1     1    21    11    13     2     0     0   -85.0   51.674   93.886   3394.3    558.9
     1     1    21    11    13     1     0     0   -86.0   51.828   92.764   3355.2    567.0
     1     1    21    11    13     0     0     0   -87.0   51.976   91.618   3301.9    570.3
     1     1    21    11    12    23     0     0   -88.0   52.092   90.442   3245.5    571.5
     1     1    21    11    12    22     0     0   -89.0   52.146   89.240   3199.4    577.3
     1     1    21    11    12    21     0     0   -90.0   52.150   88.017   3156.0    585.1
     1     1    21    11    12    20     0     0   -91.0   52.119   86.781   3127.3    599.6
     1     1    21    11    12    19     0     0   -92.0   52.069   85.554   3114.9    619.0
     1     1    21    11    12    18     0     0   -93.0   52.018   84.351   3112.7    637.2
     1     1    21    11    12    17     0     0   -94.0   51.950   83.198   3111.8    654.3
     1     1    21    11    12    16     0     0   -95.0   51.846   82.102   3097.2    666.9
     1     1    21    11    12    15     0     0   -96.0   51.707   81.052   3061.6    672.3
