     2     1
    CDC1    21    10     1     0     0
    CDC1    21    11     1     0     0
     1 BACKWARD OMEGA   
  2021    11     8     6   37.500  127.000   500.0
     1 PRESSURE
     1     1    21    11     8     6     0     0     0.0   37.500  127.000    500.0    933.1
     1     1    21    11     8     5     0     0    -1.0   37.451  126.406    464.3    940.8
     1     1    21    11     8     4     0     0    -2.0   37.440  125.815    430.1    948.2
     1     1    21    11     8     3     0     0    -3.0   37.472  125.217    396.5    955.8
     1     1    21    11     8     2     0     0    -4.0   37.547  124.619    365.2    961.1
     1     1    21    11     8     1     0     0    -5.0   37.664  124.029    340.0    964.4
     1     1    21    11     8     0     0     0    -6.0   37.832  123.446    323.7    966.9
     1     1    21    11     7    23     0     0    -7.0   38.045  122.894    315.9    968.2
     1     1    21    11     7    22     0     0    -8.0   38.287  122.409    315.3    968.4
     1     1    21    11     7    21     0     0    -9.0   38.551  122.001    319.3    966.5
     1     1    21    11     7    20     0     0   -10.0   38.829  121.680    325.6    964.2
     1     1    21    11     7    19     0     0   -11.0   39.124  121.443    332.3    961.7
     1     1    21    11     7    18     0     0   -12.0   39.435  121.291    337.3    959.1
     1     1    21    11     7    17     0     0   -13.0   39.755  121.201    340.4    957.7
     1     1    21    11     7    16     0     0   -14.0   40.077  121.146    342.9    955.9
     1     1    21    11     7    15     0     0   -15.0   40.390  121.120    345.9    952.2
     1     1    21    11     7    14     0     0   -16.0   40.686  121.118    349.6    948.7
     1     1    21    11     7    13     0     0   -17.0   40.961  121.139    353.5    945.6
     1     1    21    11     7    12     0     0   -18.0   41.212  121.184    357.4    943.0
     1     1    21    11     7    11     0     0   -19.0   41.449  121.251    360.7    940.9
     1     1    21    11     7    10     0     0   -20.0   41.681  121.337    363.4    939.3
     1     1    21    11     7     9     0     0   -21.0   41.911  121.438    365.9    938.4
     1     1    21    11     7     8     0     0   -22.0   42.140  121.547    368.3    937.9
     1     1    21    11     7     7     0     0   -23.0   42.372  121.660    371.0    937.9
     1     1    21    11     7     6     0     0   -24.0   42.606  121.768    374.2    939.2
     1     1    21    11     7     5     0     0   -25.0   42.828  121.868    379.0    941.5
     1     1    21    11     7     4     0     0   -26.0   43.022  121.967    386.2    943.3
     1     1    21    11     7     3     0     0   -27.0   43.192  122.066    395.9    944.7
     1     1    21    11     7     2     0     0   -28.0   43.338  122.165    408.1    945.9
     1     1    21    11     7     1     0     0   -29.0   43.461  122.267    422.8    946.9
     1     1    21    11     7     0     0     0   -30.0   43.564  122.373    440.0    947.7
     1     1    21    11     6    23     0     0   -31.0   43.671  122.478    458.2    947.7
     1     1    21    11     6    22     0     0   -32.0   43.809  122.571    475.8    946.2
     1     1    21    11     6    21     0     0   -33.0   43.976  122.646    493.1    944.4
     1     1    21    11     6    20     0     0   -34.0   44.175  122.700    510.1    942.9
     1     1    21    11     6    19     0     0   -35.0   44.404  122.729    527.0    941.5
     1     1    21    11     6    18     0     0   -36.0   44.666  122.727    543.8    940.3
     1     1    21    11     6    17     0     0   -37.0   44.938  122.700    562.3    939.3
     1     1    21    11     6    16     0     0   -38.0   45.197  122.656    583.2    934.1
     1     1    21    11     6    15     0     0   -39.0   45.441  122.598    606.8    927.6
     1     1    21    11     6    14     0     0   -40.0   45.670  122.522    632.8    920.8
     1     1    21    11     6    13     0     0   -41.0   45.885  122.427    660.6    912.3
     1     1    21    11     6    12     0     0   -42.0   46.087  122.317    690.2    903.5
     1     1    21    11     6    11     0     0   -43.0   46.290  122.181    722.3    893.9
     1     1    21    11     6    10     0     0   -44.0   46.504  122.008    758.6    883.5
     1     1    21    11     6     9     0     0   -45.0   46.726  121.796    800.9    872.0
     1     1    21    11     6     8     0     0   -46.0   46.957  121.542    851.5    859.6
     1     1    21    11     6     7     0     0   -47.0   47.195  121.245    912.7    846.1
     1     1    21    11     6     6     0     0   -48.0   47.435  120.900    987.0    830.5
     1     1    21    11     6     5     0     0   -49.0   47.683  120.528   1069.1    814.4
     1     1    21    11     6     4     0     0   -50.0   47.947  120.156   1152.2    800.0
     1     1    21    11     6     3     0     0   -51.0   48.231  119.785   1237.9    789.0
     1     1    21    11     6     2     0     0   -52.0   48.538  119.412   1327.0    779.8
     1     1    21    11     6     1     0     0   -53.0   48.874  119.040   1421.0    770.8
     1     1    21    11     6     0     0     0   -54.0   49.250  118.668   1524.3    761.9
     1     1    21    11     5    23     0     0   -55.0   49.640  118.283   1638.4    752.9
     1     1    21    11     5    22     0     0   -56.0   50.016  117.873   1761.2    743.6
     1     1    21    11     5    21     0     0   -57.0   50.377  117.443   1886.5    731.5
     1     1    21    11     5    20     0     0   -58.0   50.721  116.998   2006.5    717.4
     1     1    21    11     5    19     0     0   -59.0   51.053  116.546   2121.6    703.9
     1     1    21    11     5    18     0     0   -60.0   51.388  116.092   2231.8    690.4
     1     1    21    11     5    17     0     0   -61.0   51.736  115.636   2339.0    677.5
     1     1    21    11     5    16     0     0   -62.0   52.104  115.184   2446.7    664.2
     1     1    21    11     5    15     0     0   -63.0   52.497  114.746   2556.3    649.2
     1     1    21    11     5    14     0     0   -64.0   52.917  114.331   2662.9    631.1
     1     1    21    11     5    13     0     0   -65.0   53.368  113.952   2766.6    614.1
     1     1    21    11     5    12     0     0   -66.0   53.862  113.631   2868.3    598.1
     1     1    21    11     5    11     0     0   -67.0   54.387  113.347   2961.0    582.9
     1     1    21    11     5    10     0     0   -68.0   54.924  113.070   3039.6    570.0
     1     1    21    11     5     9     0     0   -69.0   55.460  112.778   3114.0    566.7
     1     1    21    11     5     8     0     0   -70.0   55.982  112.461   3171.6    567.3
     1     1    21    11     5     7     0     0   -71.0   56.488  112.138   3214.5    570.8
     1     1    21    11     5     6     0     0   -72.0   56.984  111.836   3243.9    575.1
     1     1    21    11     5     5     0     0   -73.0   57.475  111.594   3266.8    579.6
     1     1    21    11     5     4     0     0   -74.0   57.945  111.410   3294.2    585.5
     1     1    21    11     5     3     0     0   -75.0   58.382  111.264   3322.6    590.6
     1     1    21    11     5     2     0     0   -76.0   58.788  111.166   3351.5    595.0
     1     1    21    11     5     1     0     0   -77.0   59.165  111.129   3380.3    598.8
     1     1    21    11     5     0     0     0   -78.0   59.514  111.166   3408.1    601.9
     1     1    21    11     4    23     0     0   -79.0   59.820  111.257   3427.5    604.6
     1     1    21    11     4    22     0     0   -80.0   60.075  111.363   3431.1    606.7
     1     1    21    11     4    21     0     0   -81.0   60.281  111.463   3421.0    606.6
     1     1    21    11     4    20     0     0   -82.0   60.444  111.544   3406.5    606.9
     1     1    21    11     4    19     0     0   -83.0   60.565  111.609   3388.3    607.8
     1     1    21    11     4    18     0     0   -84.0   60.647  111.657   3366.8    609.2
     1     1    21    11     4    17     0     0   -85.0   60.696  111.692   3342.8    611.1
     1     1    21    11     4    16     0     0   -86.0   60.720  111.716   3311.1    613.8
     1     1    21    11     4    15     0     0   -87.0   60.721  111.729   3272.8    617.0
     1     1    21    11     4    14     0     0   -88.0   60.700  111.731   3227.2    621.0
     1     1    21    11     4    13     0     0   -89.0   60.660  111.721   3173.6    625.9
     1     1    21    11     4    12     0     0   -90.0   60.603  111.694   3111.2    631.7
     1     1    21    11     4    11     0     0   -91.0   60.532  111.634   3047.5    638.4
     1     1    21    11     4    10     0     0   -92.0   60.447  111.534   2988.9    644.3
     1     1    21    11     4     9     0     0   -93.0   60.351  111.404   2935.0    650.0
     1     1    21    11     4     8     0     0   -94.0   60.243  111.253   2885.0    655.5
     1     1    21    11     4     7     0     0   -95.0   60.124  111.093   2838.0    661.0
     1     1    21    11     4     6     0     0   -96.0   59.994  110.930   2792.7    666.3
