     2     1
    CDC1    21     9     1     0     0
    CDC1    21    10     1     0     0
     1 BACKWARD OMEGA   
  2021    10    12     6   37.500  127.000   500.0
     1 PRESSURE
     1     1    21    10    12     6     0     0     0.0   37.500  127.000    500.0    946.8
     1     1    21    10    12     5     0     0    -1.0   37.498  127.213    497.6    946.0
     1     1    21    10    12     4     0     0    -2.0   37.496  127.435    494.7    945.3
     1     1    21    10    12     3     0     0    -3.0   37.495  127.664    491.7    946.0
     1     1    21    10    12     2     0     0    -4.0   37.500  127.900    488.5    947.4
     1     1    21    10    12     1     0     0    -5.0   37.512  128.144    485.0    948.7
     1     1    21    10    12     0     0     0    -6.0   37.530  128.395    481.5    950.0
     1     1    21    10    11    23     0     0    -7.0   37.553  128.654    477.2    950.7
     1     1    21    10    11    22     0     0    -8.0   37.580  128.922    471.4    951.8
     1     1    21    10    11    21     0     0    -9.0   37.612  129.199    463.9    953.1
     1     1    21    10    11    20     0     0   -10.0   37.650  129.484    454.6    954.6
     1     1    21    10    11    19     0     0   -11.0   37.696  129.777    443.6    956.4
     1     1    21    10    11    18     0     0   -12.0   37.752  130.077    430.7    958.9
     1     1    21    10    11    17     0     0   -13.0   37.825  130.367    416.7    962.8
     1     1    21    10    11    16     0     0   -14.0   37.919  130.632    401.5    966.8
     1     1    21    10    11    15     0     0   -15.0   38.029  130.870    385.4    970.7
     1     1    21    10    11    14     0     0   -16.0   38.152  131.079    368.6    974.1
     1     1    21    10    11    13     0     0   -17.0   38.285  131.258    351.4    977.4
     1     1    21    10    11    12     0     0   -18.0   38.425  131.405    334.1    980.5
     1     1    21    10    11    11     0     0   -19.0   38.573  131.525    318.5    983.3
     1     1    21    10    11    10     0     0   -20.0   38.728  131.628    306.0    985.5
     1     1    21    10    11     9     0     0   -21.0   38.889  131.715    296.4    987.3
     1     1    21    10    11     8     0     0   -22.0   39.056  131.786    289.3    988.7
     1     1    21    10    11     7     0     0   -23.0   39.227  131.843    284.7    989.7
     1     1    21    10    11     6     0     0   -24.0   39.401  131.886    282.3    990.3
     1     1    21    10    11     5     0     0   -25.0   39.588  131.902    282.1    990.1
     1     1    21    10    11     4     0     0   -26.0   39.797  131.877    284.4    988.9
     1     1    21    10    11     3     0     0   -27.0   40.031  131.812    290.1    986.0
     1     1    21    10    11     2     0     0   -28.0   40.289  131.707    299.1    978.6
     1     1    21    10    11     1     0     0   -29.0   40.569  131.564    311.8    969.9
     1     1    21    10    11     0     0     0   -30.0   40.873  131.388    328.8    960.0
     1     1    21    10    10    23     0     0   -31.0   41.187  131.180    352.8    948.7
     1     1    21    10    10    22     0     0   -32.0   41.504  130.937    387.0    935.8
     1     1    21    10    10    21     0     0   -33.0   41.830  130.657    433.3    920.2
     1     1    21    10    10    20     0     0   -34.0   42.172  130.337    494.8    902.7
     1     1    21    10    10    19     0     0   -35.0   42.537  129.973    575.2    883.9
     1     1    21    10    10    18     0     0   -36.0   42.924  129.575    673.7    872.6
     1     1    21    10    10    17     0     0   -37.0   43.308  129.148    775.1    861.7
     1     1    21    10    10    16     0     0   -38.0   43.678  128.691    869.9    854.0
     1     1    21    10    10    15     0     0   -39.0   44.043  128.202    956.7    847.7
     1     1    21    10    10    14     0     0   -40.0   44.412  127.679   1034.1    843.5
     1     1    21    10    10    13     0     0   -41.0   44.788  127.124   1102.3    845.5
     1     1    21    10    10    12     0     0   -42.0   45.172  126.533   1158.1    849.0
     1     1    21    10    10    11     0     0   -43.0   45.551  125.901   1204.3    850.2
     1     1    21    10    10    10     0     0   -44.0   45.922  125.231   1246.6    849.7
     1     1    21    10    10     9     0     0   -45.0   46.296  124.527   1284.9    841.7
     1     1    21    10    10     8     0     0   -46.0   46.678  123.799   1325.1    827.9
     1     1    21    10    10     7     0     0   -47.0   47.079  123.070   1372.8    811.3
     1     1    21    10    10     6     0     0   -48.0   47.517  122.366   1431.1    791.6
     1     1    21    10    10     5     0     0   -49.0   47.991  121.715   1496.3    773.1
     1     1    21    10    10     4     0     0   -50.0   48.488  121.126   1559.0    757.7
     1     1    21    10    10     3     0     0   -51.0   49.008  120.596   1614.1    745.2
     1     1    21    10    10     2     0     0   -52.0   49.554  120.133   1656.4    736.0
     1     1    21    10    10     1     0     0   -53.0   50.120  119.747   1683.4    732.9
     1     1    21    10    10     0     0     0   -54.0   50.684  119.448   1696.9    734.6
     1     1    21    10     9    23     0     0   -55.0   51.211  119.249   1699.3    735.8
     1     1    21    10     9    22     0     0   -56.0   51.677  119.156   1692.4    736.6
     1     1    21    10     9    21     0     0   -57.0   52.085  119.168   1671.4    738.3
     1     1    21    10     9    20     0     0   -58.0   52.435  119.290   1633.7    741.1
     1     1    21    10     9    19     0     0   -59.0   52.720  119.498   1580.1    743.9
     1     1    21    10     9    18     0     0   -60.0   52.937  119.769   1515.3    747.7
     1     1    21    10     9    17     0     0   -61.0   53.106  120.070   1450.7    754.3
     1     1    21    10     9    16     0     0   -62.0   53.245  120.369   1398.3    760.5
     1     1    21    10     9    15     0     0   -63.0   53.356  120.661   1356.7    765.8
     1     1    21    10     9    14     0     0   -64.0   53.444  120.950   1325.1    770.3
     1     1    21    10     9    13     0     0   -65.0   53.509  121.232   1302.8    774.1
     1     1    21    10     9    12     0     0   -66.0   53.552  121.507   1289.0    777.2
     1     1    21    10     9    11     0     0   -67.0   53.573  121.756   1280.6    779.6
     1     1    21    10     9    10     0     0   -68.0   53.572  121.961   1272.6    782.1
     1     1    21    10     9     9     0     0   -69.0   53.551  122.121   1265.1    784.5
     1     1    21    10     9     8     0     0   -70.0   53.513  122.235   1257.6    786.7
     1     1    21    10     9     7     0     0   -71.0   53.460  122.303   1249.8    788.7
     1     1    21    10     9     6     0     0   -72.0   53.393  122.326   1241.1    790.6
     1     1    21    10     9     5     0     0   -73.0   53.320  122.319   1230.1    792.1
     1     1    21    10     9     4     0     0   -74.0   53.248  122.291   1215.7    794.1
     1     1    21    10     9     3     0     0   -75.0   53.178  122.243   1198.7    796.2
     1     1    21    10     9     2     0     0   -76.0   53.110  122.174   1179.6    798.4
     1     1    21    10     9     1     0     0   -77.0   53.044  122.083   1159.2    800.6
     1     1    21    10     9     0     0     0   -78.0   52.979  121.971   1138.2    802.8
     1     1    21    10     8    23     0     0   -79.0   52.912  121.828   1120.1    804.7
     1     1    21    10     8    22     0     0   -80.0   52.840  121.648   1108.7    805.4
     1     1    21    10     8    21     0     0   -81.0   52.765  121.430   1104.3    805.3
     1     1    21    10     8    20     0     0   -82.0   52.686  121.173   1107.5    804.3
     1     1    21    10     8    19     0     0   -83.0   52.605  120.875   1119.1    802.3
     1     1    21    10     8    18     0     0   -84.0   52.518  120.535   1140.7    799.2
     1     1    21    10     8    17     0     0   -85.0   52.430  120.174   1166.0    794.6
     1     1    21    10     8    16     0     0   -86.0   52.347  119.814   1186.7    792.2
     1     1    21    10     8    15     0     0   -87.0   52.273  119.454   1201.5    791.9
     1     1    21    10     8    14     0     0   -88.0   52.208  119.095   1209.4    792.4
     1     1    21    10     8    13     0     0   -89.0   52.151  118.735   1210.3    793.7
     1     1    21    10     8    12     0     0   -90.0   52.102  118.370   1204.7    795.6
     1     1    21    10     8    11     0     0   -91.0   52.051  118.005   1197.5    797.8
     1     1    21    10     8    10     0     0   -92.0   51.992  117.641   1193.8    799.2
     1     1    21    10     8     9     0     0   -93.0   51.923  117.281   1192.1    799.1
     1     1    21    10     8     8     0     0   -94.0   51.842  116.923   1192.0    798.1
     1     1    21    10     8     7     0     0   -95.0   51.750  116.568   1193.9    797.2
     1     1    21    10     8     6     0     0   -96.0   51.644  116.214   1197.9    796.2
