     2     1
    CDC1    21    10     1     0     0
    CDC1    21    11     1     0     0
     1 BACKWARD OMEGA   
  2021    11    17     9   37.500  127.000   500.0
     1 PRESSURE
     1     1    21    11    17     9     0     0     0.0   37.500  127.000    500.0    942.1
     1     1    21    11    17     8     0     0    -1.0   37.463  126.825    503.3    942.6
     1     1    21    11    17     7     0     0    -2.0   37.421  126.657    504.2    943.7
     1     1    21    11    17     6     0     0    -3.0   37.373  126.496    503.3    945.0
     1     1    21    11    17     5     0     0    -4.0   37.326  126.344    501.1    946.7
     1     1    21    11    17     4     0     0    -5.0   37.285  126.207    498.4    948.3
     1     1    21    11    17     3     0     0    -6.0   37.250  126.084    495.3    949.9
     1     1    21    11    17     2     0     0    -7.0   37.219  125.974    492.0    951.4
     1     1    21    11    17     1     0     0    -8.0   37.193  125.879    488.5    952.8
     1     1    21    11    17     0     0     0    -9.0   37.172  125.798    485.0    954.1
     1     1    21    11    16    23     0     0   -10.0   37.157  125.716    483.4    955.0
     1     1    21    11    16    22     0     0   -11.0   37.151  125.615    485.5    955.4
     1     1    21    11    16    21     0     0   -12.0   37.152  125.495    491.0    955.4
     1     1    21    11    16    20     0     0   -13.0   37.159  125.355    499.9    955.1
     1     1    21    11    16    19     0     0   -14.0   37.172  125.194    511.9    954.5
     1     1    21    11    16    18     0     0   -15.0   37.189  125.009    526.9    953.6
     1     1    21    11    16    17     0     0   -16.0   37.210  124.816    544.7    952.1
     1     1    21    11    16    16     0     0   -17.0   37.237  124.631    565.7    950.3
     1     1    21    11    16    15     0     0   -18.0   37.270  124.455    589.9    948.0
     1     1    21    11    16    14     0     0   -19.0   37.311  124.289    617.3    945.5
     1     1    21    11    16    13     0     0   -20.0   37.361  124.133    647.9    942.3
     1     1    21    11    16    12     0     0   -21.0   37.422  123.990    681.8    938.5
     1     1    21    11    16    11     0     0   -22.0   37.487  123.847    717.5    934.5
     1     1    21    11    16    10     0     0   -23.0   37.551  123.694    753.1    930.5
     1     1    21    11    16     9     0     0   -24.0   37.614  123.530    788.8    926.6
     1     1    21    11    16     8     0     0   -25.0   37.676  123.355    824.6    922.9
     1     1    21    11    16     7     0     0   -26.0   37.736  123.168    860.5    919.3
     1     1    21    11    16     6     0     0   -27.0   37.796  122.968    896.7    916.0
     1     1    21    11    16     5     0     0   -28.0   37.860  122.765    931.4    912.5
     1     1    21    11    16     4     0     0   -29.0   37.934  122.569    963.2    909.1
     1     1    21    11    16     3     0     0   -30.0   38.018  122.381    992.0    905.5
     1     1    21    11    16     2     0     0   -31.0   38.115  122.201   1018.5    902.0
     1     1    21    11    16     1     0     0   -32.0   38.224  122.029   1043.1    898.6
     1     1    21    11    16     0     0     0   -33.0   38.344  121.864   1066.2    895.4
     1     1    21    11    15    23     0     0   -34.0   38.468  121.700   1091.0    892.2
     1     1    21    11    15    22     0     0   -35.0   38.589  121.531   1119.4    888.4
     1     1    21    11    15    21     0     0   -36.0   38.707  121.357   1152.2    884.2
     1     1    21    11    15    20     0     0   -37.0   38.821  121.180   1189.8    879.4
     1     1    21    11    15    19     0     0   -38.0   38.932  121.001   1232.8    874.2
     1     1    21    11    15    18     0     0   -39.0   39.040  120.820   1281.7    868.4
     1     1    21    11    15    17     0     0   -40.0   39.145  120.642   1333.1    861.3
     1     1    21    11    15    16     0     0   -41.0   39.250  120.471   1382.9    854.7
     1     1    21    11    15    15     0     0   -42.0   39.356  120.307   1430.2    848.5
     1     1    21    11    15    14     0     0   -43.0   39.466  120.150   1474.4    842.6
     1     1    21    11    15    13     0     0   -44.0   39.580  119.999   1514.9    837.1
     1     1    21    11    15    12     0     0   -45.0   39.700  119.854   1550.1    830.6
     1     1    21    11    15    11     0     0   -46.0   39.812  119.698   1581.6    824.6
     1     1    21    11    15    10     0     0   -47.0   39.903  119.511   1609.3    818.6
     1     1    21    11    15     9     0     0   -48.0   39.972  119.294   1633.5    812.6
     1     1    21    11    15     8     0     0   -49.0   40.018  119.050   1654.2    806.5
     1     1    21    11    15     7     0     0   -50.0   40.041  118.779   1672.0    800.5
     1     1    21    11    15     6     0     0   -51.0   40.041  118.483   1687.5    795.0
     1     1    21    11    15     5     0     0   -52.0   40.026  118.187   1701.1    789.9
     1     1    21    11    15     4     0     0   -53.0   40.005  117.910   1712.4    785.5
     1     1    21    11    15     3     0     0   -54.0   39.980  117.651   1720.0    781.7
     1     1    21    11    15     2     0     0   -55.0   39.952  117.405   1722.8    778.1
     1     1    21    11    15     1     0     0   -56.0   39.925  117.173   1720.4    774.4
     1     1    21    11    15     0     0     0   -57.0   39.901  116.950   1713.2    771.3
     1     1    21    11    14    23     0     0   -58.0   39.879  116.733   1701.5    768.9
     1     1    21    11    14    22     0     0   -59.0   39.859  116.518   1686.9    766.7
     1     1    21    11    14    21     0     0   -60.0   39.837  116.303   1668.6    765.0
     1     1    21    11    14    20     0     0   -61.0   39.811  116.087   1646.6    763.6
     1     1    21    11    14    19     0     0   -62.0   39.778  115.872   1620.9    762.9
     1     1    21    11    14    18     0     0   -63.0   39.736  115.656   1591.4    762.7
     1     1    21    11    14    17     0     0   -64.0   39.702  115.449   1563.6    762.6
     1     1    21    11    14    16     0     0   -65.0   39.695  115.257   1543.9    760.9
     1     1    21    11    14    15     0     0   -66.0   39.713  115.081   1532.2    758.2
     1     1    21    11    14    14     0     0   -67.0   39.756  114.920   1528.6    754.6
     1     1    21    11    14    13     0     0   -68.0   39.823  114.775   1533.3    750.2
     1     1    21    11    14    12     0     0   -69.0   39.911  114.646   1545.9    745.1
     1     1    21    11    14    11     0     0   -70.0   40.021  114.501   1566.1    739.0
     1     1    21    11    14    10     0     0   -71.0   40.152  114.308   1591.6    732.6
     1     1    21    11    14     9     0     0   -72.0   40.308  114.071   1622.9    725.4
     1     1    21    11    14     8     0     0   -73.0   40.492  113.793   1660.9    717.4
     1     1    21    11    14     7     0     0   -74.0   40.707  113.479   1706.6    708.8
     1     1    21    11    14     6     0     0   -75.0   40.954  113.134   1761.4    700.2
     1     1    21    11    14     5     0     0   -76.0   41.209  112.761   1817.6    692.0
     1     1    21    11    14     4     0     0   -77.0   41.450  112.360   1866.6    687.1
     1     1    21    11    14     3     0     0   -78.0   41.672  111.935   1904.8    685.1
     1     1    21    11    14     2     0     0   -79.0   41.878  111.489   1929.5    684.9
     1     1    21    11    14     1     0     0   -80.0   42.072  111.029   1940.9    686.6
     1     1    21    11    14     0     0     0   -81.0   42.260  110.561   1939.4    690.1
     1     1    21    11    13    23     0     0   -82.0   42.435  110.094   1928.5    695.2
     1     1    21    11    13    22     0     0   -83.0   42.587  109.628   1908.6    696.8
     1     1    21    11    13    21     0     0   -84.0   42.720  109.155   1886.2    696.8
     1     1    21    11    13    20     0     0   -85.0   42.837  108.672   1864.9    696.5
     1     1    21    11    13    19     0     0   -86.0   42.941  108.174   1846.6    695.7
     1     1    21    11    13    18     0     0   -87.0   43.036  107.659   1833.0    694.4
     1     1    21    11    13    17     0     0   -88.0   43.134  107.136   1823.0    693.2
     1     1    21    11    13    16     0     0   -89.0   43.244  106.618   1814.7    692.2
     1     1    21    11    13    15     0     0   -90.0   43.367  106.099   1806.3    691.1
     1     1    21    11    13    14     0     0   -91.0   43.503  105.579   1797.2    689.9
     1     1    21    11    13    13     0     0   -92.0   43.650  105.053   1787.3    688.5
     1     1    21    11    13    12     0     0   -93.0   43.812  104.523   1778.5    687.8
     1     1    21    11    13    11     0     0   -94.0   43.980  103.991   1773.3    686.1
     1     1    21    11    13    10     0     0   -95.0   44.138  103.454   1773.5    682.7
     1     1    21    11    13     9     0     0   -96.0   44.283  102.907   1775.4    678.5
