     2     1
    CDC1    21     6     1     0     0
    CDC1    21     7     1     0     0
     1 BACKWARD OMEGA   
  2021     7     3     0   37.500  127.000   500.0
     1 PRESSURE
     1     1    21     7     3     0     0     0     0.0   37.500  127.000    500.0    934.1
     1     1    21     7     2    23     0     0    -1.0   37.373  127.367    487.9    934.3
     1     1    21     7     2    22     0     0    -2.0   37.281  127.700    478.9    935.5
     1     1    21     7     2    21     0     0    -3.0   37.226  128.001    472.1    937.3
     1     1    21     7     2    20     0     0    -4.0   37.207  128.272    466.4    938.8
     1     1    21     7     2    19     0     0    -5.0   37.222  128.516    461.3    940.2
     1     1    21     7     2    18     0     0    -6.0   37.269  128.734    456.4    941.6
     1     1    21     7     2    17     0     0    -7.0   37.335  128.937    452.2    942.9
     1     1    21     7     2    16     0     0    -8.0   37.410  129.137    449.1    944.0
     1     1    21     7     2    15     0     0    -9.0   37.493  129.336    446.7    945.2
     1     1    21     7     2    14     0     0   -10.0   37.581  129.533    444.4    945.4
     1     1    21     7     2    13     0     0   -11.0   37.671  129.728    441.9    945.5
     1     1    21     7     2    12     0     0   -12.0   37.762  129.923    438.9    945.9
     1     1    21     7     2    11     0     0   -13.0   37.861  130.112    434.7    946.7
     1     1    21     7     2    10     0     0   -14.0   37.973  130.287    428.8    948.1
     1     1    21     7     2     9     0     0   -15.0   38.097  130.449    421.5    949.7
     1     1    21     7     2     8     0     0   -16.0   38.229  130.599    413.4    951.3
     1     1    21     7     2     7     0     0   -17.0   38.369  130.738    405.0    953.0
     1     1    21     7     2     6     0     0   -18.0   38.514  130.868    396.9    954.7
     1     1    21     7     2     5     0     0   -19.0   38.656  130.996    389.8    956.7
     1     1    21     7     2     4     0     0   -20.0   38.785  131.132    384.6    958.7
     1     1    21     7     2     3     0     0   -21.0   38.904  131.277    381.4    960.7
     1     1    21     7     2     2     0     0   -22.0   39.014  131.433    380.2    962.8
     1     1    21     7     2     1     0     0   -23.0   39.117  131.602    381.4    965.2
     1     1    21     7     2     0     0     0   -24.0   39.214  131.786    385.1    967.6
     1     1    21     7     1    23     0     0   -25.0   39.305  131.975    389.5    969.6
     1     1    21     7     1    22     0     0   -26.0   39.392  132.155    392.6    972.0
     1     1    21     7     1    21     0     0   -27.0   39.472  132.327    394.0    974.5
     1     1    21     7     1    20     0     0   -28.0   39.545  132.487    393.5    977.2
     1     1    21     7     1    19     0     0   -29.0   39.609  132.636    390.3    977.8
     1     1    21     7     1    18     0     0   -30.0   39.662  132.770    384.8    978.4
     1     1    21     7     1    17     0     0   -31.0   39.703  132.900    377.6    979.1
     1     1    21     7     1    16     0     0   -32.0   39.731  133.037    369.8    979.8
     1     1    21     7     1    15     0     0   -33.0   39.747  133.183    361.4    980.6
     1     1    21     7     1    14     0     0   -34.0   39.752  133.339    352.4    981.4
     1     1    21     7     1    13     0     0   -35.0   39.745  133.506    343.1    982.4
     1     1    21     7     1    12     0     0   -36.0   39.728  133.685    333.6    983.3
     1     1    21     7     1    11     0     0   -37.0   39.701  133.866    324.4    984.4
     1     1    21     7     1    10     0     0   -38.0   39.666  134.037    315.7    985.3
     1     1    21     7     1     9     0     0   -39.0   39.623  134.197    307.3    986.0
     1     1    21     7     1     8     0     0   -40.0   39.572  134.346    299.2    986.5
     1     1    21     7     1     7     0     0   -41.0   39.512  134.481    291.2    986.9
     1     1    21     7     1     6     0     0   -42.0   39.443  134.603    283.3    987.1
     1     1    21     7     1     5     0     0   -43.0   39.379  134.717    276.1    987.3
     1     1    21     7     1     4     0     0   -44.0   39.329  134.827    270.3    987.4
     1     1    21     7     1     3     0     0   -45.0   39.296  134.936    265.8    987.6
     1     1    21     7     1     2     0     0   -46.0   39.278  135.045    262.5    987.4
     1     1    21     7     1     1     0     0   -47.0   39.275  135.154    260.2    986.6
     1     1    21     7     1     0     0     0   -48.0   39.287  135.266    258.9    986.0
     1     1    21     6    30    23     0     0   -49.0   39.288  135.373    259.1    984.9
     1     1    21     6    30    22     0     0   -50.0   39.256  135.464    261.4    983.3
     1     1    21     6    30    21     0     0   -51.0   39.188  135.538    265.9    981.1
     1     1    21     6    30    20     0     0   -52.0   39.084  135.596    272.5    978.3
     1     1    21     6    30    19     0     0   -53.0   38.942  135.634    281.0    975.1
     1     1    21     6    30    18     0     0   -54.0   38.760  135.653    291.0    971.3
     1     1    21     6    30    17     0     0   -55.0   38.558  135.672    301.0    967.7
     1     1    21     6    30    16     0     0   -56.0   38.360  135.712    310.2    964.1
     1     1    21     6    30    15     0     0   -57.0   38.167  135.777    319.4    960.3
     1     1    21     6    30    14     0     0   -58.0   37.981  135.868    329.4    956.1
     1     1    21     6    30    13     0     0   -59.0   37.799  135.988    341.2    951.4
     1     1    21     6    30    12     0     0   -60.0   37.622  136.141    356.3    946.0
     1     1    21     6    30    11     0     0   -61.0   37.440  136.304    372.2    940.1
     1     1    21     6    30    10     0     0   -62.0   37.248  136.453    384.3    936.4
     1     1    21     6    30     9     0     0   -63.0   37.047  136.587    391.2    933.5
     1     1    21     6    30     8     0     0   -64.0   36.837  136.704    392.0    931.7
     1     1    21     6    30     7     0     0   -65.0   36.618  136.805    386.8    931.0
     1     1    21     6    30     6     0     0   -66.0   36.389  136.890    375.4    931.2
     1     1    21     6    30     5     0     0   -67.0   36.162  136.973    361.0    932.3
     1     1    21     6    30     4     0     0   -68.0   35.949  137.069    346.3    933.2
     1     1    21     6    30     3     0     0   -69.0   35.753  137.176    331.6    934.2
     1     1    21     6    30     2     0     0   -70.0   35.578  137.293    316.9    935.2
     1     1    21     6    30     1     0     0   -71.0   35.424  137.420    302.4    936.2
     1     1    21     6    30     0     0     0   -72.0   35.295  137.554    288.6    937.9
     1     1    21     6    29    23     0     0   -73.0   35.191  137.691    275.8    939.8
     1     1    21     6    29    22     0     0   -74.0   35.106  137.825    264.1    941.6
     1     1    21     6    29    21     0     0   -75.0   35.039  137.957    253.2    943.2
     1     1    21     6    29    20     0     0   -76.0   34.988  138.085    243.2    944.9
     1     1    21     6    29    19     0     0   -77.0   34.951  138.209    234.1    946.6
     1     1    21     6    29    18     0     0   -78.0   34.927  138.328    225.6    948.1
     1     1    21     6    29    17     0     0   -79.0   34.919  138.439    218.0    949.4
     1     1    21     6    29    16     0     0   -80.0   34.932  138.543    211.8    950.1
     1     1    21     6    29    15     0     0   -81.0   34.964  138.640    206.4    950.5
     1     1    21     6    29    14     0     0   -82.0   35.013  138.732    201.6    950.7
     1     1    21     6    29    13     0     0   -83.0   35.079  138.818    197.2    951.2
     1     1    21     6    29    12     0     0   -84.0   35.157  138.898    193.3    951.3
     1     1    21     6    29    11     0     0   -85.0   35.247  138.964    189.1    951.4
     1     1    21     6    29    10     0     0   -86.0   35.348  139.004    184.1    951.4
     1     1    21     6    29     9     0     0   -87.0   35.459  139.020    178.4    951.3
     1     1    21     6    29     8     0     0   -88.0   35.582  139.016    172.1    951.0
     1     1    21     6    29     7     0     0   -89.0   35.717  138.994    165.3    950.6
     1     1    21     6    29     6     0     0   -90.0   35.868  138.958    158.0    950.2
     1     1    21     6    29     5     0     0   -91.0   36.020  138.934    149.9    950.3
     1     1    21     6    29     4     0     0   -92.0   36.160  138.945    140.4    950.8
     1     1    21     6    29     3     0     0   -93.0   36.289  138.990    129.6    951.7
     1     1    21     6    29     2     0     0   -94.0   36.407  139.069    117.7    953.0
     1     1    21     6    29     1     0     0   -95.0   36.514  139.183    105.0    954.6
     1     1    21     6    29     0     0     0   -96.0   36.613  139.337     91.9    956.7
