     2     1
    CDC1    20    12     1     0     0
    CDC1    21     1     1     0     0
     1 BACKWARD OMEGA   
  2021     1    11    15   37.500  127.000   500.0
     1 PRESSURE
     1     1    21     1    11    15     0     0     0.0   37.500  127.000    500.0    938.9
     1     1    21     1    11    14     0     0    -1.0   37.556  126.788    499.3    939.3
     1     1    21     1    11    13     0     0    -2.0   37.595  126.598    496.0    940.3
     1     1    21     1    11    12     0     0    -3.0   37.618  126.431    490.3    941.7
     1     1    21     1    11    11     0     0    -4.0   37.624  126.275    480.9    943.9
     1     1    21     1    11    10     0     0    -5.0   37.608  126.119    467.0    947.2
     1     1    21     1    11     9     0     0    -6.0   37.572  125.964    448.2    951.4
     1     1    21     1    11     8     0     0    -7.0   37.515  125.810    424.7    956.7
     1     1    21     1    11     7     0     0    -8.0   37.439  125.658    396.2    962.1
     1     1    21     1    11     6     0     0    -9.0   37.346  125.507    363.1    967.5
     1     1    21     1    11     5     0     0   -10.0   37.251  125.372    329.9    973.4
     1     1    21     1    11     4     0     0   -11.0   37.170  125.267    301.0    978.2
     1     1    21     1    11     3     0     0   -12.0   37.100  125.191    276.7    982.5
     1     1    21     1    11     2     0     0   -13.0   37.041  125.147    257.2    986.0
     1     1    21     1    11     1     0     0   -14.0   36.993  125.133    242.7    988.7
     1     1    21     1    11     0     0     0   -15.0   36.955  125.149    233.4    990.6
     1     1    21     1    10    23     0     0   -16.0   36.934  125.175    227.7    991.2
     1     1    21     1    10    22     0     0   -17.0   36.936  125.191    224.0    991.8
     1     1    21     1    10    21     0     0   -18.0   36.959  125.197    222.0    992.1
     1     1    21     1    10    20     0     0   -19.0   37.004  125.192    221.6    992.3
     1     1    21     1    10    19     0     0   -20.0   37.068  125.178    223.0    992.3
     1     1    21     1    10    18     0     0   -21.0   37.152  125.154    226.1    992.0
     1     1    21     1    10    17     0     0   -22.0   37.248  125.124    231.9    991.1
     1     1    21     1    10    16     0     0   -23.0   37.349  125.090    241.3    989.6
     1     1    21     1    10    15     0     0   -24.0   37.457  125.051    254.6    987.7
     1     1    21     1    10    14     0     0   -25.0   37.570  125.007    272.1    984.4
     1     1    21     1    10    13     0     0   -26.0   37.689  124.959    294.1    979.9
     1     1    21     1    10    12     0     0   -27.0   37.815  124.906    321.2    974.9
     1     1    21     1    10    11     0     0   -28.0   37.941  124.835    351.5    969.5
     1     1    21     1    10    10     0     0   -29.0   38.065  124.733    382.4    964.7
     1     1    21     1    10     9     0     0   -30.0   38.192  124.602    414.2    959.2
     1     1    21     1    10     8     0     0   -31.0   38.327  124.445    447.0    953.9
     1     1    21     1    10     7     0     0   -32.0   38.475  124.264    481.0    948.8
     1     1    21     1    10     6     0     0   -33.0   38.641  124.063    516.8    943.8
     1     1    21     1    10     5     0     0   -34.0   38.823  123.862    552.7    938.8
     1     1    21     1    10     4     0     0   -35.0   39.011  123.677    585.9    934.5
     1     1    21     1    10     3     0     0   -36.0   39.205  123.504    615.9    930.8
     1     1    21     1    10     2     0     0   -37.0   39.406  123.342    642.2    927.3
     1     1    21     1    10     1     0     0   -38.0   39.612  123.186    664.2    924.2
     1     1    21     1    10     0     0     0   -39.0   39.824  123.038    681.6    922.0
     1     1    21     1     9    23     0     0   -40.0   40.034  122.886    698.5    920.8
     1     1    21     1     9    22     0     0   -41.0   40.236  122.717    719.2    918.8
     1     1    21     1     9    21     0     0   -42.0   40.429  122.527    743.2    916.6
     1     1    21     1     9    20     0     0   -43.0   40.615  122.315    769.7    911.4
     1     1    21     1     9    19     0     0   -44.0   40.798  122.079    799.6    904.6
     1     1    21     1     9    18     0     0   -45.0   40.981  121.820    832.6    896.9
     1     1    21     1     9    17     0     0   -46.0   41.171  121.547    868.3    888.1
     1     1    21     1     9    16     0     0   -47.0   41.371  121.269    906.1    878.4
     1     1    21     1     9    15     0     0   -48.0   41.583  120.978    945.3    867.4
     1     1    21     1     9    14     0     0   -49.0   41.804  120.671    985.0    854.9
     1     1    21     1     9    13     0     0   -50.0   42.033  120.339   1024.2    841.5
     1     1    21     1     9    12     0     0   -51.0   42.267  119.978   1061.1    826.8
     1     1    21     1     9    11     0     0   -52.0   42.521  119.583   1092.3    808.3
     1     1    21     1     9    10     0     0   -53.0   42.806  119.161   1120.0    794.2
     1     1    21     1     9     9     0     0   -54.0   43.116  118.722   1140.4    781.6
     1     1    21     1     9     8     0     0   -55.0   43.445  118.264   1153.0    770.5
     1     1    21     1     9     7     0     0   -56.0   43.785  117.786   1157.1    760.9
     1     1    21     1     9     6     0     0   -57.0   44.129  117.283   1153.9    756.3
     1     1    21     1     9     5     0     0   -58.0   44.479  116.768   1149.9    758.1
     1     1    21     1     9     4     0     0   -59.0   44.838  116.259   1147.8    760.6
     1     1    21     1     9     3     0     0   -60.0   45.203  115.765   1147.5    765.2
     1     1    21     1     9     2     0     0   -61.0   45.573  115.298   1148.8    770.5
     1     1    21     1     9     1     0     0   -62.0   45.946  114.861   1149.9    775.3
     1     1    21     1     9     0     0     0   -63.0   46.322  114.452   1147.8    778.1
     1     1    21     1     8    23     0     0   -64.0   46.706  114.061   1143.2    779.3
     1     1    21     1     8    22     0     0   -65.0   47.103  113.684   1139.3    778.5
     1     1    21     1     8    21     0     0   -66.0   47.510  113.319   1137.1    775.7
     1     1    21     1     8    20     0     0   -67.0   47.926  112.970   1140.0    770.7
     1     1    21     1     8    19     0     0   -68.0   48.351  112.637   1151.6    764.3
     1     1    21     1     8    18     0     0   -69.0   48.781  112.317   1171.3    757.5
     1     1    21     1     8    17     0     0   -70.0   49.217  112.015   1195.0    751.0
     1     1    21     1     8    16     0     0   -71.0   49.659  111.740   1218.2    745.9
     1     1    21     1     8    15     0     0   -72.0   50.107  111.489   1241.8    742.0
     1     1    21     1     8    14     0     0   -73.0   50.555  111.249   1265.6    740.5
     1     1    21     1     8    13     0     0   -74.0   51.000  111.005   1288.1    740.2
     1     1    21     1     8    12     0     0   -75.0   51.435  110.748   1309.0    740.9
     1     1    21     1     8    11     0     0   -76.0   51.867  110.477   1328.4    742.7
     1     1    21     1     8    10     0     0   -77.0   52.303  110.195   1346.3    745.9
     1     1    21     1     8     9     0     0   -78.0   52.741  109.902   1359.7    747.6
     1     1    21     1     8     8     0     0   -79.0   53.182  109.599   1366.9    749.5
     1     1    21     1     8     7     0     0   -80.0   53.621  109.281   1367.7    752.5
     1     1    21     1     8     6     0     0   -81.0   54.056  108.946   1362.5    756.6
     1     1    21     1     8     5     0     0   -82.0   54.485  108.589   1351.2    761.6
     1     1    21     1     8     4     0     0   -83.0   54.905  108.210   1333.2    767.8
     1     1    21     1     8     3     0     0   -84.0   55.313  107.807   1310.7    777.8
     1     1    21     1     8     2     0     0   -85.0   55.708  107.383   1282.5    788.2
     1     1    21     1     8     1     0     0   -86.0   56.090  106.939   1248.7    797.9
     1     1    21     1     8     0     0     0   -87.0   56.465  106.478   1210.8    807.1
     1     1    21     1     7    23     0     0   -88.0   56.841  106.007   1171.2    816.1
     1     1    21     1     7    22     0     0   -89.0   57.228  105.532   1133.6    823.5
     1     1    21     1     7    21     0     0   -90.0   57.628  105.060   1099.7    830.8
     1     1    21     1     7    20     0     0   -91.0   58.034  104.596   1073.2    839.0
     1     1    21     1     7    19     0     0   -92.0   58.442  104.145   1055.0    844.5
     1     1    21     1     7    18     0     0   -93.0   58.853  103.707   1045.5    847.3
     1     1    21     1     7    17     0     0   -94.0   59.274  103.283   1041.4    846.9
     1     1    21     1     7    16     0     0   -95.0   59.717  102.879   1039.3    844.8
     1     1    21     1     7    15     0     0   -96.0   60.187  102.495   1039.0    842.3
