     2     1
    CDC1    20    12     1     0     0
    CDC1    21     1     1     0     0
     1 BACKWARD OMEGA   
  2021     1    28     3   37.500  127.000   500.0
     1 PRESSURE
     1     1    21     1    28     3     0     0     0.0   37.500  127.000    500.0    931.4
     1     1    21     1    28     2     0     0    -1.0   37.576  126.503    480.9    935.6
     1     1    21     1    28     1     0     0    -2.0   37.659  126.050    456.4    940.2
     1     1    21     1    28     0     0     0    -3.0   37.746  125.633    427.0    944.8
     1     1    21     1    27    23     0     0    -4.0   37.827  125.244    396.2    951.5
     1     1    21     1    27    22     0     0    -5.0   37.884  124.875    366.4    957.3
     1     1    21     1    27    21     0     0    -6.0   37.906  124.526    338.8    962.8
     1     1    21     1    27    20     0     0    -7.0   37.886  124.195    314.0    968.0
     1     1    21     1    27    19     0     0    -8.0   37.818  123.878    291.3    973.1
     1     1    21     1    27    18     0     0    -9.0   37.696  123.569    270.1    978.2
     1     1    21     1    27    17     0     0   -10.0   37.545  123.286    252.8    983.4
     1     1    21     1    27    16     0     0   -11.0   37.395  123.053    240.9    986.3
     1     1    21     1    27    15     0     0   -12.0   37.242  122.878    233.0    988.3
     1     1    21     1    27    14     0     0   -13.0   37.087  122.765    228.2    989.8
     1     1    21     1    27    13     0     0   -14.0   36.927  122.715    226.1    990.7
     1     1    21     1    27    12     0     0   -15.0   36.764  122.733    226.6    991.2
     1     1    21     1    27    11     0     0   -16.0   36.615  122.787    227.0    991.2
     1     1    21     1    27    10     0     0   -17.0   36.494  122.847    224.8    991.8
     1     1    21     1    27     9     0     0   -18.0   36.400  122.912    220.0    992.8
     1     1    21     1    27     8     0     0   -19.0   36.333  122.981    212.5    994.2
     1     1    21     1    27     7     0     0   -20.0   36.292  123.052    202.6    995.9
     1     1    21     1    27     6     0     0   -21.0   36.277  123.124    190.4    997.7
     1     1    21     1    27     5     0     0   -22.0   36.281  123.204    180.0    999.4
     1     1    21     1    27     4     0     0   -23.0   36.303  123.300    174.5   1000.0
     1     1    21     1    27     3     0     0   -24.0   36.340  123.408    173.6   1000.2
     1     1    21     1    27     2     0     0   -25.0   36.393  123.527    177.2    999.8
     1     1    21     1    27     1     0     0   -26.0   36.461  123.655    185.2    998.9
     1     1    21     1    27     0     0     0   -27.0   36.541  123.789    197.9    997.4
     1     1    21     1    26    23     0     0   -28.0   36.643  123.911    213.5    994.5
     1     1    21     1    26    22     0     0   -29.0   36.773  124.002    230.1    991.7
     1     1    21     1    26    21     0     0   -30.0   36.931  124.064    247.4    989.0
     1     1    21     1    26    20     0     0   -31.0   37.117  124.098    265.4    986.4
     1     1    21     1    26    19     0     0   -32.0   37.328  124.104    283.9    983.8
     1     1    21     1    26    18     0     0   -33.0   37.566  124.085    302.9    980.7
     1     1    21     1    26    17     0     0   -34.0   37.815  124.038    321.4    975.7
     1     1    21     1    26    16     0     0   -35.0   38.056  123.968    338.5    971.4
     1     1    21     1    26    15     0     0   -36.0   38.290  123.876    354.3    967.6
     1     1    21     1    26    14     0     0   -37.0   38.515  123.765    368.8    964.4
     1     1    21     1    26    13     0     0   -38.0   38.731  123.637    381.7    961.9
     1     1    21     1    26    12     0     0   -39.0   38.937  123.495    393.0    959.7
     1     1    21     1    26    11     0     0   -40.0   39.139  123.333    404.7    958.2
     1     1    21     1    26    10     0     0   -41.0   39.344  123.147    418.8    956.5
     1     1    21     1    26     9     0     0   -42.0   39.554  122.936    435.7    955.0
     1     1    21     1    26     8     0     0   -43.0   39.771  122.701    455.6    953.7
     1     1    21     1    26     7     0     0   -44.0   39.996  122.439    479.3    951.8
     1     1    21     1    26     6     0     0   -45.0   40.233  122.148    507.7    945.5
     1     1    21     1    26     5     0     0   -46.0   40.469  121.839    541.2    937.6
     1     1    21     1    26     4     0     0   -47.0   40.695  121.527    579.1    928.7
     1     1    21     1    26     3     0     0   -48.0   40.913  121.201    621.5    918.7
     1     1    21     1    26     2     0     0   -49.0   41.123  120.848    668.1    906.6
     1     1    21     1    26     1     0     0   -50.0   41.326  120.455    718.6    893.0
     1     1    21     1    26     0     0     0   -51.0   41.525  120.009    773.2    877.7
     1     1    21     1    25    23     0     0   -52.0   41.715  119.500    832.1    856.6
     1     1    21     1    25    22     0     0   -53.0   41.888  118.924    898.2    833.1
     1     1    21     1    25    21     0     0   -54.0   42.037  118.274    972.0    806.6
     1     1    21     1    25    20     0     0   -55.0   42.153  117.543   1052.8    778.1
     1     1    21     1    25    19     0     0   -56.0   42.240  116.736   1139.1    758.0
     1     1    21     1    25    18     0     0   -57.0   42.309  115.854   1219.9    740.4
     1     1    21     1    25    17     0     0   -58.0   42.378  114.923   1293.4    724.6
     1     1    21     1    25    16     0     0   -59.0   42.457  113.995   1365.7    722.0
     1     1    21     1    25    15     0     0   -60.0   42.543  113.102   1428.7    722.1
     1     1    21     1    25    14     0     0   -61.0   42.634  112.252   1483.3    722.9
     1     1    21     1    25    13     0     0   -62.0   42.724  111.448   1529.0    722.8
     1     1    21     1    25    12     0     0   -63.0   42.806  110.689   1565.1    722.9
     1     1    21     1    25    11     0     0   -64.0   42.874  109.940   1591.2    723.1
     1     1    21     1    25    10     0     0   -65.0   42.931  109.159   1605.5    717.9
     1     1    21     1    25     9     0     0   -66.0   42.977  108.339   1616.6    712.4
     1     1    21     1    25     8     0     0   -67.0   43.002  107.482   1626.0    706.7
     1     1    21     1    25     7     0     0   -68.0   43.004  106.600   1639.7    703.4
     1     1    21     1    25     6     0     0   -69.0   42.978  105.710   1658.5    699.4
     1     1    21     1    25     5     0     0   -70.0   42.947  104.837   1683.9    696.3
     1     1    21     1    25     4     0     0   -71.0   42.941  104.004   1718.2    696.2
     1     1    21     1    25     3     0     0   -72.0   42.960  103.204   1755.7    695.0
     1     1    21     1    25     2     0     0   -73.0   42.997  102.426   1793.4    692.8
     1     1    21     1    25     1     0     0   -74.0   43.042  101.658   1825.0    687.4
     1     1    21     1    25     0     0     0   -75.0   43.085  100.896   1849.1    682.6
     1     1    21     1    24    23     0     0   -76.0   43.121  100.126   1868.8    679.0
     1     1    21     1    24    22     0     0   -77.0   43.150   99.334   1889.5    673.1
     1     1    21     1    24    21     0     0   -78.0   43.172   98.522   1911.6    666.9
     1     1    21     1    24    20     0     0   -79.0   43.182   97.692   1934.5    661.0
     1     1    21     1    24    19     0     0   -80.0   43.177   96.855   1962.1    660.5
     1     1    21     1    24    18     0     0   -81.0   43.154   96.027   1988.4    662.2
     1     1    21     1    24    17     0     0   -82.0   43.115   95.230   2010.0    664.2
     1     1    21     1    24    16     0     0   -83.0   43.072   94.485   2027.5    668.6
     1     1    21     1    24    15     0     0   -84.0   43.027   93.789   2042.4    673.4
     1     1    21     1    24    14     0     0   -85.0   42.980   93.139   2052.9    677.8
     1     1    21     1    24    13     0     0   -86.0   42.930   92.534   2057.4    682.2
     1     1    21     1    24    12     0     0   -87.0   42.878   91.964   2052.3    683.1
     1     1    21     1    24    11     0     0   -88.0   42.824   91.418   2041.6    683.6
     1     1    21     1    24    10     0     0   -89.0   42.766   90.899   2026.1    684.1
     1     1    21     1    24     9     0     0   -90.0   42.702   90.414   2005.4    684.7
     1     1    21     1    24     8     0     0   -91.0   42.633   89.969   1979.2    685.4
     1     1    21     1    24     7     0     0   -92.0   42.558   89.563   1946.5    684.4
     1     1    21     1    24     6     0     0   -93.0   42.479   89.191   1910.1    683.8
     1     1    21     1    24     5     0     0   -94.0   42.410   88.836   1871.9    684.5
     1     1    21     1    24     4     0     0   -95.0   42.366   88.476   1830.5    685.4
     1     1    21     1    24     3     0     0   -96.0   42.346   88.113   1786.2    686.7
