     2     1
    CDC1    21     9     1     0     0
    CDC1    21    10     1     0     0
     1 BACKWARD OMEGA   
  2021    10     1    18   37.500  127.000   500.0
     1 PRESSURE
     1     1    21    10     1    18     0     0     0.0   37.500  127.000    500.0    934.1
     1     1    21    10     1    17     0     0    -1.0   37.550  126.815    504.0    933.9
     1     1    21    10     1    16     0     0    -2.0   37.596  126.646    507.2    933.9
     1     1    21    10     1    15     0     0    -3.0   37.640  126.491    510.0    933.8
     1     1    21    10     1    14     0     0    -4.0   37.681  126.351    513.0    933.6
     1     1    21    10     1    13     0     0    -5.0   37.722  126.226    516.4    933.3
     1     1    21    10     1    12     0     0    -6.0   37.763  126.115    520.4    932.8
     1     1    21    10     1    11     0     0    -7.0   37.801  126.015    523.6    932.1
     1     1    21    10     1    10     0     0    -8.0   37.835  125.922    524.0    931.8
     1     1    21    10     1     9     0     0    -9.0   37.865  125.833    521.2    932.0
     1     1    21    10     1     8     0     0   -10.0   37.889  125.749    514.9    932.6
     1     1    21    10     1     7     0     0   -11.0   37.908  125.669    504.9    933.7
     1     1    21    10     1     6     0     0   -12.0   37.921  125.591    490.9    935.4
     1     1    21    10     1     5     0     0   -13.0   37.936  125.521    476.5    937.8
     1     1    21    10     1     4     0     0   -14.0   37.960  125.464    465.3    939.2
     1     1    21    10     1     3     0     0   -15.0   37.994  125.421    457.1    940.1
     1     1    21    10     1     2     0     0   -16.0   38.036  125.393    451.7    940.4
     1     1    21    10     1     1     0     0   -17.0   38.087  125.380    449.1    940.3
     1     1    21    10     1     0     0     0   -18.0   38.147  125.383    449.3    939.6
     1     1    21     9    30    23     0     0   -19.0   38.208  125.383    450.4    938.4
     1     1    21     9    30    22     0     0   -20.0   38.265  125.365    450.0    937.7
     1     1    21     9    30    21     0     0   -21.0   38.318  125.330    448.1    937.4
     1     1    21     9    30    20     0     0   -22.0   38.368  125.278    444.8    937.5
     1     1    21     9    30    19     0     0   -23.0   38.415  125.208    440.2    937.8
     1     1    21     9    30    18     0     0   -24.0   38.461  125.121    434.1    938.5
     1     1    21     9    30    17     0     0   -25.0   38.500  125.030    428.5    939.6
     1     1    21     9    30    16     0     0   -26.0   38.527  124.951    424.8    940.4
     1     1    21     9    30    15     0     0   -27.0   38.540  124.885    423.2    940.9
     1     1    21     9    30    14     0     0   -28.0   38.537  124.832    423.4    941.4
     1     1    21     9    30    13     0     0   -29.0   38.520  124.792    425.6    941.7
     1     1    21     9    30    12     0     0   -30.0   38.486  124.764    429.6    942.0
     1     1    21     9    30    11     0     0   -31.0   38.449  124.744    434.5    941.8
     1     1    21     9    30    10     0     0   -32.0   38.422  124.729    438.7    941.8
     1     1    21     9    30     9     0     0   -33.0   38.405  124.717    442.3    941.6
     1     1    21     9    30     8     0     0   -34.0   38.399  124.709    445.4    941.4
     1     1    21     9    30     7     0     0   -35.0   38.403  124.704    447.9    941.0
     1     1    21     9    30     6     0     0   -36.0   38.417  124.703    449.7    940.6
     1     1    21     9    30     5     0     0   -37.0   38.441  124.711    451.9    940.2
     1     1    21     9    30     4     0     0   -38.0   38.472  124.736    455.6    939.4
     1     1    21     9    30     3     0     0   -39.0   38.510  124.779    460.8    938.1
     1     1    21     9    30     2     0     0   -40.0   38.555  124.839    467.7    936.5
     1     1    21     9    30     1     0     0   -41.0   38.607  124.918    476.7    934.4
     1     1    21     9    30     0     0     0   -42.0   38.666  125.015    488.1    931.8
     1     1    21     9    29    23     0     0   -43.0   38.742  125.117    502.2    928.5
     1     1    21     9    29    22     0     0   -44.0   38.841  125.207    519.2    924.7
     1     1    21     9    29    21     0     0   -45.0   38.965  125.285    539.2    920.4
     1     1    21     9    29    20     0     0   -46.0   39.116  125.350    562.6    915.4
     1     1    21     9    29    19     0     0   -47.0   39.295  125.402    589.9    909.9
     1     1    21     9    29    18     0     0   -48.0   39.503  125.439    621.6    903.8
     1     1    21     9    29    17     0     0   -49.0   39.732  125.455    658.9    896.3
     1     1    21     9    29    16     0     0   -50.0   39.966  125.444    702.9    888.3
     1     1    21     9    29    15     0     0   -51.0   40.201  125.403    754.7    881.5
     1     1    21     9    29    14     0     0   -52.0   40.433  125.333    814.4    874.8
     1     1    21     9    29    13     0     0   -53.0   40.659  125.236    883.3    867.8
     1     1    21     9    29    12     0     0   -54.0   40.881  125.116    963.1    859.7
     1     1    21     9    29    11     0     0   -55.0   41.089  124.971   1045.6    850.5
     1     1    21     9    29    10     0     0   -56.0   41.274  124.804   1118.1    843.8
     1     1    21     9    29     9     0     0   -57.0   41.438  124.619   1178.8    838.9
     1     1    21     9    29     8     0     0   -58.0   41.585  124.422   1227.3    835.5
     1     1    21     9    29     7     0     0   -59.0   41.722  124.216   1263.8    833.4
     1     1    21     9    29     6     0     0   -60.0   41.854  124.003   1289.0    832.4
     1     1    21     9    29     5     0     0   -61.0   41.981  123.797   1305.3    832.0
     1     1    21     9    29     4     0     0   -62.0   42.105  123.607   1315.5    831.8
     1     1    21     9    29     3     0     0   -63.0   42.226  123.434   1318.8    832.1
     1     1    21     9    29     2     0     0   -64.0   42.344  123.282   1314.5    832.9
     1     1    21     9    29     1     0     0   -65.0   42.462  123.149   1302.2    834.3
     1     1    21     9    29     0     0     0   -66.0   42.580  123.037   1281.9    837.1
     1     1    21     9    28    23     0     0   -67.0   42.696  122.925   1256.7    841.0
     1     1    21     9    28    22     0     0   -68.0   42.805  122.791   1228.8    844.9
     1     1    21     9    28    21     0     0   -69.0   42.910  122.636   1199.5    848.9
     1     1    21     9    28    20     0     0   -70.0   43.011  122.458   1168.7    852.1
     1     1    21     9    28    19     0     0   -71.0   43.106  122.255   1136.4    852.0
     1     1    21     9    28    18     0     0   -72.0   43.197  122.028   1104.3    851.4
     1     1    21     9    28    17     0     0   -73.0   43.267  121.779   1076.7    850.4
     1     1    21     9    28    16     0     0   -74.0   43.302  121.510   1056.7    847.7
     1     1    21     9    28    15     0     0   -75.0   43.304  121.219   1042.6    844.1
     1     1    21     9    28    14     0     0   -76.0   43.276  120.908   1032.9    839.7
     1     1    21     9    28    13     0     0   -77.0   43.222  120.574   1026.6    834.8
     1     1    21     9    28    12     0     0   -78.0   43.146  120.218   1022.5    829.4
     1     1    21     9    28    11     0     0   -79.0   43.053  119.842   1019.2    823.8
     1     1    21     9    28    10     0     0   -80.0   42.949  119.451   1014.5    816.8
     1     1    21     9    28     9     0     0   -81.0   42.833  119.042   1010.2    809.3
     1     1    21     9    28     8     0     0   -82.0   42.710  118.616   1007.3    800.8
     1     1    21     9    28     7     0     0   -83.0   42.581  118.172   1007.4    791.3
     1     1    21     9    28     6     0     0   -84.0   42.451  117.709   1012.7    781.9
     1     1    21     9    28     5     0     0   -85.0   42.330  117.234   1024.3    777.5
     1     1    21     9    28     4     0     0   -86.0   42.222  116.751   1036.5    775.2
     1     1    21     9    28     3     0     0   -87.0   42.122  116.258   1048.7    772.3
     1     1    21     9    28     2     0     0   -88.0   42.028  115.755   1061.6    768.5
     1     1    21     9    28     1     0     0   -89.0   41.939  115.241   1076.0    763.9
     1     1    21     9    28     0     0     0   -90.0   41.850  114.721   1093.7    761.7
     1     1    21     9    27    23     0     0   -91.0   41.752  114.204   1112.6    761.4
     1     1    21     9    27    22     0     0   -92.0   41.633  113.701   1128.9    760.9
     1     1    21     9    27    21     0     0   -93.0   41.495  113.212   1142.3    759.6
     1     1    21     9    27    20     0     0   -94.0   41.337  112.738   1152.9    757.6
     1     1    21     9    27    19     0     0   -95.0   41.164  112.284   1161.9    755.7
     1     1    21     9    27    18     0     0   -96.0   40.979  111.850   1171.6    753.9
