     2     1
    CDC1    21     1     1     0     0
    CDC1    21     2     1     0     0
     1 BACKWARD OMEGA   
  2021     2    20    21   37.500  127.000   500.0
     1 PRESSURE
     1     1    21     2    20    21     0     0     0.0   37.500  127.000    500.0    931.2
     1     1    21     2    20    20     0     0    -1.0   37.331  126.556    469.9    937.5
     1     1    21     2    20    19     0     0    -2.0   37.150  126.117    440.8    943.9
     1     1    21     2    20    18     0     0    -3.0   36.955  125.680    412.7    950.4
     1     1    21     2    20    17     0     0    -4.0   36.742  125.254    385.0    956.6
     1     1    21     2    20    16     0     0    -5.0   36.508  124.852    358.1    961.4
     1     1    21     2    20    15     0     0    -6.0   36.259  124.469    332.8    965.1
     1     1    21     2    20    14     0     0    -7.0   36.001  124.105    309.0    968.4
     1     1    21     2    20    13     0     0    -8.0   35.734  123.760    286.0    971.7
     1     1    21     2    20    12     0     0    -9.0   35.461  123.433    263.2    974.9
     1     1    21     2    20    11     0     0   -10.0   35.194  123.127    242.9    978.1
     1     1    21     2    20    10     0     0   -11.0   34.946  122.842    227.2    980.5
     1     1    21     2    20     9     0     0   -12.0   34.718  122.580    215.1    983.2
     1     1    21     2    20     8     0     0   -13.0   34.512  122.341    205.9    985.2
     1     1    21     2    20     7     0     0   -14.0   34.330  122.115    199.4    986.2
     1     1    21     2    20     6     0     0   -15.0   34.172  121.897    195.1    986.8
     1     1    21     2    20     5     0     0   -16.0   34.031  121.680    189.1    987.0
     1     1    21     2    20     4     0     0   -17.0   33.903  121.458    178.0    988.0
     1     1    21     2    20     3     0     0   -18.0   33.784  121.233    162.9    989.4
     1     1    21     2    20     2     0     0   -19.0   33.672  121.004    144.6    991.1
     1     1    21     2    20     1     0     0   -20.0   33.564  120.771    124.2    993.1
     1     1    21     2    20     0     0     0   -21.0   33.457  120.535    102.4    995.5
     1     1    21     2    19    23     0     0   -22.0   33.342  120.288     82.9    997.9
     1     1    21     2    19    22     0     0   -23.0   33.210  120.022     68.5    998.8
     1     1    21     2    19    21     0     0   -24.0   33.063  119.742     58.8    999.5
     1     1    21     2    19    20     0     0   -25.0   32.900  119.452     52.7    999.8
     1     1    21     2    19    19     0     0   -26.0   32.724  119.160     49.1    999.8
     1     1    21     2    19    18     0     0   -27.0   32.535  118.871     47.0    999.4
     1     1    21     2    19    17     0     0   -28.0   32.341  118.601     45.6    997.1
     1     1    21     2    19    16     0     0   -29.0   32.148  118.358     44.6    994.6
     1     1    21     2    19    15     0     0   -30.0   31.958  118.137     44.0    992.1
     1     1    21     2    19    14     0     0   -31.0   31.771  117.932     43.7    989.7
     1     1    21     2    19    13     0     0   -32.0   31.586  117.739     43.7    987.2
     1     1    21     2    19    12     0     0   -33.0   31.403  117.553     43.9    984.8
     1     1    21     2    19    11     0     0   -34.0   31.229  117.367     44.5    984.6
     1     1    21     2    19    10     0     0   -35.0   31.070  117.174     45.7    985.3
     1     1    21     2    19     9     0     0   -36.0   30.925  116.977     47.2    986.4
     1     1    21     2    19     8     0     0   -37.0   30.795  116.774     49.0    987.9
     1     1    21     2    19     7     0     0   -38.0   30.681  116.565     51.1    989.7
     1     1    21     2    19     6     0     0   -39.0   30.583  116.350     53.8    991.8
     1     1    21     2    19     5     0     0   -40.0   30.490  116.146     56.0    993.8
     1     1    21     2    19     4     0     0   -41.0   30.391  115.968     56.5    995.8
     1     1    21     2    19     3     0     0   -42.0   30.288  115.818     55.2    997.7
     1     1    21     2    19     2     0     0   -43.0   30.177  115.697     52.1    999.5
     1     1    21     2    19     1     0     0   -44.0   30.059  115.609     47.4   1001.1
     1     1    21     2    19     0     0     0   -45.0   29.934  115.555     41.7   1001.8
     1     1    21     2    18    23     0     0   -46.0   29.807  115.524     36.3   1002.0
     1     1    21     2    18    22     0     0   -47.0   29.683  115.503     32.0   1001.8
     1     1    21     2    18    21     0     0   -48.0   29.563  115.490     28.6   1001.5
     1     1    21     2    18    20     0     0   -49.0   29.448  115.483     25.9   1001.0
     1     1    21     2    18    19     0     0   -50.0   29.338  115.482     23.8   1000.4
     1     1    21     2    18    18     0     0   -51.0   29.234  115.485     22.1    999.8
     1     1    21     2    18    17     0     0   -52.0   29.142  115.497     20.8    998.9
     1     1    21     2    18    16     0     0   -53.0   29.068  115.518     19.8    998.2
     1     1    21     2    18    15     0     0   -54.0   29.010  115.548     19.1    997.4
     1     1    21     2    18    14     0     0   -55.0   28.970  115.586     18.6    996.8
     1     1    21     2    18    13     0     0   -56.0   28.945  115.631     18.4    996.2
     1     1    21     2    18    12     0     0   -57.0   28.935  115.682     18.4    995.6
     1     1    21     2    18    11     0     0   -58.0   28.935  115.736     18.3    995.2
     1     1    21     2    18    10     0     0   -59.0   28.941  115.785     18.0    995.1
     1     1    21     2    18     9     0     0   -60.0   28.954  115.831     17.4    995.0
     1     1    21     2    18     8     0     0   -61.0   28.973  115.873     16.5    995.2
     1     1    21     2    18     7     0     0   -62.0   29.000  115.911     15.4    995.4
     1     1    21     2    18     6     0     0   -63.0   29.034  115.945     14.2    995.9
     1     1    21     2    18     5     0     0   -64.0   29.065  115.980     13.1    996.3
     1     1    21     2    18     4     0     0   -65.0   29.084  116.022     12.2    996.3
     1     1    21     2    18     3     0     0   -66.0   29.090  116.070     11.5    996.1
     1     1    21     2    18     2     0     0   -67.0   29.084  116.126     11.0    995.7
     1     1    21     2    18     1     0     0   -68.0   29.065  116.187     10.6    995.1
     1     1    21     2    18     0     0     0   -69.0   29.034  116.255     10.4    994.2
     1     1    21     2    17    23     0     0   -70.0   29.000  116.329     10.3    992.8
     1     1    21     2    17    22     0     0   -71.0   28.975  116.409     10.4    991.4
     1     1    21     2    17    21     0     0   -72.0   28.956  116.494     10.6    989.9
     1     1    21     2    17    20     0     0   -73.0   28.944  116.585     10.9    988.4
     1     1    21     2    17    19     0     0   -74.0   28.938  116.681     11.4    986.9
     1     1    21     2    17    18     0     0   -75.0   28.937  116.782     12.1    985.3
     1     1    21     2    17    17     0     0   -76.0   28.946  116.879     12.9    983.7
     1     1    21     2    17    16     0     0   -77.0   28.971  116.965     13.6    982.5
     1     1    21     2    17    15     0     0   -78.0   29.014  117.041     14.1    981.6
     1     1    21     2    17    14     0     0   -79.0   29.073  117.109     14.5    980.9
     1     1    21     2    17    13     0     0   -80.0   29.149  117.168     14.8    980.5
     1     1    21     2    17    12     0     0   -81.0   29.243  117.220     14.8    980.4
     1     1    21     2    17    11     0     0   -82.0   29.349  117.272     14.8    980.6
     1     1    21     2    17    10     0     0   -83.0   29.463  117.325     14.7    980.9
     1     1    21     2    17     9     0     0   -84.0   29.586  117.377     14.5    981.3
     1     1    21     2    17     8     0     0   -85.0   29.718  117.425     14.3    981.8
     1     1    21     2    17     7     0     0   -86.0   29.859  117.464     14.0    982.4
     1     1    21     2    17     6     0     0   -87.0   30.009  117.492     13.7    983.3
     1     1    21     2    17     5     0     0   -88.0   30.148  117.516     13.3    984.9
     1     1    21     2    17     4     0     0   -89.0   30.257  117.550     13.0    986.4
     1     1    21     2    17     3     0     0   -90.0   30.335  117.594     12.9    987.5
     1     1    21     2    17     2     0     0   -91.0   30.383  117.650     13.0    988.2
     1     1    21     2    17     1     0     0   -92.0   30.400  117.717     13.4    988.7
     1     1    21     2    17     0     0     0   -93.0   30.388  117.795     13.9    988.8
     1     1    21     2    16    23     0     0   -94.0   30.375  117.880     14.6    988.4
     1     1    21     2    16    22     0     0   -95.0   30.387  117.968     15.3    988.3
     1     1    21     2    16    21     0     0   -96.0   30.425  118.063     15.9    988.6
