     2     1
    CDC1    21     6     1     0     0
    CDC1    21     7     1     0     0
     1 BACKWARD OMEGA   
  2021     7     6    12   37.500  127.000   500.0
     1 PRESSURE
     1     1    21     7     6    12     0     0     0.0   37.500  127.000    500.0    932.5
     1     1    21     7     6    11     0     0    -1.0   37.440  126.880    474.9    936.1
     1     1    21     7     6    10     0     0    -2.0   37.382  126.768    455.6    938.7
     1     1    21     7     6     9     0     0    -3.0   37.325  126.661    441.5    940.8
     1     1    21     7     6     8     0     0    -4.0   37.271  126.557    432.1    942.3
     1     1    21     7     6     7     0     0    -5.0   37.219  126.454    426.9    943.3
     1     1    21     7     6     6     0     0    -6.0   37.171  126.351    425.8    943.9
     1     1    21     7     6     5     0     0    -7.0   37.129  126.254    426.6    944.4
     1     1    21     7     6     4     0     0    -8.0   37.095  126.172    426.9    945.1
     1     1    21     7     6     3     0     0    -9.0   37.070  126.103    426.5    945.8
     1     1    21     7     6     2     0     0   -10.0   37.053  126.049    425.4    946.5
     1     1    21     7     6     1     0     0   -11.0   37.044  126.009    423.6    947.2
     1     1    21     7     6     0     0     0   -12.0   37.044  125.986    421.0    947.8
     1     1    21     7     5    23     0     0   -13.0   37.044  125.966    418.1    948.4
     1     1    21     7     5    22     0     0   -14.0   37.037  125.940    414.9    948.9
     1     1    21     7     5    21     0     0   -15.0   37.023  125.907    411.7    949.5
     1     1    21     7     5    20     0     0   -16.0   37.002  125.868    408.2    950.2
     1     1    21     7     5    19     0     0   -17.0   36.973  125.821    404.6    951.0
     1     1    21     7     5    18     0     0   -18.0   36.937  125.767    400.8    951.8
     1     1    21     7     5    17     0     0   -19.0   36.892  125.712    397.5    952.5
     1     1    21     7     5    16     0     0   -20.0   36.837  125.664    395.4    953.0
     1     1    21     7     5    15     0     0   -21.0   36.770  125.620    394.3    953.4
     1     1    21     7     5    14     0     0   -22.0   36.690  125.582    393.9    953.6
     1     1    21     7     5    13     0     0   -23.0   36.598  125.550    394.1    953.8
     1     1    21     7     5    12     0     0   -24.0   36.492  125.523    394.5    953.9
     1     1    21     7     5    11     0     0   -25.0   36.374  125.497    396.1    954.5
     1     1    21     7     5    10     0     0   -26.0   36.244  125.465    399.1    954.9
     1     1    21     7     5     9     0     0   -27.0   36.102  125.431    404.3    955.1
     1     1    21     7     5     8     0     0   -28.0   35.950  125.396    411.9    955.0
     1     1    21     7     5     7     0     0   -29.0   35.789  125.364    422.5    954.5
     1     1    21     7     5     6     0     0   -30.0   35.617  125.336    436.6    953.7
     1     1    21     7     5     5     0     0   -31.0   35.442  125.316    453.7    952.0
     1     1    21     7     5     4     0     0   -32.0   35.267  125.305    473.5    950.1
     1     1    21     7     5     3     0     0   -33.0   35.092  125.303    495.7    948.0
     1     1    21     7     5     2     0     0   -34.0   34.916  125.306    520.0    945.7
     1     1    21     7     5     1     0     0   -35.0   34.739  125.308    545.6    943.5
     1     1    21     7     5     0     0     0   -36.0   34.558  125.307    572.1    941.2
     1     1    21     7     4    23     0     0   -37.0   34.372  125.289    595.0    939.0
     1     1    21     7     4    22     0     0   -38.0   34.178  125.248    610.1    938.0
     1     1    21     7     4    21     0     0   -39.0   33.976  125.189    617.7    937.9
     1     1    21     7     4    20     0     0   -40.0   33.762  125.118    618.2    938.6
     1     1    21     7     4    19     0     0   -41.0   33.536  125.042    611.9    939.9
     1     1    21     7     4    18     0     0   -42.0   33.296  124.965    599.3    941.8
     1     1    21     7     4    17     0     0   -43.0   33.048  124.893    585.2    943.9
     1     1    21     7     4    16     0     0   -44.0   32.799  124.828    574.5    945.3
     1     1    21     7     4    15     0     0   -45.0   32.551  124.769    567.5    946.4
     1     1    21     7     4    14     0     0   -46.0   32.305  124.714    564.6    946.5
     1     1    21     7     4    13     0     0   -47.0   32.065  124.660    566.1    945.9
     1     1    21     7     4    12     0     0   -48.0   31.832  124.605    571.8    944.9
     1     1    21     7     4    11     0     0   -49.0   31.604  124.546    578.8    943.9
     1     1    21     7     4    10     0     0   -50.0   31.376  124.481    582.6    943.4
     1     1    21     7     4     9     0     0   -51.0   31.148  124.414    583.1    943.1
     1     1    21     7     4     8     0     0   -52.0   30.920  124.348    579.6    943.1
     1     1    21     7     4     7     0     0   -53.0   30.690  124.287    571.6    943.5
     1     1    21     7     4     6     0     0   -54.0   30.457  124.235    558.2    944.3
     1     1    21     7     4     5     0     0   -55.0   30.222  124.182    541.5    945.5
     1     1    21     7     4     4     0     0   -56.0   29.986  124.118    523.9    946.6
     1     1    21     7     4     3     0     0   -57.0   29.753  124.045    506.9    948.7
     1     1    21     7     4     2     0     0   -58.0   29.528  123.961    491.6    950.4
     1     1    21     7     4     1     0     0   -59.0   29.309  123.867    478.4    952.0
     1     1    21     7     4     0     0     0   -60.0   29.097  123.763    467.6    953.2
     1     1    21     7     3    23     0     0   -61.0   28.879  123.650    459.2    953.9
     1     1    21     7     3    22     0     0   -62.0   28.642  123.530    453.4    954.3
     1     1    21     7     3    21     0     0   -63.0   28.386  123.407    450.4    954.4
     1     1    21     7     3    20     0     0   -64.0   28.110  123.285    450.2    954.2
     1     1    21     7     3    19     0     0   -65.0   27.814  123.166    453.1    953.6
     1     1    21     7     3    18     0     0   -66.0   27.495  123.056    459.2    952.6
     1     1    21     7     3    17     0     0   -67.0   27.169  122.958    468.7    951.1
     1     1    21     7     3    16     0     0   -68.0   26.849  122.872    481.3    949.2
     1     1    21     7     3    15     0     0   -69.0   26.535  122.798    497.0    947.0
     1     1    21     7     3    14     0     0   -70.0   26.228  122.738    516.0    944.5
     1     1    21     7     3    13     0     0   -71.0   25.926  122.692    538.2    941.7
     1     1    21     7     3    12     0     0   -72.0   25.629  122.660    563.7    938.8
     1     1    21     7     3    11     0     0   -73.0   25.340  122.637    592.3    935.0
     1     1    21     7     3    10     0     0   -74.0   25.064  122.617    624.6    931.1
     1     1    21     7     3     9     0     0   -75.0   24.805  122.598    659.0    926.4
     1     1    21     7     3     8     0     0   -76.0   24.569  122.579    692.9    922.0
     1     1    21     7     3     7     0     0   -77.0   24.352  122.560    725.4    918.0
     1     1    21     7     3     6     0     0   -78.0   24.153  122.542    755.6    914.4
     1     1    21     7     3     5     0     0   -79.0   23.968  122.526    783.5    911.6
     1     1    21     7     3     4     0     0   -80.0   23.794  122.515    809.1    909.0
     1     1    21     7     3     3     0     0   -81.0   23.630  122.510    832.6    906.7
     1     1    21     7     3     2     0     0   -82.0   23.475  122.512    854.3    904.6
     1     1    21     7     3     1     0     0   -83.0   23.328  122.520    874.1    902.7
     1     1    21     7     3     0     0     0   -84.0   23.190  122.536    892.4    900.9
     1     1    21     7     2    23     0     0   -85.0   23.057  122.559    909.2    899.3
     1     1    21     7     2    22     0     0   -86.0   22.929  122.587    924.5    897.8
     1     1    21     7     2    21     0     0   -87.0   22.805  122.619    938.3    896.4
     1     1    21     7     2    20     0     0   -88.0   22.687  122.657    950.5    895.2
     1     1    21     7     2    19     0     0   -89.0   22.575  122.699    961.3    894.2
     1     1    21     7     2    18     0     0   -90.0   22.468  122.743    970.5    893.5
     1     1    21     7     2    17     0     0   -91.0   22.369  122.788    981.7    893.4
     1     1    21     7     2    16     0     0   -92.0   22.281  122.830    998.5    892.2
     1     1    21     7     2    15     0     0   -93.0   22.204  122.870   1020.8    890.4
     1     1    21     7     2    14     0     0   -94.0   22.139  122.905   1049.1    888.0
     1     1    21     7     2    13     0     0   -95.0   22.086  122.935   1083.5    884.8
     1     1    21     7     2    12     0     0   -96.0   22.047  122.958   1124.2    881.0
