     2     1
    CDC1    21     4     1     0     0
    CDC1    21     5     1     0     0
     1 BACKWARD OMEGA   
  2021     5    14    18   37.500  127.000   500.0
     1 PRESSURE
     1     1    21     5    14    18     0     0     0.0   37.500  127.000    500.0    934.2
     1     1    21     5    14    17     0     0    -1.0   37.271  127.020    492.3    935.5
     1     1    21     5    14    16     0     0    -2.0   37.057  127.056    486.5    936.4
     1     1    21     5    14    15     0     0    -3.0   36.859  127.107    483.0    937.0
     1     1    21     5    14    14     0     0    -4.0   36.677  127.174    482.0    937.2
     1     1    21     5    14    13     0     0    -5.0   36.511  127.258    483.7    937.0
     1     1    21     5    14    12     0     0    -6.0   36.363  127.358    488.4    936.4
     1     1    21     5    14    11     0     0    -7.0   36.229  127.467    495.6    935.2
     1     1    21     5    14    10     0     0    -8.0   36.103  127.578    504.7    934.4
     1     1    21     5    14     9     0     0    -9.0   35.986  127.692    515.1    933.5
     1     1    21     5    14     8     0     0   -10.0   35.876  127.808    526.7    932.4
     1     1    21     5    14     7     0     0   -11.0   35.774  127.926    539.1    931.2
     1     1    21     5    14     6     0     0   -12.0   35.680  128.048    552.2    929.9
     1     1    21     5    14     5     0     0   -13.0   35.595  128.171    567.0    928.7
     1     1    21     5    14     4     0     0   -14.0   35.524  128.294    584.8    927.1
     1     1    21     5    14     3     0     0   -15.0   35.465  128.414    606.2    925.1
     1     1    21     5    14     2     0     0   -16.0   35.419  128.531    631.6    922.7
     1     1    21     5    14     1     0     0   -17.0   35.387  128.642    661.2    919.3
     1     1    21     5    14     0     0     0   -18.0   35.368  128.744    695.5    915.6
     1     1    21     5    13    23     0     0   -19.0   35.350  128.829    730.4    911.0
     1     1    21     5    13    22     0     0   -20.0   35.320  128.888    761.5    907.4
     1     1    21     5    13    21     0     0   -21.0   35.279  128.922    788.4    904.3
     1     1    21     5    13    20     0     0   -22.0   35.226  128.932    810.8    901.7
     1     1    21     5    13    19     0     0   -23.0   35.162  128.919    828.6    899.6
     1     1    21     5    13    18     0     0   -24.0   35.086  128.884    841.8    898.1
     1     1    21     5    13    17     0     0   -25.0   35.009  128.850    852.2    897.1
     1     1    21     5    13    16     0     0   -26.0   34.940  128.837    861.5    896.3
     1     1    21     5    13    15     0     0   -27.0   34.880  128.844    869.4    895.7
     1     1    21     5    13    14     0     0   -28.0   34.830  128.872    875.5    895.2
     1     1    21     5    13    13     0     0   -29.0   34.789  128.920    880.0    894.8
     1     1    21     5    13    12     0     0   -30.0   34.757  128.991    882.7    894.5
     1     1    21     5    13    11     0     0   -31.0   34.733  129.077    884.6    894.3
     1     1    21     5    13    10     0     0   -32.0   34.716  129.171    886.9    893.8
     1     1    21     5    13     9     0     0   -33.0   34.705  129.272    889.7    893.3
     1     1    21     5    13     8     0     0   -34.0   34.701  129.381    892.9    892.6
     1     1    21     5    13     7     0     0   -35.0   34.705  129.499    896.6    891.8
     1     1    21     5    13     6     0     0   -36.0   34.716  129.627    900.9    890.9
     1     1    21     5    13     5     0     0   -37.0   34.737  129.758    906.8    890.1
     1     1    21     5    13     4     0     0   -38.0   34.770  129.886    915.3    889.0
     1     1    21     5    13     3     0     0   -39.0   34.815  130.012    926.5    887.5
     1     1    21     5    13     2     0     0   -40.0   34.870  130.135    940.8    886.2
     1     1    21     5    13     1     0     0   -41.0   34.936  130.256    957.6    884.5
     1     1    21     5    13     0     0     0   -42.0   35.012  130.375    976.9    882.7
     1     1    21     5    12    23     0     0   -43.0   35.075  130.486    996.4    880.7
     1     1    21     5    12    22     0     0   -44.0   35.106  130.585   1013.7    879.0
     1     1    21     5    12    21     0     0   -45.0   35.102  130.673   1028.9    877.4
     1     1    21     5    12    20     0     0   -46.0   35.064  130.749   1042.1    875.7
     1     1    21     5    12    19     0     0   -47.0   34.990  130.814   1053.0    874.0
     1     1    21     5    12    18     0     0   -48.0   34.880  130.864   1060.9    873.2
     1     1    21     5    12    17     0     0   -49.0   34.749  130.917   1065.3    873.1
     1     1    21     5    12    16     0     0   -50.0   34.612  130.996   1066.6    873.3
     1     1    21     5    12    15     0     0   -51.0   34.470  131.100   1064.5    874.0
     1     1    21     5    12    14     0     0   -52.0   34.320  131.231   1058.6    875.0
     1     1    21     5    12    13     0     0   -53.0   34.164  131.389   1048.7    876.6
     1     1    21     5    12    12     0     0   -54.0   34.000  131.576   1034.4    878.6
     1     1    21     5    12    11     0     0   -55.0   33.823  131.768   1011.0    881.1
     1     1    21     5    12    10     0     0   -56.0   33.627  131.941    973.5    885.4
     1     1    21     5    12     9     0     0   -57.0   33.413  132.096    922.0    891.3
     1     1    21     5    12     8     0     0   -58.0   33.184  132.232    856.5    897.8
     1     1    21     5    12     7     0     0   -59.0   32.940  132.349    777.2    905.8
     1     1    21     5    12     6     0     0   -60.0   32.685  132.448    685.4    915.6
     1     1    21     5    12     5     0     0   -61.0   32.438  132.558    590.2    927.4
     1     1    21     5    12     4     0     0   -62.0   32.222  132.705    504.2    938.7
     1     1    21     5    12     3     0     0   -63.0   32.038  132.885    429.7    949.0
     1     1    21     5    12     2     0     0   -64.0   31.888  133.099    364.7    958.0
     1     1    21     5    12     1     0     0   -65.0   31.772  133.346    307.1    965.7
     1     1    21     5    12     0     0     0   -66.0   31.693  133.627    255.5    973.4
     1     1    21     5    11    23     0     0   -67.0   31.639  133.926    211.5    980.7
     1     1    21     5    11    22     0     0   -68.0   31.594  134.216    175.5    985.8
     1     1    21     5    11    21     0     0   -69.0   31.554  134.495    146.1    990.0
     1     1    21     5    11    20     0     0   -70.0   31.518  134.759    122.7    993.8
     1     1    21     5    11    19     0     0   -71.0   31.485  135.007    104.9    997.0
     1     1    21     5    11    18     0     0   -72.0   31.452  135.236     92.5    999.0
     1     1    21     5    11    17     0     0   -73.0   31.423  135.447     83.7   1000.7
     1     1    21     5    11    16     0     0   -74.0   31.400  135.641     77.2   1002.1
     1     1    21     5    11    15     0     0   -75.0   31.381  135.817     72.7   1003.0
     1     1    21     5    11    14     0     0   -76.0   31.365  135.975     69.8   1003.6
     1     1    21     5    11    13     0     0   -77.0   31.348  136.114     68.4   1004.0
     1     1    21     5    11    12     0     0   -78.0   31.331  136.232     68.3   1004.2
     1     1    21     5    11    11     0     0   -79.0   31.314  136.331     68.3   1004.0
     1     1    21     5    11    10     0     0   -80.0   31.302  136.412     67.0   1004.0
     1     1    21     5    11     9     0     0   -81.0   31.293  136.475     64.5   1004.1
     1     1    21     5    11     8     0     0   -82.0   31.287  136.520     61.1   1004.2
     1     1    21     5    11     7     0     0   -83.0   31.284  136.549     56.8   1004.4
     1     1    21     5    11     6     0     0   -84.0   31.283  136.563     51.8   1004.7
     1     1    21     5    11     5     0     0   -85.0   31.280  136.566     46.7   1005.5
     1     1    21     5    11     4     0     0   -86.0   31.270  136.562     41.9   1006.3
     1     1    21     5    11     3     0     0   -87.0   31.253  136.553     37.4   1007.1
     1     1    21     5    11     2     0     0   -88.0   31.230  136.537     33.2   1008.0
     1     1    21     5    11     1     0     0   -89.0   31.202  136.516     29.4   1008.8
     1     1    21     5    11     0     0     0   -90.0   31.168  136.490     25.9   1009.7
     1     1    21     5    10    23     0     0   -91.0   31.128  136.457     23.3   1010.0
     1     1    21     5    10    22     0     0   -92.0   31.078  136.416     21.9   1010.0
     1     1    21     5    10    21     0     0   -93.0   31.019  136.367     21.6   1010.0
     1     1    21     5    10    20     0     0   -94.0   30.950  136.309     22.2   1009.8
     1     1    21     5    10    19     0     0   -95.0   30.869  136.242     23.9   1009.6
     1     1    21     5    10    18     0     0   -96.0   30.777  136.166     26.6   1009.3
