     2     1
    CDC1    21     9     1     0     0
    CDC1    21    10     1     0     0
     1 BACKWARD OMEGA   
  2021    10    24     6   37.500  127.000   500.0
     1 PRESSURE
     1     1    21    10    24     6     0     0     0.0   37.500  127.000    500.0    946.3
     1     1    21    10    24     5     0     0    -1.0   37.511  126.935    513.3    945.5
     1     1    21    10    24     4     0     0    -2.0   37.518  126.870    526.6    944.7
     1     1    21    10    24     3     0     0    -3.0   37.522  126.805    539.7    944.0
     1     1    21    10    24     2     0     0    -4.0   37.522  126.740    552.7    943.3
     1     1    21    10    24     1     0     0    -5.0   37.518  126.676    565.6    942.7
     1     1    21    10    24     0     0     0    -6.0   37.511  126.613    578.4    942.2
     1     1    21    10    23    23     0     0    -7.0   37.504  126.547    590.7    941.3
     1     1    21    10    23    22     0     0    -8.0   37.501  126.476    602.2    940.4
     1     1    21    10    23    21     0     0    -9.0   37.501  126.401    612.8    939.7
     1     1    21    10    23    20     0     0   -10.0   37.505  126.320    622.4    939.0
     1     1    21    10    23    19     0     0   -11.0   37.511  126.234    631.0    938.4
     1     1    21    10    23    18     0     0   -12.0   37.521  126.142    638.6    937.7
     1     1    21    10    23    17     0     0   -13.0   37.534  126.047    646.5    937.3
     1     1    21    10    23    16     0     0   -14.0   37.551  125.952    655.9    936.5
     1     1    21    10    23    15     0     0   -15.0   37.572  125.856    667.0    935.5
     1     1    21    10    23    14     0     0   -16.0   37.596  125.760    680.0    934.1
     1     1    21    10    23    13     0     0   -17.0   37.624  125.664    695.2    932.5
     1     1    21    10    23    12     0     0   -18.0   37.654  125.569    712.7    930.6
     1     1    21    10    23    11     0     0   -19.0   37.685  125.470    732.6    928.5
     1     1    21    10    23    10     0     0   -20.0   37.715  125.363    754.7    926.3
     1     1    21    10    23     9     0     0   -21.0   37.745  125.247    778.7    923.9
     1     1    21    10    23     8     0     0   -22.0   37.775  125.121    804.7    921.5
     1     1    21    10    23     7     0     0   -23.0   37.807  124.984    832.4    919.0
     1     1    21    10    23     6     0     0   -24.0   37.842  124.836    861.8    916.2
     1     1    21    10    23     5     0     0   -25.0   37.875  124.692    890.8    913.1
     1     1    21    10    23     4     0     0   -26.0   37.901  124.566    917.9    910.5
     1     1    21    10    23     3     0     0   -27.0   37.918  124.459    942.7    908.0
     1     1    21    10    23     2     0     0   -28.0   37.928  124.369    965.1    905.7
     1     1    21    10    23     1     0     0   -29.0   37.929  124.296    985.1    903.6
     1     1    21    10    23     0     0     0   -30.0   37.922  124.242   1002.5    901.9
     1     1    21    10    22    23     0     0   -31.0   37.916  124.199   1018.4    900.2
     1     1    21    10    22    22     0     0   -32.0   37.922  124.161   1033.9    898.3
     1     1    21    10    22    21     0     0   -33.0   37.940  124.127   1048.9    896.3
     1     1    21    10    22    20     0     0   -34.0   37.969  124.097   1063.3    894.3
     1     1    21    10    22    19     0     0   -35.0   38.009  124.071   1077.1    892.3
     1     1    21    10    22    18     0     0   -36.0   38.060  124.046   1089.9    890.3
     1     1    21    10    22    17     0     0   -37.0   38.130  124.027   1105.5    888.3
     1     1    21    10    22    16     0     0   -38.0   38.228  124.016   1127.1    885.0
     1     1    21    10    22    15     0     0   -39.0   38.351  124.012   1155.7    880.8
     1     1    21    10    22    14     0     0   -40.0   38.497  124.015   1192.3    875.5
     1     1    21    10    22    13     0     0   -41.0   38.663  124.026   1238.2    869.1
     1     1    21    10    22    12     0     0   -42.0   38.846  124.045   1295.4    861.5
     1     1    21    10    22    11     0     0   -43.0   39.036  124.059   1358.4    851.7
     1     1    21    10    22    10     0     0   -44.0   39.228  124.059   1419.9    843.0
     1     1    21    10    22     9     0     0   -45.0   39.423  124.049   1480.0    834.6
     1     1    21    10    22     8     0     0   -46.0   39.621  124.030   1538.7    826.6
     1     1    21    10    22     7     0     0   -47.0   39.823  124.007   1596.0    818.8
     1     1    21    10    22     6     0     0   -48.0   40.030  123.983   1652.1    811.4
     1     1    21    10    22     5     0     0   -49.0   40.240  123.959   1706.9    805.1
     1     1    21    10    22     4     0     0   -50.0   40.450  123.934   1760.2    798.5
     1     1    21    10    22     3     0     0   -51.0   40.661  123.910   1811.1    792.2
     1     1    21    10    22     2     0     0   -52.0   40.876  123.887   1859.3    786.3
     1     1    21    10    22     1     0     0   -53.0   41.096  123.868   1904.3    780.6
     1     1    21    10    22     0     0     0   -54.0   41.322  123.854   1945.6    775.3
     1     1    21    10    21    23     0     0   -55.0   41.549  123.832   1983.9    770.7
     1     1    21    10    21    22     0     0   -56.0   41.771  123.794   2020.2    766.4
     1     1    21    10    21    21     0     0   -57.0   41.989  123.740   2055.1    762.4
     1     1    21    10    21    20     0     0   -58.0   42.200  123.671   2089.1    758.6
     1     1    21    10    21    19     0     0   -59.0   42.406  123.590   2122.7    755.0
     1     1    21    10    21    18     0     0   -60.0   42.607  123.496   2157.3    752.4
     1     1    21    10    21    17     0     0   -61.0   42.808  123.390   2193.0    750.6
     1     1    21    10    21    16     0     0   -62.0   43.013  123.275   2226.9    748.8
     1     1    21    10    21    15     0     0   -63.0   43.222  123.154   2259.7    746.9
     1     1    21    10    21    14     0     0   -64.0   43.435  123.028   2291.2    745.0
     1     1    21    10    21    13     0     0   -65.0   43.652  122.898   2321.5    743.0
     1     1    21    10    21    12     0     0   -66.0   43.870  122.766   2350.4    740.8
     1     1    21    10    21    11     0     0   -67.0   44.088  122.633   2379.3    738.8
     1     1    21    10    21    10     0     0   -68.0   44.302  122.501   2407.1    736.6
     1     1    21    10    21     9     0     0   -69.0   44.511  122.369   2431.9    732.2
     1     1    21    10    21     8     0     0   -70.0   44.716  122.235   2456.2    727.7
     1     1    21    10    21     7     0     0   -71.0   44.917  122.100   2480.0    723.1
     1     1    21    10    21     6     0     0   -72.0   45.113  121.963   2502.0    717.3
     1     1    21    10    21     5     0     0   -73.0   45.307  121.822   2521.5    710.4
     1     1    21    10    21     4     0     0   -74.0   45.501  121.676   2542.0    703.8
     1     1    21    10    21     3     0     0   -75.0   45.695  121.525   2562.3    697.3
     1     1    21    10    21     2     0     0   -76.0   45.890  121.368   2582.5    691.0
     1     1    21    10    21     1     0     0   -77.0   46.085  121.204   2602.8    684.8
     1     1    21    10    21     0     0     0   -78.0   46.280  121.034   2623.3    678.8
     1     1    21    10    20    23     0     0   -79.0   46.476  120.859   2643.3    673.3
     1     1    21    10    20    22     0     0   -80.0   46.670  120.679   2658.5    668.4
     1     1    21    10    20    21     0     0   -81.0   46.862  120.493   2669.8    664.0
     1     1    21    10    20    20     0     0   -82.0   47.049  120.299   2677.0    660.0
     1     1    21    10    20    19     0     0   -83.0   47.231  120.093   2679.7    656.5
     1     1    21    10    20    18     0     0   -84.0   47.407  119.874   2679.5    654.8
     1     1    21    10    20    17     0     0   -85.0   47.580  119.645   2678.2    654.8
     1     1    21    10    20    16     0     0   -86.0   47.754  119.409   2679.9    654.8
     1     1    21    10    20    15     0     0   -87.0   47.927  119.169   2682.5    655.0
     1     1    21    10    20    14     0     0   -88.0   48.099  118.923   2685.3    655.3
     1     1    21    10    20    13     0     0   -89.0   48.270  118.673   2687.6    655.9
     1     1    21    10    20    12     0     0   -90.0   48.438  118.419   2688.4    656.8
     1     1    21    10    20    11     0     0   -91.0   48.601  118.163   2690.7    658.0
     1     1    21    10    20    10     0     0   -92.0   48.753  117.908   2697.3    658.7
     1     1    21    10    20     9     0     0   -93.0   48.893  117.651   2707.9    659.1
     1     1    21    10    20     8     0     0   -94.0   49.019  117.388   2721.7    658.9
     1     1    21    10    20     7     0     0   -95.0   49.133  117.118   2738.2    657.9
     1     1    21    10    20     6     0     0   -96.0   49.235  116.838   2757.8    656.6
