     2     1
    CDC1    21     8     1     0     0
    CDC1    21     9     1     0     0
     1 BACKWARD OMEGA   
  2021     9    23    18   37.500  127.000   500.0
     1 PRESSURE
     1     1    21     9    23    18     0     0     0.0   37.500  127.000    500.0    944.3
     1     1    21     9    23    17     0     0    -1.0   37.572  127.070    492.3    943.6
     1     1    21     9    23    16     0     0    -2.0   37.660  127.112    486.8    942.3
     1     1    21     9    23    15     0     0    -3.0   37.767  127.126    483.1    940.7
     1     1    21     9    23    14     0     0    -4.0   37.892  127.113    481.4    938.8
     1     1    21     9    23    13     0     0    -5.0   38.036  127.076    481.6    936.6
     1     1    21     9    23    12     0     0    -6.0   38.201  127.015    484.1    934.0
     1     1    21     9    23    11     0     0    -7.0   38.380  126.938    489.4    930.8
     1     1    21     9    23    10     0     0    -8.0   38.570  126.853    498.2    927.1
     1     1    21     9    23     9     0     0    -9.0   38.772  126.758    510.1    923.0
     1     1    21     9    23     8     0     0   -10.0   38.988  126.653    524.9    918.5
     1     1    21     9    23     7     0     0   -11.0   39.220  126.538    542.4    913.6
     1     1    21     9    23     6     0     0   -12.0   39.469  126.411    562.1    908.4
     1     1    21     9    23     5     0     0   -13.0   39.733  126.274    584.7    903.3
     1     1    21     9    23     4     0     0   -14.0   40.006  126.130    610.0    898.0
     1     1    21     9    23     3     0     0   -15.0   40.284  125.990    638.7    894.3
     1     1    21     9    23     2     0     0   -16.0   40.563  125.863    670.0    890.2
     1     1    21     9    23     1     0     0   -17.0   40.844  125.755    703.4    885.9
     1     1    21     9    23     0     0     0   -18.0   41.128  125.670    738.6    881.2
     1     1    21     9    22    23     0     0   -19.0   41.420  125.601    772.2    875.9
     1     1    21     9    22    22     0     0   -20.0   41.726  125.539    800.4    871.5
     1     1    21     9    22    21     0     0   -21.0   42.049  125.485    823.7    867.6
     1     1    21     9    22    20     0     0   -22.0   42.392  125.443    842.6    863.9
     1     1    21     9    22    19     0     0   -23.0   42.752  125.414    859.2    864.9
     1     1    21     9    22    18     0     0   -24.0   43.120  125.401    873.8    868.0
     1     1    21     9    22    17     0     0   -25.0   43.479  125.412    889.6    871.0
     1     1    21     9    22    16     0     0   -26.0   43.821  125.451    909.6    872.4
     1     1    21     9    22    15     0     0   -27.0   44.147  125.519    932.7    872.9
     1     1    21     9    22    14     0     0   -28.0   44.462  125.615    957.4    872.4
     1     1    21     9    22    13     0     0   -29.0   44.768  125.741    982.4    871.5
     1     1    21     9    22    12     0     0   -30.0   45.066  125.895   1005.8    869.4
     1     1    21     9    22    11     0     0   -31.0   45.357  126.069   1023.8    864.6
     1     1    21     9    22    10     0     0   -32.0   45.637  126.256   1035.1    861.1
     1     1    21     9    22     9     0     0   -33.0   45.908  126.460   1041.1    858.4
     1     1    21     9    22     8     0     0   -34.0   46.169  126.684   1043.0    856.3
     1     1    21     9    22     7     0     0   -35.0   46.421  126.934   1041.8    854.8
     1     1    21     9    22     6     0     0   -36.0   46.663  127.214   1038.6    853.7
     1     1    21     9    22     5     0     0   -37.0   46.888  127.538   1032.6    853.2
     1     1    21     9    22     4     0     0   -38.0   47.083  127.909   1022.8    853.9
     1     1    21     9    22     3     0     0   -39.0   47.244  128.317   1007.6    855.1
     1     1    21     9    22     2     0     0   -40.0   47.368  128.757    985.9    856.9
     1     1    21     9    22     1     0     0   -41.0   47.455  129.220    957.1    859.4
     1     1    21     9    22     0     0     0   -42.0   47.500  129.701    921.2    862.6
     1     1    21     9    21    23     0     0   -43.0   47.511  130.180    882.8    866.9
     1     1    21     9    21    22     0     0   -44.0   47.494  130.639    846.3    872.1
     1     1    21     9    21    21     0     0   -45.0   47.451  131.076    811.7    877.0
     1     1    21     9    21    20     0     0   -46.0   47.376  131.491    779.4    881.5
     1     1    21     9    21    19     0     0   -47.0   47.266  131.882    749.2    885.7
     1     1    21     9    21    18     0     0   -48.0   47.116  132.248    720.8    889.6
     1     1    21     9    21    17     0     0   -49.0   46.922  132.582    690.7    893.1
     1     1    21     9    21    16     0     0   -50.0   46.684  132.874    655.8    896.8
     1     1    21     9    21    15     0     0   -51.0   46.412  133.128    615.5    901.1
     1     1    21     9    21    14     0     0   -52.0   46.109  133.346    569.5    905.5
     1     1    21     9    21    13     0     0   -53.0   45.781  133.539    517.3    910.9
     1     1    21     9    21    12     0     0   -54.0   45.435  133.719    458.4    917.3
     1     1    21     9    21    11     0     0   -55.0   45.079  133.906    398.5    925.8
     1     1    21     9    21    10     0     0   -56.0   44.731  134.101    346.4    935.0
     1     1    21     9    21     9     0     0   -57.0   44.396  134.294    305.2    943.4
     1     1    21     9    21     8     0     0   -58.0   44.071  134.482    273.7    950.9
     1     1    21     9    21     7     0     0   -59.0   43.750  134.667    249.5    957.8
     1     1    21     9    21     6     0     0   -60.0   43.429  134.845    231.1    964.2
     1     1    21     9    21     5     0     0   -61.0   43.114  135.020    214.8    970.0
     1     1    21     9    21     4     0     0   -62.0   42.816  135.195    196.6    975.5
     1     1    21     9    21     3     0     0   -63.0   42.533  135.373    175.1    980.5
     1     1    21     9    21     2     0     0   -64.0   42.269  135.555    151.3    986.1
     1     1    21     9    21     1     0     0   -65.0   42.023  135.742    127.0    991.3
     1     1    21     9    21     0     0     0   -66.0   41.796  135.934    102.5    996.2
     1     1    21     9    20    23     0     0   -67.0   41.584  136.121     81.9   1000.7
     1     1    21     9    20    22     0     0   -68.0   41.384  136.296     69.0   1002.8
     1     1    21     9    20    21     0     0   -69.0   41.197  136.462     62.8   1003.9
     1     1    21     9    20    20     0     0   -70.0   41.021  136.617     61.9   1004.4
     1     1    21     9    20    19     0     0   -71.0   40.853  136.757     65.9   1004.3
     1     1    21     9    20    18     0     0   -72.0   40.691  136.879     74.8   1003.8
     1     1    21     9    20    17     0     0   -73.0   40.541  136.995     86.8   1002.2
     1     1    21     9    20    16     0     0   -74.0   40.410  137.121     99.5   1000.6
     1     1    21     9    20    15     0     0   -75.0   40.299  137.261    113.5    998.6
     1     1    21     9    20    14     0     0   -76.0   40.209  137.413    129.0    996.4
     1     1    21     9    20    13     0     0   -77.0   40.138  137.579    146.8    994.2
     1     1    21     9    20    12     0     0   -78.0   40.087  137.762    167.4    992.2
     1     1    21     9    20    11     0     0   -79.0   40.047  137.946    188.8    989.5
     1     1    21     9    20    10     0     0   -80.0   40.015  138.117    208.0    987.0
     1     1    21     9    20     9     0     0   -81.0   39.992  138.277    224.5    984.3
     1     1    21     9    20     8     0     0   -82.0   39.980  138.424    238.2    982.0
     1     1    21     9    20     7     0     0   -83.0   39.980  138.560    248.9    980.3
     1     1    21     9    20     6     0     0   -84.0   39.992  138.684    256.2    979.2
     1     1    21     9    20     5     0     0   -85.0   40.014  138.799    262.6    978.5
     1     1    21     9    20     4     0     0   -86.0   40.044  138.909    270.6    977.2
     1     1    21     9    20     3     0     0   -87.0   40.083  139.013    280.2    975.8
     1     1    21     9    20     2     0     0   -88.0   40.132  139.110    291.4    974.2
     1     1    21     9    20     1     0     0   -89.0   40.191  139.201    304.2    972.5
     1     1    21     9    20     0     0     0   -90.0   40.262  139.284    318.6    970.8
     1     1    21     9    19    23     0     0   -91.0   40.348  139.340    331.9    968.9
     1     1    21     9    19    22     0     0   -92.0   40.449  139.349    341.0    968.0
     1     1    21     9    19    21     0     0   -93.0   40.566  139.311    345.7    967.6
     1     1    21     9    19    20     0     0   -94.0   40.693  139.229    345.8    967.9
     1     1    21     9    19    19     0     0   -95.0   40.831  139.102    341.2    968.6
     1     1    21     9    19    18     0     0   -96.0   40.975  138.930    332.0    970.0
