     2     1
    CDC1    21     2     1     0     0
    CDC1    21     3     1     0     0
     1 BACKWARD OMEGA   
  2021     3    27    15   37.500  127.000   500.0
     1 PRESSURE
     1     1    21     3    27    15     0     0     0.0   37.500  127.000    500.0    923.4
     1     1    21     3    27    14     0     0    -1.0   37.289  126.921    458.7    930.1
     1     1    21     3    27    13     0     0    -2.0   37.063  126.891    421.8    935.8
     1     1    21     3    27    12     0     0    -3.0   36.815  126.906    387.9    941.1
     1     1    21     3    27    11     0     0    -4.0   36.540  126.936    356.4    945.6
     1     1    21     3    27    10     0     0    -5.0   36.237  126.954    327.2    949.9
     1     1    21     3    27     9     0     0    -6.0   35.908  126.962    300.0    954.1
     1     1    21     3    27     8     0     0    -7.0   35.554  126.964    274.5    958.3
     1     1    21     3    27     7     0     0    -8.0   35.175  126.965    250.3    962.4
     1     1    21     3    27     6     0     0    -9.0   34.774  126.975    226.9    967.3
     1     1    21     3    27     5     0     0   -10.0   34.380  126.999    203.6    973.6
     1     1    21     3    27     4     0     0   -11.0   34.015  127.036    180.6    979.0
     1     1    21     3    27     3     0     0   -12.0   33.676  127.086    158.6    984.1
     1     1    21     3    27     2     0     0   -13.0   33.363  127.148    138.9    988.9
     1     1    21     3    27     1     0     0   -14.0   33.075  127.223    122.1    993.3
     1     1    21     3    27     0     0     0   -15.0   32.814  127.311    109.1    997.2
     1     1    21     3    26    23     0     0   -16.0   32.563  127.404     99.0   1000.1
     1     1    21     3    26    22     0     0   -17.0   32.311  127.494     91.0   1002.4
     1     1    21     3    26    21     0     0   -18.0   32.054  127.585     85.1   1004.1
     1     1    21     3    26    20     0     0   -19.0   31.793  127.678     80.7   1005.6
     1     1    21     3    26    19     0     0   -20.0   31.527  127.773     77.2   1006.8
     1     1    21     3    26    18     0     0   -21.0   31.254  127.868     73.9   1008.0
     1     1    21     3    26    17     0     0   -22.0   30.981  127.972     70.9   1009.0
     1     1    21     3    26    16     0     0   -23.0   30.715  128.090     68.5   1010.0
     1     1    21     3    26    15     0     0   -24.0   30.458  128.223     66.4   1011.0
     1     1    21     3    26    14     0     0   -25.0   30.212  128.372     64.7   1012.1
     1     1    21     3    26    13     0     0   -26.0   29.977  128.538     63.4   1013.1
     1     1    21     3    26    12     0     0   -27.0   29.762  128.725     62.7   1013.0
     1     1    21     3    26    11     0     0   -28.0   29.583  128.933     63.1   1012.5
     1     1    21     3    26    10     0     0   -29.0   29.453  129.153     64.8   1011.9
     1     1    21     3    26     9     0     0   -30.0   29.367  129.383     68.0   1011.1
     1     1    21     3    26     8     0     0   -31.0   29.326  129.620     73.2   1010.3
     1     1    21     3    26     7     0     0   -32.0   29.327  129.860     80.8   1009.0
     1     1    21     3    26     6     0     0   -33.0   29.370  130.102     91.7   1007.1
     1     1    21     3    26     5     0     0   -34.0   29.441  130.329    105.5   1005.4
     1     1    21     3    26     4     0     0   -35.0   29.527  130.532    121.0   1003.8
     1     1    21     3    26     3     0     0   -36.0   29.625  130.709    138.3   1002.0
     1     1    21     3    26     2     0     0   -37.0   29.734  130.861    157.4   1000.3
     1     1    21     3    26     1     0     0   -38.0   29.853  130.986    178.3    998.4
     1     1    21     3    26     0     0     0   -39.0   29.978  131.085    200.9    996.5
     1     1    21     3    25    23     0     0   -40.0   30.106  131.171    225.7    992.3
     1     1    21     3    25    22     0     0   -41.0   30.232  131.258    253.3    987.5
     1     1    21     3    25    21     0     0   -42.0   30.356  131.345    283.3    982.7
     1     1    21     3    25    20     0     0   -43.0   30.477  131.434    315.3    977.8
     1     1    21     3    25    19     0     0   -44.0   30.594  131.524    348.9    973.0
     1     1    21     3    25    18     0     0   -45.0   30.706  131.617    383.8    968.1
     1     1    21     3    25    17     0     0   -46.0   30.821  131.712    421.2    963.0
     1     1    21     3    25    16     0     0   -47.0   30.950  131.808    462.7    957.3
     1     1    21     3    25    15     0     0   -48.0   31.093  131.906    509.4    951.3
     1     1    21     3    25    14     0     0   -49.0   31.252  132.009    562.2    944.8
     1     1    21     3    25    13     0     0   -50.0   31.428  132.118    622.4    937.8
     1     1    21     3    25    12     0     0   -51.0   31.626  132.235    691.7    928.9
     1     1    21     3    25    11     0     0   -52.0   31.838  132.344    766.7    918.5
     1     1    21     3    25    10     0     0   -53.0   32.052  132.429    843.0    909.0
     1     1    21     3    25     9     0     0   -54.0   32.266  132.490    920.7    899.8
     1     1    21     3    25     8     0     0   -55.0   32.476  132.529   1000.9    889.9
     1     1    21     3    25     7     0     0   -56.0   32.678  132.537   1083.4    880.5
     1     1    21     3    25     6     0     0   -57.0   32.868  132.508   1167.6    871.4
     1     1    21     3    25     5     0     0   -58.0   33.040  132.452   1246.4    862.6
     1     1    21     3    25     4     0     0   -59.0   33.188  132.383   1310.4    855.9
     1     1    21     3    25     3     0     0   -60.0   33.314  132.303   1358.4    850.6
     1     1    21     3    25     2     0     0   -61.0   33.422  132.217   1390.2    847.1
     1     1    21     3    25     1     0     0   -62.0   33.513  132.129   1406.0    845.4
     1     1    21     3    25     0     0     0   -63.0   33.588  132.043   1406.4    845.3
     1     1    21     3    24    23     0     0   -64.0   33.641  131.939   1399.2    846.5
     1     1    21     3    24    22     0     0   -65.0   33.668  131.800   1392.6    846.8
     1     1    21     3    24    21     0     0   -66.0   33.669  131.625   1385.2    847.2
     1     1    21     3    24    20     0     0   -67.0   33.644  131.417   1376.2    847.9
     1     1    21     3    24    19     0     0   -68.0   33.591  131.177   1364.5    848.9
     1     1    21     3    24    18     0     0   -69.0   33.509  130.909   1348.9    850.4
     1     1    21     3    24    17     0     0   -70.0   33.402  130.644   1330.7    853.2
     1     1    21     3    24    16     0     0   -71.0   33.276  130.414   1310.9    856.1
     1     1    21     3    24    15     0     0   -72.0   33.128  130.218   1289.0    859.3
     1     1    21     3    24    14     0     0   -73.0   32.956  130.061   1264.7    862.6
     1     1    21     3    24    13     0     0   -74.0   32.761  129.945   1238.4    866.5
     1     1    21     3    24    12     0     0   -75.0   32.544  129.876   1210.4    870.7
     1     1    21     3    24    11     0     0   -76.0   32.319  129.845   1189.4    874.8
     1     1    21     3    24    10     0     0   -77.0   32.101  129.837   1182.9    876.4
     1     1    21     3    24     9     0     0   -78.0   31.886  129.846   1189.4    876.7
     1     1    21     3    24     8     0     0   -79.0   31.675  129.870   1208.0    875.7
     1     1    21     3    24     7     0     0   -80.0   31.467  129.903   1237.9    873.5
     1     1    21     3    24     6     0     0   -81.0   31.261  129.941   1278.7    870.4
     1     1    21     3    24     5     0     0   -82.0   31.057  129.976   1319.3    865.9
     1     1    21     3    24     4     0     0   -83.0   30.856  130.009   1350.9    863.5
     1     1    21     3    24     3     0     0   -84.0   30.657  130.046   1373.3    862.1
     1     1    21     3    24     2     0     0   -85.0   30.459  130.089   1386.6    861.7
     1     1    21     3    24     1     0     0   -86.0   30.264  130.142   1391.3    862.1
     1     1    21     3    24     0     0     0   -87.0   30.070  130.208   1387.8    863.5
     1     1    21     3    23    23     0     0   -88.0   29.880  130.284   1380.4    865.1
     1     1    21     3    23    22     0     0   -89.0   29.695  130.367   1372.6    865.8
     1     1    21     3    23    21     0     0   -90.0   29.516  130.456   1365.7    866.3
     1     1    21     3    23    20     0     0   -91.0   29.347  130.552   1359.7    866.7
     1     1    21     3    23    19     0     0   -92.0   29.190  130.656   1354.6    867.1
     1     1    21     3    23    18     0     0   -93.0   29.045  130.769   1350.6    867.2
     1     1    21     3    23    17     0     0   -94.0   28.920  130.891   1347.4    867.6
     1     1    21     3    23    16     0     0   -95.0   28.818  131.025   1344.8    868.0
     1     1    21     3    23    15     0     0   -96.0   28.741  131.168   1343.2    868.3
