     2     1
    CDC1    21    10     1     0     0
    CDC1    21    11     1     0     0
     1 BACKWARD OMEGA   
  2021    11     2     6   37.500  127.000   500.0
     1 PRESSURE
     1     1    21    11     2     6     0     0     0.0   37.500  127.000    500.0    941.8
     1     1    21    11     2     5     0     0    -1.0   37.639  126.928    524.6    937.5
     1     1    21    11     2     4     0     0    -2.0   37.776  126.850    547.2    933.6
     1     1    21    11     2     3     0     0    -3.0   37.910  126.766    567.8    930.0
     1     1    21    11     2     2     0     0    -4.0   38.043  126.679    586.2    926.8
     1     1    21    11     2     1     0     0    -5.0   38.175  126.589    602.8    923.9
     1     1    21    11     2     0     0     0    -6.0   38.308  126.497    617.6    921.3
     1     1    21    11     1    23     0     0    -7.0   38.440  126.412    633.1    918.4
     1     1    21    11     1    22     0     0    -8.0   38.574  126.340    651.2    914.8
     1     1    21    11     1    21     0     0    -9.0   38.710  126.282    671.8    910.8
     1     1    21    11     1    20     0     0   -10.0   38.850  126.238    694.5    906.5
     1     1    21    11     1    19     0     0   -11.0   38.994  126.209    719.0    901.8
     1     1    21    11     1    18     0     0   -12.0   39.146  126.195    745.0    896.9
     1     1    21    11     1    17     0     0   -13.0   39.302  126.183    771.9    891.7
     1     1    21    11     1    16     0     0   -14.0   39.462  126.160    799.8    886.6
     1     1    21    11     1    15     0     0   -15.0   39.623  126.127    828.9    881.5
     1     1    21    11     1    14     0     0   -16.0   39.784  126.085    859.6    876.3
     1     1    21    11     1    13     0     0   -17.0   39.942  126.034    892.2    871.2
     1     1    21    11     1    12     0     0   -18.0   40.096  125.976    927.5    866.7
     1     1    21    11     1    11     0     0   -19.0   40.245  125.919    961.7    862.2
     1     1    21    11     1    10     0     0   -20.0   40.391  125.871    989.7    858.8
     1     1    21    11     1     9     0     0   -21.0   40.536  125.833   1011.6    856.1
     1     1    21    11     1     8     0     0   -22.0   40.681  125.806   1027.4    854.1
     1     1    21    11     1     7     0     0   -23.0   40.828  125.792   1036.9    852.5
     1     1    21    11     1     6     0     0   -24.0   40.978  125.792   1040.3    851.6
     1     1    21    11     1     5     0     0   -25.0   41.129  125.804   1041.1    851.0
     1     1    21    11     1     4     0     0   -26.0   41.280  125.824   1043.6    849.7
     1     1    21    11     1     3     0     0   -27.0   41.428  125.852   1047.5    848.2
     1     1    21    11     1     2     0     0   -28.0   41.574  125.890   1052.7    846.5
     1     1    21    11     1     1     0     0   -29.0   41.716  125.937   1058.9    844.5
     1     1    21    11     1     0     0     0   -30.0   41.854  125.993   1066.2    842.3
     1     1    21    10    31    23     0     0   -31.0   41.981  126.056   1072.4    839.8
     1     1    21    10    31    22     0     0   -32.0   42.092  126.122   1076.1    837.8
     1     1    21    10    31    21     0     0   -33.0   42.186  126.189   1076.8    836.1
     1     1    21    10    31    20     0     0   -34.0   42.265  126.255   1074.4    834.9
     1     1    21    10    31    19     0     0   -35.0   42.328  126.319   1068.6    834.0
     1     1    21    10    31    18     0     0   -36.0   42.377  126.378   1059.6    833.7
     1     1    21    10    31    17     0     0   -37.0   42.420  126.439   1050.6    834.3
     1     1    21    10    31    16     0     0   -38.0   42.464  126.508   1044.3    834.2
     1     1    21    10    31    15     0     0   -39.0   42.509  126.584   1041.3    833.7
     1     1    21    10    31    14     0     0   -40.0   42.555  126.664   1042.0    833.7
     1     1    21    10    31    13     0     0   -41.0   42.604  126.747   1046.6    833.1
     1     1    21    10    31    12     0     0   -42.0   42.655  126.831   1055.1    832.2
     1     1    21    10    31    11     0     0   -43.0   42.712  126.906   1063.0    830.5
     1     1    21    10    31    10     0     0   -44.0   42.777  126.965   1066.7    830.1
     1     1    21    10    31     9     0     0   -45.0   42.852  127.009   1066.6    830.5
     1     1    21    10    31     8     0     0   -46.0   42.939  127.042   1063.3    831.4
     1     1    21    10    31     7     0     0   -47.0   43.039  127.066   1057.3    833.0
     1     1    21    10    31     6     0     0   -48.0   43.152  127.084   1049.1    835.1
     1     1    21    10    31     5     0     0   -49.0   43.266  127.103   1041.3    837.8
     1     1    21    10    31     4     0     0   -50.0   43.370  127.127   1035.4    839.7
     1     1    21    10    31     3     0     0   -51.0   43.461  127.155   1030.9    841.3
     1     1    21    10    31     2     0     0   -52.0   43.540  127.184   1027.1    842.6
     1     1    21    10    31     1     0     0   -53.0   43.607  127.211   1023.7    843.8
     1     1    21    10    31     0     0     0   -54.0   43.662  127.237   1020.2    844.8
     1     1    21    10    30    23     0     0   -55.0   43.714  127.255   1018.5    845.6
     1     1    21    10    30    22     0     0   -56.0   43.777  127.265   1021.0    845.9
     1     1    21    10    30    21     0     0   -57.0   43.850  127.265   1027.5    846.0
     1     1    21    10    30    20     0     0   -58.0   43.934  127.257   1037.8    846.0
     1     1    21    10    30    19     0     0   -59.0   44.028  127.241   1051.6    845.8
     1     1    21    10    30    18     0     0   -60.0   44.132  127.217   1068.6    845.5
     1     1    21    10    30    17     0     0   -61.0   44.238  127.185   1084.7    845.3
     1     1    21    10    30    16     0     0   -62.0   44.333  127.146   1095.0    846.2
     1     1    21    10    30    15     0     0   -63.0   44.419  127.102   1099.9    847.5
     1     1    21    10    30    14     0     0   -64.0   44.494  127.052   1099.8    849.3
     1     1    21    10    30    13     0     0   -65.0   44.558  126.997   1094.6    851.6
     1     1    21    10    30    12     0     0   -66.0   44.612  126.938   1084.4    854.3
     1     1    21    10    30    11     0     0   -67.0   44.653  126.874   1069.8    856.9
     1     1    21    10    30    10     0     0   -68.0   44.682  126.806   1051.5    859.8
     1     1    21    10    30     9     0     0   -69.0   44.697  126.735   1029.7    863.0
     1     1    21    10    30     8     0     0   -70.0   44.699  126.661   1004.6    866.4
     1     1    21    10    30     7     0     0   -71.0   44.687  126.583    976.8    870.0
     1     1    21    10    30     6     0     0   -72.0   44.660  126.503    946.8    873.8
     1     1    21    10    30     5     0     0   -73.0   44.620  126.415    916.9    877.7
     1     1    21    10    30     4     0     0   -74.0   44.567  126.316    889.3    880.8
     1     1    21    10    30     3     0     0   -75.0   44.502  126.205    863.8    883.7
     1     1    21    10    30     2     0     0   -76.0   44.426  126.080    840.5    886.5
     1     1    21    10    30     1     0     0   -77.0   44.339  125.941    819.3    889.0
     1     1    21    10    30     0     0     0   -78.0   44.243  125.786    800.2    891.5
     1     1    21    10    29    23     0     0   -79.0   44.134  125.612    783.4    893.9
     1     1    21    10    29    22     0     0   -80.0   44.012  125.415    769.5    896.2
     1     1    21    10    29    21     0     0   -81.0   43.874  125.191    758.6    898.2
     1     1    21    10    29    20     0     0   -82.0   43.719  124.936    750.8    899.4
     1     1    21    10    29    19     0     0   -83.0   43.551  124.647    745.9    898.7
     1     1    21    10    29    18     0     0   -84.0   43.370  124.325    744.8    898.0
     1     1    21    10    29    17     0     0   -85.0   43.181  123.993    743.7    897.8
     1     1    21    10    29    16     0     0   -86.0   42.985  123.677    738.6    898.9
     1     1    21    10    29    15     0     0   -87.0   42.781  123.379    729.1    900.9
     1     1    21    10    29    14     0     0   -88.0   42.563  123.098    714.9    903.8
     1     1    21    10    29    13     0     0   -89.0   42.331  122.841    696.1    909.1
     1     1    21    10    29    12     0     0   -90.0   42.087  122.614    671.9    915.6
     1     1    21    10    29    11     0     0   -91.0   41.838  122.414    646.9    920.9
     1     1    21    10    29    10     0     0   -92.0   41.598  122.235    626.0    923.3
     1     1    21    10    29     9     0     0   -93.0   41.368  122.077    609.5    925.4
     1     1    21    10    29     8     0     0   -94.0   41.150  121.940    596.7    927.7
     1     1    21    10    29     7     0     0   -95.0   40.943  121.824    587.3    930.1
     1     1    21    10    29     6     0     0   -96.0   40.747  121.730    581.1    932.4
