     2     1
    CDC1    21     8     1     0     0
    CDC1    21     9     1     0     0
     1 BACKWARD OMEGA   
  2021     9    23    12   37.500  127.000   500.0
     1 PRESSURE
     1     1    21     9    23    12     0     0     0.0   37.500  127.000    500.0    942.8
     1     1    21     9    23    11     0     0    -1.0   37.667  126.901    504.4    940.2
     1     1    21     9    23    10     0     0    -2.0   37.842  126.796    512.5    936.9
     1     1    21     9    23     9     0     0    -3.0   38.026  126.684    524.1    933.1
     1     1    21     9    23     8     0     0    -4.0   38.221  126.565    539.1    929.0
     1     1    21     9    23     7     0     0    -5.0   38.429  126.439    557.1    924.4
     1     1    21     9    23     6     0     0    -6.0   38.650  126.305    578.0    919.5
     1     1    21     9    23     5     0     0    -7.0   38.885  126.160    601.7    914.8
     1     1    21     9    23     4     0     0    -8.0   39.128  126.006    627.8    909.7
     1     1    21     9    23     3     0     0    -9.0   39.381  125.844    656.5    903.9
     1     1    21     9    23     2     0     0   -10.0   39.644  125.680    688.1    897.9
     1     1    21     9    23     1     0     0   -11.0   39.919  125.517    722.9    891.5
     1     1    21     9    23     0     0     0   -12.0   40.202  125.365    761.0    886.5
     1     1    21     9    22    23     0     0   -13.0   40.493  125.225    797.4    881.6
     1     1    21     9    22    22     0     0   -14.0   40.797  125.091    827.4    877.9
     1     1    21     9    22    21     0     0   -15.0   41.117  124.965    851.5    874.9
     1     1    21     9    22    20     0     0   -16.0   41.454  124.848    869.9    872.3
     1     1    21     9    22    19     0     0   -17.0   41.808  124.743    883.6    869.9
     1     1    21     9    22    18     0     0   -18.0   42.184  124.651    893.5    867.6
     1     1    21     9    22    17     0     0   -19.0   42.568  124.578    905.8    866.6
     1     1    21     9    22    16     0     0   -20.0   42.938  124.533    926.0    868.5
     1     1    21     9    22    15     0     0   -21.0   43.292  124.515    951.8    869.0
     1     1    21     9    22    14     0     0   -22.0   43.634  124.525    982.1    868.7
     1     1    21     9    22    13     0     0   -23.0   43.971  124.563   1015.5    867.9
     1     1    21     9    22    12     0     0   -24.0   44.307  124.632   1050.8    866.9
     1     1    21     9    22    11     0     0   -25.0   44.641  124.722   1083.2    866.2
     1     1    21     9    22    10     0     0   -26.0   44.973  124.825   1107.3    867.1
     1     1    21     9    22     9     0     0   -27.0   45.301  124.942   1121.7    864.5
     1     1    21     9    22     8     0     0   -28.0   45.622  125.075   1129.1    861.4
     1     1    21     9    22     7     0     0   -29.0   45.932  125.227   1131.1    858.2
     1     1    21     9    22     6     0     0   -30.0   46.232  125.402   1129.5    855.6
     1     1    21     9    22     5     0     0   -31.0   46.515  125.617   1124.3    853.1
     1     1    21     9    22     4     0     0   -32.0   46.776  125.889   1116.9    851.1
     1     1    21     9    22     3     0     0   -33.0   47.013  126.216   1104.8    850.0
     1     1    21     9    22     2     0     0   -34.0   47.224  126.599   1086.5    850.0
     1     1    21     9    22     1     0     0   -35.0   47.407  127.038   1060.8    851.4
     1     1    21     9    22     0     0     0   -36.0   47.558  127.529   1026.7    854.1
     1     1    21     9    21    23     0     0   -37.0   47.675  128.044    989.0    857.8
     1     1    21     9    21    22     0     0   -38.0   47.762  128.559    953.2    860.8
     1     1    21     9    21    21     0     0   -39.0   47.818  129.069    919.3    863.7
     1     1    21     9    21    20     0     0   -40.0   47.844  129.570    887.3    866.0
     1     1    21     9    21    19     0     0   -41.0   47.837  130.057    857.2    868.5
     1     1    21     9    21    18     0     0   -42.0   47.798  130.527    829.4    872.6
     1     1    21     9    21    17     0     0   -43.0   47.718  130.975    800.2    876.8
     1     1    21     9    21    16     0     0   -44.0   47.587  131.401    767.3    882.1
     1     1    21     9    21    15     0     0   -45.0   47.405  131.800    730.3    887.7
     1     1    21     9    21    14     0     0   -46.0   47.174  132.160    688.8    893.0
     1     1    21     9    21    13     0     0   -47.0   46.898  132.479    642.5    898.9
     1     1    21     9    21    12     0     0   -48.0   46.587  132.759    590.1    904.1
     1     1    21     9    21    11     0     0   -49.0   46.260  133.011    536.7    910.3
     1     1    21     9    21    10     0     0   -50.0   45.927  133.250    486.9    916.0
     1     1    21     9    21     9     0     0   -51.0   45.586  133.487    440.5    921.9
     1     1    21     9    21     8     0     0   -52.0   45.240  133.734    397.4    928.1
     1     1    21     9    21     7     0     0   -53.0   44.895  133.993    359.3    934.5
     1     1    21     9    21     6     0     0   -54.0   44.559  134.247    328.8    942.1
     1     1    21     9    21     5     0     0   -55.0   44.241  134.486    303.8    948.5
     1     1    21     9    21     4     0     0   -56.0   43.950  134.716    280.6    955.0
     1     1    21     9    21     3     0     0   -57.0   43.683  134.943    258.0    961.6
     1     1    21     9    21     2     0     0   -58.0   43.439  135.169    234.4    967.4
     1     1    21     9    21     1     0     0   -59.0   43.217  135.397    208.8    973.2
     1     1    21     9    21     0     0     0   -60.0   43.015  135.629    180.5    978.6
     1     1    21     9    20    23     0     0   -61.0   42.829  135.855    153.0    983.6
     1     1    21     9    20    22     0     0   -62.0   42.654  136.068    130.9    987.7
     1     1    21     9    20    21     0     0   -63.0   42.491  136.269    114.8    991.3
     1     1    21     9    20    20     0     0   -64.0   42.342  136.458    105.6    993.6
     1     1    21     9    20    19     0     0   -65.0   42.205  136.630    103.9    994.5
     1     1    21     9    20    18     0     0   -66.0   42.081  136.787    109.1    994.5
     1     1    21     9    20    17     0     0   -67.0   41.966  136.931    117.9    993.7
     1     1    21     9    20    16     0     0   -68.0   41.861  137.066    127.6    993.1
     1     1    21     9    20    15     0     0   -69.0   41.766  137.195    138.3    992.4
     1     1    21     9    20    14     0     0   -70.0   41.682  137.321    150.4    991.4
     1     1    21     9    20    13     0     0   -71.0   41.610  137.445    164.4    990.2
     1     1    21     9    20    12     0     0   -72.0   41.550  137.569    180.5    989.0
     1     1    21     9    20    11     0     0   -73.0   41.502  137.688    196.5    987.4
     1     1    21     9    20    10     0     0   -74.0   41.470  137.799    209.9    985.7
     1     1    21     9    20     9     0     0   -75.0   41.453  137.899    220.4    984.3
     1     1    21     9    20     8     0     0   -76.0   41.452  137.990    227.8    983.4
     1     1    21     9    20     7     0     0   -77.0   41.468  138.071    232.1    982.8
     1     1    21     9    20     6     0     0   -78.0   41.500  138.140    232.9    982.6
     1     1    21     9    20     5     0     0   -79.0   41.544  138.201    233.1    982.8
     1     1    21     9    20     4     0     0   -80.0   41.596  138.253    235.7    982.4
     1     1    21     9    20     3     0     0   -81.0   41.655  138.298    240.7    981.7
     1     1    21     9    20     2     0     0   -82.0   41.723  138.335    248.0    980.7
     1     1    21     9    20     1     0     0   -83.0   41.799  138.364    257.9    979.5
     1     1    21     9    20     0     0     0   -84.0   41.885  138.385    270.4    977.9
     1     1    21     9    19    23     0     0   -85.0   41.981  138.377    282.6    976.1
     1     1    21     9    19    22     0     0   -86.0   42.087  138.323    291.1    975.1
     1     1    21     9    19    21     0     0   -87.0   42.201  138.222    295.9    974.5
     1     1    21     9    19    20     0     0   -88.0   42.322  138.076    296.8    974.3
     1     1    21     9    19    19     0     0   -89.0   42.448  137.885    294.0    974.5
     1     1    21     9    19    18     0     0   -90.0   42.579  137.652    287.6    974.5
     1     1    21     9    19    17     0     0   -91.0   42.703  137.411    281.1    974.4
     1     1    21     9    19    16     0     0   -92.0   42.808  137.186    277.2    973.9
     1     1    21     9    19    15     0     0   -93.0   42.894  136.976    275.8    973.3
     1     1    21     9    19    14     0     0   -94.0   42.962  136.777    276.9    972.5
     1     1    21     9    19    13     0     0   -95.0   43.011  136.586    280.4    971.7
     1     1    21     9    19    12     0     0   -96.0   43.043  136.401    286.4    970.7
