     2     1
    CDC1    21     4     1     0     0
    CDC1    21     5     1     0     0
     1 BACKWARD OMEGA   
  2021     5    22     3   37.500  127.000   500.0
     1 PRESSURE
     1     1    21     5    22     3     0     0     0.0   37.500  127.000    500.0    934.0
     1     1    21     5    22     2     0     0    -1.0   37.567  126.757    504.1    934.3
     1     1    21     5    22     1     0     0    -2.0   37.628  126.531    506.6    934.8
     1     1    21     5    22     0     0     0    -3.0   37.684  126.319    507.3    935.6
     1     1    21     5    21    23     0     0    -4.0   37.732  126.112    509.0    936.0
     1     1    21     5    21    22     0     0    -5.0   37.770  125.897    514.9    935.9
     1     1    21     5    21    21     0     0    -6.0   37.798  125.674    524.9    935.6
     1     1    21     5    21    20     0     0    -7.0   37.816  125.443    539.0    935.1
     1     1    21     5    21    19     0     0    -8.0   37.822  125.204    557.2    934.3
     1     1    21     5    21    18     0     0    -9.0   37.819  124.956    579.5    933.3
     1     1    21     5    21    17     0     0   -10.0   37.814  124.712    601.2    931.2
     1     1    21     5    21    16     0     0   -11.0   37.817  124.482    617.5    930.2
     1     1    21     5    21    15     0     0   -12.0   37.824  124.268    628.5    929.5
     1     1    21     5    21    14     0     0   -13.0   37.836  124.067    634.7    929.1
     1     1    21     5    21    13     0     0   -14.0   37.850  123.881    636.4    929.2
     1     1    21     5    21    12     0     0   -15.0   37.868  123.709    633.8    929.8
     1     1    21     5    21    11     0     0   -16.0   37.887  123.541    629.9    931.0
     1     1    21     5    21    10     0     0   -17.0   37.907  123.371    627.6    931.7
     1     1    21     5    21     9     0     0   -18.0   37.931  123.198    626.6    932.3
     1     1    21     5    21     8     0     0   -19.0   37.959  123.027    627.1    932.8
     1     1    21     5    21     7     0     0   -20.0   37.992  122.857    628.8    933.1
     1     1    21     5    21     6     0     0   -21.0   38.030  122.691    631.9    933.2
     1     1    21     5    21     5     0     0   -22.0   38.074  122.524    635.0    933.2
     1     1    21     5    21     4     0     0   -23.0   38.119  122.349    636.5    932.8
     1     1    21     5    21     3     0     0   -24.0   38.167  122.165    636.8    932.5
     1     1    21     5    21     2     0     0   -25.0   38.218  121.972    636.2    932.3
     1     1    21     5    21     1     0     0   -26.0   38.273  121.768    635.2    932.1
     1     1    21     5    21     0     0     0   -27.0   38.332  121.550    634.1    931.9
     1     1    21     5    20    23     0     0   -28.0   38.388  121.324    632.7    931.4
     1     1    21     5    20    22     0     0   -29.0   38.433  121.094    630.2    931.1
     1     1    21     5    20    21     0     0   -30.0   38.464  120.856    626.7    931.1
     1     1    21     5    20    20     0     0   -31.0   38.478  120.607    622.0    931.2
     1     1    21     5    20    19     0     0   -32.0   38.472  120.346    615.9    931.6
     1     1    21     5    20    18     0     0   -33.0   38.443  120.071    608.1    932.5
     1     1    21     5    20    17     0     0   -34.0   38.393  119.802    602.8    932.7
     1     1    21     5    20    16     0     0   -35.0   38.328  119.559    604.3    931.8
     1     1    21     5    20    15     0     0   -36.0   38.252  119.342    612.2    930.6
     1     1    21     5    20    14     0     0   -37.0   38.169  119.151    625.9    929.2
     1     1    21     5    20    13     0     0   -38.0   38.081  118.986    645.0    927.2
     1     1    21     5    20    12     0     0   -39.0   37.992  118.846    669.2    924.9
     1     1    21     5    20    11     0     0   -40.0   37.903  118.734    694.5    922.5
     1     1    21     5    20    10     0     0   -41.0   37.812  118.653    717.4    921.2
     1     1    21     5    20     9     0     0   -42.0   37.721  118.603    738.0    920.2
     1     1    21     5    20     8     0     0   -43.0   37.629  118.586    756.6    919.6
     1     1    21     5    20     7     0     0   -44.0   37.539  118.603    773.4    919.3
     1     1    21     5    20     6     0     0   -45.0   37.452  118.655    788.5    918.3
     1     1    21     5    20     5     0     0   -46.0   37.369  118.728    802.8    916.7
     1     1    21     5    20     4     0     0   -47.0   37.287  118.814    816.6    915.1
     1     1    21     5    20     3     0     0   -48.0   37.205  118.913    830.0    913.5
     1     1    21     5    20     2     0     0   -49.0   37.122  119.028    842.8    912.1
     1     1    21     5    20     1     0     0   -50.0   37.037  119.161    854.7    910.7
     1     1    21     5    20     0     0     0   -51.0   36.950  119.313    865.8    909.3
     1     1    21     5    19    23     0     0   -52.0   36.867  119.470    875.6    908.1
     1     1    21     5    19    22     0     0   -53.0   36.793  119.616    883.5    907.1
     1     1    21     5    19    21     0     0   -54.0   36.725  119.751    888.9    906.3
     1     1    21     5    19    20     0     0   -55.0   36.663  119.875    891.2    905.9
     1     1    21     5    19    19     0     0   -56.0   36.603  119.988    889.8    905.8
     1     1    21     5    19    18     0     0   -57.0   36.545  120.089    884.2    906.2
     1     1    21     5    19    17     0     0   -58.0   36.472  120.185    878.1    907.0
     1     1    21     5    19    16     0     0   -59.0   36.368  120.283    875.5    907.1
     1     1    21     5    19    15     0     0   -60.0   36.236  120.386    876.3    906.7
     1     1    21     5    19    14     0     0   -61.0   36.075  120.497    881.1    906.0
     1     1    21     5    19    13     0     0   -62.0   35.889  120.621    890.4    904.8
     1     1    21     5    19    12     0     0   -63.0   35.679  120.761    905.2    903.1
     1     1    21     5    19    11     0     0   -64.0   35.471  120.923    921.1    900.9
     1     1    21     5    19    10     0     0   -65.0   35.289  121.102    934.0    899.7
     1     1    21     5    19     9     0     0   -66.0   35.132  121.297    944.4    898.9
     1     1    21     5    19     8     0     0   -67.0   34.999  121.500    952.7    898.4
     1     1    21     5    19     7     0     0   -68.0   34.891  121.703    959.0    898.6
     1     1    21     5    19     6     0     0   -69.0   34.806  121.901    963.0    899.1
     1     1    21     5    19     5     0     0   -70.0   34.735  122.090    967.7    899.6
     1     1    21     5    19     4     0     0   -71.0   34.668  122.270    976.5    899.5
     1     1    21     5    19     3     0     0   -72.0   34.606  122.443    989.9    898.8
     1     1    21     5    19     2     0     0   -73.0   34.551  122.609   1008.5    897.1
     1     1    21     5    19     1     0     0   -74.0   34.507  122.769   1033.0    894.5
     1     1    21     5    19     0     0     0   -75.0   34.474  122.920   1063.7    891.3
     1     1    21     5    18    23     0     0   -76.0   34.454  123.057   1095.9    887.5
     1     1    21     5    18    22     0     0   -77.0   34.444  123.174   1122.6    884.7
     1     1    21     5    18    21     0     0   -78.0   34.443  123.274   1143.7    882.5
     1     1    21     5    18    20     0     0   -79.0   34.449  123.358   1158.6    880.9
     1     1    21     5    18    19     0     0   -80.0   34.463  123.426   1167.1    880.0
     1     1    21     5    18    18     0     0   -81.0   34.482  123.478   1168.8    879.7
     1     1    21     5    18    17     0     0   -82.0   34.510  123.521   1169.9    879.9
     1     1    21     5    18    16     0     0   -83.0   34.550  123.559   1177.9    878.7
     1     1    21     5    18    15     0     0   -84.0   34.603  123.593   1192.6    876.8
     1     1    21     5    18    14     0     0   -85.0   34.669  123.626   1213.9    874.2
     1     1    21     5    18    13     0     0   -86.0   34.748  123.656   1242.2    870.9
     1     1    21     5    18    12     0     0   -87.0   34.841  123.686   1277.5    866.9
     1     1    21     5    18    11     0     0   -88.0   34.942  123.717   1313.7    862.3
     1     1    21     5    18    10     0     0   -89.0   35.042  123.747   1344.8    858.7
     1     1    21     5    18     9     0     0   -90.0   35.139  123.772   1370.2    856.0
     1     1    21     5    18     8     0     0   -91.0   35.231  123.791   1389.9    853.9
     1     1    21     5    18     7     0     0   -92.0   35.319  123.803   1404.0    852.5
     1     1    21     5    18     6     0     0   -93.0   35.404  123.810   1412.6    851.6
     1     1    21     5    18     5     0     0   -94.0   35.491  123.813   1421.0    851.3
     1     1    21     5    18     4     0     0   -95.0   35.584  123.815   1435.0    849.9
     1     1    21     5    18     3     0     0   -96.0   35.683  123.815   1454.3    847.9
