     2     1
    CDC1    21     2     1     0     0
    CDC1    21     3     1     0     0
     1 BACKWARD OMEGA   
  2021     3    16     0   37.500  127.000   500.0
     1 PRESSURE
     1     1    21     3    16     0     0     0     0.0   37.500  127.000    500.0    935.0
     1     1    21     3    15    23     0     0    -1.0   37.773  126.824    548.7    926.5
     1     1    21     3    15    22     0     0    -2.0   38.051  126.625    599.6    917.9
     1     1    21     3    15    21     0     0    -3.0   38.339  126.401    651.6    909.0
     1     1    21     3    15    20     0     0    -4.0   38.637  126.150    704.1    899.9
     1     1    21     3    15    19     0     0    -5.0   38.951  125.876    757.3    891.2
     1     1    21     3    15    18     0     0    -6.0   39.287  125.585    812.0    882.7
     1     1    21     3    15    17     0     0    -7.0   39.628  125.280    867.0    874.5
     1     1    21     3    15    16     0     0    -8.0   39.949  124.959    922.4    867.5
     1     1    21     3    15    15     0     0    -9.0   40.248  124.608    977.4    863.0
     1     1    21     3    15    14     0     0   -10.0   40.521  124.220   1029.9    860.1
     1     1    21     3    15    13     0     0   -11.0   40.775  123.795   1081.6    857.8
     1     1    21     3    15    12     0     0   -12.0   41.017  123.334   1134.7    855.6
     1     1    21     3    15    11     0     0   -13.0   41.264  122.845   1189.8    853.0
     1     1    21     3    15    10     0     0   -14.0   41.529  122.331   1248.5    846.7
     1     1    21     3    15     9     0     0   -15.0   41.813  121.775   1310.7    831.4
     1     1    21     3    15     8     0     0   -16.0   42.115  121.160   1382.3    812.4
     1     1    21     3    15     7     0     0   -17.0   42.432  120.471   1467.4    789.1
     1     1    21     3    15     6     0     0   -18.0   42.768  119.704   1568.8    762.7
     1     1    21     3    15     5     0     0   -19.0   43.135  118.871   1677.5    732.9
     1     1    21     3    15     4     0     0   -20.0   43.555  117.975   1793.4    703.9
     1     1    21     3    15     3     0     0   -21.0   44.041  117.013   1924.8    682.6
     1     1    21     3    15     2     0     0   -22.0   44.588  116.007   2078.2    670.5
     1     1    21     3    15     1     0     0   -23.0   45.209  114.987   2257.2    660.3
     1     1    21     3    15     0     0     0   -24.0   45.898  114.032   2448.7    647.2
     1     1    21     3    14    23     0     0   -25.0   46.621  113.184   2631.9    629.2
     1     1    21     3    14    22     0     0   -26.0   47.373  112.419   2801.2    606.2
     1     1    21     3    14    21     0     0   -27.0   48.144  111.732   2961.1    583.9
     1     1    21     3    14    20     0     0   -28.0   48.924  111.144   3110.8    566.2
     1     1    21     3    14    19     0     0   -29.0   49.740  110.693   3252.0    551.2
     1     1    21     3    14    18     0     0   -30.0   50.592  110.376   3390.3    542.5
     1     1    21     3    14    17     0     0   -31.0   51.415  110.126   3514.4    539.2
     1     1    21     3    14    16     0     0   -32.0   52.156  109.923   3612.8    539.3
     1     1    21     3    14    15     0     0   -33.0   52.815  109.743   3683.8    537.8
     1     1    21     3    14    14     0     0   -34.0   53.391  109.530   3733.2    534.0
     1     1    21     3    14    13     0     0   -35.0   53.899  109.266   3772.9    531.7
     1     1    21     3    14    12     0     0   -36.0   54.361  108.974   3801.1    530.8
     1     1    21     3    14    11     0     0   -37.0   54.772  108.642   3812.8    531.9
     1     1    21     3    14    10     0     0   -38.0   55.130  108.244   3810.1    536.6
     1     1    21     3    14     9     0     0   -39.0   55.444  107.783   3801.7    543.3
     1     1    21     3    14     8     0     0   -40.0   55.725  107.263   3788.3    549.7
     1     1    21     3    14     7     0     0   -41.0   55.979  106.698   3773.5    555.6
     1     1    21     3    14     6     0     0   -42.0   56.220  106.102   3762.9    560.8
     1     1    21     3    14     5     0     0   -43.0   56.440  105.458   3754.9    565.6
     1     1    21     3    14     4     0     0   -44.0   56.626  104.759   3746.9    569.7
     1     1    21     3    14     3     0     0   -45.0   56.774  104.015   3735.4    572.6
     1     1    21     3    14     2     0     0   -46.0   56.885  103.237   3724.6    576.1
     1     1    21     3    14     1     0     0   -47.0   56.964  102.439   3714.9    579.8
     1     1    21     3    14     0     0     0   -48.0   57.017  101.629   3703.3    582.3
     1     1    21     3    13    23     0     0   -49.0   57.065  100.812   3696.8    585.7
     1     1    21     3    13    22     0     0   -50.0   57.120  100.003   3694.5    588.7
     1     1    21     3    13    21     0     0   -51.0   57.172   99.217   3690.7    590.4
     1     1    21     3    13    20     0     0   -52.0   57.216   98.467   3684.3    592.4
     1     1    21     3    13    19     0     0   -53.0   57.246   97.765   3673.3    594.6
     1     1    21     3    13    18     0     0   -54.0   57.256   97.123   3653.6    596.1
     1     1    21     3    13    17     0     0   -55.0   57.251   96.499   3630.7    597.6
     1     1    21     3    13    16     0     0   -56.0   57.241   95.854   3612.1    598.2
     1     1    21     3    13    15     0     0   -57.0   57.221   95.195   3596.1    598.4
     1     1    21     3    13    14     0     0   -58.0   57.190   94.530   3581.8    598.7
     1     1    21     3    13    13     0     0   -59.0   57.148   93.867   3567.5    599.0
     1     1    21     3    13    12     0     0   -60.0   57.090   93.210   3550.9    599.3
     1     1    21     3    13    11     0     0   -61.0   57.008   92.536   3526.9    600.0
     1     1    21     3    13    10     0     0   -62.0   56.902   91.822   3498.5    603.3
     1     1    21     3    13     9     0     0   -63.0   56.770   91.073   3466.6    607.3
     1     1    21     3    13     8     0     0   -64.0   56.605   90.291   3434.9    611.5
     1     1    21     3    13     7     0     0   -65.0   56.403   89.474   3406.1    616.1
     1     1    21     3    13     6     0     0   -66.0   56.163   88.625   3381.5    620.5
     1     1    21     3    13     5     0     0   -67.0   55.900   87.742   3357.6    625.3
     1     1    21     3    13     4     0     0   -68.0   55.633   86.828   3325.3    629.2
     1     1    21     3    13     3     0     0   -69.0   55.360   85.893   3282.0    633.2
     1     1    21     3    13     2     0     0   -70.0   55.074   84.944   3226.6    637.9
     1     1    21     3    13     1     0     0   -71.0   54.776   83.987   3155.8    641.5
     1     1    21     3    13     0     0     0   -72.0   54.473   83.036   3080.8    648.7
     1     1    21     3    12    23     0     0   -73.0   54.184   82.129   3007.3    659.9
     1     1    21     3    12    22     0     0   -74.0   53.925   81.286   2937.5    670.5
     1     1    21     3    12    21     0     0   -75.0   53.685   80.498   2871.6    681.1
     1     1    21     3    12    20     0     0   -76.0   53.448   79.753   2806.3    691.5
     1     1    21     3    12    19     0     0   -77.0   53.205   79.041   2738.6    700.1
     1     1    21     3    12    18     0     0   -78.0   52.947   78.345   2669.2    707.7
     1     1    21     3    12    17     0     0   -79.0   52.680   77.643   2601.5    714.4
     1     1    21     3    12    16     0     0   -80.0   52.415   76.918   2537.5    716.4
     1     1    21     3    12    15     0     0   -81.0   52.149   76.162   2479.4    713.4
     1     1    21     3    12    14     0     0   -82.0   51.872   75.363   2431.4    709.6
     1     1    21     3    12    13     0     0   -83.0   51.583   74.515   2392.9    706.5
     1     1    21     3    12    12     0     0   -84.0   51.282   73.619   2362.1    704.6
     1     1    21     3    12    11     0     0   -85.0   50.983   72.687   2336.7    703.8
     1     1    21     3    12    10     0     0   -86.0   50.707   71.742   2320.5    705.6
     1     1    21     3    12     9     0     0   -87.0   50.461   70.795   2313.9    708.1
     1     1    21     3    12     8     0     0   -88.0   50.243   69.848   2319.2    710.6
     1     1    21     3    12     7     0     0   -89.0   50.056   68.900   2337.7    713.1
     1     1    21     3    12     6     0     0   -90.0   49.901   67.959   2368.5    713.8
     1     1    21     3    12     5     0     0   -91.0   49.769   67.030   2409.6    712.8
     1     1    21     3    12     4     0     0   -92.0   49.662   66.115   2458.2    710.5
     1     1    21     3    12     3     0     0   -93.0   49.579   65.214   2513.9    707.7
     1     1    21     3    12     2     0     0   -94.0   49.524   64.316   2572.4    701.6
     1     1    21     3    12     1     0     0   -95.0   49.509   63.413   2635.8    693.9
     1     1    21     3    12     0     0     0   -96.0   49.545   62.497   2704.6    685.4
