     2     1
    CDC1    21    10     1     0     0
    CDC1    21    11     1     0     0
     1 BACKWARD OMEGA   
  2021    11    21     9   37.500  127.000   500.0
     1 PRESSURE
     1     1    21    11    21     9     0     0     0.0   37.500  127.000    500.0    936.0
     1     1    21    11    21     8     0     0    -1.0   37.402  126.747    469.0    941.7
     1     1    21    11    21     7     0     0    -2.0   37.316  126.518    437.3    947.3
     1     1    21    11    21     6     0     0    -3.0   37.239  126.313    404.7    953.0
     1     1    21    11    21     5     0     0    -4.0   37.166  126.133    374.5    958.5
     1     1    21    11    21     4     0     0    -5.0   37.091  125.983    349.5    962.5
     1     1    21    11    21     3     0     0    -6.0   37.012  125.861    329.0    966.0
     1     1    21    11    21     2     0     0    -7.0   36.926  125.769    312.8    968.9
     1     1    21    11    21     1     0     0    -8.0   36.831  125.705    300.8    971.3
     1     1    21    11    21     0     0     0    -9.0   36.723  125.669    292.7    973.0
     1     1    21    11    20    23     0     0   -10.0   36.613  125.649    286.1    974.0
     1     1    21    11    20    22     0     0   -11.0   36.511  125.636    278.3    975.3
     1     1    21    11    20    21     0     0   -12.0   36.417  125.630    269.4    976.8
     1     1    21    11    20    20     0     0   -13.0   36.329  125.631    259.4    978.4
     1     1    21    11    20    19     0     0   -14.0   36.248  125.640    248.4    980.1
     1     1    21    11    20    18     0     0   -15.0   36.174  125.655    236.5    981.8
     1     1    21    11    20    17     0     0   -16.0   36.106  125.679    225.7    983.5
     1     1    21    11    20    16     0     0   -17.0   36.045  125.712    217.8    984.5
     1     1    21    11    20    15     0     0   -18.0   35.990  125.755    212.6    985.1
     1     1    21    11    20    14     0     0   -19.0   35.942  125.806    210.1    985.3
     1     1    21    11    20    13     0     0   -20.0   35.901  125.865    210.3    985.2
     1     1    21    11    20    12     0     0   -21.0   35.868  125.931    213.1    984.6
     1     1    21    11    20    11     0     0   -22.0   35.844  125.995    217.6    983.5
     1     1    21    11    20    10     0     0   -23.0   35.830  126.050    222.7    982.5
     1     1    21    11    20     9     0     0   -24.0   35.825  126.096    228.2    981.5
     1     1    21    11    20     8     0     0   -25.0   35.829  126.133    234.1    980.5
     1     1    21    11    20     7     0     0   -26.0   35.841  126.161    240.3    979.5
     1     1    21    11    20     6     0     0   -27.0   35.861  126.180    246.7    978.5
     1     1    21    11    20     5     0     0   -28.0   35.886  126.200    253.4    977.7
     1     1    21    11    20     4     0     0   -29.0   35.913  126.227    260.6    976.7
     1     1    21    11    20     3     0     0   -30.0   35.942  126.262    268.3    975.7
     1     1    21    11    20     2     0     0   -31.0   35.973  126.305    276.5    974.6
     1     1    21    11    20     1     0     0   -32.0   36.006  126.355    285.1    973.4
     1     1    21    11    20     0     0     0   -33.0   36.041  126.412    294.2    972.1
     1     1    21    11    19    23     0     0   -34.0   36.081  126.472    303.5    970.4
     1     1    21    11    19    22     0     0   -35.0   36.128  126.529    312.9    968.7
     1     1    21    11    19    21     0     0   -36.0   36.180  126.583    322.2    967.0
     1     1    21    11    19    20     0     0   -37.0   36.237  126.636    331.4    965.4
     1     1    21    11    19    19     0     0   -38.0   36.300  126.688    340.3    963.8
     1     1    21    11    19    18     0     0   -39.0   36.367  126.740    348.9    962.2
     1     1    21    11    19    17     0     0   -40.0   36.437  126.780    357.0    960.9
     1     1    21    11    19    16     0     0   -41.0   36.509  126.791    364.9    959.8
     1     1    21    11    19    15     0     0   -42.0   36.582  126.774    372.6    958.9
     1     1    21    11    19    14     0     0   -43.0   36.659  126.729    380.2    958.1
     1     1    21    11    19    13     0     0   -44.0   36.738  126.656    388.0    957.4
     1     1    21    11    19    12     0     0   -45.0   36.821  126.555    396.2    956.8
     1     1    21    11    19    11     0     0   -46.0   36.907  126.440    406.7    955.9
     1     1    21    11    19    10     0     0   -47.0   36.995  126.327    421.2    954.4
     1     1    21    11    19     9     0     0   -48.0   37.088  126.217    440.1    952.4
     1     1    21    11    19     8     0     0   -49.0   37.190  126.109    463.9    949.7
     1     1    21    11    19     7     0     0   -50.0   37.301  126.006    492.9    946.5
     1     1    21    11    19     6     0     0   -51.0   37.425  125.908    527.9    942.7
     1     1    21    11    19     5     0     0   -52.0   37.557  125.807    566.6    937.9
     1     1    21    11    19     4     0     0   -53.0   37.691  125.694    607.0    932.5
     1     1    21    11    19     3     0     0   -54.0   37.826  125.569    648.8    926.6
     1     1    21    11    19     2     0     0   -55.0   37.962  125.427    691.6    920.5
     1     1    21    11    19     1     0     0   -56.0   38.095  125.267    735.0    914.8
     1     1    21    11    19     0     0     0   -57.0   38.226  125.091    778.2    909.3
     1     1    21    11    18    23     0     0   -58.0   38.354  124.885    819.3    903.8
     1     1    21    11    18    22     0     0   -59.0   38.479  124.634    856.3    899.5
     1     1    21    11    18    21     0     0   -60.0   38.605  124.345    888.2    896.2
     1     1    21    11    18    20     0     0   -61.0   38.737  124.023    914.8    894.0
     1     1    21    11    18    19     0     0   -62.0   38.876  123.675    936.1    892.6
     1     1    21    11    18    18     0     0   -63.0   39.030  123.303    952.8    892.1
     1     1    21    11    18    17     0     0   -64.0   39.184  122.923    962.1    892.5
     1     1    21    11    18    16     0     0   -65.0   39.324  122.548    960.1    894.9
     1     1    21    11    18    15     0     0   -66.0   39.447  122.173    946.0    895.6
     1     1    21    11    18    14     0     0   -67.0   39.549  121.792    922.4    896.9
     1     1    21    11    18    13     0     0   -68.0   39.634  121.401    890.9    898.8
     1     1    21    11    18    12     0     0   -69.0   39.705  120.991    853.6    901.3
     1     1    21    11    18    11     0     0   -70.0   39.764  120.577    814.7    904.6
     1     1    21    11    18    10     0     0   -71.0   39.806  120.173    777.2    907.5
     1     1    21    11    18     9     0     0   -72.0   39.824  119.781    740.1    908.0
     1     1    21    11    18     8     0     0   -73.0   39.813  119.401    703.6    907.0
     1     1    21    11    18     7     0     0   -74.0   39.768  119.031    669.0    906.4
     1     1    21    11    18     6     0     0   -75.0   39.687  118.668    636.7    906.4
     1     1    21    11    18     5     0     0   -76.0   39.583  118.318    610.4    907.1
     1     1    21    11    18     4     0     0   -77.0   39.470  117.983    592.5    907.0
     1     1    21    11    18     3     0     0   -78.0   39.346  117.659    581.9    906.9
     1     1    21    11    18     2     0     0   -79.0   39.210  117.344    577.1    905.6
     1     1    21    11    18     1     0     0   -80.0   39.065  117.037    577.0    903.1
     1     1    21    11    18     0     0     0   -81.0   38.911  116.733    580.7    900.6
     1     1    21    11    17    23     0     0   -82.0   38.754  116.426    588.5    898.2
     1     1    21    11    17    22     0     0   -83.0   38.601  116.108    600.7    895.2
     1     1    21    11    17    21     0     0   -84.0   38.447  115.781    617.2    891.7
     1     1    21    11    17    20     0     0   -85.0   38.293  115.443    637.9    887.6
     1     1    21    11    17    19     0     0   -86.0   38.136  115.098    662.7    883.2
     1     1    21    11    17    18     0     0   -87.0   37.976  114.744    689.8    876.8
     1     1    21    11    17    17     0     0   -88.0   37.820  114.391    717.4    868.9
     1     1    21    11    17    16     0     0   -89.0   37.676  114.052    746.3    860.8
     1     1    21    11    17    15     0     0   -90.0   37.548  113.727    777.7    852.2
     1     1    21    11    17    14     0     0   -91.0   37.443  113.419    812.9    842.8
     1     1    21    11    17    13     0     0   -92.0   37.366  113.127    852.9    832.9
     1     1    21    11    17    12     0     0   -93.0   37.321  112.851    898.9    822.6
     1     1    21    11    17    11     0     0   -94.0   37.304  112.574    948.7    811.2
     1     1    21    11    17    10     0     0   -95.0   37.306  112.278    998.5    801.5
     1     1    21    11    17     9     0     0   -96.0   37.326  111.965   1045.9    792.4
