     2     1
    CDC1    21     1     1     0     0
    CDC1    21     2     1     0     0
     1 BACKWARD OMEGA   
  2021     2    11     6   37.500  127.000   500.0
     1 PRESSURE
     1     1    21     2    11     6     0     0     0.0   37.500  127.000    500.0    943.5
     1     1    21     2    11     5     0     0    -1.0   37.373  126.966    510.3    943.3
     1     1    21     2    11     4     0     0    -2.0   37.259  126.950    523.9    942.3
     1     1    21     2    11     3     0     0    -3.0   37.157  126.951    540.5    940.9
     1     1    21     2    11     2     0     0    -4.0   37.068  126.969    560.0    939.1
     1     1    21     2    11     1     0     0    -5.0   36.992  127.001    582.0    936.9
     1     1    21     2    11     0     0     0    -6.0   36.932  127.048    606.6    934.4
     1     1    21     2    10    23     0     0    -7.0   36.892  127.095    635.0    931.1
     1     1    21     2    10    22     0     0    -8.0   36.878  127.127    669.0    926.6
     1     1    21     2    10    21     0     0    -9.0   36.892  127.142    708.5    921.6
     1     1    21     2    10    20     0     0   -10.0   36.931  127.143    754.0    916.1
     1     1    21     2    10    19     0     0   -11.0   36.994  127.129    806.1    910.0
     1     1    21     2    10    18     0     0   -12.0   37.081  127.104    865.2    903.4
     1     1    21     2    10    17     0     0   -13.0   37.185  127.055    929.7    896.3
     1     1    21     2    10    16     0     0   -14.0   37.302  126.970    998.1    888.3
     1     1    21     2    10    15     0     0   -15.0   37.434  126.848   1070.4    880.4
     1     1    21     2    10    14     0     0   -16.0   37.588  126.686   1146.6    871.3
     1     1    21     2    10    13     0     0   -17.0   37.769  126.486   1227.6    861.2
     1     1    21     2    10    12     0     0   -18.0   37.983  126.250   1314.8    850.3
     1     1    21     2    10    11     0     0   -19.0   38.216  125.982   1403.3    837.9
     1     1    21     2    10    10     0     0   -20.0   38.446  125.682   1486.2    827.5
     1     1    21     2    10     9     0     0   -21.0   38.672  125.349   1563.9    818.3
     1     1    21     2    10     8     0     0   -22.0   38.897  124.986   1637.6    810.2
     1     1    21     2    10     7     0     0   -23.0   39.120  124.599   1708.1    803.1
     1     1    21     2    10     6     0     0   -24.0   39.346  124.196   1776.9    796.7
     1     1    21     2    10     5     0     0   -25.0   39.575  123.787   1841.9    790.9
     1     1    21     2    10     4     0     0   -26.0   39.804  123.375   1898.1    786.9
     1     1    21     2    10     3     0     0   -27.0   40.036  122.954   1944.8    784.6
     1     1    21     2    10     2     0     0   -28.0   40.273  122.522   1980.8    783.3
     1     1    21     2    10     1     0     0   -29.0   40.521  122.083   2002.7    777.6
     1     1    21     2    10     0     0     0   -30.0   40.788  121.638   2017.5    771.0
     1     1    21     2     9    23     0     0   -31.0   41.061  121.198   2033.1    764.1
     1     1    21     2     9    22     0     0   -32.0   41.327  120.763   2053.4    755.0
     1     1    21     2     9    21     0     0   -33.0   41.584  120.327   2074.7    744.8
     1     1    21     2     9    20     0     0   -34.0   41.835  119.882   2091.0    732.9
     1     1    21     2     9    19     0     0   -35.0   42.086  119.420   2095.0    718.4
     1     1    21     2     9    18     0     0   -36.0   42.346  118.931   2083.6    703.7
     1     1    21     2     9    17     0     0   -37.0   42.619  118.419   2067.3    692.4
     1     1    21     2     9    16     0     0   -38.0   42.897  117.895   2059.0    683.1
     1     1    21     2     9    15     0     0   -39.0   43.169  117.359   2061.3    675.1
     1     1    21     2     9    14     0     0   -40.0   43.430  116.816   2081.4    671.8
     1     1    21     2     9    13     0     0   -41.0   43.680  116.272   2118.5    667.8
     1     1    21     2     9    12     0     0   -42.0   43.922  115.735   2176.3    662.6
     1     1    21     2     9    11     0     0   -43.0   44.162  115.214   2242.7    656.4
     1     1    21     2     9    10     0     0   -44.0   44.397  114.717   2299.5    654.5
     1     1    21     2     9     9     0     0   -45.0   44.621  114.238   2338.5    655.4
     1     1    21     2     9     8     0     0   -46.0   44.832  113.776   2354.8    658.0
     1     1    21     2     9     7     0     0   -47.0   45.032  113.328   2346.9    662.2
     1     1    21     2     9     6     0     0   -48.0   45.220  112.894   2313.8    666.7
     1     1    21     2     9     5     0     0   -49.0   45.398  112.468   2273.4    671.9
     1     1    21     2     9     4     0     0   -50.0   45.570  112.043   2242.2    671.9
     1     1    21     2     9     3     0     0   -51.0   45.736  111.613   2223.9    670.2
     1     1    21     2     9     2     0     0   -52.0   45.897  111.175   2218.6    666.7
     1     1    21     2     9     1     0     0   -53.0   46.054  110.726   2227.0    661.5
     1     1    21     2     9     0     0     0   -54.0   46.207  110.267   2249.7    654.5
     1     1    21     2     8    23     0     0   -55.0   46.359  109.802   2280.7    647.0
     1     1    21     2     8    22     0     0   -56.0   46.511  109.335   2313.0    641.4
     1     1    21     2     8    21     0     0   -57.0   46.664  108.866   2343.8    636.3
     1     1    21     2     8    20     0     0   -58.0   46.819  108.397   2371.4    632.0
     1     1    21     2     8    19     0     0   -59.0   46.977  107.931   2393.9    628.5
     1     1    21     2     8    18     0     0   -60.0   47.138  107.473   2409.3    626.0
     1     1    21     2     8    17     0     0   -61.0   47.293  107.019   2421.9    625.1
     1     1    21     2     8    16     0     0   -62.0   47.437  106.565   2435.8    624.4
     1     1    21     2     8    15     0     0   -63.0   47.567  106.113   2450.4    624.8
     1     1    21     2     8    14     0     0   -64.0   47.685  105.667   2464.5    625.9
     1     1    21     2     8    13     0     0   -65.0   47.790  105.227   2475.6    627.2
     1     1    21     2     8    12     0     0   -66.0   47.884  104.790   2478.7    625.9
     1     1    21     2     8    11     0     0   -67.0   47.976  104.359   2477.7    621.3
     1     1    21     2     8    10     0     0   -68.0   48.078  103.938   2482.4    615.9
     1     1    21     2     8     9     0     0   -69.0   48.192  103.529   2490.1    610.5
     1     1    21     2     8     8     0     0   -70.0   48.319  103.132   2499.2    605.1
     1     1    21     2     8     7     0     0   -71.0   48.462  102.749   2508.1    599.8
     1     1    21     2     8     6     0     0   -72.0   48.620  102.379   2515.0    594.7
     1     1    21     2     8     5     0     0   -73.0   48.786  102.003   2521.1    589.4
     1     1    21     2     8     4     0     0   -74.0   48.951  101.601   2527.3    583.6
     1     1    21     2     8     3     0     0   -75.0   49.115  101.169   2531.9    577.5
     1     1    21     2     8     2     0     0   -76.0   49.279  100.704   2532.3    571.3
     1     1    21     2     8     1     0     0   -77.0   49.445  100.204   2525.3    565.2
     1     1    21     2     8     0     0     0   -78.0   49.611   99.666   2519.2    565.8
     1     1    21     2     7    23     0     0   -79.0   49.768   99.106   2515.3    571.6
     1     1    21     2     7    22     0     0   -80.0   49.904   98.542   2508.5    578.0
     1     1    21     2     7    21     0     0   -81.0   50.020   97.974   2498.3    584.8
     1     1    21     2     7    20     0     0   -82.0   50.115   97.402   2484.1    591.5
     1     1    21     2     7    19     0     0   -83.0   50.182   96.821   2472.3    600.6
     1     1    21     2     7    18     0     0   -84.0   50.220   96.224   2461.5    609.4
     1     1    21     2     7    17     0     0   -85.0   50.233   95.600   2457.8    618.9
     1     1    21     2     7    16     0     0   -86.0   50.230   94.951   2462.2    626.5
     1     1    21     2     7    15     0     0   -87.0   50.212   94.276   2457.9    622.7
     1     1    21     2     7    14     0     0   -88.0   50.180   93.572   2456.2    618.1
     1     1    21     2     7    13     0     0   -89.0   50.141   92.842   2454.0    612.9
     1     1    21     2     7    12     0     0   -90.0   50.094   92.090   2442.0    603.4
     1     1    21     2     7    11     0     0   -91.0   50.022   91.346   2417.5    590.1
     1     1    21     2     7    10     0     0   -92.0   49.915   90.655   2388.4    579.8
     1     1    21     2     7     9     0     0   -93.0   49.782   90.035   2357.5    573.0
     1     1    21     2     7     8     0     0   -94.0   49.620   89.486   2335.4    577.5
     1     1    21     2     7     7     0     0   -95.0   49.431   89.000   2308.7    584.2
     1     1    21     2     7     6     0     0   -96.0   49.220   88.566   2276.0    592.4
