     2     1
    CDC1    21     6     1     0     0
    CDC1    21     7     1     0     0
     1 BACKWARD OMEGA   
  2021     7    24    18   37.500  127.000   500.0
     1 PRESSURE
     1     1    21     7    24    18     0     0     0.0   37.500  127.000    500.0    933.9
     1     1    21     7    24    17     0     0    -1.0   37.444  127.084    523.1    931.2
     1     1    21     7    24    16     0     0    -2.0   37.391  127.158    543.6    928.9
     1     1    21     7    24    15     0     0    -3.0   37.342  127.223    561.0    926.9
     1     1    21     7    24    14     0     0    -4.0   37.297  127.279    575.1    925.3
     1     1    21     7    24    13     0     0    -5.0   37.257  127.326    585.6    924.0
     1     1    21     7    24    12     0     0    -6.0   37.223  127.363    592.3    923.2
     1     1    21     7    24    11     0     0    -7.0   37.191  127.400    598.3    922.8
     1     1    21     7    24    10     0     0    -8.0   37.154  127.451    607.3    921.7
     1     1    21     7    24     9     0     0    -9.0   37.112  127.514    619.2    920.4
     1     1    21     7    24     8     0     0   -10.0   37.067  127.591    634.2    919.0
     1     1    21     7    24     7     0     0   -11.0   37.018  127.683    652.1    917.3
     1     1    21     7    24     6     0     0   -12.0   36.967  127.791    672.7    915.4
     1     1    21     7    24     5     0     0   -13.0   36.914  127.908    694.2    913.4
     1     1    21     7    24     4     0     0   -14.0   36.859  128.028    714.5    911.7
     1     1    21     7    24     3     0     0   -15.0   36.802  128.149    733.7    910.2
     1     1    21     7    24     2     0     0   -16.0   36.745  128.270    751.7    908.7
     1     1    21     7    24     1     0     0   -17.0   36.687  128.391    768.7    907.4
     1     1    21     7    24     0     0     0   -18.0   36.629  128.510    784.8    906.0
     1     1    21     7    23    23     0     0   -19.0   36.572  128.629    801.0    904.5
     1     1    21     7    23    22     0     0   -20.0   36.518  128.751    818.5    902.7
     1     1    21     7    23    21     0     0   -21.0   36.466  128.875    837.1    900.7
     1     1    21     7    23    20     0     0   -22.0   36.417  129.002    856.7    898.8
     1     1    21     7    23    19     0     0   -23.0   36.371  129.131    877.1    896.7
     1     1    21     7    23    18     0     0   -24.0   36.327  129.262    898.1    894.6
     1     1    21     7    23    17     0     0   -25.0   36.285  129.392    916.7    892.5
     1     1    21     7    23    16     0     0   -26.0   36.241  129.523    930.0    891.1
     1     1    21     7    23    15     0     0   -27.0   36.194  129.653    938.0    890.1
     1     1    21     7    23    14     0     0   -28.0   36.143  129.783    941.1    889.6
     1     1    21     7    23    13     0     0   -29.0   36.088  129.913    939.3    889.6
     1     1    21     7    23    12     0     0   -30.0   36.029  130.043    933.0    890.2
     1     1    21     7    23    11     0     0   -31.0   35.966  130.174    928.7    891.8
     1     1    21     7    23    10     0     0   -32.0   35.902  130.306    932.6    891.9
     1     1    21     7    23     9     0     0   -33.0   35.837  130.440    944.6    891.1
     1     1    21     7    23     8     0     0   -34.0   35.772  130.576    964.8    889.3
     1     1    21     7    23     7     0     0   -35.0   35.706  130.713    993.3    886.7
     1     1    21     7    23     6     0     0   -36.0   35.642  130.852   1030.4    883.1
     1     1    21     7    23     5     0     0   -37.0   35.580  131.000   1070.7    878.6
     1     1    21     7    23     4     0     0   -38.0   35.523  131.162   1108.8    875.0
     1     1    21     7    23     3     0     0   -39.0   35.470  131.335   1143.8    871.8
     1     1    21     7    23     2     0     0   -40.0   35.423  131.520   1175.5    869.1
     1     1    21     7    23     1     0     0   -41.0   35.380  131.716   1203.4    866.8
     1     1    21     7    23     0     0     0   -42.0   35.341  131.923   1227.3    865.0
     1     1    21     7    22    23     0     0   -43.0   35.304  132.130   1247.7    863.4
     1     1    21     7    22    22     0     0   -44.0   35.268  132.328   1266.1    861.7
     1     1    21     7    22    21     0     0   -45.0   35.233  132.516   1282.3    860.1
     1     1    21     7    22    20     0     0   -46.0   35.199  132.695   1295.7    857.7
     1     1    21     7    22    19     0     0   -47.0   35.165  132.866   1306.9    855.4
     1     1    21     7    22    18     0     0   -48.0   35.133  133.030   1316.0    853.4
     1     1    21     7    22    17     0     0   -49.0   35.098  133.193   1326.8    852.2
     1     1    21     7    22    16     0     0   -50.0   35.056  133.358   1342.3    850.2
     1     1    21     7    22    15     0     0   -51.0   35.008  133.525   1363.3    847.5
     1     1    21     7    22    14     0     0   -52.0   34.953  133.697   1390.3    844.6
     1     1    21     7    22    13     0     0   -53.0   34.892  133.873   1423.3    841.3
     1     1    21     7    22    12     0     0   -54.0   34.826  134.056   1462.9    837.4
     1     1    21     7    22    11     0     0   -55.0   34.761  134.249   1503.3    832.4
     1     1    21     7    22    10     0     0   -56.0   34.704  134.455   1539.1    828.4
     1     1    21     7    22     9     0     0   -57.0   34.655  134.672   1569.3    824.9
     1     1    21     7    22     8     0     0   -58.0   34.612  134.899   1593.2    822.1
     1     1    21     7    22     7     0     0   -59.0   34.576  135.132   1609.7    819.7
     1     1    21     7    22     6     0     0   -60.0   34.547  135.371   1618.9    817.8
     1     1    21     7    22     5     0     0   -61.0   34.520  135.609   1621.9    817.2
     1     1    21     7    22     4     0     0   -62.0   34.490  135.845   1619.0    817.1
     1     1    21     7    22     3     0     0   -63.0   34.457  136.080   1610.7    817.5
     1     1    21     7    22     2     0     0   -64.0   34.420  136.314   1597.4    818.5
     1     1    21     7    22     1     0     0   -65.0   34.380  136.549   1579.3    820.1
     1     1    21     7    22     0     0     0   -66.0   34.335  136.786   1556.6    822.2
     1     1    21     7    21    23     0     0   -67.0   34.288  137.026   1535.6    824.3
     1     1    21     7    21    22     0     0   -68.0   34.242  137.266   1523.8    825.0
     1     1    21     7    21    21     0     0   -69.0   34.197  137.507   1521.2    824.8
     1     1    21     7    21    20     0     0   -70.0   34.154  137.748   1529.5    825.4
     1     1    21     7    21    19     0     0   -71.0   34.112  137.986   1547.6    824.9
     1     1    21     7    21    18     0     0   -72.0   34.073  138.222   1575.1    823.4
     1     1    21     7    21    17     0     0   -73.0   34.034  138.458   1607.3    821.6
     1     1    21     7    21    16     0     0   -74.0   33.993  138.696   1639.1    820.3
     1     1    21     7    21    15     0     0   -75.0   33.952  138.937   1670.7    819.0
     1     1    21     7    21    14     0     0   -76.0   33.908  139.179   1701.8    817.8
     1     1    21     7    21    13     0     0   -77.0   33.864  139.423   1732.4    816.5
     1     1    21     7    21    12     0     0   -78.0   33.817  139.669   1762.3    815.2
     1     1    21     7    21    11     0     0   -79.0   33.772  139.911   1792.1    813.5
     1     1    21     7    21    10     0     0   -80.0   33.732  140.146   1822.2    811.7
     1     1    21     7    21     9     0     0   -81.0   33.698  140.371   1852.7    809.9
     1     1    21     7    21     8     0     0   -82.0   33.670  140.588   1883.6    807.9
     1     1    21     7    21     7     0     0   -83.0   33.648  140.796   1915.3    805.8
     1     1    21     7    21     6     0     0   -84.0   33.632  140.996   1947.6    803.5
     1     1    21     7    21     5     0     0   -85.0   33.621  141.190   1980.8    801.4
     1     1    21     7    21     4     0     0   -86.0   33.613  141.381   2014.6    799.3
     1     1    21     7    21     3     0     0   -87.0   33.608  141.570   2048.7    797.1
     1     1    21     7    21     2     0     0   -88.0   33.608  141.755   2082.8    794.9
     1     1    21     7    21     1     0     0   -89.0   33.613  141.936   2116.4    792.7
     1     1    21     7    21     0     0     0   -90.0   33.623  142.114   2149.4    790.7
     1     1    21     7    20    23     0     0   -91.0   33.634  142.285   2181.7    788.3
     1     1    21     7    20    22     0     0   -92.0   33.637  142.447   2214.1    786.0
     1     1    21     7    20    21     0     0   -93.0   33.630  142.600   2246.3    783.0
     1     1    21     7    20    20     0     0   -94.0   33.612  142.745   2278.7    779.8
     1     1    21     7    20    19     0     0   -95.0   33.581  142.883   2311.8    776.6
     1     1    21     7    20    18     0     0   -96.0   33.536  143.015   2345.8    773.3
