     2     1
    CDC1    21     5     1     0     0
    CDC1    21     6     1     0     0
     1 BACKWARD OMEGA   
  2021     6     3    21   37.500  127.000   500.0
     1 PRESSURE
     1     1    21     6     3    21     0     0     0.0   37.500  127.000    500.0    925.3
     1     1    21     6     3    20     0     0    -1.0   37.677  126.738    486.9    925.3
     1     1    21     6     3    19     0     0    -2.0   37.846  126.438    470.9    926.5
     1     1    21     6     3    18     0     0    -3.0   38.008  126.105    453.8    928.3
     1     1    21     6     3    17     0     0    -4.0   38.151  125.771    440.7    930.5
     1     1    21     6     3    16     0     0    -5.0   38.274  125.467    434.7    931.6
     1     1    21     6     3    15     0     0    -6.0   38.392  125.193    436.3    931.8
     1     1    21     6     3    14     0     0    -7.0   38.513  124.950    445.9    930.8
     1     1    21     6     3    13     0     0    -8.0   38.644  124.735    463.8    928.6
     1     1    21     6     3    12     0     0    -9.0   38.785  124.547    490.4    925.4
     1     1    21     6     3    11     0     0   -10.0   38.924  124.361    518.4    921.6
     1     1    21     6     3    10     0     0   -11.0   39.044  124.157    539.8    919.9
     1     1    21     6     3     9     0     0   -12.0   39.147  123.935    554.8    919.5
     1     1    21     6     3     8     0     0   -13.0   39.236  123.697    564.0    920.2
     1     1    21     6     3     7     0     0   -14.0   39.315  123.442    568.1    921.8
     1     1    21     6     3     6     0     0   -15.0   39.388  123.171    568.3    924.3
     1     1    21     6     3     5     0     0   -16.0   39.459  122.900    566.9    926.9
     1     1    21     6     3     4     0     0   -17.0   39.526  122.648    566.6    929.1
     1     1    21     6     3     3     0     0   -18.0   39.592  122.415    567.2    930.2
     1     1    21     6     3     2     0     0   -19.0   39.656  122.199    569.1    929.6
     1     1    21     6     3     1     0     0   -20.0   39.720  121.999    573.1    928.8
     1     1    21     6     3     0     0     0   -21.0   39.786  121.815    579.6    927.7
     1     1    21     6     2    23     0     0   -22.0   39.854  121.630    589.6    926.3
     1     1    21     6     2    22     0     0   -23.0   39.924  121.428    604.2    924.4
     1     1    21     6     2    21     0     0   -24.0   39.995  121.211    623.0    921.9
     1     1    21     6     2    20     0     0   -25.0   40.069  120.984    645.1    918.0
     1     1    21     6     2    19     0     0   -26.0   40.144  120.753    669.7    913.5
     1     1    21     6     2    18     0     0   -27.0   40.221  120.521    696.0    908.6
     1     1    21     6     2    17     0     0   -28.0   40.292  120.285    718.3    903.4
     1     1    21     6     2    16     0     0   -29.0   40.349  120.042    730.3    899.9
     1     1    21     6     2    15     0     0   -30.0   40.392  119.787    730.0    895.4
     1     1    21     6     2    14     0     0   -31.0   40.423  119.515    717.6    891.8
     1     1    21     6     2    13     0     0   -32.0   40.442  119.225    694.1    889.3
     1     1    21     6     2    12     0     0   -33.0   40.448  118.917    660.9    888.0
     1     1    21     6     2    11     0     0   -34.0   40.438  118.598    625.2    887.8
     1     1    21     6     2    10     0     0   -35.0   40.410  118.276    592.7    886.6
     1     1    21     6     2     9     0     0   -36.0   40.367  117.953    563.1    885.5
     1     1    21     6     2     8     0     0   -37.0   40.311  117.625    536.6    884.6
     1     1    21     6     2     7     0     0   -38.0   40.246  117.295    513.5    883.1
     1     1    21     6     2     6     0     0   -39.0   40.177  116.963    493.5    880.9
     1     1    21     6     2     5     0     0   -40.0   40.107  116.632    475.8    878.4
     1     1    21     6     2     4     0     0   -41.0   40.037  116.304    459.2    875.7
     1     1    21     6     2     3     0     0   -42.0   39.970  115.980    444.5    872.6
     1     1    21     6     2     2     0     0   -43.0   39.908  115.660    432.5    869.0
     1     1    21     6     2     1     0     0   -44.0   39.850  115.342    424.1    865.1
     1     1    21     6     2     0     0     0   -45.0   39.798  115.025    420.0    860.5
     1     1    21     6     1    23     0     0   -46.0   39.739  114.709    416.0    856.3
     1     1    21     6     1    22     0     0   -47.0   39.655  114.400    407.2    853.9
     1     1    21     6     1    21     0     0   -48.0   39.547  114.097    394.2    852.5
     1     1    21     6     1    20     0     0   -49.0   39.415  113.798    378.0    851.7
     1     1    21     6     1    19     0     0   -50.0   39.260  113.501    359.9    851.1
     1     1    21     6     1    18     0     0   -51.0   39.079  113.201    341.4    850.4
     1     1    21     6     1    17     0     0   -52.0   38.895  112.912    321.5    849.4
     1     1    21     6     1    16     0     0   -53.0   38.725  112.650    297.3    848.9
     1     1    21     6     1    15     0     0   -54.0   38.566  112.415    269.3    850.0
     1     1    21     6     1    14     0     0   -55.0   38.415  112.206    238.5    853.3
     1     1    21     6     1    13     0     0   -56.0   38.269  112.023    206.0    856.9
     1     1    21     6     1    12     0     0   -57.0   38.127  111.861    172.3    860.3
     1     1    21     6     1    11     0     0   -58.0   37.977  111.712    139.9    863.8
     1     1    21     6     1    10     0     0   -59.0   37.808  111.573    111.3    867.3
     1     1    21     6     1     9     0     0   -60.0   37.621  111.442     86.6    870.8
     1     1    21     6     1     8     0     0   -61.0   37.421  111.318     65.5    874.2
     1     1    21     6     1     7     0     0   -62.0   37.215  111.202     47.7    877.4
     1     1    21     6     1     6     0     0   -63.0   37.011  111.096     33.6    880.5
     1     1    21     6     1     5     0     0   -64.0   36.833  111.004     23.6    883.4
     1     1    21     6     1     4     0     0   -65.0   36.702  110.930     17.1    885.4
     1     1    21     6     1     3     0     0   -66.0   36.615  110.870     13.0    886.7
     1     1    21     6     1     2     0     0   -67.0   36.570  110.822     10.3    887.3
     1     1    21     6     1     1     0     0   -68.0   36.565  110.784      8.5    887.1
     1     1    21     6     1     0     0     0   -69.0   36.599  110.755      7.0    886.5
     1     1    21     5    31    23     0     0   -70.0   36.654  110.723      5.6    885.2
     1     1    21     5    31    22     0     0   -71.0   36.712  110.677      4.5    883.6
     1     1    21     5    31    21     0     0   -72.0   36.774  110.619      3.5    881.9
     1     1    21     5    31    20     0     0   -73.0   36.839  110.548      2.8    879.9
     1     1    21     5    31    19     0     0   -74.0   36.910  110.466      2.3    877.7
     1     1    21     5    31    18     0     0   -75.0   36.985  110.374      2.1    875.3
     1     1    21     5    31    17     0     0   -76.0   37.055  110.274      1.9    872.6
     1     1    21     5    31    16     0     0   -77.0   37.110  110.167      1.5    870.0
     1     1    21     5    31    15     0     0   -78.0   37.150  110.052      0.6    867.5
     1     1    21     5    31    14     0     0   -79.0   37.176  109.925      0.0    865.9
     1     1    21     5    31    13     0     0   -80.0   37.189  109.790      0.0    865.0
     1     1    21     5    31    12     0     0   -81.0   37.190  109.648      0.0    864.2
     1     1    21     5    31    11     0     0   -82.0   37.193  109.499      0.0    863.5
     1     1    21     5    31    10     0     0   -83.0   37.207  109.342      0.0    862.6
     1     1    21     5    31     9     0     0   -84.0   37.235  109.174      0.0    861.6
     1     1    21     5    31     8     0     0   -85.0   37.280  108.995      0.0    860.5
     1     1    21     5    31     7     0     0   -86.0   37.344  108.802      0.0    859.4
     1     1    21     5    31     6     0     0   -87.0   37.432  108.593      0.0    858.3
     1     1    21     5    31     5     0     0   -88.0   37.537  108.373      0.0    857.0
     1     1    21     5    31     4     0     0   -89.0   37.645  108.149      0.0    856.0
     1     1    21     5    31     3     0     0   -90.0   37.751  107.920      0.0    855.0
     1     1    21     5    31     2     0     0   -91.0   37.851  107.684      0.0    854.1
     1     1    21     5    31     1     0     0   -92.0   37.943  107.441      1.7    852.8
     1     1    21     5    31     0     0     0   -93.0   38.022  107.201      4.6    850.5
     1     1    21     5    30    23     0     0   -94.0   38.084  106.973      7.3    848.5
     1     1    21     5    30    22     0     0   -95.0   38.129  106.762      9.0    846.8
     1     1    21     5    30    21     0     0   -96.0   38.164  106.564      9.7    845.1
