     2     1
    CDC1    21     3     1     0     0
    CDC1    21     4     1     0     0
     1 BACKWARD OMEGA   
  2021     4    27     9   37.500  127.000   500.0
     1 PRESSURE
     1     1    21     4    27     9     0     0     0.0   37.500  127.000    500.0    938.0
     1     1    21     4    27     8     0     0    -1.0   37.293  126.751    478.8    942.2
     1     1    21     4    27     7     0     0    -2.0   37.086  126.541    455.0    946.7
     1     1    21     4    27     6     0     0    -3.0   36.877  126.368    428.9    951.2
     1     1    21     4    27     5     0     0    -4.0   36.674  126.224    402.9    956.2
     1     1    21     4    27     4     0     0    -5.0   36.481  126.103    378.6    960.5
     1     1    21     4    27     3     0     0    -6.0   36.296  126.003    355.7    964.1
     1     1    21     4    27     2     0     0    -7.0   36.115  125.925    334.0    967.5
     1     1    21     4    27     1     0     0    -8.0   35.937  125.868    313.4    970.7
     1     1    21     4    27     0     0     0    -9.0   35.761  125.832    294.0    973.8
     1     1    21     4    26    23     0     0   -10.0   35.585  125.812    276.1    976.5
     1     1    21     4    26    22     0     0   -11.0   35.410  125.801    260.4    978.9
     1     1    21     4    26    21     0     0   -12.0   35.236  125.801    246.8    981.0
     1     1    21     4    26    20     0     0   -13.0   35.063  125.815    235.1    982.9
     1     1    21     4    26    19     0     0   -14.0   34.892  125.842    225.6    984.5
     1     1    21     4    26    18     0     0   -15.0   34.724  125.882    218.6    985.9
     1     1    21     4    26    17     0     0   -16.0   34.563  125.933    213.9    986.9
     1     1    21     4    26    16     0     0   -17.0   34.417  125.994    211.0    987.6
     1     1    21     4    26    15     0     0   -18.0   34.284  126.064    209.7    988.0
     1     1    21     4    26    14     0     0   -19.0   34.167  126.145    209.5    988.2
     1     1    21     4    26    13     0     0   -20.0   34.064  126.236    210.2    988.3
     1     1    21     4    26    12     0     0   -21.0   33.976  126.336    211.5    988.2
     1     1    21     4    26    11     0     0   -22.0   33.896  126.445    213.9    987.7
     1     1    21     4    26    10     0     0   -23.0   33.817  126.564    217.9    986.9
     1     1    21     4    26     9     0     0   -24.0   33.741  126.692    223.7    985.8
     1     1    21     4    26     8     0     0   -25.0   33.668  126.833    231.4    984.4
     1     1    21     4    26     7     0     0   -26.0   33.600  126.988    241.2    982.7
     1     1    21     4    26     6     0     0   -27.0   33.538  127.158    253.3    980.7
     1     1    21     4    26     5     0     0   -28.0   33.486  127.344    267.5    978.7
     1     1    21     4    26     4     0     0   -29.0   33.451  127.545    283.4    976.5
     1     1    21     4    26     3     0     0   -30.0   33.435  127.760    301.1    974.0
     1     1    21     4    26     2     0     0   -31.0   33.438  127.988    320.9    971.3
     1     1    21     4    26     1     0     0   -32.0   33.461  128.230    343.3    968.3
     1     1    21     4    26     0     0     0   -33.0   33.504  128.485    368.9    964.8
     1     1    21     4    25    23     0     0   -34.0   33.572  128.748    399.4    960.3
     1     1    21     4    25    22     0     0   -35.0   33.672  129.014    436.5    954.6
     1     1    21     4    25    21     0     0   -36.0   33.805  129.282    481.5    948.0
     1     1    21     4    25    20     0     0   -37.0   33.971  129.553    535.7    940.7
     1     1    21     4    25    19     0     0   -38.0   34.174  129.826    601.4    932.4
     1     1    21     4    25    18     0     0   -39.0   34.419  130.101    679.6    922.4
     1     1    21     4    25    17     0     0   -40.0   34.684  130.369    761.6    911.7
     1     1    21     4    25    16     0     0   -41.0   34.945  130.625    838.0    903.1
     1     1    21     4    25    15     0     0   -42.0   35.197  130.865    906.3    897.1
     1     1    21     4    25    14     0     0   -43.0   35.436  131.087    963.5    892.7
     1     1    21     4    25    13     0     0   -44.0   35.662  131.292   1009.0    889.6
     1     1    21     4    25    12     0     0   -45.0   35.877  131.481   1042.2    888.1
     1     1    21     4    25    11     0     0   -46.0   36.091  131.657   1070.0    888.0
     1     1    21     4    25    10     0     0   -47.0   36.320  131.819   1098.7    887.4
     1     1    21     4    25     9     0     0   -48.0   36.563  131.963   1128.7    886.9
     1     1    21     4    25     8     0     0   -49.0   36.823  132.086   1160.1    886.5
     1     1    21     4    25     7     0     0   -50.0   37.100  132.183   1193.3    886.0
     1     1    21     4    25     6     0     0   -51.0   37.394  132.251   1228.5    885.5
     1     1    21     4    25     5     0     0   -52.0   37.698  132.298   1260.8    882.8
     1     1    21     4    25     4     0     0   -53.0   38.005  132.334   1290.8    879.9
     1     1    21     4    25     3     0     0   -54.0   38.315  132.357   1318.8    877.1
     1     1    21     4    25     2     0     0   -55.0   38.627  132.367   1345.7    874.2
     1     1    21     4    25     1     0     0   -56.0   38.942  132.365   1372.5    871.2
     1     1    21     4    25     0     0     0   -57.0   39.259  132.352   1400.3    868.1
     1     1    21     4    24    23     0     0   -58.0   39.583  132.331   1428.9    864.6
     1     1    21     4    24    22     0     0   -59.0   39.921  132.306   1458.0    861.1
     1     1    21     4    24    21     0     0   -60.0   40.275  132.283   1487.1    853.5
     1     1    21     4    24    20     0     0   -61.0   40.647  132.257   1518.8    844.5
     1     1    21     4    24    19     0     0   -62.0   41.038  132.228   1555.9    834.9
     1     1    21     4    24    18     0     0   -63.0   41.445  132.192   1601.2    824.3
     1     1    21     4    24    17     0     0   -64.0   41.869  132.132   1650.9    812.3
     1     1    21     4    24    16     0     0   -65.0   42.309  132.039   1699.0    800.4
     1     1    21     4    24    15     0     0   -66.0   42.764  131.922   1745.9    790.6
     1     1    21     4    24    14     0     0   -67.0   43.232  131.784   1790.0    783.4
     1     1    21     4    24    13     0     0   -68.0   43.711  131.635   1831.8    777.2
     1     1    21     4    24    12     0     0   -69.0   44.203  131.485   1875.2    771.4
     1     1    21     4    24    11     0     0   -70.0   44.696  131.314   1921.7    765.8
     1     1    21     4    24    10     0     0   -71.0   45.170  131.094   1970.9    760.6
     1     1    21     4    24     9     0     0   -72.0   45.622  130.824   2019.5    756.3
     1     1    21     4    24     8     0     0   -73.0   46.057  130.506   2066.6    752.4
     1     1    21     4    24     7     0     0   -74.0   46.482  130.146   2114.9    748.5
     1     1    21     4    24     6     0     0   -75.0   46.907  129.753   2167.6    745.8
     1     1    21     4    24     5     0     0   -76.0   47.335  129.340   2222.1    743.8
     1     1    21     4    24     4     0     0   -77.0   47.767  128.919   2270.0    740.8
     1     1    21     4    24     3     0     0   -78.0   48.201  128.491   2313.5    737.3
     1     1    21     4    24     2     0     0   -79.0   48.638  128.055   2356.4    734.0
     1     1    21     4    24     1     0     0   -80.0   49.078  127.609   2403.1    730.6
     1     1    21     4    24     0     0     0   -81.0   49.521  127.153   2457.3    724.8
     1     1    21     4    23    23     0     0   -82.0   49.965  126.691   2523.6    715.6
     1     1    21     4    23    22     0     0   -83.0   50.406  126.228   2597.8    706.2
     1     1    21     4    23    21     0     0   -84.0   50.843  125.770   2672.8    697.4
     1     1    21     4    23    20     0     0   -85.0   51.279  125.316   2746.4    688.7
     1     1    21     4    23    19     0     0   -86.0   51.711  124.861   2817.0    679.5
     1     1    21     4    23    18     0     0   -87.0   52.139  124.394   2882.8    669.1
     1     1    21     4    23    17     0     0   -88.0   52.564  123.894   2952.1    659.0
     1     1    21     4    23    16     0     0   -89.0   52.992  123.335   3020.5    644.8
     1     1    21     4    23    15     0     0   -90.0   53.424  122.710   3094.6    631.1
     1     1    21     4    23    14     0     0   -91.0   53.861  122.040   3179.3    618.3
     1     1    21     4    23    13     0     0   -92.0   54.303  121.347   3275.2    605.3
     1     1    21     4    23    12     0     0   -93.0   54.756  120.650   3384.1    590.6
     1     1    21     4    23    11     0     0   -94.0   55.220  119.942   3502.7    576.1
     1     1    21     4    23    10     0     0   -95.0   55.688  119.216   3613.1    565.7
     1     1    21     4    23     9     0     0   -96.0   56.159  118.481   3704.9    557.4
