     2     1
    CDC1    21     1     1     0     0
    CDC1    21     2     1     0     0
     1 BACKWARD OMEGA   
  2021     2    21    12   37.500  127.000   500.0
     1 PRESSURE
     1     1    21     2    21    12     0     0     0.0   37.500  127.000    500.0    931.9
     1     1    21     2    21    11     0     0    -1.0   37.340  126.615    457.4    939.0
     1     1    21     2    21    10     0     0    -2.0   37.169  126.258    416.7    946.0
     1     1    21     2    21     9     0     0    -3.0   36.985  125.920    379.6    952.6
     1     1    21     2    21     8     0     0    -4.0   36.786  125.591    347.5    957.8
     1     1    21     2    21     7     0     0    -5.0   36.570  125.261    321.3    962.6
     1     1    21     2    21     6     0     0    -6.0   36.336  124.922    302.1    966.4
     1     1    21     2    21     5     0     0    -7.0   36.096  124.579    287.1    968.8
     1     1    21     2    21     4     0     0    -8.0   35.862  124.242    272.2    971.4
     1     1    21     2    21     3     0     0    -9.0   35.632  123.910    256.2    974.1
     1     1    21     2    21     2     0     0   -10.0   35.407  123.585    237.9    977.0
     1     1    21     2    21     1     0     0   -11.0   35.183  123.267    216.6    980.4
     1     1    21     2    21     0     0     0   -12.0   34.959  122.957    192.1    984.2
     1     1    21     2    20    23     0     0   -13.0   34.727  122.657    168.8    988.2
     1     1    21     2    20    22     0     0   -14.0   34.481  122.363    151.3    991.1
     1     1    21     2    20    21     0     0   -15.0   34.223  122.069    140.3    992.7
     1     1    21     2    20    20     0     0   -16.0   33.955  121.772    135.5    993.4
     1     1    21     2    20    19     0     0   -17.0   33.676  121.474    136.5    993.4
     1     1    21     2    20    18     0     0   -18.0   33.388  121.173    143.5    992.6
     1     1    21     2    20    17     0     0   -19.0   33.097  120.882    154.7    990.9
     1     1    21     2    20    16     0     0   -20.0   32.814  120.609    168.1    989.1
     1     1    21     2    20    15     0     0   -21.0   32.536  120.350    183.3    987.1
     1     1    21     2    20    14     0     0   -22.0   32.269  120.103    198.6    982.6
     1     1    21     2    20    13     0     0   -23.0   32.016  119.866    212.3    977.6
     1     1    21     2    20    12     0     0   -24.0   31.777  119.636    224.2    973.2
     1     1    21     2    20    11     0     0   -25.0   31.559  119.412    234.5    969.4
     1     1    21     2    20    10     0     0   -26.0   31.372  119.191    243.7    965.9
     1     1    21     2    20     9     0     0   -27.0   31.212  118.974    251.9    962.8
     1     1    21     2    20     8     0     0   -28.0   31.080  118.759    259.2    960.0
     1     1    21     2    20     7     0     0   -29.0   30.974  118.546    265.3    957.6
     1     1    21     2    20     6     0     0   -30.0   30.892  118.333    270.1    955.5
     1     1    21     2    20     5     0     0   -31.0   30.819  118.115    273.8    953.9
     1     1    21     2    20     4     0     0   -32.0   30.738  117.885    276.5    952.3
     1     1    21     2    20     3     0     0   -33.0   30.649  117.645    278.3    950.6
     1     1    21     2    20     2     0     0   -34.0   30.551  117.396    279.2    950.6
     1     1    21     2    20     1     0     0   -35.0   30.442  117.140    279.4    953.0
     1     1    21     2    20     0     0     0   -36.0   30.324  116.879    278.8    955.7
     1     1    21     2    19    23     0     0   -37.0   30.202  116.615    277.8    958.4
     1     1    21     2    19    22     0     0   -38.0   30.084  116.352    276.7    961.2
     1     1    21     2    19    21     0     0   -39.0   29.970  116.090    275.2    964.1
     1     1    21     2    19    20     0     0   -40.0   29.862  115.834    273.2    966.6
     1     1    21     2    19    19     0     0   -41.0   29.759  115.585    270.7    969.0
     1     1    21     2    19    18     0     0   -42.0   29.663  115.342    267.5    971.4
     1     1    21     2    19    17     0     0   -43.0   29.567  115.114    263.1    973.7
     1     1    21     2    19    16     0     0   -44.0   29.466  114.907    257.0    974.2
     1     1    21     2    19    15     0     0   -45.0   29.364  114.720    250.1    973.1
     1     1    21     2    19    14     0     0   -46.0   29.262  114.553    242.8    972.2
     1     1    21     2    19    13     0     0   -47.0   29.161  114.406    235.5    971.6
     1     1    21     2    19    12     0     0   -48.0   29.060  114.281    228.2    971.2
     1     1    21     2    19    11     0     0   -49.0   28.968  114.162    222.0    971.5
     1     1    21     2    19    10     0     0   -50.0   28.892  114.034    218.0    971.6
     1     1    21     2    19     9     0     0   -51.0   28.829  113.896    216.0    971.6
     1     1    21     2    19     8     0     0   -52.0   28.780  113.746    215.8    971.6
     1     1    21     2    19     7     0     0   -53.0   28.745  113.584    217.1    971.4
     1     1    21     2    19     6     0     0   -54.0   28.722  113.409    219.9    971.1
     1     1    21     2    19     5     0     0   -55.0   28.702  113.237    222.3    970.2
     1     1    21     2    19     4     0     0   -56.0   28.678  113.084    222.5    969.9
     1     1    21     2    19     3     0     0   -57.0   28.649  112.950    220.7    969.9
     1     1    21     2    19     2     0     0   -58.0   28.615  112.837    216.9    970.2
     1     1    21     2    19     1     0     0   -59.0   28.576  112.743    211.0    970.8
     1     1    21     2    19     0     0     0   -60.0   28.532  112.671    203.5    971.8
     1     1    21     2    18    23     0     0   -61.0   28.489  112.610    195.7    973.2
     1     1    21     2    18    22     0     0   -62.0   28.454  112.553    188.9    974.1
     1     1    21     2    18    21     0     0   -63.0   28.427  112.499    182.9    975.0
     1     1    21     2    18    20     0     0   -64.0   28.410  112.447    177.5    974.7
     1     1    21     2    18    19     0     0   -65.0   28.401  112.399    172.7    974.5
     1     1    21     2    18    18     0     0   -66.0   28.400  112.353    168.4    974.2
     1     1    21     2    18    17     0     0   -67.0   28.401  112.315    165.0    973.8
     1     1    21     2    18    16     0     0   -68.0   28.402  112.291    162.8    973.5
     1     1    21     2    18    15     0     0   -69.0   28.402  112.281    161.9    973.4
     1     1    21     2    18    14     0     0   -70.0   28.400  112.284    162.3    973.4
     1     1    21     2    18    13     0     0   -71.0   28.398  112.300    164.0    973.6
     1     1    21     2    18    12     0     0   -72.0   28.394  112.329    167.1    973.9
     1     1    21     2    18    11     0     0   -73.0   28.393  112.365    170.1    974.7
     1     1    21     2    18    10     0     0   -74.0   28.394  112.398    171.7    975.7
     1     1    21     2    18     9     0     0   -75.0   28.398  112.428    171.9    976.8
     1     1    21     2    18     8     0     0   -76.0   28.404  112.456    170.8    978.0
     1     1    21     2    18     7     0     0   -77.0   28.413  112.481    168.3    979.3
     1     1    21     2    18     6     0     0   -78.0   28.425  112.505    164.7    980.5
     1     1    21     2    18     5     0     0   -79.0   28.437  112.531    160.0    981.0
     1     1    21     2    18     4     0     0   -80.0   28.447  112.566    154.3    981.6
     1     1    21     2    18     3     0     0   -81.0   28.456  112.610    147.7    982.3
     1     1    21     2    18     2     0     0   -82.0   28.462  112.663    140.5    983.1
     1     1    21     2    18     1     0     0   -83.0   28.466  112.723    132.8    984.0
     1     1    21     2    18     0     0     0   -84.0   28.467  112.790    124.7    985.0
     1     1    21     2    17    23     0     0   -85.0   28.468  112.866    117.6    985.9
     1     1    21     2    17    22     0     0   -86.0   28.473  112.954    112.4    986.5
     1     1    21     2    17    21     0     0   -87.0   28.481  113.053    108.8    986.9
     1     1    21     2    17    20     0     0   -88.0   28.492  113.164    106.8    987.1
     1     1    21     2    17    19     0     0   -89.0   28.508  113.287    106.2    987.2
     1     1    21     2    17    18     0     0   -90.0   28.529  113.421    107.1    987.2
     1     1    21     2    17    17     0     0   -91.0   28.557  113.554    108.2    987.0
     1     1    21     2    17    16     0     0   -92.0   28.594  113.671    108.4    987.1
     1     1    21     2    17    15     0     0   -93.0   28.642  113.774    107.5    987.5
     1     1    21     2    17    14     0     0   -94.0   28.700  113.863    105.4    988.1
     1     1    21     2    17    13     0     0   -95.0   28.768  113.937    102.0    989.0
     1     1    21     2    17    12     0     0   -96.0   28.847  114.000     97.3    990.2
