     2     1
    CDC1    21     7     1     0     0
    CDC1    21     8     1     0     0
     1 BACKWARD OMEGA   
  2021     8    11    15   37.500  127.000   500.0
     1 PRESSURE
     1     1    21     8    11    15     0     0     0.0   37.500  127.000    500.0    936.0
     1     1    21     8    11    14     0     0    -1.0   37.510  126.956    475.6    938.6
     1     1    21     8    11    13     0     0    -2.0   37.506  126.905    451.9    941.4
     1     1    21     8    11    12     0     0    -3.0   37.489  126.847    429.2    944.2
     1     1    21     8    11    11     0     0    -4.0   37.461  126.793    408.9    947.0
     1     1    21     8    11    10     0     0    -5.0   37.423  126.758    392.2    949.1
     1     1    21     8    11     9     0     0    -6.0   37.375  126.739    378.6    950.6
     1     1    21     8    11     8     0     0    -7.0   37.319  126.735    367.8    951.6
     1     1    21     8    11     7     0     0    -8.0   37.253  126.746    359.4    952.3
     1     1    21     8    11     6     0     0    -9.0   37.179  126.771    353.4    952.7
     1     1    21     8    11     5     0     0   -10.0   37.104  126.804    348.0    953.3
     1     1    21     8    11     4     0     0   -11.0   37.041  126.841    341.2    954.1
     1     1    21     8    11     3     0     0   -12.0   36.989  126.880    333.0    955.1
     1     1    21     8    11     2     0     0   -13.0   36.947  126.922    323.6    956.2
     1     1    21     8    11     1     0     0   -14.0   36.916  126.965    313.1    957.5
     1     1    21     8    11     0     0     0   -15.0   36.896  127.010    301.5    958.8
     1     1    21     8    10    23     0     0   -16.0   36.874  127.044    289.5    959.8
     1     1    21     8    10    22     0     0   -17.0   36.837  127.056    277.4    960.9
     1     1    21     8    10    21     0     0   -18.0   36.785  127.048    265.5    962.1
     1     1    21     8    10    20     0     0   -19.0   36.719  127.023    253.7    963.5
     1     1    21     8    10    19     0     0   -20.0   36.639  126.980    242.2    964.9
     1     1    21     8    10    18     0     0   -21.0   36.546  126.922    231.1    966.5
     1     1    21     8    10    17     0     0   -22.0   36.445  126.864    221.3    968.2
     1     1    21     8    10    16     0     0   -23.0   36.342  126.817    213.5    969.6
     1     1    21     8    10    15     0     0   -24.0   36.237  126.781    207.8    970.7
     1     1    21     8    10    14     0     0   -25.0   36.129  126.754    204.1    971.5
     1     1    21     8    10    13     0     0   -26.0   36.019  126.735    202.4    972.0
     1     1    21     8    10    12     0     0   -27.0   35.906  126.723    202.6    972.3
     1     1    21     8    10    11     0     0   -28.0   35.792  126.711    204.4    972.1
     1     1    21     8    10    10     0     0   -29.0   35.680  126.695    207.2    971.8
     1     1    21     8    10     9     0     0   -30.0   35.569  126.675    211.1    971.4
     1     1    21     8    10     8     0     0   -31.0   35.461  126.652    216.2    970.9
     1     1    21     8    10     7     0     0   -32.0   35.357  126.627    222.6    970.3
     1     1    21     8    10     6     0     0   -33.0   35.255  126.600    230.4    969.5
     1     1    21     8    10     5     0     0   -34.0   35.159  126.575    238.0    968.6
     1     1    21     8    10     4     0     0   -35.0   35.070  126.557    243.5    968.2
     1     1    21     8    10     3     0     0   -36.0   34.987  126.544    246.6    968.0
     1     1    21     8    10     2     0     0   -37.0   34.910  126.537    247.2    968.2
     1     1    21     8    10     1     0     0   -38.0   34.839  126.535    245.1    968.6
     1     1    21     8    10     0     0     0   -39.0   34.775  126.537    240.3    969.4
     1     1    21     8     9    23     0     0   -40.0   34.716  126.546    233.8    970.1
     1     1    21     8     9    22     0     0   -41.0   34.660  126.562    226.9    970.8
     1     1    21     8     9    21     0     0   -42.0   34.608  126.588    219.6    971.4
     1     1    21     8     9    20     0     0   -43.0   34.558  126.623    212.2    972.1
     1     1    21     8     9    19     0     0   -44.0   34.511  126.668    204.9    972.7
     1     1    21     8     9    18     0     0   -45.0   34.466  126.724    197.7    973.2
     1     1    21     8     9    17     0     0   -46.0   34.430  126.778    192.1    973.7
     1     1    21     8     9    16     0     0   -47.0   34.407  126.817    189.0    973.8
     1     1    21     8     9    15     0     0   -48.0   34.398  126.841    188.2    973.6
     1     1    21     8     9    14     0     0   -49.0   34.404  126.847    189.5    973.3
     1     1    21     8     9    13     0     0   -50.0   34.424  126.837    192.9    972.8
     1     1    21     8     9    12     0     0   -51.0   34.459  126.809    198.2    972.2
     1     1    21     8     9    11     0     0   -52.0   34.507  126.766    204.1    971.0
     1     1    21     8     9    10     0     0   -53.0   34.563  126.712    208.8    970.1
     1     1    21     8     9     9     0     0   -54.0   34.628  126.649    212.2    969.4
     1     1    21     8     9     8     0     0   -55.0   34.703  126.578    214.4    968.9
     1     1    21     8     9     7     0     0   -56.0   34.788  126.501    215.4    968.5
     1     1    21     8     9     6     0     0   -57.0   34.882  126.420    215.0    968.2
     1     1    21     8     9     5     0     0   -58.0   34.991  126.342    214.8    968.2
     1     1    21     8     9     4     0     0   -59.0   35.119  126.272    215.8    968.1
     1     1    21     8     9     3     0     0   -60.0   35.263  126.213    218.4    967.8
     1     1    21     8     9     2     0     0   -61.0   35.420  126.166    222.4    967.3
     1     1    21     8     9     1     0     0   -62.0   35.592  126.136    227.9    966.5
     1     1    21     8     9     0     0     0   -63.0   35.777  126.124    234.9    965.4
     1     1    21     8     8    23     0     0   -64.0   35.970  126.132    242.2    964.1
     1     1    21     8     8    22     0     0   -65.0   36.167  126.159    248.3    963.0
     1     1    21     8     8    21     0     0   -66.0   36.368  126.205    253.3    962.0
     1     1    21     8     8    20     0     0   -67.0   36.573  126.272    256.9    960.9
     1     1    21     8     8    19     0     0   -68.0   36.781  126.362    259.4    959.9
     1     1    21     8     8    18     0     0   -69.0   36.992  126.475    260.7    958.9
     1     1    21     8     8    17     0     0   -70.0   37.199  126.614    261.1    957.9
     1     1    21     8     8    16     0     0   -71.0   37.395  126.778    261.3    956.7
     1     1    21     8     8    15     0     0   -72.0   37.579  126.962    260.9    954.6
     1     1    21     8     8    14     0     0   -73.0   37.751  127.159    260.1    951.1
     1     1    21     8     8    13     0     0   -74.0   37.911  127.365    259.5    947.8
     1     1    21     8     8    12     0     0   -75.0   38.059  127.578    259.3    945.3
     1     1    21     8     8    11     0     0   -76.0   38.191  127.794    258.7    944.3
     1     1    21     8     8    10     0     0   -77.0   38.298  128.011    256.9    944.1
     1     1    21     8     8     9     0     0   -78.0   38.379  128.229    253.7    944.6
     1     1    21     8     8     8     0     0   -79.0   38.434  128.449    249.2    945.7
     1     1    21     8     8     7     0     0   -80.0   38.461  128.674    243.6    947.3
     1     1    21     8     8     6     0     0   -81.0   38.461  128.905    237.1    949.6
     1     1    21     8     8     5     0     0   -82.0   38.453  129.135    230.5    952.2
     1     1    21     8     8     4     0     0   -83.0   38.461  129.350    224.7    954.5
     1     1    21     8     8     3     0     0   -84.0   38.486  129.548    219.8    956.3
     1     1    21     8     8     2     0     0   -85.0   38.531  129.726    215.9    957.8
     1     1    21     8     8     1     0     0   -86.0   38.596  129.881    213.0    958.9
     1     1    21     8     8     0     0     0   -87.0   38.684  130.011    211.0    959.6
     1     1    21     8     7    23     0     0   -88.0   38.780  130.123    209.4    960.0
     1     1    21     8     7    22     0     0   -89.0   38.868  130.224    207.4    960.7
     1     1    21     8     7    21     0     0   -90.0   38.945  130.314    204.8    961.4
     1     1    21     8     7    20     0     0   -91.0   39.010  130.394    201.6    962.1
     1     1    21     8     7    19     0     0   -92.0   39.062  130.463    197.6    962.9
     1     1    21     8     7    18     0     0   -93.0   39.101  130.522    193.0    963.6
     1     1    21     8     7    17     0     0   -94.0   39.129  130.579    188.7    964.8
     1     1    21     8     7    16     0     0   -95.0   39.153  130.639    185.8    965.9
     1     1    21     8     7    15     0     0   -96.0   39.170  130.705    184.5    967.0
