     2     1
    CDC1    21     8     1     0     0
    CDC1    21     9     1     0     0
     1 BACKWARD OMEGA   
  2021     9     8     3   37.500  127.000   500.0
     1 PRESSURE
     1     1    21     9     8     3     0     0     0.0   37.500  127.000    500.0    934.3
     1     1    21     9     8     2     0     0    -1.0   37.660  126.863    512.0    931.5
     1     1    21     9     8     1     0     0    -2.0   37.822  126.733    524.8    928.6
     1     1    21     9     8     0     0     0    -3.0   37.986  126.613    538.4    925.5
     1     1    21     9     7    23     0     0    -4.0   38.152  126.491    550.9    922.2
     1     1    21     9     7    22     0     0    -5.0   38.322  126.356    560.3    919.5
     1     1    21     9     7    21     0     0    -6.0   38.494  126.208    567.0    917.2
     1     1    21     9     7    20     0     0    -7.0   38.672  126.046    571.1    915.3
     1     1    21     9     7    19     0     0    -8.0   38.855  125.868    573.1    913.8
     1     1    21     9     7    18     0     0    -9.0   39.045  125.674    573.5    912.6
     1     1    21     9     7    17     0     0   -10.0   39.234  125.480    572.4    911.6
     1     1    21     9     7    16     0     0   -11.0   39.417  125.307    569.7    910.8
     1     1    21     9     7    15     0     0   -12.0   39.595  125.157    565.3    910.1
     1     1    21     9     7    14     0     0   -13.0   39.773  125.034    559.4    909.4
     1     1    21     9     7    13     0     0   -14.0   39.948  124.940    551.7    908.8
     1     1    21     9     7    12     0     0   -15.0   40.120  124.879    542.5    909.2
     1     1    21     9     7    11     0     0   -16.0   40.270  124.848    530.9    909.9
     1     1    21     9     7    10     0     0   -17.0   40.387  124.846    516.7    910.8
     1     1    21     9     7     9     0     0   -18.0   40.474  124.871    499.7    911.8
     1     1    21     9     7     8     0     0   -19.0   40.534  124.924    479.8    913.1
     1     1    21     9     7     7     0     0   -20.0   40.568  125.005    456.9    914.4
     1     1    21     9     7     6     0     0   -21.0   40.575  125.114    430.8    916.2
     1     1    21     9     7     5     0     0   -22.0   40.568  125.248    402.7    918.5
     1     1    21     9     7     4     0     0   -23.0   40.562  125.401    374.9    920.5
     1     1    21     9     7     3     0     0   -24.0   40.560  125.571    347.9    921.7
     1     1    21     9     7     2     0     0   -25.0   40.559  125.755    322.2    922.8
     1     1    21     9     7     1     0     0   -26.0   40.558  125.953    298.1    923.7
     1     1    21     9     7     0     0     0   -27.0   40.555  126.165    275.8    924.5
     1     1    21     9     6    23     0     0   -28.0   40.533  126.396    252.9    925.4
     1     1    21     9     6    22     0     0   -29.0   40.479  126.649    226.3    927.2
     1     1    21     9     6    21     0     0   -30.0   40.393  126.931    196.5    929.6
     1     1    21     9     6    20     0     0   -31.0   40.275  127.243    164.5    931.5
     1     1    21     9     6    19     0     0   -32.0   40.129  127.583    132.8    935.5
     1     1    21     9     6    18     0     0   -33.0   39.974  127.941    105.8    945.3
     1     1    21     9     6    17     0     0   -34.0   39.825  128.295     86.8    954.4
     1     1    21     9     6    16     0     0   -35.0   39.684  128.628     74.1    961.6
     1     1    21     9     6    15     0     0   -36.0   39.548  128.941     65.0    967.6
     1     1    21     9     6    14     0     0   -37.0   39.415  129.235     57.6    973.1
     1     1    21     9     6    13     0     0   -38.0   39.286  129.513     51.1    978.2
     1     1    21     9     6    12     0     0   -39.0   39.163  129.773     45.1    982.9
     1     1    21     9     6    11     0     0   -40.0   39.054  130.028     38.9    987.1
     1     1    21     9     6    10     0     0   -41.0   38.972  130.292     32.6    992.5
     1     1    21     9     6     9     0     0   -42.0   38.922  130.568     26.8    997.8
     1     1    21     9     6     8     0     0   -43.0   38.901  130.852     21.6   1002.8
     1     1    21     9     6     7     0     0   -44.0   38.905  131.140     17.4   1007.6
     1     1    21     9     6     6     0     0   -45.0   38.933  131.430     14.1   1012.4
     1     1    21     9     6     5     0     0   -46.0   38.985  131.716     11.8   1017.3
     1     1    21     9     6     4     0     0   -47.0   39.063  131.996     10.3   1022.1
     1     1    21     9     6     3     0     0   -48.0   39.165  132.274      9.2   1026.8
     1     1    21     9     6     2     0     0   -49.0   39.292  132.551      8.3   1031.0
     1     1    21     9     6     1     0     0   -50.0   39.447  132.825      7.5   1031.7
     1     1    21     9     6     0     0     0   -51.0   39.630  133.097      6.7   1032.7
     1     1    21     9     5    23     0     0   -52.0   39.830  133.366      6.1   1033.8
     1     1    21     9     5    22     0     0   -53.0   40.035  133.632      5.6   1034.7
     1     1    21     9     5    21     0     0   -54.0   40.240  133.889      5.3   1032.6
     1     1    21     9     5    20     0     0   -55.0   40.437  134.128      5.1   1030.8
     1     1    21     9     5    19     0     0   -56.0   40.627  134.350      5.0   1029.2
     1     1    21     9     5    18     0     0   -57.0   40.807  134.555      4.9   1027.7
     1     1    21     9     5    17     0     0   -58.0   40.979  134.751      4.9   1026.6
     1     1    21     9     5    16     0     0   -59.0   41.142  134.948      5.0   1025.7
     1     1    21     9     5    15     0     0   -60.0   41.295  135.145      5.3   1023.8
     1     1    21     9     5    14     0     0   -61.0   41.434  135.344      5.7   1021.8
     1     1    21     9     5    13     0     0   -62.0   41.559  135.546      6.3   1020.1
     1     1    21     9     5    12     0     0   -63.0   41.673  135.756      7.1   1018.6
     1     1    21     9     5    11     0     0   -64.0   41.780  135.970      7.8   1016.9
     1     1    21     9     5    10     0     0   -65.0   41.886  136.188      8.3   1015.4
     1     1    21     9     5     9     0     0   -66.0   41.992  136.408      8.6   1014.1
     1     1    21     9     5     8     0     0   -67.0   42.100  136.631      8.6   1012.9
     1     1    21     9     5     7     0     0   -68.0   42.212  136.856      8.5   1011.8
     1     1    21     9     5     6     0     0   -69.0   42.329  137.082      8.1   1010.8
     1     1    21     9     5     5     0     0   -70.0   42.446  137.309      7.6   1010.7
     1     1    21     9     5     4     0     0   -71.0   42.558  137.537      7.0   1010.4
     1     1    21     9     5     3     0     0   -72.0   42.659  137.765      6.4   1010.2
     1     1    21     9     5     2     0     0   -73.0   42.747  137.993      5.7   1010.0
     1     1    21     9     5     1     0     0   -74.0   42.820  138.220      4.9   1010.0
     1     1    21     9     5     0     0     0   -75.0   42.880  138.446      3.9   1010.0
     1     1    21     9     4    23     0     0   -76.0   42.927  138.669      2.7   1009.7
     1     1    21     9     4    22     0     0   -77.0   42.962  138.885      1.5   1009.6
     1     1    21     9     4    21     0     0   -78.0   42.986  139.094      0.3   1009.5
     1     1    21     9     4    20     0     0   -79.0   43.000  139.293      0.0   1009.5
     1     1    21     9     4    19     0     0   -80.0   43.005  139.483      0.0   1009.5
     1     1    21     9     4    18     0     0   -81.0   43.002  139.663      0.0   1009.5
     1     1    21     9     4    17     0     0   -82.0   42.993  139.835      0.0   1009.7
     1     1    21     9     4    16     0     0   -83.0   42.977  140.006      0.0   1009.9
     1     1    21     9     4    15     0     0   -84.0   42.955  140.174      0.0   1009.7
     1     1    21     9     4    14     0     0   -85.0   42.930  140.339      0.0   1009.6
     1     1    21     9     4    13     0     0   -86.0   42.899  140.501      0.0   1009.4
     1     1    21     9     4    12     0     0   -87.0   42.863  140.657      0.0   1009.2
     1     1    21     9     4    11     0     0   -88.0   42.821  140.809      0.0   1008.6
     1     1    21     9     4    10     0     0   -89.0   42.777  140.961      0.0   1008.0
     1     1    21     9     4     9     0     0   -90.0   42.730  141.116      0.0   1007.3
     1     1    21     9     4     8     0     0   -91.0   42.680  141.274      0.0   1006.6
     1     1    21     9     4     7     0     0   -92.0   42.627  141.439      0.0   1005.9
     1     1    21     9     4     6     0     0   -93.0   42.570  141.612      0.0   1005.0
     1     1    21     9     4     5     0     0   -94.0   42.508  141.797      0.0   1004.6
     1     1    21     9     4     4     0     0   -95.0   42.442  141.996      0.0   1004.2
     1     1    21     9     4     3     0     0   -96.0   42.373  142.209      0.0   1003.8
