     2     1
    CDC1    21    10     1     0     0
    CDC1    21    11     1     0     0
     1 BACKWARD OMEGA   
  2021    11    24    12   37.500  127.000   500.0
     1 PRESSURE
     1     1    21    11    24    12     0     0     0.0   37.500  127.000    500.0    936.8
     1     1    21    11    24    11     0     0    -1.0   37.459  126.637    502.9    938.2
     1     1    21    11    24    10     0     0    -2.0   37.426  126.281    500.1    940.6
     1     1    21    11    24     9     0     0    -3.0   37.397  125.931    491.1    943.7
     1     1    21    11    24     8     0     0    -4.0   37.367  125.589    475.8    947.7
     1     1    21    11    24     7     0     0    -5.0   37.332  125.256    454.1    952.5
     1     1    21    11    24     6     0     0    -6.0   37.289  124.930    426.2    957.9
     1     1    21    11    24     5     0     0    -7.0   37.244  124.622    396.1    963.2
     1     1    21    11    24     4     0     0    -8.0   37.201  124.337    368.4    967.3
     1     1    21    11    24     3     0     0    -9.0   37.161  124.074    343.0    971.0
     1     1    21    11    24     2     0     0   -10.0   37.122  123.833    320.1    974.5
     1     1    21    11    24     1     0     0   -11.0   37.083  123.611    299.9    977.7
     1     1    21    11    24     0     0     0   -12.0   37.045  123.408    282.4    980.7
     1     1    21    11    23    23     0     0   -13.0   37.009  123.207    267.7    983.2
     1     1    21    11    23    22     0     0   -14.0   36.978  122.990    255.8    985.3
     1     1    21    11    23    21     0     0   -15.0   36.950  122.758    246.6    987.2
     1     1    21    11    23    20     0     0   -16.0   36.923  122.512    240.1    988.7
     1     1    21    11    23    19     0     0   -17.0   36.897  122.249    237.5    989.3
     1     1    21    11    23    18     0     0   -18.0   36.872  121.967    240.3    988.9
     1     1    21    11    23    17     0     0   -19.0   36.851  121.677    247.1    987.8
     1     1    21    11    23    16     0     0   -20.0   36.836  121.395    255.9    986.7
     1     1    21    11    23    15     0     0   -21.0   36.827  121.122    266.4    985.4
     1     1    21    11    23    14     0     0   -22.0   36.823  120.859    278.2    983.9
     1     1    21    11    23    13     0     0   -23.0   36.823  120.608    290.8    982.4
     1     1    21    11    23    12     0     0   -24.0   36.828  120.371    304.0    980.9
     1     1    21    11    23    11     0     0   -25.0   36.840  120.133    316.3    979.6
     1     1    21    11    23    10     0     0   -26.0   36.862  119.880    326.7    978.8
     1     1    21    11    23     9     0     0   -27.0   36.896  119.612    335.8    978.1
     1     1    21    11    23     8     0     0   -28.0   36.941  119.332    344.3    977.5
     1     1    21    11    23     7     0     0   -29.0   36.998  119.041    353.1    976.9
     1     1    21    11    23     6     0     0   -30.0   37.066  118.739    363.1    976.2
     1     1    21    11    23     5     0     0   -31.0   37.138  118.440    376.3    975.3
     1     1    21    11    23     4     0     0   -32.0   37.210  118.155    393.8    973.6
     1     1    21    11    23     3     0     0   -33.0   37.282  117.879    414.9    971.2
     1     1    21    11    23     2     0     0   -34.0   37.356  117.610    439.1    968.5
     1     1    21    11    23     1     0     0   -35.0   37.434  117.347    464.9    963.0
     1     1    21    11    23     0     0     0   -36.0   37.518  117.090    491.1    955.2
     1     1    21    11    22    23     0     0   -37.0   37.615  116.844    518.2    945.7
     1     1    21    11    22    22     0     0   -38.0   37.726  116.611    546.5    935.9
     1     1    21    11    22    21     0     0   -39.0   37.854  116.387    575.7    925.9
     1     1    21    11    22    20     0     0   -40.0   37.996  116.168    605.3    915.5
     1     1    21    11    22    19     0     0   -41.0   38.155  115.949    634.3    904.5
     1     1    21    11    22    18     0     0   -42.0   38.331  115.726    661.6    892.9
     1     1    21    11    22    17     0     0   -43.0   38.517  115.492    690.2    881.1
     1     1    21    11    22    16     0     0   -44.0   38.708  115.240    724.6    867.8
     1     1    21    11    22    15     0     0   -45.0   38.904  114.971    766.1    853.1
     1     1    21    11    22    14     0     0   -46.0   39.109  114.680    815.8    836.9
     1     1    21    11    22    13     0     0   -47.0   39.326  114.365    874.6    819.9
     1     1    21    11    22    12     0     0   -48.0   39.560  114.023    943.6    801.4
     1     1    21    11    22    11     0     0   -49.0   39.822  113.649   1017.5    781.4
     1     1    21    11    22    10     0     0   -50.0   40.116  113.238   1089.3    763.9
     1     1    21    11    22     9     0     0   -51.0   40.434  112.797   1156.7    751.4
     1     1    21    11    22     8     0     0   -52.0   40.764  112.332   1217.5    743.4
     1     1    21    11    22     7     0     0   -53.0   41.097  111.851   1270.7    739.4
     1     1    21    11    22     6     0     0   -54.0   41.423  111.358   1314.7    737.7
     1     1    21    11    22     5     0     0   -55.0   41.741  110.863   1354.9    737.8
     1     1    21    11    22     4     0     0   -56.0   42.055  110.376   1396.9    738.4
     1     1    21    11    22     3     0     0   -57.0   42.369  109.895   1441.0    738.9
     1     1    21    11    22     2     0     0   -58.0   42.692  109.422   1484.5    734.3
     1     1    21    11    22     1     0     0   -59.0   43.031  108.959   1529.1    727.9
     1     1    21    11    22     0     0     0   -60.0   43.395  108.503   1574.6    721.2
     1     1    21    11    21    23     0     0   -61.0   43.767  108.054   1617.7    714.4
     1     1    21    11    21    22     0     0   -62.0   44.130  107.612   1656.1    707.9
     1     1    21    11    21    21     0     0   -63.0   44.479  107.178   1688.9    702.1
     1     1    21    11    21    20     0     0   -64.0   44.815  106.751   1715.0    696.8
     1     1    21    11    21    19     0     0   -65.0   45.142  106.328   1735.0    691.8
     1     1    21    11    21    18     0     0   -66.0   45.464  105.914   1751.5    687.6
     1     1    21    11    21    17     0     0   -67.0   45.792  105.507   1768.4    684.7
     1     1    21    11    21    16     0     0   -68.0   46.134  105.102   1791.5    682.2
     1     1    21    11    21    15     0     0   -69.0   46.487  104.696   1820.9    677.0
     1     1    21    11    21    14     0     0   -70.0   46.851  104.284   1860.9    669.5
     1     1    21    11    21    13     0     0   -71.0   47.230  103.867   1916.4    660.0
     1     1    21    11    21    12     0     0   -72.0   47.628  103.447   1992.2    648.9
     1     1    21    11    21    11     0     0   -73.0   48.052  103.022   2080.4    637.2
     1     1    21    11    21    10     0     0   -74.0   48.504  102.587   2166.2    625.6
     1     1    21    11    21     9     0     0   -75.0   48.982  102.134   2243.8    613.4
     1     1    21    11    21     8     0     0   -76.0   49.483  101.658   2310.4    602.6
     1     1    21    11    21     7     0     0   -77.0   50.008  101.157   2364.7    593.3
     1     1    21    11    21     6     0     0   -78.0   50.556  100.620   2408.5    587.2
     1     1    21    11    21     5     0     0   -79.0   51.120  100.042   2442.7    580.7
     1     1    21    11    21     4     0     0   -80.0   51.677   99.430   2487.3    583.1
     1     1    21    11    21     3     0     0   -81.0   52.215   98.794   2523.7    585.5
     1     1    21    11    21     2     0     0   -82.0   52.739   98.128   2555.3    592.6
     1     1    21    11    21     1     0     0   -83.0   53.248   97.429   2582.9    605.7
     1     1    21    11    21     0     0     0   -84.0   53.731   96.702   2604.8    623.1
     1     1    21    11    20    23     0     0   -85.0   54.164   95.938   2610.9    637.6
     1     1    21    11    20    22     0     0   -86.0   54.541   95.120   2602.8    649.2
     1     1    21    11    20    21     0     0   -87.0   54.869   94.250   2584.9    661.1
     1     1    21    11    20    20     0     0   -88.0   55.153   93.339   2558.6    673.7
     1     1    21    11    20    19     0     0   -89.0   55.402   92.400   2522.8    685.9
     1     1    21    11    20    18     0     0   -90.0   55.625   91.441   2478.1    698.2
     1     1    21    11    20    17     0     0   -91.0   55.820   90.485   2431.0    710.4
     1     1    21    11    20    16     0     0   -92.0   55.992   89.545   2388.5    721.0
     1     1    21    11    20    15     0     0   -93.0   56.142   88.615   2350.7    730.6
     1     1    21    11    20    14     0     0   -94.0   56.274   87.693   2317.9    739.2
     1     1    21    11    20    13     0     0   -95.0   56.395   86.773   2288.1    745.0
     1     1    21    11    20    12     0     0   -96.0   56.508   85.848   2263.5    749.6
