     2     1
    CDC1    21     6     1     0     0
    CDC1    21     7     1     0     0
     1 BACKWARD OMEGA   
  2021     7    15    15   37.500  127.000   500.0
     1 PRESSURE
     1     1    21     7    15    15     0     0     0.0   37.500  127.000    500.0    939.8
     1     1    21     7    15    14     0     0    -1.0   37.390  127.043    488.7    940.8
     1     1    21     7    15    13     0     0    -2.0   37.286  127.092    477.3    941.7
     1     1    21     7    15    12     0     0    -3.0   37.187  127.147    465.8    942.7
     1     1    21     7    15    11     0     0    -4.0   37.092  127.199    454.7    944.0
     1     1    21     7    15    10     0     0    -5.0   36.996  127.238    444.6    945.2
     1     1    21     7    15     9     0     0    -6.0   36.899  127.265    435.8    946.3
     1     1    21     7    15     8     0     0    -7.0   36.799  127.279    428.5    947.3
     1     1    21     7    15     7     0     0    -8.0   36.695  127.280    422.7    948.1
     1     1    21     7    15     6     0     0    -9.0   36.586  127.269    418.5    948.9
     1     1    21     7    15     5     0     0   -10.0   36.471  127.251    415.3    949.5
     1     1    21     7    15     4     0     0   -11.0   36.349  127.233    411.9    950.4
     1     1    21     7    15     3     0     0   -12.0   36.221  127.216    408.5    951.2
     1     1    21     7    15     2     0     0   -13.0   36.089  127.198    405.1    952.1
     1     1    21     7    15     1     0     0   -14.0   35.953  127.181    401.7    953.1
     1     1    21     7    15     0     0     0   -15.0   35.813  127.163    398.4    954.0
     1     1    21     7    14    23     0     0   -16.0   35.672  127.140    395.9    954.6
     1     1    21     7    14    22     0     0   -17.0   35.526  127.105    395.1    955.0
     1     1    21     7    14    21     0     0   -18.0   35.374  127.058    396.0    955.2
     1     1    21     7    14    20     0     0   -19.0   35.216  126.999    398.8    955.2
     1     1    21     7    14    19     0     0   -20.0   35.048  126.925    403.6    955.0
     1     1    21     7    14    18     0     0   -21.0   34.869  126.840    410.2    954.9
     1     1    21     7    14    17     0     0   -22.0   34.677  126.759    417.5    954.8
     1     1    21     7    14    16     0     0   -23.0   34.474  126.698    424.3    954.7
     1     1    21     7    14    15     0     0   -24.0   34.265  126.655    430.5    954.7
     1     1    21     7    14    14     0     0   -25.0   34.051  126.632    435.9    954.7
     1     1    21     7    14    13     0     0   -26.0   33.835  126.629    440.2    954.9
     1     1    21     7    14    12     0     0   -27.0   33.621  126.645    443.2    955.1
     1     1    21     7    14    11     0     0   -28.0   33.408  126.668    444.3    955.8
     1     1    21     7    14    10     0     0   -29.0   33.192  126.683    443.3    956.8
     1     1    21     7    14     9     0     0   -30.0   32.974  126.691    440.2    958.1
     1     1    21     7    14     8     0     0   -31.0   32.752  126.691    435.0    959.6
     1     1    21     7    14     7     0     0   -32.0   32.527  126.683    427.9    961.5
     1     1    21     7    14     6     0     0   -33.0   32.299  126.671    419.1    963.0
     1     1    21     7    14     5     0     0   -34.0   32.074  126.654    409.5    964.6
     1     1    21     7    14     4     0     0   -35.0   31.855  126.632    399.7    966.2
     1     1    21     7    14     3     0     0   -36.0   31.643  126.606    389.8    967.8
     1     1    21     7    14     2     0     0   -37.0   31.437  126.575    379.9    969.2
     1     1    21     7    14     1     0     0   -38.0   31.238  126.540    370.3    970.5
     1     1    21     7    14     0     0     0   -39.0   31.045  126.500    361.0    971.8
     1     1    21     7    13    23     0     0   -40.0   30.847  126.460    351.9    972.6
     1     1    21     7    13    22     0     0   -41.0   30.632  126.428    342.4    973.4
     1     1    21     7    13    21     0     0   -42.0   30.401  126.403    332.5    974.4
     1     1    21     7    13    20     0     0   -43.0   30.155  126.386    322.2    975.4
     1     1    21     7    13    19     0     0   -44.0   29.894  126.379    311.3    976.5
     1     1    21     7    13    18     0     0   -45.0   29.621  126.386    300.3    977.4
     1     1    21     7    13    17     0     0   -46.0   29.354  126.410    290.6    978.8
     1     1    21     7    13    16     0     0   -47.0   29.108  126.454    283.7    979.6
     1     1    21     7    13    15     0     0   -48.0   28.881  126.514    279.0    980.3
     1     1    21     7    13    14     0     0   -49.0   28.674  126.589    276.0    980.7
     1     1    21     7    13    13     0     0   -50.0   28.486  126.677    274.5    981.0
     1     1    21     7    13    12     0     0   -51.0   28.317  126.777    274.0    981.2
     1     1    21     7    13    11     0     0   -52.0   28.158  126.879    274.0    980.9
     1     1    21     7    13    10     0     0   -53.0   28.003  126.976    274.4    980.6
     1     1    21     7    13     9     0     0   -54.0   27.852  127.066    275.2    980.2
     1     1    21     7    13     8     0     0   -55.0   27.704  127.150    276.1    979.7
     1     1    21     7    13     7     0     0   -56.0   27.561  127.227    277.3    979.2
     1     1    21     7    13     6     0     0   -57.0   27.421  127.297    278.7    978.8
     1     1    21     7    13     5     0     0   -58.0   27.286  127.366    280.6    978.8
     1     1    21     7    13     4     0     0   -59.0   27.157  127.440    283.3    978.6
     1     1    21     7    13     3     0     0   -60.0   27.032  127.519    287.1    978.4
     1     1    21     7    13     2     0     0   -61.0   26.910  127.602    292.3    977.9
     1     1    21     7    13     1     0     0   -62.0   26.790  127.690    299.1    977.2
     1     1    21     7    13     0     0     0   -63.0   26.671  127.782    307.7    976.4
     1     1    21     7    12    23     0     0   -64.0   26.554  127.878    316.1    975.0
     1     1    21     7    12    22     0     0   -65.0   26.440  127.979    322.3    974.2
     1     1    21     7    12    21     0     0   -66.0   26.333  128.083    326.3    973.6
     1     1    21     7    12    20     0     0   -67.0   26.233  128.191    328.2    973.2
     1     1    21     7    12    19     0     0   -68.0   26.141  128.303    327.8    973.1
     1     1    21     7    12    18     0     0   -69.0   26.058  128.417    325.3    973.3
     1     1    21     7    12    17     0     0   -70.0   25.983  128.534    323.0    974.0
     1     1    21     7    12    16     0     0   -71.0   25.912  128.654    323.2    974.2
     1     1    21     7    12    15     0     0   -72.0   25.846  128.776    325.9    974.0
     1     1    21     7    12    14     0     0   -73.0   25.783  128.901    330.8    973.7
     1     1    21     7    12    13     0     0   -74.0   25.724  129.027    338.0    973.1
     1     1    21     7    12    12     0     0   -75.0   25.669  129.156    347.3    972.2
     1     1    21     7    12    11     0     0   -76.0   25.621  129.283    356.1    971.4
     1     1    21     7    12    10     0     0   -77.0   25.580  129.404    361.3    971.2
     1     1    21     7    12     9     0     0   -78.0   25.545  129.521    363.1    971.4
     1     1    21     7    12     8     0     0   -79.0   25.516  129.633    361.4    971.9
     1     1    21     7    12     7     0     0   -80.0   25.493  129.740    356.0    972.7
     1     1    21     7    12     6     0     0   -81.0   25.474  129.842    347.1    974.0
     1     1    21     7    12     5     0     0   -82.0   25.454  129.946    336.8    975.2
     1     1    21     7    12     4     0     0   -83.0   25.428  130.058    327.5    976.2
     1     1    21     7    12     3     0     0   -84.0   25.396  130.179    319.4    977.0
     1     1    21     7    12     2     0     0   -85.0   25.357  130.309    312.4    977.8
     1     1    21     7    12     1     0     0   -86.0   25.312  130.450    306.3    978.5
     1     1    21     7    12     0     0     0   -87.0   25.263  130.602    301.1    979.1
     1     1    21     7    11    23     0     0   -88.0   25.215  130.763    298.3    979.6
     1     1    21     7    11    22     0     0   -89.0   25.175  130.930    299.4    979.4
     1     1    21     7    11    21     0     0   -90.0   25.143  131.101    304.6    978.8
     1     1    21     7    11    20     0     0   -91.0   25.118  131.275    313.8    977.8
     1     1    21     7    11    19     0     0   -92.0   25.101  131.453    327.2    976.3
     1     1    21     7    11    18     0     0   -93.0   25.092  131.633    344.7    974.5
     1     1    21     7    11    17     0     0   -94.0   25.089  131.814    364.3    972.5
     1     1    21     7    11    16     0     0   -95.0   25.092  131.994    384.1    970.8
     1     1    21     7    11    15     0     0   -96.0   25.100  132.175    404.0    968.5
