     2     1
    CDC1    21     7     1     0     0
    CDC1    21     8     1     0     0
     1 BACKWARD OMEGA   
  2021     8     3     0   37.500  127.000   500.0
     1 PRESSURE
     1     1    21     8     3     0     0     0     0.0   37.500  127.000    500.0    932.2
     1     1    21     8     2    23     0     0    -1.0   37.381  126.905    489.0    934.2
     1     1    21     8     2    22     0     0    -2.0   37.267  126.822    480.1    935.8
     1     1    21     8     2    21     0     0    -3.0   37.158  126.750    472.9    937.1
     1     1    21     8     2    20     0     0    -4.0   37.053  126.689    467.3    938.1
     1     1    21     8     2    19     0     0    -5.0   36.953  126.637    463.1    939.0
     1     1    21     8     2    18     0     0    -6.0   36.857  126.594    460.0    939.6
     1     1    21     8     2    17     0     0    -7.0   36.762  126.548    456.0    939.9
     1     1    21     8     2    16     0     0    -8.0   36.664  126.491    449.3    940.9
     1     1    21     8     2    15     0     0    -9.0   36.565  126.423    440.0    942.2
     1     1    21     8     2    14     0     0   -10.0   36.464  126.345    428.3    944.0
     1     1    21     8     2    13     0     0   -11.0   36.363  126.258    414.3    946.0
     1     1    21     8     2    12     0     0   -12.0   36.262  126.164    398.2    948.4
     1     1    21     8     2    11     0     0   -13.0   36.160  126.072    382.7    951.0
     1     1    21     8     2    10     0     0   -14.0   36.053  125.994    370.0    952.5
     1     1    21     8     2     9     0     0   -15.0   35.941  125.926    359.9    953.7
     1     1    21     8     2     8     0     0   -16.0   35.825  125.869    352.4    954.7
     1     1    21     8     2     7     0     0   -17.0   35.704  125.822    347.4    955.3
     1     1    21     8     2     6     0     0   -18.0   35.578  125.784    345.0    955.5
     1     1    21     8     2     5     0     0   -19.0   35.451  125.754    343.6    955.8
     1     1    21     8     2     4     0     0   -20.0   35.329  125.730    341.0    956.4
     1     1    21     8     2     3     0     0   -21.0   35.212  125.712    337.1    957.1
     1     1    21     8     2     2     0     0   -22.0   35.100  125.700    331.8    957.9
     1     1    21     8     2     1     0     0   -23.0   34.993  125.694    324.8    959.0
     1     1    21     8     2     0     0     0   -24.0   34.893  125.695    316.1    960.2
     1     1    21     8     1    23     0     0   -25.0   34.800  125.701    307.7    961.0
     1     1    21     8     1    22     0     0   -26.0   34.717  125.709    302.0    961.4
     1     1    21     8     1    21     0     0   -27.0   34.642  125.716    298.7    961.5
     1     1    21     8     1    20     0     0   -28.0   34.575  125.722    298.0    961.3
     1     1    21     8     1    19     0     0   -29.0   34.515  125.726    299.9    960.9
     1     1    21     8     1    18     0     0   -30.0   34.463  125.727    304.5    960.1
     1     1    21     8     1    17     0     0   -31.0   34.408  125.721    308.9    959.5
     1     1    21     8     1    16     0     0   -32.0   34.339  125.706    310.0    959.6
     1     1    21     8     1    15     0     0   -33.0   34.257  125.682    307.7    960.2
     1     1    21     8     1    14     0     0   -34.0   34.163  125.652    301.9    961.1
     1     1    21     8     1    13     0     0   -35.0   34.059  125.615    292.7    962.4
     1     1    21     8     1    12     0     0   -36.0   33.945  125.573    279.9    964.2
     1     1    21     8     1    11     0     0   -37.0   33.825  125.543    266.5    966.4
     1     1    21     8     1    10     0     0   -38.0   33.702  125.539    255.4    968.0
     1     1    21     8     1     9     0     0   -39.0   33.574  125.560    246.7    969.3
     1     1    21     8     1     8     0     0   -40.0   33.441  125.603    240.5    970.3
     1     1    21     8     1     7     0     0   -41.0   33.302  125.666    237.3    970.9
     1     1    21     8     1     6     0     0   -42.0   33.156  125.748    237.1    971.2
     1     1    21     8     1     5     0     0   -43.0   33.013  125.834    237.2    971.1
     1     1    21     8     1     4     0     0   -44.0   32.884  125.914    234.3    971.7
     1     1    21     8     1     3     0     0   -45.0   32.769  125.987    228.4    972.8
     1     1    21     8     1     2     0     0   -46.0   32.668  126.054    219.4    974.2
     1     1    21     8     1     1     0     0   -47.0   32.581  126.113    207.3    976.0
     1     1    21     8     1     0     0     0   -48.0   32.506  126.165    192.3    977.9
     1     1    21     7    31    23     0     0   -49.0   32.433  126.208    177.6    979.6
     1     1    21     7    31    22     0     0   -50.0   32.353  126.239    166.3    980.7
     1     1    21     7    31    21     0     0   -51.0   32.266  126.259    158.1    981.5
     1     1    21     7    31    20     0     0   -52.0   32.171  126.269    152.6    982.1
     1     1    21     7    31    19     0     0   -53.0   32.070  126.267    149.8    982.5
     1     1    21     7    31    18     0     0   -54.0   31.962  126.257    149.3    982.5
     1     1    21     7    31    17     0     0   -55.0   31.850  126.241    150.0    982.4
     1     1    21     7    31    16     0     0   -56.0   31.738  126.226    150.6    982.5
     1     1    21     7    31    15     0     0   -57.0   31.626  126.212    151.0    982.7
     1     1    21     7    31    14     0     0   -58.0   31.512  126.199    151.2    982.8
     1     1    21     7    31    13     0     0   -59.0   31.396  126.187    151.2    983.1
     1     1    21     7    31    12     0     0   -60.0   31.277  126.178    151.0    983.3
     1     1    21     7    31    11     0     0   -61.0   31.153  126.175    150.4    983.4
     1     1    21     7    31    10     0     0   -62.0   31.024  126.178    149.3    983.6
     1     1    21     7    31     9     0     0   -63.0   30.890  126.189    148.0    983.8
     1     1    21     7    31     8     0     0   -64.0   30.752  126.204    146.7    984.0
     1     1    21     7    31     7     0     0   -65.0   30.610  126.225    145.8    984.2
     1     1    21     7    31     6     0     0   -66.0   30.467  126.250    145.5    984.3
     1     1    21     7    31     5     0     0   -67.0   30.321  126.280    145.6    984.6
     1     1    21     7    31     4     0     0   -68.0   30.176  126.314    145.9    985.1
     1     1    21     7    31     3     0     0   -69.0   30.029  126.353    146.3    985.6
     1     1    21     7    31     2     0     0   -70.0   29.883  126.394    146.6    985.9
     1     1    21     7    31     1     0     0   -71.0   29.741  126.436    146.7    986.2
     1     1    21     7    31     0     0     0   -72.0   29.603  126.478    146.4    986.5
     1     1    21     7    30    23     0     0   -73.0   29.468  126.512    146.2    986.3
     1     1    21     7    30    22     0     0   -74.0   29.331  126.532    146.4    986.1
     1     1    21     7    30    21     0     0   -75.0   29.190  126.538    146.9    985.8
     1     1    21     7    30    20     0     0   -76.0   29.045  126.531    147.6    985.5
     1     1    21     7    30    19     0     0   -77.0   28.896  126.510    148.7    985.1
     1     1    21     7    30    18     0     0   -78.0   28.741  126.476    150.2    984.8
     1     1    21     7    30    17     0     0   -79.0   28.581  126.442    151.7    984.7
     1     1    21     7    30    16     0     0   -80.0   28.417  126.421    152.9    984.7
     1     1    21     7    30    15     0     0   -81.0   28.251  126.413    153.7    984.7
     1     1    21     7    30    14     0     0   -82.0   28.080  126.419    153.8    984.8
     1     1    21     7    30    13     0     0   -83.0   27.907  126.438    153.2    984.9
     1     1    21     7    30    12     0     0   -84.0   27.729  126.471    151.5    985.1
     1     1    21     7    30    11     0     0   -85.0   27.556  126.510    150.0    985.3
     1     1    21     7    30    10     0     0   -86.0   27.397  126.545    150.4    985.2
     1     1    21     7    30     9     0     0   -87.0   27.253  126.572    152.7    985.0
     1     1    21     7    30     8     0     0   -88.0   27.123  126.590    157.0    984.6
     1     1    21     7    30     7     0     0   -89.0   27.007  126.601    163.6    984.0
     1     1    21     7    30     6     0     0   -90.0   26.906  126.606    172.4    983.2
     1     1    21     7    30     5     0     0   -91.0   26.815  126.606    182.7    982.2
     1     1    21     7    30     4     0     0   -92.0   26.731  126.603    193.7    981.4
     1     1    21     7    30     3     0     0   -93.0   26.653  126.597    205.3    980.3
     1     1    21     7    30     2     0     0   -94.0   26.582  126.588    217.3    979.0
     1     1    21     7    30     1     0     0   -95.0   26.516  126.573    229.4    977.7
     1     1    21     7    30     0     0     0   -96.0   26.456  126.554    241.7    976.4
