     2     1
    CDC1    21     9     1     0     0
    CDC1    21    10     1     0     0
     1 BACKWARD OMEGA   
  2021    10    12    21   37.500  127.000   500.0
     1 PRESSURE
     1     1    21    10    12    21     0     0     0.0   37.500  127.000    500.0    948.2
     1     1    21    10    12    20     0     0    -1.0   37.519  127.198    521.4    944.7
     1     1    21    10    12    19     0     0    -2.0   37.524  127.399    546.1    940.9
     1     1    21    10    12    18     0     0    -3.0   37.516  127.601    574.6    937.8
     1     1    21    10    12    17     0     0    -4.0   37.504  127.802    603.6    935.5
     1     1    21    10    12    16     0     0    -5.0   37.497  128.002    628.8    933.8
     1     1    21    10    12    15     0     0    -6.0   37.495  128.201    649.8    932.0
     1     1    21    10    12    14     0     0    -7.0   37.500  128.397    666.4    930.9
     1     1    21    10    12    13     0     0    -8.0   37.510  128.594    678.1    930.2
     1     1    21    10    12    12     0     0    -9.0   37.527  128.794    684.5    930.0
     1     1    21    10    12    11     0     0   -10.0   37.549  128.996    687.2    930.1
     1     1    21    10    12    10     0     0   -11.0   37.574  129.199    688.6    930.2
     1     1    21    10    12     9     0     0   -12.0   37.602  129.404    688.6    930.4
     1     1    21    10    12     8     0     0   -13.0   37.633  129.613    687.5    930.8
     1     1    21    10    12     7     0     0   -14.0   37.668  129.826    685.4    931.3
     1     1    21    10    12     6     0     0   -15.0   37.706  130.043    682.6    932.2
     1     1    21    10    12     5     0     0   -16.0   37.750  130.268    679.5    934.5
     1     1    21    10    12     4     0     0   -17.0   37.801  130.503    676.3    936.8
     1     1    21    10    12     3     0     0   -18.0   37.860  130.746    673.1    939.3
     1     1    21    10    12     2     0     0   -19.0   37.926  130.999    670.3    942.0
     1     1    21    10    12     1     0     0   -20.0   38.001  131.260    668.4    944.7
     1     1    21    10    12     0     0     0   -21.0   38.086  131.530    667.6    947.6
     1     1    21    10    11    23     0     0   -22.0   38.181  131.804    667.1    950.1
     1     1    21    10    11    22     0     0   -23.0   38.288  132.077    666.1    953.0
     1     1    21    10    11    21     0     0   -24.0   38.411  132.349    665.0    956.2
     1     1    21    10    11    20     0     0   -25.0   38.548  132.618    663.6    957.8
     1     1    21    10    11    19     0     0   -26.0   38.700  132.879    662.1    957.3
     1     1    21    10    11    18     0     0   -27.0   38.866  133.131    661.4    957.1
     1     1    21    10    11    17     0     0   -28.0   39.043  133.359    661.1    957.2
     1     1    21    10    11    16     0     0   -29.0   39.225  133.547    661.0    957.7
     1     1    21    10    11    15     0     0   -30.0   39.409  133.694    661.1    958.4
     1     1    21    10    11    14     0     0   -31.0   39.595  133.797    661.5    959.2
     1     1    21    10    11    13     0     0   -32.0   39.782  133.853    662.3    960.1
     1     1    21    10    11    12     0     0   -33.0   39.970  133.859    663.8    960.8
     1     1    21    10    11    11     0     0   -34.0   40.160  133.828    666.8    958.6
     1     1    21    10    11    10     0     0   -35.0   40.352  133.774    672.5    955.0
     1     1    21    10    11     9     0     0   -36.0   40.543  133.695    681.6    950.9
     1     1    21    10    11     8     0     0   -37.0   40.733  133.595    694.3    946.2
     1     1    21    10    11     7     0     0   -38.0   40.918  133.474    711.0    940.9
     1     1    21    10    11     6     0     0   -39.0   41.097  133.332    731.7    935.0
     1     1    21    10    11     5     0     0   -40.0   41.282  133.166    755.9    928.5
     1     1    21    10    11     4     0     0   -41.0   41.487  132.970    783.0    921.3
     1     1    21    10    11     3     0     0   -42.0   41.716  132.748    813.5    913.3
     1     1    21    10    11     2     0     0   -43.0   41.970  132.501    848.0    904.4
     1     1    21    10    11     1     0     0   -44.0   42.254  132.235    886.5    891.5
     1     1    21    10    11     0     0     0   -45.0   42.569  131.953    931.3    878.4
     1     1    21    10    10    23     0     0   -46.0   42.904  131.638    984.9    866.6
     1     1    21    10    10    22     0     0   -47.0   43.249  131.275   1048.5    854.1
     1     1    21    10    10    21     0     0   -48.0   43.609  130.867   1123.9    841.1
     1     1    21    10    10    20     0     0   -49.0   43.988  130.419   1213.1    827.7
     1     1    21    10    10    19     0     0   -50.0   44.391  129.939   1318.1    814.4
     1     1    21    10    10    18     0     0   -51.0   44.822  129.439   1439.3    804.3
     1     1    21    10    10    17     0     0   -52.0   45.262  128.919   1558.2    794.3
     1     1    21    10    10    16     0     0   -53.0   45.693  128.368   1659.1    787.0
     1     1    21    10    10    15     0     0   -54.0   46.124  127.790   1741.0    781.4
     1     1    21    10    10    14     0     0   -55.0   46.565  127.188   1804.4    778.3
     1     1    21    10    10    13     0     0   -56.0   47.021  126.569   1848.4    776.4
     1     1    21    10    10    12     0     0   -57.0   47.499  125.938   1873.3    774.3
     1     1    21    10    10    11     0     0   -58.0   47.984  125.308   1889.1    770.4
     1     1    21    10    10    10     0     0   -59.0   48.458  124.697   1908.4    761.2
     1     1    21    10    10     9     0     0   -60.0   48.934  124.124   1932.7    748.3
     1     1    21    10    10     8     0     0   -61.0   49.426  123.607   1964.3    734.9
     1     1    21    10    10     7     0     0   -62.0   49.955  123.165   2001.8    721.1
     1     1    21    10    10     6     0     0   -63.0   50.519  122.804   2049.5    713.1
     1     1    21    10    10     5     0     0   -64.0   51.076  122.514   2092.8    706.2
     1     1    21    10    10     4     0     0   -65.0   51.595  122.284   2125.8    703.0
     1     1    21    10    10     3     0     0   -66.0   52.078  122.124   2145.6    701.4
     1     1    21    10    10     2     0     0   -67.0   52.529  122.051   2152.8    700.9
     1     1    21    10    10     1     0     0   -68.0   52.947  122.053   2149.4    698.9
     1     1    21    10    10     0     0     0   -69.0   53.332  122.112   2144.6    697.3
     1     1    21    10     9    23     0     0   -70.0   53.664  122.225   2135.9    696.7
     1     1    21    10     9    22     0     0   -71.0   53.920  122.386   2120.1    697.7
     1     1    21    10     9    21     0     0   -72.0   54.103  122.591   2096.0    700.4
     1     1    21    10     9    20     0     0   -73.0   54.217  122.838   2063.4    704.7
     1     1    21    10     9    19     0     0   -74.0   54.265  123.123   2021.8    710.4
     1     1    21    10     9    18     0     0   -75.0   54.248  123.444   1971.3    717.7
     1     1    21    10     9    17     0     0   -76.0   54.200  123.775   1919.2    726.5
     1     1    21    10     9    16     0     0   -77.0   54.153  124.086   1874.0    733.9
     1     1    21    10     9    15     0     0   -78.0   54.104  124.374   1834.2    741.0
     1     1    21    10     9    14     0     0   -79.0   54.053  124.636   1799.1    747.6
     1     1    21    10     9    13     0     0   -80.0   53.999  124.870   1768.0    753.8
     1     1    21    10     9    12     0     0   -81.0   53.940  125.071   1739.9    759.2
     1     1    21    10     9    11     0     0   -82.0   53.869  125.218   1714.2    763.2
     1     1    21    10     9    10     0     0   -83.0   53.780  125.294   1690.1    767.3
     1     1    21    10     9     9     0     0   -84.0   53.672  125.305   1667.1    771.1
     1     1    21    10     9     8     0     0   -85.0   53.548  125.256   1644.6    774.9
     1     1    21    10     9     7     0     0   -86.0   53.409  125.155   1622.3    778.8
     1     1    21    10     9     6     0     0   -87.0   53.256  125.009   1599.5    782.7
     1     1    21    10     9     5     0     0   -88.0   53.097  124.845   1571.9    785.3
     1     1    21    10     9     4     0     0   -89.0   52.940  124.680   1539.8    788.5
     1     1    21    10     9     3     0     0   -90.0   52.785  124.510   1503.7    792.0
     1     1    21    10     9     2     0     0   -91.0   52.632  124.333   1464.8    795.6
     1     1    21    10     9     1     0     0   -92.0   52.478  124.142   1424.4    798.9
     1     1    21    10     9     0     0     0   -93.0   52.325  123.929   1383.6    800.7
     1     1    21    10     8    23     0     0   -94.0   52.168  123.687   1345.7    801.8
     1     1    21    10     8    22     0     0   -95.0   52.008  123.412   1313.4    801.8
     1     1    21    10     8    21     0     0   -96.0   51.845  123.105   1286.2    800.9
