     2     1
    CDC1    21     8     1     0     0
    CDC1    21     9     1     0     0
     1 BACKWARD OMEGA   
  2021     9     7    18   37.500  127.000   500.0
     1 PRESSURE
     1     1    21     9     7    18     0     0     0.0   37.500  127.000    500.0    932.7
     1     1    21     9     7    17     0     0    -1.0   37.736  126.782    494.5    930.8
     1     1    21     9     7    16     0     0    -2.0   37.954  126.583    486.8    929.5
     1     1    21     9     7    15     0     0    -3.0   38.157  126.405    477.0    928.7
     1     1    21     9     7    14     0     0    -4.0   38.349  126.247    465.1    928.3
     1     1    21     9     7    13     0     0    -5.0   38.533  126.111    451.1    928.1
     1     1    21     9     7    12     0     0    -6.0   38.711  125.999    435.0    928.2
     1     1    21     9     7    11     0     0    -7.0   38.870  125.916    416.6    928.7
     1     1    21     9     7    10     0     0    -8.0   39.000  125.866    396.1    929.6
     1     1    21     9     7     9     0     0    -9.0   39.101  125.847    373.5    930.9
     1     1    21     9     7     8     0     0   -10.0   39.171  125.860    349.1    932.0
     1     1    21     9     7     7     0     0   -11.0   39.213  125.901    323.1    933.6
     1     1    21     9     7     6     0     0   -12.0   39.227  125.970    295.8    935.6
     1     1    21     9     7     5     0     0   -13.0   39.223  126.061    268.7    938.2
     1     1    21     9     7     4     0     0   -14.0   39.214  126.170    243.2    940.7
     1     1    21     9     7     3     0     0   -15.0   39.195  126.296    219.3    943.2
     1     1    21     9     7     2     0     0   -16.0   39.164  126.442    197.3    945.7
     1     1    21     9     7     1     0     0   -17.0   39.115  126.607    177.5    947.4
     1     1    21     9     7     0     0     0   -18.0   39.044  126.794    160.1    949.3
     1     1    21     9     6    23     0     0   -19.0   38.939  127.007    143.5    951.5
     1     1    21     9     6    22     0     0   -20.0   38.792  127.254    126.4    954.6
     1     1    21     9     6    21     0     0   -21.0   38.609  127.536    109.9    958.8
     1     1    21     9     6    20     0     0   -22.0   38.406  127.850     95.2    966.6
     1     1    21     9     6    19     0     0   -23.0   38.203  128.188     82.1    973.9
     1     1    21     9     6    18     0     0   -24.0   38.007  128.552     69.4    980.6
     1     1    21     9     6    17     0     0   -25.0   37.830  128.928     56.6    986.6
     1     1    21     9     6    16     0     0   -26.0   37.685  129.300     43.8    992.0
     1     1    21     9     6    15     0     0   -27.0   37.580  129.663     31.4    997.0
     1     1    21     9     6    14     0     0   -28.0   37.523  130.005     20.3   1001.4
     1     1    21     9     6    13     0     0   -29.0   37.514  130.319     12.7   1006.4
     1     1    21     9     6    12     0     0   -30.0   37.539  130.622      8.0   1009.3
     1     1    21     9     6    11     0     0   -31.0   37.587  130.927      4.7   1011.6
     1     1    21     9     6    10     0     0   -32.0   37.650  131.241      1.6   1014.2
     1     1    21     9     6     9     0     0   -33.0   37.727  131.561      0.0   1016.9
     1     1    21     9     6     8     0     0   -34.0   37.819  131.884      0.0   1019.9
     1     1    21     9     6     7     0     0   -35.0   37.925  132.204      0.0   1023.1
     1     1    21     9     6     6     0     0   -36.0   38.047  132.518      0.0   1026.3
     1     1    21     9     6     5     0     0   -37.0   38.183  132.823      0.0   1025.4
     1     1    21     9     6     4     0     0   -38.0   38.335  133.122      0.0   1025.0
     1     1    21     9     6     3     0     0   -39.0   38.505  133.413      0.0   1024.9
     1     1    21     9     6     2     0     0   -40.0   38.694  133.697      0.0   1025.4
     1     1    21     9     6     1     0     0   -41.0   38.903  133.977      0.0   1026.4
     1     1    21     9     6     0     0     0   -42.0   39.136  134.255      0.0   1028.0
     1     1    21     9     5    23     0     0   -43.0   39.382  134.534      0.0   1030.0
     1     1    21     9     5    22     0     0   -44.0   39.630  134.819      0.0   1032.6
     1     1    21     9     5    21     0     0   -45.0   39.876  135.113      0.0   1034.6
     1     1    21     9     5    20     0     0   -46.0   40.108  135.409      0.0   1032.6
     1     1    21     9     5    19     0     0   -47.0   40.313  135.691      0.0   1028.7
     1     1    21     9     5    18     0     0   -48.0   40.492  135.956      0.0   1025.4
     1     1    21     9     5    17     0     0   -49.0   40.650  136.211      0.0   1022.7
     1     1    21     9     5    16     0     0   -50.0   40.790  136.467      0.0   1020.3
     1     1    21     9     5    15     0     0   -51.0   40.914  136.726      0.0   1018.1
     1     1    21     9     5    14     0     0   -52.0   41.024  136.991      0.2   1016.2
     1     1    21     9     5    13     0     0   -53.0   41.121  137.265      0.6   1014.4
     1     1    21     9     5    12     0     0   -54.0   41.206  137.548      1.0   1012.9
     1     1    21     9     5    11     0     0   -55.0   41.285  137.827      1.5   1012.2
     1     1    21     9     5    10     0     0   -56.0   41.363  138.094      1.8   1011.7
     1     1    21     9     5     9     0     0   -57.0   41.442  138.353      1.9   1011.2
     1     1    21     9     5     8     0     0   -58.0   41.523  138.608      1.9   1010.8
     1     1    21     9     5     7     0     0   -59.0   41.607  138.863      1.9   1010.6
     1     1    21     9     5     6     0     0   -60.0   41.694  139.123      1.8   1010.4
     1     1    21     9     5     5     0     0   -61.0   41.775  139.386      1.7   1010.5
     1     1    21     9     5     4     0     0   -62.0   41.840  139.649      1.5   1010.7
     1     1    21     9     5     3     0     0   -63.0   41.887  139.911      1.1   1010.7
     1     1    21     9     5     2     0     0   -64.0   41.917  140.170      0.5   1010.5
     1     1    21     9     5     1     0     0   -65.0   41.937  140.425      0.0   1010.1
     1     1    21     9     5     0     0     0   -66.0   41.949  140.677      0.0   1009.7
     1     1    21     9     4    23     0     0   -67.0   41.960  140.923      0.0   1009.2
     1     1    21     9     4    22     0     0   -68.0   41.975  141.159      0.0   1008.6
     1     1    21     9     4    21     0     0   -69.0   41.995  141.383      0.0   1008.0
     1     1    21     9     4    20     0     0   -70.0   42.016  141.598      0.0   1007.5
     1     1    21     9     4    19     0     0   -71.0   42.040  141.801      0.0   1006.9
     1     1    21     9     4    18     0     0   -72.0   42.064  141.993      0.0   1006.4
     1     1    21     9     4    17     0     0   -73.0   42.082  142.174      0.0   1006.1
     1     1    21     9     4    16     0     0   -74.0   42.089  142.346      0.0   1005.8
     1     1    21     9     4    15     0     0   -75.0   42.085  142.506      0.0   1005.5
     1     1    21     9     4    14     0     0   -76.0   42.072  142.656      0.0   1005.5
     1     1    21     9     4    13     0     0   -77.0   42.052  142.798      0.0   1005.5
     1     1    21     9     4    12     0     0   -78.0   42.028  142.932      0.0   1005.6
     1     1    21     9     4    11     0     0   -79.0   42.003  143.073      0.0   1005.2
     1     1    21     9     4    10     0     0   -80.0   41.987  143.232      0.0   1004.8
     1     1    21     9     4     9     0     0   -81.0   41.979  143.411      0.0   1004.4
     1     1    21     9     4     8     0     0   -82.0   41.981  143.611      0.0   1004.0
     1     1    21     9     4     7     0     0   -83.0   41.993  143.831      0.0   1003.5
     1     1    21     9     4     6     0     0   -84.0   42.015  144.074      0.0   1003.1
     1     1    21     9     4     5     0     0   -85.0   42.046  144.328      0.0   1003.1
     1     1    21     9     4     4     0     0   -86.0   42.082  144.583      0.0   1003.0
     1     1    21     9     4     3     0     0   -87.0   42.120  144.833      0.0   1002.9
     1     1    21     9     4     2     0     0   -88.0   42.159  145.075      0.0   1003.3
     1     1    21     9     4     1     0     0   -89.0   42.196  145.302      0.0   1004.6
     1     1    21     9     4     0     0     0   -90.0   42.229  145.515      0.0   1005.9
     1     1    21     9     3    23     0     0   -91.0   42.261  145.707      0.0   1006.6
     1     1    21     9     3    22     0     0   -92.0   42.297  145.876      0.0   1007.1
     1     1    21     9     3    21     0     0   -93.0   42.335  146.023      0.0   1007.5
     1     1    21     9     3    20     0     0   -94.0   42.375  146.148      0.0   1007.8
     1     1    21     9     3    19     0     0   -95.0   42.415  146.253      0.0   1007.9
     1     1    21     9     3    18     0     0   -96.0   42.455  146.338      0.4   1007.9
