     2     1
    CDC1    21     4     1     0     0
    CDC1    21     5     1     0     0
     1 BACKWARD OMEGA   
  2021     5    16    21   37.500  127.000   500.0
     1 PRESSURE
     1     1    21     5    16    21     0     0     0.0   37.500  127.000    500.0    927.8
     1     1    21     5    16    20     0     0    -1.0   37.680  127.024    501.3    925.0
     1     1    21     5    16    19     0     0    -2.0   37.865  127.041    507.4    921.3
     1     1    21     5    16    18     0     0    -3.0   38.056  127.052    519.1    917.0
     1     1    21     5    16    17     0     0    -4.0   38.248  127.069    533.0    912.1
     1     1    21     5    16    16     0     0    -5.0   38.436  127.107    545.6    907.6
     1     1    21     5    16    15     0     0    -6.0   38.619  127.169    557.3    903.1
     1     1    21     5    16    14     0     0    -7.0   38.798  127.257    568.5    898.5
     1     1    21     5    16    13     0     0    -8.0   38.973  127.375    579.8    893.7
     1     1    21     5    16    12     0     0    -9.0   39.145  127.524    591.8    889.0
     1     1    21     5    16    11     0     0   -10.0   39.305  127.691    603.5    887.0
     1     1    21     5    16    10     0     0   -11.0   39.448  127.863    611.5    885.9
     1     1    21     5    16     9     0     0   -12.0   39.572  128.037    615.1    885.6
     1     1    21     5    16     8     0     0   -13.0   39.679  128.212    613.3    886.2
     1     1    21     5    16     7     0     0   -14.0   39.767  128.387    605.1    887.7
     1     1    21     5    16     6     0     0   -15.0   39.837  128.561    589.7    890.1
     1     1    21     5    16     5     0     0   -16.0   39.901  128.735    567.9    893.4
     1     1    21     5    16     4     0     0   -17.0   39.973  128.914    542.4    897.1
     1     1    21     5    16     3     0     0   -18.0   40.054  129.095    514.4    901.1
     1     1    21     5    16     2     0     0   -19.0   40.146  129.274    485.4    905.1
     1     1    21     5    16     1     0     0   -20.0   40.249  129.452    457.0    909.0
     1     1    21     5    16     0     0     0   -21.0   40.365  129.630    430.2    912.5
     1     1    21     5    15    23     0     0   -22.0   40.492  129.793    407.2    915.7
     1     1    21     5    15    22     0     0   -23.0   40.625  129.928    388.2    917.9
     1     1    21     5    15    21     0     0   -24.0   40.764  130.038    372.4    919.4
     1     1    21     5    15    20     0     0   -25.0   40.908  130.126    359.1    920.7
     1     1    21     5    15    19     0     0   -26.0   41.056  130.193    347.5    921.3
     1     1    21     5    15    18     0     0   -27.0   41.209  130.242    336.7    921.4
     1     1    21     5    15    17     0     0   -28.0   41.350  130.273    326.3    921.4
     1     1    21     5    15    16     0     0   -29.0   41.463  130.283    316.0    921.3
     1     1    21     5    15    15     0     0   -30.0   41.545  130.269    305.8    921.3
     1     1    21     5    15    14     0     0   -31.0   41.596  130.229    295.8    921.2
     1     1    21     5    15    13     0     0   -32.0   41.613  130.163    285.9    921.0
     1     1    21     5    15    12     0     0   -33.0   41.596  130.070    276.5    920.8
     1     1    21     5    15    11     0     0   -34.0   41.561  129.970    268.4    920.7
     1     1    21     5    15    10     0     0   -35.0   41.526  129.882    262.5    920.9
     1     1    21     5    15     9     0     0   -36.0   41.491  129.805    258.6    921.0
     1     1    21     5    15     8     0     0   -37.0   41.455  129.739    256.5    921.0
     1     1    21     5    15     7     0     0   -38.0   41.419  129.682    255.9    920.9
     1     1    21     5    15     6     0     0   -39.0   41.383  129.635    256.6    920.8
     1     1    21     5    15     5     0     0   -40.0   41.339  129.586    257.3    921.1
     1     1    21     5    15     4     0     0   -41.0   41.280  129.526    256.4    921.8
     1     1    21     5    15     3     0     0   -42.0   41.206  129.459    253.9    922.8
     1     1    21     5    15     2     0     0   -43.0   41.118  129.386    249.7    924.1
     1     1    21     5    15     1     0     0   -44.0   41.015  129.309    243.8    925.8
     1     1    21     5    15     0     0     0   -45.0   40.899  129.230    236.0    927.8
     1     1    21     5    14    23     0     0   -46.0   40.769  129.146    228.1    929.9
     1     1    21     5    14    22     0     0   -47.0   40.625  129.052    221.7    931.7
     1     1    21     5    14    21     0     0   -48.0   40.466  128.949    216.9    933.3
     1     1    21     5    14    20     0     0   -49.0   40.292  128.837    213.7    934.8
     1     1    21     5    14    19     0     0   -50.0   40.102  128.718    212.6    936.0
     1     1    21     5    14    18     0     0   -51.0   39.896  128.589    213.6    937.2
     1     1    21     5    14    17     0     0   -52.0   39.688  128.462    215.4    938.1
     1     1    21     5    14    16     0     0   -53.0   39.493  128.352    217.0    939.4
     1     1    21     5    14    15     0     0   -54.0   39.310  128.257    218.7    940.9
     1     1    21     5    14    14     0     0   -55.0   39.141  128.176    220.6    942.4
     1     1    21     5    14    13     0     0   -56.0   38.985  128.108    222.9    943.9
     1     1    21     5    14    12     0     0   -57.0   38.843  128.051    225.8    945.2
     1     1    21     5    14    11     0     0   -58.0   38.714  128.007    230.1    946.6
     1     1    21     5    14    10     0     0   -59.0   38.594  127.979    236.4    947.5
     1     1    21     5    14     9     0     0   -60.0   38.483  127.967    244.7    948.2
     1     1    21     5    14     8     0     0   -61.0   38.379  127.972    254.9    948.7
     1     1    21     5    14     7     0     0   -62.0   38.282  127.992    267.0    948.9
     1     1    21     5    14     6     0     0   -63.0   38.192  128.029    280.9    949.0
     1     1    21     5    14     5     0     0   -64.0   38.112  128.076    296.3    948.9
     1     1    21     5    14     4     0     0   -65.0   38.047  128.127    312.9    948.6
     1     1    21     5    14     3     0     0   -66.0   37.996  128.181    331.0    947.9
     1     1    21     5    14     2     0     0   -67.0   37.958  128.236    350.9    947.0
     1     1    21     5    14     1     0     0   -68.0   37.933  128.291    372.8    945.7
     1     1    21     5    14     0     0     0   -69.0   37.921  128.345    397.0    943.6
     1     1    21     5    13    23     0     0   -70.0   37.912  128.387    421.5    940.6
     1     1    21     5    13    22     0     0   -71.0   37.898  128.408    443.7    938.1
     1     1    21     5    13    21     0     0   -72.0   37.880  128.408    463.2    935.9
     1     1    21     5    13    20     0     0   -73.0   37.856  128.387    479.6    934.1
     1     1    21     5    13    19     0     0   -74.0   37.827  128.344    492.8    932.7
     1     1    21     5    13    18     0     0   -75.0   37.792  128.279    502.5    931.6
     1     1    21     5    13    17     0     0   -76.0   37.755  128.206    511.3    930.9
     1     1    21     5    13    16     0     0   -77.0   37.718  128.140    521.9    929.8
     1     1    21     5    13    15     0     0   -78.0   37.680  128.079    534.4    928.6
     1     1    21     5    13    14     0     0   -79.0   37.641  128.025    548.9    927.3
     1     1    21     5    13    13     0     0   -80.0   37.602  127.975    565.4    925.9
     1     1    21     5    13    12     0     0   -81.0   37.561  127.930    584.1    924.3
     1     1    21     5    13    11     0     0   -82.0   37.522  127.895    603.1    922.5
     1     1    21     5    13    10     0     0   -83.0   37.490  127.876    621.1    920.9
     1     1    21     5    13     9     0     0   -84.0   37.464  127.872    637.4    918.9
     1     1    21     5    13     8     0     0   -85.0   37.446  127.883    651.7    917.1
     1     1    21     5    13     7     0     0   -86.0   37.435  127.911    664.1    915.7
     1     1    21     5    13     6     0     0   -87.0   37.432  127.955    674.3    914.5
     1     1    21     5    13     5     0     0   -88.0   37.435  128.008    683.4    914.1
     1     1    21     5    13     4     0     0   -89.0   37.443  128.063    690.8    913.7
     1     1    21     5    13     3     0     0   -90.0   37.455  128.119    697.1    913.5
     1     1    21     5    13     2     0     0   -91.0   37.473  128.177    702.3    913.4
     1     1    21     5    13     1     0     0   -92.0   37.495  128.236    706.2    913.4
     1     1    21     5    13     0     0     0   -93.0   37.521  128.296    708.9    913.2
     1     1    21     5    12    23     0     0   -94.0   37.544  128.352    713.2    912.9
     1     1    21     5    12    22     0     0   -95.0   37.557  128.399    721.7    911.8
     1     1    21     5    12    21     0     0   -96.0   37.560  128.436    734.6    910.4
