     2     1
    CDC1    21     4     1     0     0
    CDC1    21     5     1     0     0
     1 BACKWARD OMEGA   
  2021     5     3     9   37.500  127.000   500.0
     1 PRESSURE
     1     1    21     5     3     9     0     0     0.0   37.500  127.000    500.0    937.8
     1     1    21     5     3     8     0     0    -1.0   37.328  126.786    497.4    940.0
     1     1    21     5     3     7     0     0    -2.0   37.149  126.591    494.1    942.2
     1     1    21     5     3     6     0     0    -3.0   36.961  126.413    490.7    944.3
     1     1    21     5     3     5     0     0    -4.0   36.773  126.251    488.6    946.2
     1     1    21     5     3     4     0     0    -5.0   36.589  126.100    488.9    947.7
     1     1    21     5     3     3     0     0    -6.0   36.410  125.963    491.8    948.8
     1     1    21     5     3     2     0     0    -7.0   36.236  125.839    497.4    949.5
     1     1    21     5     3     1     0     0    -8.0   36.070  125.726    505.7    949.8
     1     1    21     5     3     0     0     0    -9.0   35.911  125.626    517.0    949.7
     1     1    21     5     2    23     0     0   -10.0   35.759  125.533    530.9    948.8
     1     1    21     5     2    22     0     0   -11.0   35.615  125.446    546.7    947.7
     1     1    21     5     2    21     0     0   -12.0   35.480  125.364    564.6    946.4
     1     1    21     5     2    20     0     0   -13.0   35.355  125.288    584.9    944.7
     1     1    21     5     2    19     0     0   -14.0   35.241  125.217    607.6    942.8
     1     1    21     5     2    18     0     0   -15.0   35.138  125.153    632.9    940.5
     1     1    21     5     2    17     0     0   -16.0   35.052  125.101    661.7    937.6
     1     1    21     5     2    16     0     0   -17.0   34.988  125.062    695.1    933.9
     1     1    21     5     2    15     0     0   -18.0   34.947  125.032    733.3    929.7
     1     1    21     5     2    14     0     0   -19.0   34.932  125.009    776.4    925.0
     1     1    21     5     2    13     0     0   -20.0   34.943  124.993    825.1    919.7
     1     1    21     5     2    12     0     0   -21.0   34.984  124.984    879.8    913.8
     1     1    21     5     2    11     0     0   -22.0   35.052  124.975    939.7    907.0
     1     1    21     5     2    10     0     0   -23.0   35.142  124.957   1003.6    899.2
     1     1    21     5     2     9     0     0   -24.0   35.254  124.928   1070.9    891.3
     1     1    21     5     2     8     0     0   -25.0   35.383  124.891   1140.9    883.2
     1     1    21     5     2     7     0     0   -26.0   35.528  124.847   1213.1    875.2
     1     1    21     5     2     6     0     0   -27.0   35.685  124.799   1286.8    867.2
     1     1    21     5     2     5     0     0   -28.0   35.863  124.747   1367.3    858.7
     1     1    21     5     2     4     0     0   -29.0   36.070  124.693   1459.8    848.3
     1     1    21     5     2     3     0     0   -30.0   36.304  124.643   1565.4    836.9
     1     1    21     5     2     2     0     0   -31.0   36.565  124.605   1685.0    824.4
     1     1    21     5     2     1     0     0   -32.0   36.853  124.591   1819.2    810.0
     1     1    21     5     2     0     0     0   -33.0   37.171  124.614   1968.0    794.0
     1     1    21     5     1    23     0     0   -34.0   37.509  124.675   2114.4    776.5
     1     1    21     5     1    22     0     0   -35.0   37.846  124.757   2236.0    760.1
     1     1    21     5     1    21     0     0   -36.0   38.178  124.851   2333.3    746.3
     1     1    21     5     1    20     0     0   -37.0   38.499  124.967   2407.8    734.7
     1     1    21     5     1    19     0     0   -38.0   38.809  125.116   2461.2    725.0
     1     1    21     5     1    18     0     0   -39.0   39.107  125.310   2494.9    717.0
     1     1    21     5     1    17     0     0   -40.0   39.392  125.540   2515.9    710.4
     1     1    21     5     1    16     0     0   -41.0   39.666  125.790   2531.4    703.5
     1     1    21     5     1    15     0     0   -42.0   39.929  126.063   2538.8    697.0
     1     1    21     5     1    14     0     0   -43.0   40.179  126.345   2539.0    692.6
     1     1    21     5     1    13     0     0   -44.0   40.416  126.618   2532.2    689.3
     1     1    21     5     1    12     0     0   -45.0   40.638  126.881   2518.4    686.5
     1     1    21     5     1    11     0     0   -46.0   40.836  127.143   2497.1    684.6
     1     1    21     5     1    10     0     0   -47.0   41.002  127.411   2468.6    683.4
     1     1    21     5     1     9     0     0   -48.0   41.136  127.687   2436.5    685.6
     1     1    21     5     1     8     0     0   -49.0   41.238  127.974   2400.0    689.9
     1     1    21     5     1     7     0     0   -50.0   41.308  128.276   2358.0    695.0
     1     1    21     5     1     6     0     0   -51.0   41.345  128.595   2311.1    700.9
     1     1    21     5     1     5     0     0   -52.0   41.356  128.931   2260.4    707.8
     1     1    21     5     1     4     0     0   -53.0   41.350  129.280   2207.9    715.2
     1     1    21     5     1     3     0     0   -54.0   41.325  129.639   2154.0    723.1
     1     1    21     5     1     2     0     0   -55.0   41.281  130.006   2099.5    731.1
     1     1    21     5     1     1     0     0   -56.0   41.219  130.371   2049.4    742.4
     1     1    21     5     1     0     0     0   -57.0   41.141  130.729   2004.3    753.3
     1     1    21     4    30    23     0     0   -58.0   41.055  131.068   1967.2    763.6
     1     1    21     4    30    22     0     0   -59.0   40.967  131.371   1941.7    772.1
     1     1    21     4    30    21     0     0   -60.0   40.881  131.639   1927.4    778.9
     1     1    21     4    30    20     0     0   -61.0   40.799  131.869   1924.2    783.9
     1     1    21     4    30    19     0     0   -62.0   40.725  132.060   1932.2    787.1
     1     1    21     4    30    18     0     0   -63.0   40.660  132.212   1951.5    788.4
     1     1    21     4    30    17     0     0   -64.0   40.606  132.332   1978.5    787.8
     1     1    21     4    30    16     0     0   -65.0   40.562  132.433   2008.9    786.8
     1     1    21     4    30    15     0     0   -66.0   40.528  132.513   2041.9    785.0
     1     1    21     4    30    14     0     0   -67.0   40.506  132.572   2076.5    781.9
     1     1    21     4    30    13     0     0   -68.0   40.496  132.611   2112.9    778.4
     1     1    21     4    30    12     0     0   -69.0   40.499  132.631   2151.4    774.7
     1     1    21     4    30    11     0     0   -70.0   40.502  132.645   2183.8    770.4
     1     1    21     4    30    10     0     0   -71.0   40.494  132.664   2199.7    768.6
     1     1    21     4    30     9     0     0   -72.0   40.474  132.687   2199.3    768.4
     1     1    21     4    30     8     0     0   -73.0   40.441  132.712   2182.3    770.0
     1     1    21     4    30     7     0     0   -74.0   40.395  132.737   2148.8    773.4
     1     1    21     4    30     6     0     0   -75.0   40.337  132.757   2098.8    778.5
     1     1    21     4    30     5     0     0   -76.0   40.264  132.777   2039.6    785.9
     1     1    21     4    30     4     0     0   -77.0   40.176  132.801   1977.1    793.2
     1     1    21     4    30     3     0     0   -78.0   40.073  132.828   1912.2    801.2
     1     1    21     4    30     2     0     0   -79.0   39.953  132.857   1844.9    809.0
     1     1    21     4    30     1     0     0   -80.0   39.817  132.882   1775.9    816.1
     1     1    21     4    30     0     0     0   -81.0   39.663  132.900   1707.2    822.8
     1     1    21     4    29    23     0     0   -82.0   39.500  132.893   1644.7    829.4
     1     1    21     4    29    22     0     0   -83.0   39.343  132.853   1594.0    834.4
     1     1    21     4    29    21     0     0   -84.0   39.192  132.786   1553.8    838.4
     1     1    21     4    29    20     0     0   -85.0   39.049  132.700   1523.7    841.6
     1     1    21     4    29    19     0     0   -86.0   38.914  132.600   1503.3    844.0
     1     1    21     4    29    18     0     0   -87.0   38.786  132.492   1492.7    845.3
     1     1    21     4    29    17     0     0   -88.0   38.673  132.379   1487.3    843.9
     1     1    21     4    29    16     0     0   -89.0   38.582  132.264   1484.7    842.8
     1     1    21     4    29    15     0     0   -90.0   38.514  132.148   1485.9    841.3
     1     1    21     4    29    14     0     0   -91.0   38.470  132.029   1492.1    839.4
     1     1    21     4    29    13     0     0   -92.0   38.449  131.910   1504.2    836.8
     1     1    21     4    29    12     0     0   -93.0   38.451  131.791   1523.3    833.5
     1     1    21     4    29    11     0     0   -94.0   38.452  131.675   1546.8    830.1
     1     1    21     4    29    10     0     0   -95.0   38.428  131.561   1569.3    827.1
     1     1    21     4    29     9     0     0   -96.0   38.384  131.446   1593.0    824.1
