     2     1
    CDC1    21     8     1     0     0
    CDC1    21     9     1     0     0
     1 BACKWARD OMEGA   
  2021     9    28    15   37.500  127.000   500.0
     1 PRESSURE
     1     1    21     9    28    15     0     0     0.0   37.500  127.000    500.0    934.6
     1     1    21     9    28    14     0     0    -1.0   37.331  126.996    470.2    938.7
     1     1    21     9    28    13     0     0    -2.0   37.178  127.033    444.8    942.0
     1     1    21     9    28    12     0     0    -3.0   37.043  127.108    423.0    944.7
     1     1    21     9    28    11     0     0    -4.0   36.920  127.208    402.1    946.9
     1     1    21     9    28    10     0     0    -5.0   36.803  127.322    379.6    949.6
     1     1    21     9    28     9     0     0    -6.0   36.690  127.450    356.1    951.8
     1     1    21     9    28     8     0     0    -7.0   36.584  127.591    332.2    954.5
     1     1    21     9    28     7     0     0    -8.0   36.485  127.744    308.4    957.5
     1     1    21     9    28     6     0     0    -9.0   36.397  127.906    285.1    960.4
     1     1    21     9    28     5     0     0   -10.0   36.324  128.076    264.4    963.4
     1     1    21     9    28     4     0     0   -11.0   36.270  128.248    247.9    965.7
     1     1    21     9    28     3     0     0   -12.0   36.236  128.419    234.5    967.7
     1     1    21     9    28     2     0     0   -13.0   36.220  128.587    223.9    969.3
     1     1    21     9    28     1     0     0   -14.0   36.222  128.750    215.4    970.8
     1     1    21     9    28     0     0     0   -15.0   36.241  128.906    208.8    972.1
     1     1    21     9    27    23     0     0   -16.0   36.269  129.055    203.8    972.9
     1     1    21     9    27    22     0     0   -17.0   36.295  129.201    200.4    973.5
     1     1    21     9    27    21     0     0   -18.0   36.320  129.342    198.8    973.9
     1     1    21     9    27    20     0     0   -19.0   36.342  129.480    199.2    974.1
     1     1    21     9    27    19     0     0   -20.0   36.360  129.615    201.5    974.0
     1     1    21     9    27    18     0     0   -21.0   36.371  129.748    206.1    973.6
     1     1    21     9    27    17     0     0   -22.0   36.381  129.883    211.2    973.0
     1     1    21     9    27    16     0     0   -23.0   36.396  130.025    214.7    973.0
     1     1    21     9    27    15     0     0   -24.0   36.416  130.173    216.5    973.8
     1     1    21     9    27    14     0     0   -25.0   36.440  130.328    216.3    975.0
     1     1    21     9    27    13     0     0   -26.0   36.469  130.491    214.1    976.4
     1     1    21     9    27    12     0     0   -27.0   36.506  130.662    209.8    978.3
     1     1    21     9    27    11     0     0   -28.0   36.549  130.837    204.4    980.4
     1     1    21     9    27    10     0     0   -29.0   36.598  131.012    199.1    982.5
     1     1    21     9    27     9     0     0   -30.0   36.651  131.188    193.9    984.5
     1     1    21     9    27     8     0     0   -31.0   36.709  131.363    188.9    986.5
     1     1    21     9    27     7     0     0   -32.0   36.771  131.539    184.2    988.6
     1     1    21     9    27     6     0     0   -33.0   36.837  131.714    179.7    990.8
     1     1    21     9    27     5     0     0   -34.0   36.907  131.888    175.4    993.2
     1     1    21     9    27     4     0     0   -35.0   36.980  132.062    171.3    995.6
     1     1    21     9    27     3     0     0   -36.0   37.057  132.233    167.2    998.2
     1     1    21     9    27     2     0     0   -37.0   37.139  132.402    163.0   1000.8
     1     1    21     9    27     1     0     0   -38.0   37.227  132.568    158.7   1002.6
     1     1    21     9    27     0     0     0   -39.0   37.319  132.731    153.9   1003.0
     1     1    21     9    26    23     0     0   -40.0   37.417  132.889    148.7   1003.3
     1     1    21     9    26    22     0     0   -41.0   37.520  133.041    143.0   1003.7
     1     1    21     9    26    21     0     0   -42.0   37.627  133.186    136.9   1003.8
     1     1    21     9    26    20     0     0   -43.0   37.737  133.325    130.4   1004.2
     1     1    21     9    26    19     0     0   -44.0   37.848  133.459    123.7   1004.7
     1     1    21     9    26    18     0     0   -45.0   37.963  133.586    116.8   1005.5
     1     1    21     9    26    17     0     0   -46.0   38.078  133.711    110.0   1006.7
     1     1    21     9    26    16     0     0   -47.0   38.190  133.838    103.7   1007.8
     1     1    21     9    26    15     0     0   -48.0   38.301  133.967     97.7   1009.1
     1     1    21     9    26    14     0     0   -49.0   38.410  134.099     92.2   1010.3
     1     1    21     9    26    13     0     0   -50.0   38.518  134.234     87.1   1011.6
     1     1    21     9    26    12     0     0   -51.0   38.625  134.373     82.4   1013.0
     1     1    21     9    26    11     0     0   -52.0   38.734  134.518     77.8   1014.4
     1     1    21     9    26    10     0     0   -53.0   38.847  134.667     73.0   1015.9
     1     1    21     9    26     9     0     0   -54.0   38.967  134.820     68.2   1017.4
     1     1    21     9    26     8     0     0   -55.0   39.095  134.977     63.5   1019.2
     1     1    21     9    26     7     0     0   -56.0   39.229  135.136     59.2   1019.9
     1     1    21     9    26     6     0     0   -57.0   39.364  135.293     55.5   1020.5
     1     1    21     9    26     5     0     0   -58.0   39.496  135.448     52.4   1021.3
     1     1    21     9    26     4     0     0   -59.0   39.622  135.604     49.7   1022.0
     1     1    21     9    26     3     0     0   -60.0   39.740  135.763     47.2   1022.7
     1     1    21     9    26     2     0     0   -61.0   39.850  135.928     44.7   1023.3
     1     1    21     9    26     1     0     0   -62.0   39.951  136.103     41.9   1023.7
     1     1    21     9    26     0     0     0   -63.0   40.042  136.290     38.8   1023.3
     1     1    21     9    25    23     0     0   -64.0   40.110  136.481     35.5   1021.9
     1     1    21     9    25    22     0     0   -65.0   40.148  136.670     32.1   1020.7
     1     1    21     9    25    21     0     0   -66.0   40.156  136.858     28.8   1019.7
     1     1    21     9    25    20     0     0   -67.0   40.134  137.044     25.7   1018.8
     1     1    21     9    25    19     0     0   -68.0   40.083  137.227     22.7   1017.9
     1     1    21     9    25    18     0     0   -69.0   39.999  137.405     20.0   1017.0
     1     1    21     9    25    17     0     0   -70.0   39.902  137.587     17.8   1014.9
     1     1    21     9    25    16     0     0   -71.0   39.811  137.782     16.3   1013.4
     1     1    21     9    25    15     0     0   -72.0   39.727  137.990     15.5   1011.9
     1     1    21     9    25    14     0     0   -73.0   39.652  138.208     15.3   1010.5
     1     1    21     9    25    13     0     0   -74.0   39.584  138.436     15.6   1009.2
     1     1    21     9    25    12     0     0   -75.0   39.524  138.673     16.6   1008.0
     1     1    21     9    25    11     0     0   -76.0   39.477  138.910     17.9   1006.9
     1     1    21     9    25    10     0     0   -77.0   39.449  139.138     19.4   1006.1
     1     1    21     9    25     9     0     0   -78.0   39.439  139.358     20.8   1005.6
     1     1    21     9    25     8     0     0   -79.0   39.448  139.571     22.3   1005.3
     1     1    21     9    25     7     0     0   -80.0   39.477  139.779     23.7   1005.3
     1     1    21     9    25     6     0     0   -81.0   39.526  139.980     25.1   1005.5
     1     1    21     9    25     5     0     0   -82.0   39.583  140.175     26.4   1006.2
     1     1    21     9    25     4     0     0   -83.0   39.637  140.361     27.7   1007.0
     1     1    21     9    25     3     0     0   -84.0   39.690  140.538     29.2   1007.6
     1     1    21     9    25     2     0     0   -85.0   39.740  140.705     30.8   1008.2
     1     1    21     9    25     1     0     0   -86.0   39.790  140.864     32.7   1008.7
     1     1    21     9    25     0     0     0   -87.0   39.840  141.012     34.9   1009.1
     1     1    21     9    24    23     0     0   -88.0   39.895  141.151     37.2   1009.2
     1     1    21     9    24    22     0     0   -89.0   39.963  141.280     39.1   1009.4
     1     1    21     9    24    21     0     0   -90.0   40.042  141.401     40.9   1009.3
     1     1    21     9    24    20     0     0   -91.0   40.133  141.512     42.4   1009.1
     1     1    21     9    24    19     0     0   -92.0   40.234  141.615     43.8   1008.7
     1     1    21     9    24    18     0     0   -93.0   40.346  141.711     45.1   1008.4
     1     1    21     9    24    17     0     0   -94.0   40.469  141.803     46.6   1007.7
     1     1    21     9    24    16     0     0   -95.0   40.604  141.896     48.9   1006.8
     1     1    21     9    24    15     0     0   -96.0   40.752  141.992     51.9   1005.9
