     2     1
    CDC1    21     5     1     0     0
    CDC1    21     6     1     0     0
     1 BACKWARD OMEGA   
  2021     6    24     6   37.500  127.000   500.0
     1 PRESSURE
     1     1    21     6    24     6     0     0     0.0   37.500  127.000    500.0    935.8
     1     1    21     6    24     5     0     0    -1.0   37.501  126.956    510.3    934.9
     1     1    21     6    24     4     0     0    -2.0   37.498  126.916    520.4    934.2
     1     1    21     6    24     3     0     0    -3.0   37.491  126.879    530.1    933.4
     1     1    21     6    24     2     0     0    -4.0   37.480  126.845    539.5    932.6
     1     1    21     6    24     1     0     0    -5.0   37.466  126.813    548.6    931.9
     1     1    21     6    24     0     0     0    -6.0   37.448  126.784    557.5    931.2
     1     1    21     6    23    23     0     0    -7.0   37.432  126.752    565.6    930.5
     1     1    21     6    23    22     0     0    -8.0   37.421  126.714    572.0    930.1
     1     1    21     6    23    21     0     0    -9.0   37.415  126.670    576.8    929.8
     1     1    21     6    23    20     0     0   -10.0   37.415  126.620    579.8    929.8
     1     1    21     6    23    19     0     0   -11.0   37.420  126.564    580.9    929.9
     1     1    21     6    23    18     0     0   -12.0   37.430  126.504    580.3    930.3
     1     1    21     6    23    17     0     0   -13.0   37.445  126.438    580.5    930.8
     1     1    21     6    23    16     0     0   -14.0   37.462  126.368    584.4    930.7
     1     1    21     6    23    15     0     0   -15.0   37.482  126.293    592.1    930.3
     1     1    21     6    23    14     0     0   -16.0   37.505  126.211    604.0    929.4
     1     1    21     6    23    13     0     0   -17.0   37.531  126.124    620.2    927.8
     1     1    21     6    23    12     0     0   -18.0   37.560  126.031    641.3    925.5
     1     1    21     6    23    11     0     0   -19.0   37.595  125.943    664.2    922.3
     1     1    21     6    23    10     0     0   -20.0   37.643  125.868    687.0    919.2
     1     1    21     6    23     9     0     0   -21.0   37.703  125.804    709.4    916.1
     1     1    21     6    23     8     0     0   -22.0   37.777  125.752    731.4    912.8
     1     1    21     6    23     7     0     0   -23.0   37.865  125.711    753.2    909.3
     1     1    21     6    23     6     0     0   -24.0   37.968  125.681    775.1    905.6
     1     1    21     6    23     5     0     0   -25.0   38.077  125.654    796.7    902.2
     1     1    21     6    23     4     0     0   -26.0   38.185  125.625    815.8    899.2
     1     1    21     6    23     3     0     0   -27.0   38.292  125.595    832.4    896.4
     1     1    21     6    23     2     0     0   -28.0   38.399  125.565    846.0    894.0
     1     1    21     6    23     1     0     0   -29.0   38.504  125.536    856.4    891.9
     1     1    21     6    23     0     0     0   -30.0   38.608  125.511    863.0    890.2
     1     1    21     6    22    23     0     0   -31.0   38.708  125.491    865.3    888.6
     1     1    21     6    22    22     0     0   -32.0   38.801  125.479    863.3    887.5
     1     1    21     6    22    21     0     0   -33.0   38.884  125.471    856.7    886.9
     1     1    21     6    22    20     0     0   -34.0   38.959  125.467    845.6    886.9
     1     1    21     6    22    19     0     0   -35.0   39.025  125.465    829.8    887.5
     1     1    21     6    22    18     0     0   -36.0   39.081  125.465    809.3    888.8
     1     1    21     6    22    17     0     0   -37.0   39.135  125.466    788.1    890.5
     1     1    21     6    22    16     0     0   -38.0   39.196  125.469    770.1    891.4
     1     1    21     6    22    15     0     0   -39.0   39.266  125.474    755.8    891.9
     1     1    21     6    22    14     0     0   -40.0   39.343  125.482    745.4    891.8
     1     1    21     6    22    13     0     0   -41.0   39.430  125.494    739.1    891.1
     1     1    21     6    22    12     0     0   -42.0   39.528  125.511    737.2    889.7
     1     1    21     6    22    11     0     0   -43.0   39.628  125.529    734.8    887.8
     1     1    21     6    22    10     0     0   -44.0   39.719  125.542    727.6    887.1
     1     1    21     6    22     9     0     0   -45.0   39.801  125.547    715.0    887.1
     1     1    21     6    22     8     0     0   -46.0   39.873  125.544    696.8    887.9
     1     1    21     6    22     7     0     0   -47.0   39.936  125.534    672.9    889.6
     1     1    21     6    22     6     0     0   -48.0   39.988  125.515    643.3    892.2
     1     1    21     6    22     5     0     0   -49.0   40.038  125.497    612.6    895.9
     1     1    21     6    22     4     0     0   -50.0   40.096  125.489    585.2    898.3
     1     1    21     6    22     3     0     0   -51.0   40.164  125.494    561.3    900.3
     1     1    21     6    22     2     0     0   -52.0   40.240  125.510    540.7    901.9
     1     1    21     6    22     1     0     0   -53.0   40.325  125.539    523.5    903.0
     1     1    21     6    22     0     0     0   -54.0   40.419  125.582    509.7    903.6
     1     1    21     6    21    23     0     0   -55.0   40.509  125.619    497.0    903.7
     1     1    21     6    21    22     0     0   -56.0   40.586  125.630    483.4    904.5
     1     1    21     6    21    21     0     0   -57.0   40.649  125.616    468.5    905.7
     1     1    21     6    21    20     0     0   -58.0   40.699  125.576    452.4    907.4
     1     1    21     6    21    19     0     0   -59.0   40.734  125.510    435.2    909.5
     1     1    21     6    21    18     0     0   -60.0   40.755  125.417    416.7    912.2
     1     1    21     6    21    17     0     0   -61.0   40.775  125.332    398.7    915.1
     1     1    21     6    21    16     0     0   -62.0   40.810  125.291    383.1    916.9
     1     1    21     6    21    15     0     0   -63.0   40.859  125.295    369.9    917.8
     1     1    21     6    21    14     0     0   -64.0   40.923  125.340    359.5    917.8
     1     1    21     6    21    13     0     0   -65.0   41.001  125.425    351.8    917.1
     1     1    21     6    21    12     0     0   -66.0   41.093  125.549    347.0    915.7
     1     1    21     6    21    11     0     0   -67.0   41.190  125.681    344.5    914.1
     1     1    21     6    21    10     0     0   -68.0   41.285  125.793    342.2    912.6
     1     1    21     6    21     9     0     0   -69.0   41.378  125.885    340.0    911.3
     1     1    21     6    21     8     0     0   -70.0   41.469  125.958    337.4    910.1
     1     1    21     6    21     7     0     0   -71.0   41.559  126.014    334.1    909.3
     1     1    21     6    21     6     0     0   -72.0   41.646  126.052    329.9    908.7
     1     1    21     6    21     5     0     0   -73.0   41.732  126.083    324.7    908.2
     1     1    21     6    21     4     0     0   -74.0   41.814  126.115    319.0    907.8
     1     1    21     6    21     3     0     0   -75.0   41.892  126.149    312.8    907.4
     1     1    21     6    21     2     0     0   -76.0   41.966  126.185    306.2    907.1
     1     1    21     6    21     1     0     0   -77.0   42.034  126.221    299.2    906.8
     1     1    21     6    21     0     0     0   -78.0   42.097  126.258    291.9    906.6
     1     1    21     6    20    23     0     0   -79.0   42.157  126.289    285.4    906.4
     1     1    21     6    20    22     0     0   -80.0   42.220  126.312    280.6    905.9
     1     1    21     6    20    21     0     0   -81.0   42.285  126.328    277.3    905.3
     1     1    21     6    20    20     0     0   -82.0   42.353  126.337    275.5    904.6
     1     1    21     6    20    19     0     0   -83.0   42.424  126.341    275.0    903.9
     1     1    21     6    20    18     0     0   -84.0   42.498  126.339    275.8    903.0
     1     1    21     6    20    17     0     0   -85.0   42.570  126.346    277.6    903.5
     1     1    21     6    20    16     0     0   -86.0   42.635  126.375    279.7    903.7
     1     1    21     6    20    15     0     0   -87.0   42.692  126.425    282.1    903.4
     1     1    21     6    20    14     0     0   -88.0   42.740  126.495    284.8    902.8
     1     1    21     6    20    13     0     0   -89.0   42.779  126.585    288.1    901.7
     1     1    21     6    20    12     0     0   -90.0   42.808  126.693    292.2    900.2
     1     1    21     6    20    11     0     0   -91.0   42.827  126.800    293.9    898.3
     1     1    21     6    20    10     0     0   -92.0   42.836  126.889    289.9    897.4
     1     1    21     6    20     9     0     0   -93.0   42.834  126.960    280.1    897.2
     1     1    21     6    20     8     0     0   -94.0   42.821  127.013    264.9    897.6
     1     1    21     6    20     7     0     0   -95.0   42.798  127.047    245.0    898.7
     1     1    21     6    20     6     0     0   -96.0   42.765  127.061    221.5    900.5
