     2     1
    CDC1    21     1     1     0     0
    CDC1    21     2     1     0     0
     1 BACKWARD OMEGA   
  2021     2    26     0   37.500  127.000   500.0
     1 PRESSURE
     1     1    21     2    26     0     0     0     0.0   37.500  127.000    500.0    944.6
     1     1    21     2    25    23     0     0    -1.0   37.606  127.244    514.6    939.8
     1     1    21     2    25    22     0     0    -2.0   37.694  127.489    533.5    934.4
     1     1    21     2    25    21     0     0    -3.0   37.767  127.738    557.1    931.2
     1     1    21     2    25    20     0     0    -4.0   37.830  127.994    585.2    928.0
     1     1    21     2    25    19     0     0    -5.0   37.884  128.260    617.9    924.6
     1     1    21     2    25    18     0     0    -6.0   37.933  128.529    654.4    920.4
     1     1    21     2    25    17     0     0    -7.0   37.988  128.776    694.6    916.2
     1     1    21     2    25    16     0     0    -8.0   38.060  128.980    739.7    911.1
     1     1    21     2    25    15     0     0    -9.0   38.146  129.141    790.2    905.4
     1     1    21     2    25    14     0     0   -10.0   38.246  129.262    847.1    898.8
     1     1    21     2    25    13     0     0   -11.0   38.358  129.345    911.6    891.4
     1     1    21     2    25    12     0     0   -12.0   38.484  129.396    985.3    882.2
     1     1    21     2    25    11     0     0   -13.0   38.623  129.408   1065.2    871.1
     1     1    21     2    25    10     0     0   -14.0   38.776  129.375   1146.9    860.2
     1     1    21     2    25     9     0     0   -15.0   38.948  129.299   1229.8    848.8
     1     1    21     2    25     8     0     0   -16.0   39.143  129.179   1313.1    836.7
     1     1    21     2    25     7     0     0   -17.0   39.366  129.008   1395.4    823.4
     1     1    21     2    25     6     0     0   -18.0   39.621  128.780   1476.4    809.7
     1     1    21     2    25     5     0     0   -19.0   39.899  128.494   1557.2    795.3
     1     1    21     2    25     4     0     0   -20.0   40.185  128.150   1638.1    780.7
     1     1    21     2    25     3     0     0   -21.0   40.479  127.743   1717.8    766.4
     1     1    21     2    25     2     0     0   -22.0   40.782  127.272   1798.2    755.7
     1     1    21     2    25     1     0     0   -23.0   41.086  126.750   1878.7    750.4
     1     1    21     2    25     0     0     0   -24.0   41.390  126.186   1955.7    746.7
     1     1    21     2    24    23     0     0   -25.0   41.691  125.593   2029.4    743.9
     1     1    21     2    24    22     0     0   -26.0   41.991  124.980   2101.1    742.2
     1     1    21     2    24    21     0     0   -27.0   42.289  124.350   2170.7    739.1
     1     1    21     2    24    20     0     0   -28.0   42.584  123.708   2241.2    736.5
     1     1    21     2    24    19     0     0   -29.0   42.878  123.059   2315.2    734.7
     1     1    21     2    24    18     0     0   -30.0   43.176  122.397   2390.8    729.5
     1     1    21     2    24    17     0     0   -31.0   43.474  121.702   2452.9    712.3
     1     1    21     2    24    16     0     0   -32.0   43.774  120.964   2505.8    695.2
     1     1    21     2    24    15     0     0   -33.0   44.090  120.181   2553.7    676.8
     1     1    21     2    24    14     0     0   -34.0   44.430  119.346   2596.4    658.2
     1     1    21     2    24    13     0     0   -35.0   44.795  118.455   2632.6    641.6
     1     1    21     2    24    12     0     0   -36.0   45.187  117.508   2666.0    627.9
     1     1    21     2    24    11     0     0   -37.0   45.574  116.532   2712.7    627.9
     1     1    21     2    24    10     0     0   -38.0   45.929  115.553   2755.5    629.1
     1     1    21     2    24     9     0     0   -39.0   46.265  114.562   2800.1    628.1
     1     1    21     2    24     8     0     0   -40.0   46.587  113.551   2848.6    621.1
     1     1    21     2    24     7     0     0   -41.0   46.902  112.502   2908.9    609.3
     1     1    21     2    24     6     0     0   -42.0   47.209  111.396   2977.1    590.6
     1     1    21     2    24     5     0     0   -43.0   47.497  110.227   3046.2    569.3
     1     1    21     2    24     4     0     0   -44.0   47.767  109.031   3135.9    560.6
     1     1    21     2    24     3     0     0   -45.0   48.025  107.845   3229.6    556.3
     1     1    21     2    24     2     0     0   -46.0   48.278  106.673   3327.6    552.8
     1     1    21     2    24     1     0     0   -47.0   48.529  105.509   3429.1    549.2
     1     1    21     2    24     0     0     0   -48.0   48.780  104.328   3512.3    536.9
     1     1    21     2    23    23     0     0   -49.0   49.033  103.109   3564.3    517.6
     1     1    21     2    23    22     0     0   -50.0   49.284  101.855   3590.0    499.7
     1     1    21     2    23    21     0     0   -51.0   49.531  100.576   3591.4    483.7
     1     1    21     2    23    20     0     0   -52.0   49.762   99.303   3599.6    481.3
     1     1    21     2    23    19     0     0   -53.0   49.962   98.085   3611.5    490.2
     1     1    21     2    23    18     0     0   -54.0   50.120   96.942   3606.3    502.2
     1     1    21     2    23    17     0     0   -55.0   50.249   95.844   3602.6    517.7
     1     1    21     2    23    16     0     0   -56.0   50.365   94.752   3601.6    527.8
     1     1    21     2    23    15     0     0   -57.0   50.471   93.636   3589.8    524.9
     1     1    21     2    23    14     0     0   -58.0   50.569   92.470   3598.4    520.6
     1     1    21     2    23    13     0     0   -59.0   50.649   91.242   3598.0    506.0
     1     1    21     2    23    12     0     0   -60.0   50.703   89.939   3606.7    490.9
     1     1    21     2    23    11     0     0   -61.0   50.730   88.618   3648.8    489.9
     1     1    21     2    23    10     0     0   -62.0   50.740   87.340   3680.6    492.2
     1     1    21     2    23     9     0     0   -63.0   50.739   86.129   3740.3    511.0
     1     1    21     2    23     8     0     0   -64.0   50.735   84.996   3786.9    529.2
     1     1    21     2    23     7     0     0   -65.0   50.724   83.922   3825.7    546.9
     1     1    21     2    23     6     0     0   -66.0   50.708   82.885   3871.8    563.1
     1     1    21     2    23     5     0     0   -67.0   50.679   81.845   3909.8    570.1
     1     1    21     2    23     4     0     0   -68.0   50.626   80.769   3937.4    572.3
     1     1    21     2    23     3     0     0   -69.0   50.545   79.654   3957.8    572.0
     1     1    21     2    23     2     0     0   -70.0   50.433   78.498   3960.5    566.2
     1     1    21     2    23     1     0     0   -71.0   50.294   77.297   3961.0    560.7
     1     1    21     2    23     0     0     0   -72.0   50.142   76.054   3968.0    556.3
     1     1    21     2    22    23     0     0   -73.0   49.968   74.784   3980.7    553.1
     1     1    21     2    22    22     0     0   -74.0   49.754   73.519   3994.1    555.7
     1     1    21     2    22    21     0     0   -75.0   49.506   72.283   3990.9    559.3
     1     1    21     2    22    20     0     0   -76.0   49.233   71.078   3971.1    564.0
     1     1    21     2    22    19     0     0   -77.0   48.947   69.904   3930.9    569.0
     1     1    21     2    22    18     0     0   -78.0   48.657   68.753   3881.0    577.1
     1     1    21     2    22    17     0     0   -79.0   48.374   67.617   3822.6    586.6
     1     1    21     2    22    16     0     0   -80.0   48.102   66.484   3769.6    596.9
     1     1    21     2    22    15     0     0   -81.0   47.843   65.349   3724.2    608.5
     1     1    21     2    22    14     0     0   -82.0   47.599   64.209   3678.9    616.0
     1     1    21     2    22    13     0     0   -83.0   47.372   63.066   3638.7    621.8
     1     1    21     2    22    12     0     0   -84.0   47.162   61.930   3600.2    625.5
     1     1    21     2    22    11     0     0   -85.0   46.977   60.808   3549.7    627.1
     1     1    21     2    22    10     0     0   -86.0   46.824   59.704   3484.1    631.8
     1     1    21     2    22     9     0     0   -87.0   46.703   58.613   3410.1    639.5
     1     1    21     2    22     8     0     0   -88.0   46.605   57.532   3328.9    647.8
     1     1    21     2    22     7     0     0   -89.0   46.527   56.464   3252.9    659.1
     1     1    21     2    22     6     0     0   -90.0   46.459   55.411   3183.6    669.7
     1     1    21     2    22     5     0     0   -91.0   46.397   54.386   3118.9    678.4
     1     1    21     2    22     4     0     0   -92.0   46.342   53.402   3055.8    687.1
     1     1    21     2    22     3     0     0   -93.0   46.291   52.461   2989.2    696.2
     1     1    21     2    22     2     0     0   -94.0   46.250   51.563   2916.0    705.6
     1     1    21     2    22     1     0     0   -95.0   46.220   50.705   2837.3    715.3
     1     1    21     2    22     0     0     0   -96.0   46.194   49.882   2751.7    725.4
