     2     1
    CDC1    21     3     1     0     0
    CDC1    21     4     1     0     0
     1 BACKWARD OMEGA   
  2021     4    17     6   37.500  127.000   500.0
     1 PRESSURE
     1     1    21     4    17     6     0     0     0.0   37.500  127.000    500.0    933.9
     1     1    21     4    17     5     0     0    -1.0   37.610  126.741    477.3    936.9
     1     1    21     4    17     4     0     0    -2.0   37.709  126.485    458.3    939.5
     1     1    21     4    17     3     0     0    -3.0   37.798  126.233    443.0    941.8
     1     1    21     4    17     2     0     0    -4.0   37.875  125.985    431.4    943.8
     1     1    21     4    17     1     0     0    -5.0   37.942  125.740    423.5    945.6
     1     1    21     4    17     0     0     0    -6.0   37.997  125.498    419.2    947.0
     1     1    21     4    16    23     0     0    -7.0   38.052  125.248    415.8    948.1
     1     1    21     4    16    22     0     0    -8.0   38.116  124.979    409.9    949.8
     1     1    21     4    16    21     0     0    -9.0   38.186  124.692    402.2    951.8
     1     1    21     4    16    20     0     0   -10.0   38.261  124.390    393.7    953.9
     1     1    21     4    16    19     0     0   -11.0   38.337  124.076    383.4    956.4
     1     1    21     4    16    18     0     0   -12.0   38.410  123.753    370.5    959.2
     1     1    21     4    16    17     0     0   -13.0   38.468  123.433    358.9    962.2
     1     1    21     4    16    16     0     0   -14.0   38.503  123.124    352.8    964.5
     1     1    21     4    16    15     0     0   -15.0   38.517  122.829    351.9    966.4
     1     1    21     4    16    14     0     0   -16.0   38.513  122.548    356.0    967.8
     1     1    21     4    16    13     0     0   -17.0   38.493  122.280    364.9    967.1
     1     1    21     4    16    12     0     0   -18.0   38.462  122.019    378.9    965.5
     1     1    21     4    16    11     0     0   -19.0   38.433  121.758    395.0    963.2
     1     1    21     4    16    10     0     0   -20.0   38.415  121.490    411.5    961.0
     1     1    21     4    16     9     0     0   -21.0   38.408  121.216    429.1    958.6
     1     1    21     4    16     8     0     0   -22.0   38.407  120.939    448.7    955.9
     1     1    21     4    16     7     0     0   -23.0   38.411  120.660    471.1    953.0
     1     1    21     4    16     6     0     0   -24.0   38.417  120.382    497.0    949.7
     1     1    21     4    16     5     0     0   -25.0   38.434  120.095    527.1    946.1
     1     1    21     4    16     4     0     0   -26.0   38.477  119.784    561.6    940.8
     1     1    21     4    16     3     0     0   -27.0   38.547  119.444    602.8    933.6
     1     1    21     4    16     2     0     0   -28.0   38.646  119.072    652.2    924.4
     1     1    21     4    16     1     0     0   -29.0   38.779  118.664    711.3    912.5
     1     1    21     4    16     0     0     0   -30.0   38.948  118.211    782.6    898.0
     1     1    21     4    15    23     0     0   -31.0   39.158  117.715    867.8    880.2
     1     1    21     4    15    22     0     0   -32.0   39.407  117.175    966.8    856.0
     1     1    21     4    15    21     0     0   -33.0   39.681  116.584   1076.5    826.5
     1     1    21     4    15    20     0     0   -34.0   39.965  115.937   1195.1    795.7
     1     1    21     4    15    19     0     0   -35.0   40.257  115.238   1317.9    764.2
     1     1    21     4    15    18     0     0   -36.0   40.560  114.491   1437.3    737.6
     1     1    21     4    15    17     0     0   -37.0   40.883  113.704   1544.3    717.7
     1     1    21     4    15    16     0     0   -38.0   41.234  112.907   1640.0    704.4
     1     1    21     4    15    15     0     0   -39.0   41.611  112.128   1732.0    696.0
     1     1    21     4    15    14     0     0   -40.0   41.998  111.385   1816.2    691.6
     1     1    21     4    15    13     0     0   -41.0   42.383  110.670   1885.3    690.7
     1     1    21     4    15    12     0     0   -42.0   42.761  109.976   1932.9    690.8
     1     1    21     4    15    11     0     0   -43.0   43.131  109.318   1953.0    686.1
     1     1    21     4    15    10     0     0   -44.0   43.505  108.711   1960.2    682.8
     1     1    21     4    15     9     0     0   -45.0   43.896  108.160   1966.0    679.4
     1     1    21     4    15     8     0     0   -46.0   44.315  107.664   1979.5    675.2
     1     1    21     4    15     7     0     0   -47.0   44.765  107.220   2005.1    669.9
     1     1    21     4    15     6     0     0   -48.0   45.237  106.813   2042.1    662.7
     1     1    21     4    15     5     0     0   -49.0   45.706  106.426   2085.1    654.5
     1     1    21     4    15     4     0     0   -50.0   46.158  106.058   2134.0    647.9
     1     1    21     4    15     3     0     0   -51.0   46.604  105.720   2191.0    641.7
     1     1    21     4    15     2     0     0   -52.0   47.054  105.422   2258.6    635.7
     1     1    21     4    15     1     0     0   -53.0   47.515  105.171   2338.8    629.5
     1     1    21     4    15     0     0     0   -54.0   47.987  104.942   2430.8    625.0
     1     1    21     4    14    23     0     0   -55.0   48.442  104.704   2508.9    618.1
     1     1    21     4    14    22     0     0   -56.0   48.859  104.461   2564.9    613.8
     1     1    21     4    14    21     0     0   -57.0   49.240  104.218   2605.6    610.1
     1     1    21     4    14    20     0     0   -58.0   49.591  103.981   2636.6    606.6
     1     1    21     4    14    19     0     0   -59.0   49.912  103.756   2662.9    603.2
     1     1    21     4    14    18     0     0   -60.0   50.203  103.536   2689.8    600.9
     1     1    21     4    14    17     0     0   -61.0   50.473  103.291   2709.2    598.7
     1     1    21     4    14    16     0     0   -62.0   50.739  103.000   2707.8    597.9
     1     1    21     4    14    15     0     0   -63.0   51.009  102.674   2690.2    597.8
     1     1    21     4    14    14     0     0   -64.0   51.291  102.322   2659.5    598.6
     1     1    21     4    14    13     0     0   -65.0   51.597  101.954   2619.7    600.3
     1     1    21     4    14    12     0     0   -66.0   51.933  101.578   2575.0    602.1
     1     1    21     4    14    11     0     0   -67.0   52.275  101.181   2527.5    602.9
     1     1    21     4    14    10     0     0   -68.0   52.593  100.752   2475.9    604.6
     1     1    21     4    14     9     0     0   -69.0   52.884  100.292   2425.7    610.3
     1     1    21     4    14     8     0     0   -70.0   53.152   99.802   2377.4    618.9
     1     1    21     4    14     7     0     0   -71.0   53.406   99.294   2335.7    631.4
     1     1    21     4    14     6     0     0   -72.0   53.655   98.777   2297.6    642.7
     1     1    21     4    14     5     0     0   -73.0   53.905   98.241   2256.6    652.7
     1     1    21     4    14     4     0     0   -74.0   54.157   97.675   2205.6    663.6
     1     1    21     4    14     3     0     0   -75.0   54.409   97.089   2147.3    678.2
     1     1    21     4    14     2     0     0   -76.0   54.661   96.492   2080.5    693.9
     1     1    21     4    14     1     0     0   -77.0   54.913   95.887   2005.0    708.8
     1     1    21     4    14     0     0     0   -78.0   55.170   95.276   1923.6    723.8
     1     1    21     4    13    23     0     0   -79.0   55.423   94.672   1845.7    740.3
     1     1    21     4    13    22     0     0   -80.0   55.660   94.085   1775.5    755.2
     1     1    21     4    13    21     0     0   -81.0   55.882   93.513   1711.1    768.6
     1     1    21     4    13    20     0     0   -82.0   56.086   92.950   1649.9    780.4
     1     1    21     4    13    19     0     0   -83.0   56.274   92.392   1590.5    791.6
     1     1    21     4    13    18     0     0   -84.0   56.450   91.837   1532.8    803.3
     1     1    21     4    13    17     0     0   -85.0   56.628   91.269   1478.5    814.3
     1     1    21     4    13    16     0     0   -86.0   56.815   90.681   1431.1    824.3
     1     1    21     4    13    15     0     0   -87.0   57.003   90.080   1390.3    833.1
     1     1    21     4    13    14     0     0   -88.0   57.187   89.473   1356.8    841.6
     1     1    21     4    13    13     0     0   -89.0   57.364   88.863   1330.8    849.3
     1     1    21     4    13    12     0     0   -90.0   57.527   88.255   1311.7    855.7
     1     1    21     4    13    11     0     0   -91.0   57.694   87.658   1297.9    859.5
     1     1    21     4    13    10     0     0   -92.0   57.885   87.078   1288.7    861.3
     1     1    21     4    13     9     0     0   -93.0   58.102   86.505   1284.5    862.4
     1     1    21     4    13     8     0     0   -94.0   58.342   85.932   1285.0    863.2
     1     1    21     4    13     7     0     0   -95.0   58.600   85.352   1290.0    863.8
     1     1    21     4    13     6     0     0   -96.0   58.871   84.756   1299.1    863.7
