     2     1
    CDC1    21     2     1     0     0
    CDC1    21     3     1     0     0
     1 BACKWARD OMEGA   
  2021     3     6     3   37.500  127.000   500.0
     1 PRESSURE
     1     1    21     3     6     3     0     0     0.0   37.500  127.000    500.0    945.9
     1     1    21     3     6     2     0     0    -1.0   37.653  127.239    522.8    939.1
     1     1    21     3     6     1     0     0    -2.0   37.810  127.474    543.0    932.6
     1     1    21     3     6     0     0     0    -3.0   37.977  127.703    561.5    928.7
     1     1    21     3     5    23     0     0    -4.0   38.165  127.914    580.9    924.9
     1     1    21     3     5    22     0     0    -5.0   38.377  128.093    603.0    920.2
     1     1    21     3     5    21     0     0    -6.0   38.612  128.233    628.9    914.6
     1     1    21     3     5    20     0     0    -7.0   38.871  128.327    659.4    907.5
     1     1    21     3     5    19     0     0    -8.0   39.152  128.367    695.5    899.2
     1     1    21     3     5    18     0     0    -9.0   39.455  128.349    738.4    889.4
     1     1    21     3     5    17     0     0   -10.0   39.762  128.273    785.9    878.4
     1     1    21     3     5    16     0     0   -11.0   40.058  128.146    835.9    867.3
     1     1    21     3     5    15     0     0   -12.0   40.344  127.978    888.4    857.2
     1     1    21     3     5    14     0     0   -13.0   40.622  127.775    942.9    846.6
     1     1    21     3     5    13     0     0   -14.0   40.894  127.535   1000.0    835.7
     1     1    21     3     5    12     0     0   -15.0   41.158  127.264   1061.2    829.2
     1     1    21     3     5    11     0     0   -16.0   41.416  126.969   1124.3    823.6
     1     1    21     3     5    10     0     0   -17.0   41.672  126.649   1188.9    818.5
     1     1    21     3     5     9     0     0   -18.0   41.931  126.307   1254.7    814.1
     1     1    21     3     5     8     0     0   -19.0   42.193  125.942   1322.0    809.8
     1     1    21     3     5     7     0     0   -20.0   42.463  125.550   1392.2    806.0
     1     1    21     3     5     6     0     0   -21.0   42.747  125.137   1469.1    806.3
     1     1    21     3     5     5     0     0   -22.0   43.038  124.716   1541.2    804.6
     1     1    21     3     5     4     0     0   -23.0   43.326  124.295   1601.8    803.1
     1     1    21     3     5     3     0     0   -24.0   43.615  123.880   1649.5    801.9
     1     1    21     3     5     2     0     0   -25.0   43.914  123.473   1684.4    801.1
     1     1    21     3     5     1     0     0   -26.0   44.228  123.076   1706.7    800.6
     1     1    21     3     5     0     0     0   -27.0   44.566  122.692   1717.0    800.4
     1     1    21     3     4    23     0     0   -28.0   44.916  122.297   1716.5    796.1
     1     1    21     3     4    22     0     0   -29.0   45.247  121.851   1709.4    783.6
     1     1    21     3     4    21     0     0   -30.0   45.546  121.338   1699.5    770.4
     1     1    21     3     4    20     0     0   -31.0   45.810  120.766   1687.3    758.3
     1     1    21     3     4    19     0     0   -32.0   46.037  120.142   1672.2    747.1
     1     1    21     3     4    18     0     0   -33.0   46.232  119.480   1658.9    741.3
     1     1    21     3     4    17     0     0   -34.0   46.415  118.812   1649.5    737.5
     1     1    21     3     4    16     0     0   -35.0   46.604  118.153   1647.0    734.5
     1     1    21     3     4    15     0     0   -36.0   46.801  117.506   1650.8    732.6
     1     1    21     3     4    14     0     0   -37.0   47.013  116.884   1663.5    734.2
     1     1    21     3     4    13     0     0   -38.0   47.245  116.296   1682.8    735.4
     1     1    21     3     4    12     0     0   -39.0   47.502  115.737   1710.2    736.2
     1     1    21     3     4    11     0     0   -40.0   47.773  115.189   1747.0    733.9
     1     1    21     3     4    10     0     0   -41.0   48.048  114.620   1790.3    725.0
     1     1    21     3     4     9     0     0   -42.0   48.329  114.011   1840.0    712.1
     1     1    21     3     4     8     0     0   -43.0   48.624  113.354   1897.3    697.4
     1     1    21     3     4     7     0     0   -44.0   48.940  112.641   1962.8    680.7
     1     1    21     3     4     6     0     0   -45.0   49.278  111.879   2039.6    665.2
     1     1    21     3     4     5     0     0   -46.0   49.634  111.092   2118.6    650.1
     1     1    21     3     4     4     0     0   -47.0   50.005  110.294   2190.7    637.3
     1     1    21     3     4     3     0     0   -48.0   50.386  109.505   2261.0    636.1
     1     1    21     3     4     2     0     0   -49.0   50.772  108.755   2317.8    642.1
     1     1    21     3     4     1     0     0   -50.0   51.167  108.052   2357.1    650.5
     1     1    21     3     4     0     0     0   -51.0   51.577  107.396   2380.1    660.4
     1     1    21     3     3    23     0     0   -52.0   51.989  106.777   2396.7    668.2
     1     1    21     3     3    22     0     0   -53.0   52.386  106.173   2422.5    673.5
     1     1    21     3     3    21     0     0   -54.0   52.770  105.575   2453.1    674.6
     1     1    21     3     3    20     0     0   -55.0   53.141  104.977   2491.7    674.6
     1     1    21     3     3    19     0     0   -56.0   53.504  104.370   2526.3    665.8
     1     1    21     3     3    18     0     0   -57.0   53.862  103.754   2567.2    659.8
     1     1    21     3     3    17     0     0   -58.0   54.232  103.123   2608.8    657.0
     1     1    21     3     3    16     0     0   -59.0   54.624  102.471   2647.3    658.9
     1     1    21     3     3    15     0     0   -60.0   55.035  101.805   2680.6    659.4
     1     1    21     3     3    14     0     0   -61.0   55.453  101.129   2707.5    655.9
     1     1    21     3     3    13     0     0   -62.0   55.878  100.449   2742.4    654.8
     1     1    21     3     3    12     0     0   -63.0   56.309   99.772   2789.7    655.9
     1     1    21     3     3    11     0     0   -64.0   56.724   99.116   2843.2    657.4
     1     1    21     3     3    10     0     0   -65.0   57.106   98.489   2896.7    660.2
     1     1    21     3     3     9     0     0   -66.0   57.463   97.885   2951.9    663.2
     1     1    21     3     3     8     0     0   -67.0   57.799   97.308   2994.3    657.7
     1     1    21     3     3     7     0     0   -68.0   58.119   96.760   3032.8    651.1
     1     1    21     3     3     6     0     0   -69.0   58.426   96.245   3071.1    645.2
     1     1    21     3     3     5     0     0   -70.0   58.733   95.743   3108.7    639.7
     1     1    21     3     3     4     0     0   -71.0   59.049   95.239   3147.0    634.6
     1     1    21     3     3     3     0     0   -72.0   59.376   94.734   3183.7    629.6
     1     1    21     3     3     2     0     0   -73.0   59.713   94.237   3217.9    624.7
     1     1    21     3     3     1     0     0   -74.0   60.062   93.753   3249.2    620.6
     1     1    21     3     3     0     0     0   -75.0   60.417   93.298   3277.8    618.1
     1     1    21     3     2    23     0     0   -76.0   60.770   92.876   3307.6    616.6
     1     1    21     3     2    22     0     0   -77.0   61.116   92.476   3345.3    614.2
     1     1    21     3     2    21     0     0   -78.0   61.455   92.100   3388.8    611.3
     1     1    21     3     2    20     0     0   -79.0   61.788   91.745   3436.5    608.2
     1     1    21     3     2    19     0     0   -80.0   62.118   91.410   3486.7    605.0
     1     1    21     3     2    18     0     0   -81.0   62.447   91.095   3538.2    601.8
     1     1    21     3     2    17     0     0   -82.0   62.778   90.797   3585.8    598.2
     1     1    21     3     2    16     0     0   -83.0   63.110   90.515   3630.0    595.0
     1     1    21     3     2    15     0     0   -84.0   63.442   90.248   3672.0    592.1
     1     1    21     3     2    14     0     0   -85.0   63.774   89.994   3712.4    589.4
     1     1    21     3     2    13     0     0   -86.0   64.103   89.755   3751.1    586.6
     1     1    21     3     2    12     0     0   -87.0   64.429   89.530   3789.0    584.1
     1     1    21     3     2    11     0     0   -88.0   64.749   89.321   3824.1    581.3
     1     1    21     3     2    10     0     0   -89.0   65.060   89.132   3855.6    578.8
     1     1    21     3     2     9     0     0   -90.0   65.358   88.962   3880.9    575.4
     1     1    21     3     2     8     0     0   -91.0   65.641   88.814   3903.4    572.3
     1     1    21     3     2     7     0     0   -92.0   65.912   88.692   3923.2    569.5
     1     1    21     3     2     6     0     0   -93.0   66.173   88.603   3940.6    566.8
     1     1    21     3     2     5     0     0   -94.0   66.430   88.551   3954.9    564.3
     1     1    21     3     2     4     0     0   -95.0   66.690   88.540   3967.2    561.8
     1     1    21     3     2     3     0     0   -96.0   66.957   88.579   3978.1    559.0
