     2     1
    CDC1    21     4     1     0     0
    CDC1    21     5     1     0     0
     1 BACKWARD OMEGA   
  2021     5    12     6   37.500  127.000   500.0
     1 PRESSURE
     1     1    21     5    12     6     0     0     0.0   37.500  127.000    500.0    935.5
     1     1    21     5    12     5     0     0    -1.0   37.418  127.155    508.1    933.9
     1     1    21     5    12     4     0     0    -2.0   37.323  127.340    513.6    932.5
     1     1    21     5    12     3     0     0    -3.0   37.215  127.558    516.8    931.9
     1     1    21     5    12     2     0     0    -4.0   37.095  127.809    518.7    932.8
     1     1    21     5    12     1     0     0    -5.0   36.966  128.094    519.4    933.9
     1     1    21     5    12     0     0     0    -6.0   36.829  128.415    519.6    935.1
     1     1    21     5    11    23     0     0    -7.0   36.683  128.761    519.5    935.7
     1     1    21     5    11    22     0     0    -8.0   36.529  129.123    519.5    936.0
     1     1    21     5    11    21     0     0    -9.0   36.370  129.503    519.4    936.1
     1     1    21     5    11    20     0     0   -10.0   36.206  129.905    519.3    935.8
     1     1    21     5    11    19     0     0   -11.0   36.043  130.326    519.4    936.5
     1     1    21     5    11    18     0     0   -12.0   35.886  130.760    519.7    937.6
     1     1    21     5    11    17     0     0   -13.0   35.748  131.198    521.5    938.9
     1     1    21     5    11    16     0     0   -14.0   35.639  131.630    524.8    940.0
     1     1    21     5    11    15     0     0   -15.0   35.558  132.054    529.9    940.9
     1     1    21     5    11    14     0     0   -16.0   35.502  132.468    536.4    941.8
     1     1    21     5    11    13     0     0   -17.0   35.470  132.865    544.0    939.8
     1     1    21     5    11    12     0     0   -18.0   35.459  133.238    553.8    937.6
     1     1    21     5    11    11     0     0   -19.0   35.466  133.583    565.1    934.8
     1     1    21     5    11    10     0     0   -20.0   35.488  133.896    577.3    932.3
     1     1    21     5    11     9     0     0   -21.0   35.527  134.174    590.2    930.0
     1     1    21     5    11     8     0     0   -22.0   35.584  134.415    603.3    927.9
     1     1    21     5    11     7     0     0   -23.0   35.658  134.618    616.4    926.1
     1     1    21     5    11     6     0     0   -24.0   35.752  134.783    629.1    924.4
     1     1    21     5    11     5     0     0   -25.0   35.853  134.908    641.2    922.9
     1     1    21     5    11     4     0     0   -26.0   35.947  134.994    653.6    921.4
     1     1    21     5    11     3     0     0   -27.0   36.032  135.046    666.0    919.9
     1     1    21     5    11     2     0     0   -28.0   36.107  135.064    678.4    918.6
     1     1    21     5    11     1     0     0   -29.0   36.170  135.052    691.1    917.4
     1     1    21     5    11     0     0     0   -30.0   36.222  135.011    704.5    916.5
     1     1    21     5    10    23     0     0   -31.0   36.270  134.948    718.3    915.3
     1     1    21     5    10    22     0     0   -32.0   36.318  134.874    731.9    914.2
     1     1    21     5    10    21     0     0   -33.0   36.368  134.789    745.5    913.2
     1     1    21     5    10    20     0     0   -34.0   36.420  134.694    759.0    912.3
     1     1    21     5    10    19     0     0   -35.0   36.474  134.589    772.3    911.5
     1     1    21     5    10    18     0     0   -36.0   36.529  134.474    785.6    910.8
     1     1    21     5    10    17     0     0   -37.0   36.579  134.353    799.2    910.4
     1     1    21     5    10    16     0     0   -38.0   36.620  134.230    813.0    909.8
     1     1    21     5    10    15     0     0   -39.0   36.649  134.104    826.9    909.2
     1     1    21     5    10    14     0     0   -40.0   36.669  133.975    840.6    908.6
     1     1    21     5    10    13     0     0   -41.0   36.678  133.843    853.7    907.9
     1     1    21     5    10    12     0     0   -42.0   36.676  133.707    865.9    907.3
     1     1    21     5    10    11     0     0   -43.0   36.675  133.570    875.9    906.9
     1     1    21     5    10    10     0     0   -44.0   36.684  133.437    882.8    907.0
     1     1    21     5    10     9     0     0   -45.0   36.703  133.306    886.5    907.5
     1     1    21     5    10     8     0     0   -46.0   36.733  133.179    887.1    908.4
     1     1    21     5    10     7     0     0   -47.0   36.772  133.053    884.7    909.7
     1     1    21     5    10     6     0     0   -48.0   36.821  132.929    879.0    911.5
     1     1    21     5    10     5     0     0   -49.0   36.878  132.794    873.4    913.5
     1     1    21     5    10     4     0     0   -50.0   36.944  132.635    871.6    915.1
     1     1    21     5    10     3     0     0   -51.0   37.019  132.452    874.2    915.8
     1     1    21     5    10     2     0     0   -52.0   37.104  132.244    881.9    914.1
     1     1    21     5    10     1     0     0   -53.0   37.199  132.013    897.0    911.5
     1     1    21     5    10     0     0     0   -54.0   37.306  131.761    920.8    907.9
     1     1    21     5     9    23     0     0   -55.0   37.427  131.502    950.8    902.9
     1     1    21     5     9    22     0     0   -56.0   37.559  131.245    983.3    897.1
     1     1    21     5     9    21     0     0   -57.0   37.705  130.987   1016.7    890.2
     1     1    21     5     9    20     0     0   -58.0   37.867  130.728   1050.1    883.0
     1     1    21     5     9    19     0     0   -59.0   38.051  130.465   1082.4    875.6
     1     1    21     5     9    18     0     0   -60.0   38.261  130.194   1112.3    867.7
     1     1    21     5     9    17     0     0   -61.0   38.493  129.895   1144.3    859.7
     1     1    21     5     9    16     0     0   -62.0   38.740  129.552   1185.5    850.6
     1     1    21     5     9    15     0     0   -63.0   38.996  129.168   1236.3    839.9
     1     1    21     5     9    14     0     0   -64.0   39.261  128.745   1299.1    827.2
     1     1    21     5     9    13     0     0   -65.0   39.537  128.287   1376.8    811.7
     1     1    21     5     9    12     0     0   -66.0   39.825  127.799   1472.8    793.8
     1     1    21     5     9    11     0     0   -67.0   40.127  127.298   1584.7    777.3
     1     1    21     5     9    10     0     0   -68.0   40.440  126.807   1704.3    767.5
     1     1    21     5     9     9     0     0   -69.0   40.765  126.334   1824.0    758.0
     1     1    21     5     9     8     0     0   -70.0   41.109  125.878   1945.2    749.0
     1     1    21     5     9     7     0     0   -71.0   41.475  125.436   2070.0    740.2
     1     1    21     5     9     6     0     0   -72.0   41.867  125.008   2201.0    731.4
     1     1    21     5     9     5     0     0   -73.0   42.279  124.599   2331.3    719.7
     1     1    21     5     9     4     0     0   -74.0   42.703  124.211   2454.8    711.3
     1     1    21     5     9     3     0     0   -75.0   43.132  123.838   2567.4    705.7
     1     1    21     5     9     2     0     0   -76.0   43.564  123.474   2664.3    700.6
     1     1    21     5     9     1     0     0   -77.0   44.003  123.118   2745.5    695.8
     1     1    21     5     9     0     0     0   -78.0   44.450  122.769   2811.3    691.1
     1     1    21     5     8    23     0     0   -79.0   44.898  122.422   2865.0    685.7
     1     1    21     5     8    22     0     0   -80.0   45.331  122.068   2905.0    672.2
     1     1    21     5     8    21     0     0   -81.0   45.739  121.709   2945.4    658.5
     1     1    21     5     8    20     0     0   -82.0   46.125  121.342   2989.6    645.6
     1     1    21     5     8    19     0     0   -83.0   46.489  120.965   3038.6    633.3
     1     1    21     5     8    18     0     0   -84.0   46.833  120.573   3093.1    621.6
     1     1    21     5     8    17     0     0   -85.0   47.168  120.176   3147.7    610.3
     1     1    21     5     8    16     0     0   -86.0   47.501  119.792   3196.4    603.0
     1     1    21     5     8    15     0     0   -87.0   47.833  119.430   3239.2    599.7
     1     1    21     5     8    14     0     0   -88.0   48.164  119.096   3272.9    597.5
     1     1    21     5     8    13     0     0   -89.0   48.497  118.787   3299.1    596.4
     1     1    21     5     8    12     0     0   -90.0   48.832  118.499   3319.8    596.1
     1     1    21     5     8    11     0     0   -91.0   49.166  118.226   3342.1    596.4
     1     1    21     5     8    10     0     0   -92.0   49.495  117.960   3369.1    596.1
     1     1    21     5     8     9     0     0   -93.0   49.818  117.692   3400.8    595.7
     1     1    21     5     8     8     0     0   -94.0   50.132  117.418   3433.3    594.3
     1     1    21     5     8     7     0     0   -95.0   50.438  117.138   3463.1    590.9
     1     1    21     5     8     6     0     0   -96.0   50.736  116.854   3493.0    587.2
