     2     1
    CDC1    21     7     1     0     0
    CDC1    21     8     1     0     0
     1 BACKWARD OMEGA   
  2021     8    24     0   37.500  127.000   500.0
     1 PRESSURE
     1     1    21     8    24     0     0     0     0.0   37.500  127.000    500.0    923.0
     1     1    21     8    23    23     0     0    -1.0   37.241  127.093    425.7    933.0
     1     1    21     8    23    22     0     0    -2.0   36.988  127.177    364.4    940.5
     1     1    21     8    23    21     0     0    -3.0   36.741  127.248    314.4    946.3
     1     1    21     8    23    20     0     0    -4.0   36.501  127.306    273.8    951.3
     1     1    21     8    23    19     0     0    -5.0   36.268  127.353    240.6    955.6
     1     1    21     8    23    18     0     0    -6.0   36.040  127.392    213.2    959.4
     1     1    21     8    23    17     0     0    -7.0   35.818  127.429    190.2    962.6
     1     1    21     8    23    16     0     0    -8.0   35.604  127.478    170.6    965.0
     1     1    21     8    23    15     0     0    -9.0   35.401  127.554    153.4    967.3
     1     1    21     8    23    14     0     0   -10.0   35.215  127.674    138.5    969.4
     1     1    21     8    23    13     0     0   -11.0   35.051  127.851    125.4    971.3
     1     1    21     8    23    12     0     0   -12.0   34.909  128.088    114.2    973.3
     1     1    21     8    23    11     0     0   -13.0   34.775  128.342    105.3    975.5
     1     1    21     8    23    10     0     0   -14.0   34.629  128.565     98.9    977.2
     1     1    21     8    23     9     0     0   -15.0   34.473  128.759     94.5    978.7
     1     1    21     8    23     8     0     0   -16.0   34.310  128.924     92.0    980.0
     1     1    21     8    23     7     0     0   -17.0   34.140  129.064     90.9    981.1
     1     1    21     8    23     6     0     0   -18.0   33.966  129.186     91.3    981.9
     1     1    21     8    23     5     0     0   -19.0   33.793  129.291     92.6    982.7
     1     1    21     8    23     4     0     0   -20.0   33.629  129.382     94.5    983.4
     1     1    21     8    23     3     0     0   -21.0   33.480  129.461     96.9    984.0
     1     1    21     8    23     2     0     0   -22.0   33.347  129.531     99.9    984.5
     1     1    21     8    23     1     0     0   -23.0   33.236  129.594    103.4    984.9
     1     1    21     8    23     0     0     0   -24.0   33.148  129.649    107.4    985.1
     1     1    21     8    22    23     0     0   -25.0   33.069  129.690    111.3    984.7
     1     1    21     8    22    22     0     0   -26.0   32.980  129.710    114.3    984.7
     1     1    21     8    22    21     0     0   -27.0   32.880  129.712    116.5    984.9
     1     1    21     8    22    20     0     0   -28.0   32.766  129.697    118.0    985.2
     1     1    21     8    22    19     0     0   -29.0   32.637  129.667    118.9    985.8
     1     1    21     8    22    18     0     0   -30.0   32.491  129.624    119.0    986.6
     1     1    21     8    22    17     0     0   -31.0   32.332  129.585    118.1    987.4
     1     1    21     8    22    16     0     0   -32.0   32.170  129.563    115.9    988.5
     1     1    21     8    22    15     0     0   -33.0   32.007  129.558    112.1    989.7
     1     1    21     8    22    14     0     0   -34.0   31.845  129.570    106.8    991.1
     1     1    21     8    22    13     0     0   -35.0   31.686  129.597    100.1    992.7
     1     1    21     8    22    12     0     0   -36.0   31.532  129.641     92.2    994.5
     1     1    21     8    22    11     0     0   -37.0   31.377  129.691     84.7    996.4
     1     1    21     8    22    10     0     0   -38.0   31.213  129.740     79.3    997.9
     1     1    21     8    22     9     0     0   -39.0   31.038  129.789     75.7    999.2
     1     1    21     8    22     8     0     0   -40.0   30.854  129.839     74.1   1000.2
     1     1    21     8    22     7     0     0   -41.0   30.661  129.892     74.7   1001.2
     1     1    21     8    22     6     0     0   -42.0   30.461  129.947     77.8   1001.8
     1     1    21     8    22     5     0     0   -43.0   30.257  130.010     81.0   1002.1
     1     1    21     8    22     4     0     0   -44.0   30.054  130.086     81.0   1003.2
     1     1    21     8    22     3     0     0   -45.0   29.852  130.171     77.4   1003.7
     1     1    21     8    22     2     0     0   -46.0   29.650  130.262     70.5   1004.2
     1     1    21     8    22     1     0     0   -47.0   29.450  130.355     60.7   1004.7
     1     1    21     8    22     0     0     0   -48.0   29.253  130.451     49.2   1005.6
     1     1    21     8    21    23     0     0   -49.0   29.057  130.552     38.5   1006.4
     1     1    21     8    21    22     0     0   -50.0   28.863  130.663     29.9   1007.0
     1     1    21     8    21    21     0     0   -51.0   28.672  130.786     23.2   1007.6
     1     1    21     8    21    20     0     0   -52.0   28.487  130.921     18.0   1008.1
     1     1    21     8    21    19     0     0   -53.0   28.308  131.071     14.1   1008.6
     1     1    21     8    21    18     0     0   -54.0   28.137  131.233     11.2   1009.1
     1     1    21     8    21    17     0     0   -55.0   27.977  131.400      9.0   1009.5
     1     1    21     8    21    16     0     0   -56.0   27.832  131.562      7.3   1009.7
     1     1    21     8    21    15     0     0   -57.0   27.700  131.720      5.8   1009.9
     1     1    21     8    21    14     0     0   -58.0   27.583  131.873      4.5   1010.2
     1     1    21     8    21    13     0     0   -59.0   27.479  132.020      3.6   1010.5
     1     1    21     8    21    12     0     0   -60.0   27.389  132.160      3.0   1010.8
     1     1    21     8    21    11     0     0   -61.0   27.300  132.296      2.6   1011.0
     1     1    21     8    21    10     0     0   -62.0   27.204  132.433      2.3   1011.2
     1     1    21     8    21     9     0     0   -63.0   27.100  132.573      2.0   1011.4
     1     1    21     8    21     8     0     0   -64.0   26.990  132.717      1.8   1011.6
     1     1    21     8    21     7     0     0   -65.0   26.874  132.867      1.6   1011.7
     1     1    21     8    21     6     0     0   -66.0   26.752  133.023      1.4   1011.9
     1     1    21     8    21     5     0     0   -67.0   26.631  133.184      1.3   1012.2
     1     1    21     8    21     4     0     0   -68.0   26.517  133.353      1.2   1012.5
     1     1    21     8    21     3     0     0   -69.0   26.408  133.531      1.2   1012.8
     1     1    21     8    21     2     0     0   -70.0   26.306  133.719      1.2   1013.2
     1     1    21     8    21     1     0     0   -71.0   26.209  133.920      1.2   1013.5
     1     1    21     8    21     0     0     0   -72.0   26.116  134.135      1.3   1013.9
     1     1    21     8    20    23     0     0   -73.0   26.029  134.361      1.2   1014.1
     1     1    21     8    20    22     0     0   -74.0   25.949  134.590      1.1   1014.3
     1     1    21     8    20    21     0     0   -75.0   25.878  134.824      0.8   1014.4
     1     1    21     8    20    20     0     0   -76.0   25.820  135.062      0.5   1014.3
     1     1    21     8    20    19     0     0   -77.0   25.773  135.302      0.0   1014.0
     1     1    21     8    20    18     0     0   -78.0   25.737  135.543      0.0   1013.6
     1     1    21     8    20    17     0     0   -79.0   25.707  135.783      0.0   1013.6
     1     1    21     8    20    16     0     0   -80.0   25.680  136.021      0.0   1013.6
     1     1    21     8    20    15     0     0   -81.0   25.655  136.258      0.0   1013.6
     1     1    21     8    20    14     0     0   -82.0   25.632  136.493      0.0   1013.6
     1     1    21     8    20    13     0     0   -83.0   25.612  136.728      0.0   1013.7
     1     1    21     8    20    12     0     0   -84.0   25.594  136.962      0.0   1013.8
     1     1    21     8    20    11     0     0   -85.0   25.575  137.192      0.0   1013.5
     1     1    21     8    20    10     0     0   -86.0   25.553  137.416      0.0   1013.3
     1     1    21     8    20     9     0     0   -87.0   25.529  137.632      0.0   1013.3
     1     1    21     8    20     8     0     0   -88.0   25.503  137.842      0.0   1013.4
     1     1    21     8    20     7     0     0   -89.0   25.475  138.046      0.0   1013.5
     1     1    21     8    20     6     0     0   -90.0   25.444  138.244      0.0   1013.6
     1     1    21     8    20     5     0     0   -91.0   25.408  138.444      0.0   1014.1
     1     1    21     8    20     4     0     0   -92.0   25.363  138.652      0.0   1014.5
     1     1    21     8    20     3     0     0   -93.0   25.311  138.866      0.0   1015.0
     1     1    21     8    20     2     0     0   -94.0   25.251  139.089      0.0   1015.5
     1     1    21     8    20     1     0     0   -95.0   25.187  139.320      0.0   1016.1
     1     1    21     8    20     0     0     0   -96.0   25.120  139.559      0.0   1016.7
