     2     1
    CDC1    21     3     1     0     0
    CDC1    21     4     1     0     0
     1 BACKWARD OMEGA   
  2021     4    24    12   37.500  127.000   500.0
     1 PRESSURE
     1     1    21     4    24    12     0     0     0.0   37.500  127.000    500.0    940.1
     1     1    21     4    24    11     0     0    -1.0   37.620  126.939    526.1    936.3
     1     1    21     4    24    10     0     0    -2.0   37.750  126.904    552.3    932.2
     1     1    21     4    24     9     0     0    -3.0   37.886  126.892    578.3    928.0
     1     1    21     4    24     8     0     0    -4.0   38.028  126.904    603.6    923.6
     1     1    21     4    24     7     0     0    -5.0   38.173  126.937    627.6    919.1
     1     1    21     4    24     6     0     0    -6.0   38.320  126.987    649.6    914.2
     1     1    21     4    24     5     0     0    -7.0   38.460  127.051    670.0    909.6
     1     1    21     4    24     4     0     0    -8.0   38.581  127.129    689.1    905.2
     1     1    21     4    24     3     0     0    -9.0   38.682  127.221    706.9    901.2
     1     1    21     4    24     2     0     0   -10.0   38.760  127.329    723.3    897.6
     1     1    21     4    24     1     0     0   -11.0   38.816  127.452    738.6    894.5
     1     1    21     4    24     0     0     0   -12.0   38.847  127.590    753.0    893.0
     1     1    21     4    23    23     0     0   -13.0   38.863  127.732    766.8    892.4
     1     1    21     4    23    22     0     0   -14.0   38.874  127.868    779.8    891.9
     1     1    21     4    23    21     0     0   -15.0   38.878  128.000    792.0    891.5
     1     1    21     4    23    20     0     0   -16.0   38.876  128.127    803.2    891.3
     1     1    21     4    23    19     0     0   -17.0   38.867  128.252    813.4    891.2
     1     1    21     4    23    18     0     0   -18.0   38.852  128.375    822.3    891.4
     1     1    21     4    23    17     0     0   -19.0   38.828  128.510    831.2    891.8
     1     1    21     4    23    16     0     0   -20.0   38.796  128.667    841.3    892.3
     1     1    21     4    23    15     0     0   -21.0   38.758  128.848    852.1    892.8
     1     1    21     4    23    14     0     0   -22.0   38.714  129.052    863.1    893.6
     1     1    21     4    23    13     0     0   -23.0   38.668  129.279    874.0    894.5
     1     1    21     4    23    12     0     0   -24.0   38.624  129.529    884.3    895.5
     1     1    21     4    23    11     0     0   -25.0   38.584  129.796    894.1    896.8
     1     1    21     4    23    10     0     0   -26.0   38.553  130.075    904.0    898.6
     1     1    21     4    23     9     0     0   -27.0   38.532  130.366    915.2    901.3
     1     1    21     4    23     8     0     0   -28.0   38.521  130.666    927.8    903.9
     1     1    21     4    23     7     0     0   -29.0   38.526  130.973    942.1    906.1
     1     1    21     4    23     6     0     0   -30.0   38.550  131.284    958.9    908.1
     1     1    21     4    23     5     0     0   -31.0   38.587  131.590    975.8    909.6
     1     1    21     4    23     4     0     0   -32.0   38.628  131.882    991.5    911.5
     1     1    21     4    23     3     0     0   -33.0   38.672  132.159   1005.0    913.6
     1     1    21     4    23     2     0     0   -34.0   38.719  132.421   1015.7    915.9
     1     1    21     4    23     1     0     0   -35.0   38.766  132.668   1022.5    915.9
     1     1    21     4    23     0     0     0   -36.0   38.806  132.904   1026.0    915.1
     1     1    21     4    22    23     0     0   -37.0   38.842  133.134   1030.0    914.3
     1     1    21     4    22    22     0     0   -38.0   38.879  133.358   1037.9    912.8
     1     1    21     4    22    21     0     0   -39.0   38.916  133.578   1050.9    910.7
     1     1    21     4    22    20     0     0   -40.0   38.955  133.793   1069.9    908.0
     1     1    21     4    22    19     0     0   -41.0   38.997  134.001   1096.0    904.7
     1     1    21     4    22    18     0     0   -42.0   39.044  134.203   1130.3    900.6
     1     1    21     4    22    17     0     0   -43.0   39.099  134.397   1169.4    896.1
     1     1    21     4    22    16     0     0   -44.0   39.162  134.585   1209.4    892.2
     1     1    21     4    22    15     0     0   -45.0   39.232  134.766   1250.5    888.4
     1     1    21     4    22    14     0     0   -46.0   39.311  134.938   1292.7    884.8
     1     1    21     4    22    13     0     0   -47.0   39.401  135.100   1335.5    880.2
     1     1    21     4    22    12     0     0   -48.0   39.502  135.252   1379.5    875.2
     1     1    21     4    22    11     0     0   -49.0   39.633  135.392   1424.1    870.6
     1     1    21     4    22    10     0     0   -50.0   39.808  135.518   1465.7    867.1
     1     1    21     4    22     9     0     0   -51.0   40.025  135.632   1504.3    864.2
     1     1    21     4    22     8     0     0   -52.0   40.283  135.739   1537.9    858.2
     1     1    21     4    22     7     0     0   -53.0   40.580  135.846   1569.7    852.3
     1     1    21     4    22     6     0     0   -54.0   40.914  135.961   1601.1    846.4
     1     1    21     4    22     5     0     0   -55.0   41.266  136.075   1633.6    840.5
     1     1    21     4    22     4     0     0   -56.0   41.621  136.178   1666.9    834.5
     1     1    21     4    22     3     0     0   -57.0   41.983  136.267   1698.6    828.9
     1     1    21     4    22     2     0     0   -58.0   42.357  136.342   1725.8    823.8
     1     1    21     4    22     1     0     0   -59.0   42.744  136.402   1746.4    818.9
     1     1    21     4    22     0     0     0   -60.0   43.140  136.445   1759.5    814.4
     1     1    21     4    21    23     0     0   -61.0   43.543  136.477   1769.0    810.7
     1     1    21     4    21    22     0     0   -62.0   43.947  136.499   1779.3    806.5
     1     1    21     4    21    21     0     0   -63.0   44.353  136.512   1790.8    802.2
     1     1    21     4    21    20     0     0   -64.0   44.760  136.512   1803.6    797.7
     1     1    21     4    21    19     0     0   -65.0   45.164  136.494   1818.7    793.8
     1     1    21     4    21    18     0     0   -66.0   45.554  136.447   1835.6    790.8
     1     1    21     4    21    17     0     0   -67.0   45.925  136.382   1855.8    787.9
     1     1    21     4    21    16     0     0   -68.0   46.283  136.320   1881.9    784.4
     1     1    21     4    21    15     0     0   -69.0   46.633  136.265   1914.5    780.3
     1     1    21     4    21    14     0     0   -70.0   46.983  136.221   1954.1    775.6
     1     1    21     4    21    13     0     0   -71.0   47.336  136.192   2001.2    770.3
     1     1    21     4    21    12     0     0   -72.0   47.695  136.175   2054.9    763.0
     1     1    21     4    21    11     0     0   -73.0   48.061  136.141   2110.7    753.9
     1     1    21     4    21    10     0     0   -74.0   48.433  136.068   2164.3    745.6
     1     1    21     4    21     9     0     0   -75.0   48.810  135.959   2217.7    737.3
     1     1    21     4    21     8     0     0   -76.0   49.190  135.816   2273.1    728.7
     1     1    21     4    21     7     0     0   -77.0   49.574  135.642   2332.8    719.8
     1     1    21     4    21     6     0     0   -78.0   49.962  135.438   2400.1    710.1
     1     1    21     4    21     5     0     0   -79.0   50.344  135.185   2476.0    701.0
     1     1    21     4    21     4     0     0   -80.0   50.711  134.862   2554.6    692.1
     1     1    21     4    21     3     0     0   -81.0   51.065  134.463   2632.8    683.8
     1     1    21     4    21     2     0     0   -82.0   51.405  133.990   2706.2    675.9
     1     1    21     4    21     1     0     0   -83.0   51.736  133.443   2771.8    668.4
     1     1    21     4    21     0     0     0   -84.0   52.060  132.824   2826.2    661.7
     1     1    21     4    20    23     0     0   -85.0   52.371  132.153   2876.3    657.9
     1     1    21     4    20    22     0     0   -86.0   52.661  131.449   2927.2    655.0
     1     1    21     4    20    21     0     0   -87.0   52.932  130.706   2977.2    651.5
     1     1    21     4    20    20     0     0   -88.0   53.183  129.911   3028.4    647.9
     1     1    21     4    20    19     0     0   -89.0   53.409  129.060   3079.3    644.1
     1     1    21     4    20    18     0     0   -90.0   53.602  128.150   3127.4    641.6
     1     1    21     4    20    17     0     0   -91.0   53.767  127.187   3164.2    638.3
     1     1    21     4    20    16     0     0   -92.0   53.907  126.188   3182.3    632.9
     1     1    21     4    20    15     0     0   -93.0   54.023  125.154   3192.1    629.0
     1     1    21     4    20    14     0     0   -94.0   54.117  124.085   3190.2    622.2
     1     1    21     4    20    13     0     0   -95.0   54.189  122.975   3187.0    614.7
     1     1    21     4    20    12     0     0   -96.0   54.239  121.823   3188.3    608.0
