     2     1
    CDC1    21     8     1     0     0
    CDC1    21     9     1     0     0
     1 BACKWARD OMEGA   
  2021     9    22    21   37.500  127.000   500.0
     1 PRESSURE
     1     1    21     9    22    21     0     0     0.0   37.500  127.000    500.0    938.0
     1     1    21     9    22    20     0     0    -1.0   37.666  126.646    521.2    934.5
     1     1    21     9    22    19     0     0    -2.0   37.832  126.304    537.5    931.8
     1     1    21     9    22    18     0     0    -3.0   38.002  125.968    548.1    929.7
     1     1    21     9    22    17     0     0    -4.0   38.175  125.644    554.6    928.9
     1     1    21     9    22    16     0     0    -5.0   38.350  125.336    558.8    928.2
     1     1    21     9    22    15     0     0    -6.0   38.529  125.040    562.3    927.5
     1     1    21     9    22    14     0     0    -7.0   38.709  124.757    566.4    926.6
     1     1    21     9    22    13     0     0    -8.0   38.887  124.486    572.6    925.6
     1     1    21     9    22    12     0     0    -9.0   39.064  124.224    582.6    924.5
     1     1    21     9    22    11     0     0   -10.0   39.242  123.965    595.3    922.7
     1     1    21     9    22    10     0     0   -11.0   39.424  123.703    609.8    921.3
     1     1    21     9    22     9     0     0   -12.0   39.613  123.437    626.1    920.1
     1     1    21     9    22     8     0     0   -13.0   39.809  123.167    644.3    918.9
     1     1    21     9    22     7     0     0   -14.0   40.016  122.892    665.1    917.9
     1     1    21     9    22     6     0     0   -15.0   40.235  122.613    688.2    916.7
     1     1    21     9    22     5     0     0   -16.0   40.466  122.342    713.7    912.6
     1     1    21     9    22     4     0     0   -17.0   40.707  122.085    742.6    905.7
     1     1    21     9    22     3     0     0   -18.0   40.959  121.841    775.7    897.6
     1     1    21     9    22     2     0     0   -19.0   41.228  121.610    812.7    888.5
     1     1    21     9    22     1     0     0   -20.0   41.519  121.395    853.2    878.2
     1     1    21     9    22     0     0     0   -21.0   41.836  121.197    896.5    866.9
     1     1    21     9    21    23     0     0   -22.0   42.173  121.010    941.5    854.7
     1     1    21     9    21    22     0     0   -23.0   42.517  120.824    987.9    841.5
     1     1    21     9    21    21     0     0   -24.0   42.857  120.648   1034.7    832.6
     1     1    21     9    21    20     0     0   -25.0   43.184  120.494   1077.7    824.4
     1     1    21     9    21    19     0     0   -26.0   43.497  120.365   1115.9    817.1
     1     1    21     9    21    18     0     0   -27.0   43.796  120.262   1148.4    810.8
     1     1    21     9    21    17     0     0   -28.0   44.097  120.195   1175.2    805.9
     1     1    21     9    21    16     0     0   -29.0   44.415  120.176   1195.9    802.4
     1     1    21     9    21    15     0     0   -30.0   44.749  120.202   1211.3    800.1
     1     1    21     9    21    14     0     0   -31.0   45.095  120.274   1222.1    799.1
     1     1    21     9    21    13     0     0   -32.0   45.442  120.388   1228.4    798.9
     1     1    21     9    21    12     0     0   -33.0   45.785  120.542   1230.4    799.6
     1     1    21     9    21    11     0     0   -34.0   46.108  120.729   1226.8    800.8
     1     1    21     9    21    10     0     0   -35.0   46.400  120.939   1217.9    802.8
     1     1    21     9    21     9     0     0   -36.0   46.664  121.169   1204.3    805.5
     1     1    21     9    21     8     0     0   -37.0   46.903  121.419   1187.0    808.7
     1     1    21     9    21     7     0     0   -38.0   47.118  121.685   1166.3    812.3
     1     1    21     9    21     6     0     0   -39.0   47.311  121.966   1142.8    816.3
     1     1    21     9    21     5     0     0   -40.0   47.489  122.282   1115.6    821.3
     1     1    21     9    21     4     0     0   -41.0   47.651  122.653   1084.9    827.8
     1     1    21     9    21     3     0     0   -42.0   47.787  123.065   1052.3    835.0
     1     1    21     9    21     2     0     0   -43.0   47.892  123.513   1018.3    843.1
     1     1    21     9    21     1     0     0   -44.0   47.963  123.994    983.1    852.1
     1     1    21     9    21     0     0     0   -45.0   48.000  124.500    946.7    862.0
     1     1    21     9    20    23     0     0   -46.0   47.999  124.992    912.3    871.7
     1     1    21     9    20    22     0     0   -47.0   47.963  125.428    883.1    875.3
     1     1    21     9    20    21     0     0   -48.0   47.894  125.808    861.7    878.2
     1     1    21     9    20    20     0     0   -49.0   47.794  126.136    848.3    880.3
     1     1    21     9    20    19     0     0   -50.0   47.663  126.417    843.1    881.7
     1     1    21     9    20    18     0     0   -51.0   47.502  126.653    846.6    882.2
     1     1    21     9    20    17     0     0   -52.0   47.319  126.852    854.5    880.6
     1     1    21     9    20    16     0     0   -53.0   47.123  127.016    863.9    879.0
     1     1    21     9    20    15     0     0   -54.0   46.918  127.147    874.3    877.2
     1     1    21     9    20    14     0     0   -55.0   46.709  127.247    885.6    875.3
     1     1    21     9    20    13     0     0   -56.0   46.502  127.319    897.8    873.4
     1     1    21     9    20    12     0     0   -57.0   46.300  127.364    911.0    871.5
     1     1    21     9    20    11     0     0   -58.0   46.094  127.396    923.8    869.6
     1     1    21     9    20    10     0     0   -59.0   45.872  127.433    934.2    867.8
     1     1    21     9    20     9     0     0   -60.0   45.633  127.479    942.5    866.0
     1     1    21     9    20     8     0     0   -61.0   45.379  127.539    948.8    864.3
     1     1    21     9    20     7     0     0   -62.0   45.112  127.617    953.7    862.7
     1     1    21     9    20     6     0     0   -63.0   44.833  127.713    956.0    859.9
     1     1    21     9    20     5     0     0   -64.0   44.551  127.827    955.6    856.6
     1     1    21     9    20     4     0     0   -65.0   44.276  127.964    953.6    853.8
     1     1    21     9    20     3     0     0   -66.0   44.012  128.123    950.5    851.6
     1     1    21     9    20     2     0     0   -67.0   43.764  128.300    946.3    849.9
     1     1    21     9    20     1     0     0   -68.0   43.535  128.495    941.5    848.8
     1     1    21     9    20     0     0     0   -69.0   43.328  128.704    936.3    848.2
     1     1    21     9    19    23     0     0   -70.0   43.144  128.903    929.6    847.8
     1     1    21     9    19    22     0     0   -71.0   42.985  129.066    920.1    848.1
     1     1    21     9    19    21     0     0   -72.0   42.848  129.190    908.0    848.8
     1     1    21     9    19    20     0     0   -73.0   42.735  129.273    893.3    849.7
     1     1    21     9    19    19     0     0   -74.0   42.642  129.314    876.0    850.8
     1     1    21     9    19    18     0     0   -75.0   42.571  129.312    856.3    852.1
     1     1    21     9    19    17     0     0   -76.0   42.513  129.283    837.8    853.6
     1     1    21     9    19    16     0     0   -77.0   42.465  129.241    824.6    854.9
     1     1    21     9    19    15     0     0   -78.0   42.424  129.186    816.5    855.8
     1     1    21     9    19    14     0     0   -79.0   42.393  129.118    813.6    856.1
     1     1    21     9    19    13     0     0   -80.0   42.370  129.037    816.0    855.6
     1     1    21     9    19    12     0     0   -81.0   42.357  128.943    823.6    854.4
     1     1    21     9    19    11     0     0   -82.0   42.349  128.829    832.4    852.5
     1     1    21     9    19    10     0     0   -83.0   42.340  128.692    837.6    851.3
     1     1    21     9    19     9     0     0   -84.0   42.331  128.531    839.3    850.3
     1     1    21     9    19     8     0     0   -85.0   42.323  128.346    837.4    849.5
     1     1    21     9    19     7     0     0   -86.0   42.317  128.135    832.1    849.0
     1     1    21     9    19     6     0     0   -87.0   42.315  127.898    823.3    848.7
     1     1    21     9    19     5     0     0   -88.0   42.303  127.651    811.9    848.7
     1     1    21     9    19     4     0     0   -89.0   42.262  127.412    799.0    850.5
     1     1    21     9    19     3     0     0   -90.0   42.195  127.185    785.3    855.3
     1     1    21     9    19     2     0     0   -91.0   42.101  126.970    770.2    860.1
     1     1    21     9    19     1     0     0   -92.0   41.982  126.767    754.0    865.0
     1     1    21     9    19     0     0     0   -93.0   41.840  126.575    736.6    870.0
     1     1    21     9    18    23     0     0   -94.0   41.692  126.395    719.9    874.9
     1     1    21     9    18    22     0     0   -95.0   41.554  126.226    706.2    879.0
     1     1    21     9    18    21     0     0   -96.0   41.426  126.064    695.3    882.6
