     2     1
    CDC1    21     5     1     0     0
    CDC1    21     6     1     0     0
     1 BACKWARD OMEGA   
  2021     6    22    21   37.500  127.000   500.0
     1 PRESSURE
     1     1    21     6    22    21     0     0     0.0   37.500  127.000    500.0    934.9
     1     1    21     6    22    20     0     0    -1.0   37.500  126.997    491.0    935.5
     1     1    21     6    22    19     0     0    -2.0   37.493  127.006    478.6    936.6
     1     1    21     6    22    18     0     0    -3.0   37.478  127.029    463.0    938.0
     1     1    21     6    22    17     0     0    -4.0   37.460  127.051    446.5    939.8
     1     1    21     6    22    16     0     0    -5.0   37.446  127.058    431.0    941.4
     1     1    21     6    22    15     0     0    -6.0   37.437  127.052    416.3    942.9
     1     1    21     6    22    14     0     0    -7.0   37.432  127.032    402.6    944.5
     1     1    21     6    22    13     0     0    -8.0   37.432  126.997    389.9    946.0
     1     1    21     6    22    12     0     0    -9.0   37.438  126.948    378.1    947.4
     1     1    21     6    22    11     0     0   -10.0   37.437  126.892    366.3    948.8
     1     1    21     6    22    10     0     0   -11.0   37.420  126.837    352.9    950.5
     1     1    21     6    22     9     0     0   -12.0   37.386  126.785    338.3    952.4
     1     1    21     6    22     8     0     0   -13.0   37.336  126.734    322.8    954.4
     1     1    21     6    22     7     0     0   -14.0   37.269  126.686    306.7    956.5
     1     1    21     6    22     6     0     0   -15.0   37.187  126.639    290.1    958.7
     1     1    21     6    22     5     0     0   -16.0   37.101  126.601    274.7    960.9
     1     1    21     6    22     4     0     0   -17.0   37.020  126.578    261.5    962.5
     1     1    21     6    22     3     0     0   -18.0   36.946  126.570    250.2    963.9
     1     1    21     6    22     2     0     0   -19.0   36.877  126.576    240.5    965.0
     1     1    21     6    22     1     0     0   -20.0   36.813  126.597    232.2    965.9
     1     1    21     6    22     0     0     0   -21.0   36.756  126.633    225.1    966.6
     1     1    21     6    21    23     0     0   -22.0   36.704  126.675    218.5    967.2
     1     1    21     6    21    22     0     0   -23.0   36.657  126.716    211.4    967.9
     1     1    21     6    21    21     0     0   -24.0   36.614  126.757    203.8    968.7
     1     1    21     6    21    20     0     0   -25.0   36.577  126.798    195.9    969.4
     1     1    21     6    21    19     0     0   -26.0   36.545  126.839    187.7    969.9
     1     1    21     6    21    18     0     0   -27.0   36.518  126.879    179.0    970.5
     1     1    21     6    21    17     0     0   -28.0   36.500  126.918    171.2    970.9
     1     1    21     6    21    16     0     0   -29.0   36.495  126.952    165.2    971.0
     1     1    21     6    21    15     0     0   -30.0   36.502  126.980    160.8    971.0
     1     1    21     6    21    14     0     0   -31.0   36.520  127.001    157.8    970.9
     1     1    21     6    21    13     0     0   -32.0   36.551  127.013    156.2    970.7
     1     1    21     6    21    12     0     0   -33.0   36.592  127.017    155.9    970.3
     1     1    21     6    21    11     0     0   -34.0   36.640  127.008    155.9    969.9
     1     1    21     6    21    10     0     0   -35.0   36.691  126.984    155.6    969.8
     1     1    21     6    21     9     0     0   -36.0   36.743  126.945    154.9    969.7
     1     1    21     6    21     8     0     0   -37.0   36.796  126.890    153.9    969.7
     1     1    21     6    21     7     0     0   -38.0   36.849  126.820    152.6    969.9
     1     1    21     6    21     6     0     0   -39.0   36.903  126.735    151.0    970.2
     1     1    21     6    21     5     0     0   -40.0   36.953  126.641    149.2    970.9
     1     1    21     6    21     4     0     0   -41.0   36.998  126.548    147.2    971.6
     1     1    21     6    21     3     0     0   -42.0   37.040  126.459    144.8    972.3
     1     1    21     6    21     2     0     0   -43.0   37.079  126.375    142.2    973.1
     1     1    21     6    21     1     0     0   -44.0   37.117  126.299    139.2    973.8
     1     1    21     6    21     0     0     0   -45.0   37.154  126.234    135.7    974.6
     1     1    21     6    20    23     0     0   -46.0   37.194  126.169    132.5    975.0
     1     1    21     6    20    22     0     0   -47.0   37.239  126.096    129.8    975.4
     1     1    21     6    20    21     0     0   -48.0   37.289  126.014    127.7    975.7
     1     1    21     6    20    20     0     0   -49.0   37.345  125.925    126.2    976.0
     1     1    21     6    20    19     0     0   -50.0   37.411  125.827    125.3    976.2
     1     1    21     6    20    18     0     0   -51.0   37.486  125.721    125.1    976.3
     1     1    21     6    20    17     0     0   -52.0   37.564  125.609    124.9    975.7
     1     1    21     6    20    16     0     0   -53.0   37.638  125.492    124.1    975.1
     1     1    21     6    20    15     0     0   -54.0   37.710  125.370    122.8    974.8
     1     1    21     6    20    14     0     0   -55.0   37.784  125.240    120.9    974.6
     1     1    21     6    20    13     0     0   -56.0   37.862  125.104    118.5    974.5
     1     1    21     6    20    12     0     0   -57.0   37.947  124.958    115.6    974.4
     1     1    21     6    20    11     0     0   -58.0   38.023  124.808    111.8    974.5
     1     1    21     6    20    10     0     0   -59.0   38.077  124.659    107.0    974.9
     1     1    21     6    20     9     0     0   -60.0   38.114  124.509    101.8    975.7
     1     1    21     6    20     8     0     0   -61.0   38.135  124.360     96.5    976.6
     1     1    21     6    20     7     0     0   -62.0   38.145  124.212     91.5    977.7
     1     1    21     6    20     6     0     0   -63.0   38.147  124.064     87.1    978.7
     1     1    21     6    20     5     0     0   -64.0   38.146  123.927     83.3    979.7
     1     1    21     6    20     4     0     0   -65.0   38.144  123.813     79.8    980.7
     1     1    21     6    20     3     0     0   -66.0   38.140  123.719     76.5    981.5
     1     1    21     6    20     2     0     0   -67.0   38.133  123.643     73.5    982.2
     1     1    21     6    20     1     0     0   -68.0   38.122  123.584     70.6    982.7
     1     1    21     6    20     0     0     0   -69.0   38.107  123.540     67.7    983.1
     1     1    21     6    19    23     0     0   -70.0   38.071  123.495     64.7    983.7
     1     1    21     6    19    22     0     0   -71.0   37.998  123.431     61.4    984.8
     1     1    21     6    19    21     0     0   -72.0   37.887  123.343     57.9    986.2
     1     1    21     6    19    20     0     0   -73.0   37.736  123.227     54.3    988.0
     1     1    21     6    19    19     0     0   -74.0   37.541  123.074     50.8    990.0
     1     1    21     6    19    18     0     0   -75.0   37.305  122.882     47.4    991.1
     1     1    21     6    19    17     0     0   -76.0   37.060  122.665     44.3    991.8
     1     1    21     6    19    16     0     0   -77.0   36.829  122.444     41.7    992.2
     1     1    21     6    19    15     0     0   -78.0   36.613  122.225     39.5    992.2
     1     1    21     6    19    14     0     0   -79.0   36.412  122.013     37.6    992.0
     1     1    21     6    19    13     0     0   -80.0   36.223  121.806     36.0    991.7
     1     1    21     6    19    12     0     0   -81.0   36.043  121.605     34.7    991.3
     1     1    21     6    19    11     0     0   -82.0   35.872  121.410     33.6    991.1
     1     1    21     6    19    10     0     0   -83.0   35.712  121.220     32.8    990.7
     1     1    21     6    19     9     0     0   -84.0   35.566  121.035     32.3    990.1
     1     1    21     6    19     8     0     0   -85.0   35.433  120.855     32.0    989.4
     1     1    21     6    19     7     0     0   -86.0   35.314  120.677     31.8    988.5
     1     1    21     6    19     6     0     0   -87.0   35.213  120.502     31.6    987.6
     1     1    21     6    19     5     0     0   -88.0   35.128  120.323     31.6    987.4
     1     1    21     6    19     4     0     0   -89.0   35.061  120.137     31.9    987.2
     1     1    21     6    19     3     0     0   -90.0   35.011  119.945     32.5    987.2
     1     1    21     6    19     2     0     0   -91.0   34.976  119.755     33.4    987.9
     1     1    21     6    19     1     0     0   -92.0   34.952  119.570     34.6    988.6
     1     1    21     6    19     0     0     0   -93.0   34.937  119.394     36.2    989.2
     1     1    21     6    18    23     0     0   -94.0   34.925  119.219     37.9    988.9
     1     1    21     6    18    22     0     0   -95.0   34.910  119.038     39.4    988.8
     1     1    21     6    18    21     0     0   -96.0   34.892  118.849     40.8    988.6
