     2     1
    CDC1    21     3     1     0     0
    CDC1    21     4     1     0     0
     1 BACKWARD OMEGA   
  2021     4    13    15   37.500  127.000   500.0
     1 PRESSURE
     1     1    21     4    13    15     0     0     0.0   37.500  127.000    500.0    936.4
     1     1    21     4    13    14     0     0    -1.0   37.699  126.771    519.4    932.3
     1     1    21     4    13    13     0     0    -2.0   37.888  126.555    540.7    928.2
     1     1    21     4    13    12     0     0    -3.0   38.069  126.354    564.2    924.0
     1     1    21     4    13    11     0     0    -4.0   38.252  126.158    591.9    919.9
     1     1    21     4    13    10     0     0    -5.0   38.448  125.961    625.5    914.9
     1     1    21     4    13     9     0     0    -6.0   38.657  125.769    665.5    908.3
     1     1    21     4    13     8     0     0    -7.0   38.881  125.593    712.1    900.9
     1     1    21     4    13     7     0     0    -8.0   39.120  125.443    765.9    892.4
     1     1    21     4    13     6     0     0    -9.0   39.375  125.331    827.9    882.8
     1     1    21     4    13     5     0     0   -10.0   39.651  125.246    895.4    872.0
     1     1    21     4    13     4     0     0   -11.0   39.952  125.165    966.0    860.5
     1     1    21     4    13     3     0     0   -12.0   40.282  125.072   1040.5    851.0
     1     1    21     4    13     2     0     0   -13.0   40.644  124.957   1118.0    842.2
     1     1    21     4    13     1     0     0   -14.0   41.038  124.822   1197.6    833.8
     1     1    21     4    13     0     0     0   -15.0   41.465  124.672   1278.7    825.4
     1     1    21     4    12    23     0     0   -16.0   41.900  124.508   1359.0    816.4
     1     1    21     4    12    22     0     0   -17.0   42.320  124.331   1437.8    808.1
     1     1    21     4    12    21     0     0   -18.0   42.730  124.134   1519.3    802.7
     1     1    21     4    12    20     0     0   -19.0   43.136  123.909   1606.1    798.9
     1     1    21     4    12    19     0     0   -20.0   43.542  123.659   1700.0    793.9
     1     1    21     4    12    18     0     0   -21.0   43.949  123.386   1805.0    786.4
     1     1    21     4    12    17     0     0   -22.0   44.343  123.085   1909.3    776.4
     1     1    21     4    12    16     0     0   -23.0   44.714  122.749   1998.5    768.5
     1     1    21     4    12    15     0     0   -24.0   45.063  122.371   2069.7    758.2
     1     1    21     4    12    14     0     0   -25.0   45.379  121.940   2118.8    741.6
     1     1    21     4    12    13     0     0   -26.0   45.656  121.447   2156.8    726.7
     1     1    21     4    12    12     0     0   -27.0   45.896  120.896   2188.5    712.6
     1     1    21     4    12    11     0     0   -28.0   46.107  120.305   2218.0    698.9
     1     1    21     4    12    10     0     0   -29.0   46.297  119.708   2249.2    688.4
     1     1    21     4    12     9     0     0   -30.0   46.473  119.120   2280.5    681.9
     1     1    21     4    12     8     0     0   -31.0   46.640  118.547   2309.1    677.0
     1     1    21     4    12     7     0     0   -32.0   46.799  117.988   2334.6    673.5
     1     1    21     4    12     6     0     0   -33.0   46.953  117.445   2357.2    671.4
     1     1    21     4    12     5     0     0   -34.0   47.113  116.921   2384.6    672.3
     1     1    21     4    12     4     0     0   -35.0   47.291  116.417   2418.0    672.2
     1     1    21     4    12     3     0     0   -36.0   47.491  115.933   2457.9    671.9
     1     1    21     4    12     2     0     0   -37.0   47.714  115.471   2501.7    669.4
     1     1    21     4    12     1     0     0   -38.0   47.959  115.034   2551.4    666.1
     1     1    21     4    12     0     0     0   -39.0   48.225  114.622   2601.7    657.4
     1     1    21     4    11    23     0     0   -40.0   48.493  114.223   2649.8    648.1
     1     1    21     4    11    22     0     0   -41.0   48.747  113.824   2686.9    640.2
     1     1    21     4    11    21     0     0   -42.0   48.985  113.418   2713.3    633.1
     1     1    21     4    11    20     0     0   -43.0   49.209  112.997   2729.5    626.5
     1     1    21     4    11    19     0     0   -44.0   49.417  112.555   2736.7    620.2
     1     1    21     4    11    18     0     0   -45.0   49.613  112.095   2739.8    616.0
     1     1    21     4    11    17     0     0   -46.0   49.814  111.645   2742.5    612.4
     1     1    21     4    11    16     0     0   -47.0   50.031  111.228   2748.9    608.9
     1     1    21     4    11    15     0     0   -48.0   50.262  110.845   2759.2    606.9
     1     1    21     4    11    14     0     0   -49.0   50.507  110.498   2772.2    605.6
     1     1    21     4    11    13     0     0   -50.0   50.767  110.188   2787.5    605.0
     1     1    21     4    11    12     0     0   -51.0   51.045  109.921   2806.0    606.1
     1     1    21     4    11    11     0     0   -52.0   51.335  109.673   2829.0    609.8
     1     1    21     4    11    10     0     0   -53.0   51.628  109.422   2851.2    614.1
     1     1    21     4    11     9     0     0   -54.0   51.925  109.165   2877.1    618.4
     1     1    21     4    11     8     0     0   -55.0   52.230  108.902   2909.7    622.6
     1     1    21     4    11     7     0     0   -56.0   52.543  108.635   2951.2    625.7
     1     1    21     4    11     6     0     0   -57.0   52.866  108.360   2996.5    624.0
     1     1    21     4    11     5     0     0   -58.0   53.204  108.099   3045.8    621.3
     1     1    21     4    11     4     0     0   -59.0   53.561  107.872   3095.7    618.6
     1     1    21     4    11     3     0     0   -60.0   53.939  107.676   3146.9    615.3
     1     1    21     4    11     2     0     0   -61.0   54.341  107.510   3201.2    611.5
     1     1    21     4    11     1     0     0   -62.0   54.770  107.370   3260.2    606.5
     1     1    21     4    11     0     0     0   -63.0   55.227  107.257   3326.2    601.5
     1     1    21     4    10    23     0     0   -64.0   55.707  107.167   3393.0    597.4
     1     1    21     4    10    22     0     0   -65.0   56.208  107.097   3454.8    593.5
     1     1    21     4    10    21     0     0   -66.0   56.734  107.052   3509.2    589.9
     1     1    21     4    10    20     0     0   -67.0   57.290  107.035   3554.0    586.8
     1     1    21     4    10    19     0     0   -68.0   57.868  107.048   3592.5    587.7
     1     1    21     4    10    18     0     0   -69.0   58.453  107.086   3620.4    591.8
     1     1    21     4    10    17     0     0   -70.0   59.037  107.164   3637.5    597.6
     1     1    21     4    10    16     0     0   -71.0   59.616  107.298   3642.0    604.5
     1     1    21     4    10    15     0     0   -72.0   60.184  107.495   3633.3    610.4
     1     1    21     4    10    14     0     0   -73.0   60.740  107.750   3608.7    610.8
     1     1    21     4    10    13     0     0   -74.0   61.284  108.060   3584.4    610.4
     1     1    21     4    10    12     0     0   -75.0   61.822  108.431   3559.3    609.4
     1     1    21     4    10    11     0     0   -76.0   62.365  108.864   3537.8    607.6
     1     1    21     4    10    10     0     0   -77.0   62.924  109.357   3528.4    605.0
     1     1    21     4    10     9     0     0   -78.0   63.496  109.915   3533.6    601.1
     1     1    21     4    10     8     0     0   -79.0   64.082  110.542   3556.2    597.2
     1     1    21     4    10     7     0     0   -80.0   64.678  111.240   3594.5    593.1
     1     1    21     4    10     6     0     0   -81.0   65.276  112.006   3647.6    590.0
     1     1    21     4    10     5     0     0   -82.0   65.858  112.811   3710.4    588.6
     1     1    21     4    10     4     0     0   -83.0   66.411  113.650   3778.7    588.6
     1     1    21     4    10     3     0     0   -84.0   66.933  114.547   3849.0    587.5
     1     1    21     4    10     2     0     0   -85.0   67.423  115.528   3922.0    585.5
     1     1    21     4    10     1     0     0   -86.0   67.872  116.576   3996.2    583.7
     1     1    21     4    10     0     0     0   -87.0   68.276  117.670   4064.8    581.7
     1     1    21     4     9    23     0     0   -88.0   68.635  118.784   4120.3    577.8
     1     1    21     4     9    22     0     0   -89.0   68.950  119.884   4165.5    575.0
     1     1    21     4     9    21     0     0   -90.0   69.231  120.954   4197.8    570.7
     1     1    21     4     9    20     0     0   -91.0   69.488  121.979   4224.1    567.1
     1     1    21     4     9    19     0     0   -92.0   69.729  122.947   4244.5    564.1
     1     1    21     4     9    18     0     0   -93.0   69.963  123.851   4259.6    561.5
     1     1    21     4     9    17     0     0   -94.0   70.188  124.684   4276.6    559.5
     1     1    21     4     9    16     0     0   -95.0   70.399  125.446   4304.0    556.7
     1     1    21     4     9    15     0     0   -96.0   70.598  126.151   4338.7    553.7
