     2     1
    CDC1    21     5     1     0     0
    CDC1    21     6     1     0     0
     1 BACKWARD OMEGA   
  2021     6    23     0   37.500  127.000   500.0
     1 PRESSURE
     1     1    21     6    23     0     0     0     0.0   37.500  127.000    500.0    935.6
     1     1    21     6    22    23     0     0    -1.0   37.520  126.967    501.8    934.9
     1     1    21     6    22    22     0     0    -2.0   37.534  126.944    500.0    934.7
     1     1    21     6    22    21     0     0    -3.0   37.542  126.932    494.6    935.0
     1     1    21     6    22    20     0     0    -4.0   37.544  126.931    485.6    935.7
     1     1    21     6    22    19     0     0    -5.0   37.538  126.943    473.2    936.9
     1     1    21     6    22    18     0     0    -6.0   37.525  126.968    457.6    938.5
     1     1    21     6    22    17     0     0    -7.0   37.508  126.992    441.1    940.6
     1     1    21     6    22    16     0     0    -8.0   37.495  127.002    425.6    942.2
     1     1    21     6    22    15     0     0    -9.0   37.486  126.998    411.1    943.8
     1     1    21     6    22    14     0     0   -10.0   37.481  126.979    397.5    945.3
     1     1    21     6    22    13     0     0   -11.0   37.482  126.946    384.9    946.8
     1     1    21     6    22    12     0     0   -12.0   37.488  126.898    373.4    948.0
     1     1    21     6    22    11     0     0   -13.0   37.488  126.843    361.8    949.4
     1     1    21     6    22    10     0     0   -14.0   37.472  126.789    348.6    951.1
     1     1    21     6    22     9     0     0   -15.0   37.438  126.736    334.2    953.0
     1     1    21     6    22     8     0     0   -16.0   37.388  126.686    318.8    955.0
     1     1    21     6    22     7     0     0   -17.0   37.321  126.636    302.7    957.1
     1     1    21     6    22     6     0     0   -18.0   37.239  126.589    286.2    959.3
     1     1    21     6    22     5     0     0   -19.0   37.151  126.550    270.8    961.5
     1     1    21     6    22     4     0     0   -20.0   37.070  126.526    257.6    963.1
     1     1    21     6    22     3     0     0   -21.0   36.994  126.517    246.3    964.5
     1     1    21     6    22     2     0     0   -22.0   36.924  126.523    236.6    965.7
     1     1    21     6    22     1     0     0   -23.0   36.859  126.543    228.2    966.6
     1     1    21     6    22     0     0     0   -24.0   36.800  126.579    221.1    967.3
     1     1    21     6    21    23     0     0   -25.0   36.746  126.621    214.4    967.9
     1     1    21     6    21    22     0     0   -26.0   36.696  126.662    207.2    968.7
     1     1    21     6    21    21     0     0   -27.0   36.652  126.702    199.7    969.5
     1     1    21     6    21    20     0     0   -28.0   36.612  126.741    191.8    970.0
     1     1    21     6    21    19     0     0   -29.0   36.578  126.780    183.5    970.6
     1     1    21     6    21    18     0     0   -30.0   36.550  126.819    174.8    971.2
     1     1    21     6    21    17     0     0   -31.0   36.530  126.856    167.0    971.6
     1     1    21     6    21    16     0     0   -32.0   36.522  126.888    161.0    971.8
     1     1    21     6    21    15     0     0   -33.0   36.526  126.915    156.6    971.8
     1     1    21     6    21    14     0     0   -34.0   36.542  126.934    153.6    971.7
     1     1    21     6    21    13     0     0   -35.0   36.569  126.945    152.0    971.5
     1     1    21     6    21    12     0     0   -36.0   36.607  126.948    151.6    971.1
     1     1    21     6    21    11     0     0   -37.0   36.651  126.939    151.7    970.8
     1     1    21     6    21    10     0     0   -38.0   36.698  126.914    151.4    970.6
     1     1    21     6    21     9     0     0   -39.0   36.746  126.874    150.8    970.5
     1     1    21     6    21     8     0     0   -40.0   36.795  126.818    149.9    970.6
     1     1    21     6    21     7     0     0   -41.0   36.845  126.747    148.7    970.7
     1     1    21     6    21     6     0     0   -42.0   36.894  126.660    147.2    971.0
     1     1    21     6    21     5     0     0   -43.0   36.939  126.566    145.6    971.7
     1     1    21     6    21     4     0     0   -44.0   36.980  126.474    143.7    972.4
     1     1    21     6    21     3     0     0   -45.0   37.018  126.386    141.5    973.1
     1     1    21     6    21     2     0     0   -46.0   37.054  126.305    138.9    973.9
     1     1    21     6    21     1     0     0   -47.0   37.089  126.234    136.0    974.6
     1     1    21     6    21     0     0     0   -48.0   37.123  126.173    132.7    975.3
     1     1    21     6    20    23     0     0   -49.0   37.161  126.113    129.5    975.8
     1     1    21     6    20    22     0     0   -50.0   37.203  126.044    126.9    976.1
     1     1    21     6    20    21     0     0   -51.0   37.252  125.967    124.9    976.4
     1     1    21     6    20    20     0     0   -52.0   37.307  125.880    123.5    976.6
     1     1    21     6    20    19     0     0   -53.0   37.371  125.786    122.7    976.8
     1     1    21     6    20    18     0     0   -54.0   37.445  125.683    122.6    976.9
     1     1    21     6    20    17     0     0   -55.0   37.522  125.573    122.4    976.7
     1     1    21     6    20    16     0     0   -56.0   37.597  125.458    121.7    976.2
     1     1    21     6    20    15     0     0   -57.0   37.670  125.338    120.5    975.8
     1     1    21     6    20    14     0     0   -58.0   37.744  125.211    118.7    975.6
     1     1    21     6    20    13     0     0   -59.0   37.823  125.076    116.4    975.5
     1     1    21     6    20    12     0     0   -60.0   37.907  124.932    113.5    975.3
     1     1    21     6    20    11     0     0   -61.0   37.983  124.783    109.6    975.3
     1     1    21     6    20    10     0     0   -62.0   38.036  124.634    104.9    975.8
     1     1    21     6    20     9     0     0   -63.0   38.071  124.486     99.7    976.6
     1     1    21     6    20     8     0     0   -64.0   38.092  124.337     94.5    977.5
     1     1    21     6    20     7     0     0   -65.0   38.101  124.189     89.6    978.5
     1     1    21     6    20     6     0     0   -66.0   38.103  124.041     85.4    979.5
     1     1    21     6    20     5     0     0   -67.0   38.101  123.904     81.7    980.5
     1     1    21     6    20     4     0     0   -68.0   38.099  123.789     78.4    981.4
     1     1    21     6    20     3     0     0   -69.0   38.094  123.693     75.3    982.2
     1     1    21     6    20     2     0     0   -70.0   38.087  123.616     72.3    982.8
     1     1    21     6    20     1     0     0   -71.0   38.076  123.554     69.5    983.2
     1     1    21     6    20     0     0     0   -72.0   38.060  123.506     66.7    983.7
     1     1    21     6    19    23     0     0   -73.0   38.023  123.458     63.7    984.3
     1     1    21     6    19    22     0     0   -74.0   37.950  123.389     60.5    985.4
     1     1    21     6    19    21     0     0   -75.0   37.839  123.297     57.1    986.8
     1     1    21     6    19    20     0     0   -76.0   37.687  123.175     53.6    988.5
     1     1    21     6    19    19     0     0   -77.0   37.490  123.015     50.2    990.5
     1     1    21     6    19    18     0     0   -78.0   37.254  122.816     46.9    991.4
     1     1    21     6    19    17     0     0   -79.0   37.011  122.594     43.9    992.0
     1     1    21     6    19    16     0     0   -80.0   36.782  122.369     41.4    992.2
     1     1    21     6    19    15     0     0   -81.0   36.570  122.149     39.3    992.2
     1     1    21     6    19    14     0     0   -82.0   36.371  121.935     37.5    991.9
     1     1    21     6    19    13     0     0   -83.0   36.184  121.728     35.9    991.6
     1     1    21     6    19    12     0     0   -84.0   36.005  121.525     34.7    991.2
     1     1    21     6    19    11     0     0   -85.0   35.836  121.328     33.6    990.9
     1     1    21     6    19    10     0     0   -86.0   35.678  121.137     32.9    990.4
     1     1    21     6    19     9     0     0   -87.0   35.533  120.951     32.4    989.8
     1     1    21     6    19     8     0     0   -88.0   35.402  120.769     32.1    989.1
     1     1    21     6    19     7     0     0   -89.0   35.286  120.590     31.9    988.2
     1     1    21     6    19     6     0     0   -90.0   35.187  120.412     31.8    987.3
     1     1    21     6    19     5     0     0   -91.0   35.105  120.232     31.8    987.0
     1     1    21     6    19     4     0     0   -92.0   35.041  120.045     32.1    986.9
     1     1    21     6    19     3     0     0   -93.0   34.993  119.854     32.7    987.3
     1     1    21     6    19     2     0     0   -94.0   34.958  119.666     33.6    988.0
     1     1    21     6    19     1     0     0   -95.0   34.934  119.485     34.9    988.6
     1     1    21     6    19     0     0     0   -96.0   34.918  119.314     36.5    989.2
