     2     1
    CDC1    21     2     1     0     0
    CDC1    21     3     1     0     0
     1 BACKWARD OMEGA   
  2021     3    27     0   37.500  127.000   500.0
     1 PRESSURE
     1     1    21     3    27     0     0     0     0.0   37.500  127.000    500.0    935.6
     1     1    21     3    26    23     0     0    -1.0   37.172  127.103    458.5    941.5
     1     1    21     3    26    22     0     0    -2.0   36.857  127.168    424.1    946.4
     1     1    21     3    26    21     0     0    -3.0   36.553  127.205    395.3    950.9
     1     1    21     3    26    20     0     0    -4.0   36.262  127.220    371.3    954.6
     1     1    21     3    26    19     0     0    -5.0   35.983  127.218    351.2    957.7
     1     1    21     3    26    18     0     0    -6.0   35.714  127.205    334.4    960.5
     1     1    21     3    26    17     0     0    -7.0   35.457  127.197    319.5    962.9
     1     1    21     3    26    16     0     0    -8.0   35.211  127.212    305.2    965.3
     1     1    21     3    26    15     0     0    -9.0   34.971  127.249    291.7    967.7
     1     1    21     3    26    14     0     0   -10.0   34.732  127.304    279.5    970.3
     1     1    21     3    26    13     0     0   -11.0   34.491  127.378    268.7    972.6
     1     1    21     3    26    12     0     0   -12.0   34.247  127.469    259.4    974.8
     1     1    21     3    26    11     0     0   -13.0   34.016  127.580    252.6    976.7
     1     1    21     3    26    10     0     0   -14.0   33.817  127.715    249.5    977.8
     1     1    21     3    26     9     0     0   -15.0   33.652  127.871    249.8    978.3
     1     1    21     3    26     8     0     0   -16.0   33.526  128.045    253.5    978.1
     1     1    21     3    26     7     0     0   -17.0   33.440  128.235    261.1    977.2
     1     1    21     3    26     6     0     0   -18.0   33.397  128.438    273.4    975.6
     1     1    21     3    26     5     0     0   -19.0   33.387  128.631    289.6    973.4
     1     1    21     3    26     4     0     0   -20.0   33.398  128.791    308.3    971.2
     1     1    21     3    26     3     0     0   -21.0   33.430  128.915    329.2    968.8
     1     1    21     3    26     2     0     0   -22.0   33.481  129.004    351.8    966.3
     1     1    21     3    26     1     0     0   -23.0   33.549  129.056    375.8    963.7
     1     1    21     3    26     0     0     0   -24.0   33.635  129.072    401.0    960.6
     1     1    21     3    25    23     0     0   -25.0   33.729  129.058    427.3    956.5
     1     1    21     3    25    22     0     0   -26.0   33.822  129.022    455.0    952.4
     1     1    21     3    25    21     0     0   -27.0   33.913  128.961    483.6    948.3
     1     1    21     3    25    20     0     0   -28.0   34.002  128.875    512.7    944.4
     1     1    21     3    25    19     0     0   -29.0   34.090  128.761    542.2    940.6
     1     1    21     3    25    18     0     0   -30.0   34.179  128.619    572.3    936.9
     1     1    21     3    25    17     0     0   -31.0   34.268  128.463    605.0    933.8
     1     1    21     3    25    16     0     0   -32.0   34.354  128.310    642.7    929.8
     1     1    21     3    25    15     0     0   -33.0   34.434  128.159    684.9    924.9
     1     1    21     3    25    14     0     0   -34.0   34.508  128.009    731.7    919.6
     1     1    21     3    25    13     0     0   -35.0   34.577  127.857    783.3    914.1
     1     1    21     3    25    12     0     0   -36.0   34.642  127.702    839.9    908.3
     1     1    21     3    25    11     0     0   -37.0   34.709  127.549    900.7    902.0
     1     1    21     3    25    10     0     0   -38.0   34.789  127.401    965.2    895.3
     1     1    21     3    25     9     0     0   -39.0   34.880  127.257   1033.4    888.0
     1     1    21     3    25     8     0     0   -40.0   34.984  127.113   1104.9    880.5
     1     1    21     3    25     7     0     0   -41.0   35.098  126.968   1178.9    873.2
     1     1    21     3    25     6     0     0   -42.0   35.222  126.816   1253.5    866.0
     1     1    21     3    25     5     0     0   -43.0   35.358  126.660   1325.7    858.5
     1     1    21     3    25     4     0     0   -44.0   35.506  126.502   1394.1    851.4
     1     1    21     3    25     3     0     0   -45.0   35.665  126.340   1458.9    844.8
     1     1    21     3    25     2     0     0   -46.0   35.831  126.177   1520.5    838.6
     1     1    21     3    25     1     0     0   -47.0   36.003  126.012   1579.1    833.0
     1     1    21     3    25     0     0     0   -48.0   36.179  125.846   1635.1    827.6
     1     1    21     3    24    23     0     0   -49.0   36.359  125.671   1687.8    822.5
     1     1    21     3    24    22     0     0   -50.0   36.547  125.481   1736.5    818.0
     1     1    21     3    24    21     0     0   -51.0   36.746  125.282   1782.9    813.5
     1     1    21     3    24    20     0     0   -52.0   36.962  125.076   1829.1    809.1
     1     1    21     3    24    19     0     0   -53.0   37.197  124.868   1877.3    804.3
     1     1    21     3    24    18     0     0   -54.0   37.456  124.660   1930.6    798.8
     1     1    21     3    24    17     0     0   -55.0   37.718  124.439   1988.2    791.4
     1     1    21     3    24    16     0     0   -56.0   37.966  124.198   2050.1    783.9
     1     1    21     3    24    15     0     0   -57.0   38.203  123.941   2118.1    776.4
     1     1    21     3    24    14     0     0   -58.0   38.431  123.676   2193.1    768.7
     1     1    21     3    24    13     0     0   -59.0   38.655  123.407   2276.5    760.4
     1     1    21     3    24    12     0     0   -60.0   38.878  123.138   2369.8    751.5
     1     1    21     3    24    11     0     0   -61.0   39.102  122.857   2467.9    742.3
     1     1    21     3    24    10     0     0   -62.0   39.329  122.555   2564.3    734.5
     1     1    21     3    24     9     0     0   -63.0   39.556  122.231   2656.5    725.4
     1     1    21     3    24     8     0     0   -64.0   39.783  121.884   2746.2    716.3
     1     1    21     3    24     7     0     0   -65.0   40.011  121.516   2835.6    706.6
     1     1    21     3    24     6     0     0   -66.0   40.240  121.126   2923.6    695.4
     1     1    21     3    24     5     0     0   -67.0   40.468  120.717   3002.4    683.3
     1     1    21     3    24     4     0     0   -68.0   40.697  120.292   3063.8    672.7
     1     1    21     3    24     3     0     0   -69.0   40.928  119.853   3108.6    661.5
     1     1    21     3    24     2     0     0   -70.0   41.161  119.399   3139.9    648.3
     1     1    21     3    24     1     0     0   -71.0   41.398  118.928   3168.4    634.5
     1     1    21     3    24     0     0     0   -72.0   41.639  118.443   3201.9    619.4
     1     1    21     3    23    23     0     0   -73.0   41.882  117.921   3246.9    602.2
     1     1    21     3    23    22     0     0   -74.0   42.132  117.336   3309.2    583.1
     1     1    21     3    23    21     0     0   -75.0   42.396  116.691   3394.9    565.9
     1     1    21     3    23    20     0     0   -76.0   42.682  116.001   3505.3    551.7
     1     1    21     3    23    19     0     0   -77.0   42.994  115.289   3634.6    540.1
     1     1    21     3    23    18     0     0   -78.0   43.333  114.576   3783.6    532.6
     1     1    21     3    23    17     0     0   -79.0   43.693  113.867   3939.5    527.0
     1     1    21     3    23    16     0     0   -80.0   44.068  113.158   4090.8    522.1
     1     1    21     3    23    15     0     0   -81.0   44.460  112.448   4236.0    517.4
     1     1    21     3    23    14     0     0   -82.0   44.868  111.731   4364.8    510.0
     1     1    21     3    23    13     0     0   -83.0   45.292  110.994   4470.6    499.2
     1     1    21     3    23    12     0     0   -84.0   45.728  110.232   4555.5    486.6
     1     1    21     3    23    11     0     0   -85.0   46.176  109.439   4630.9    473.9
     1     1    21     3    23    10     0     0   -86.0   46.631  108.609   4709.9    463.1
     1     1    21     3    23     9     0     0   -87.0   47.087  107.757   4798.9    453.6
     1     1    21     3    23     8     0     0   -88.0   47.543  106.899   4911.4    445.7
     1     1    21     3    23     7     0     0   -89.0   47.992  106.036   5057.4    441.0
     1     1    21     3    23     6     0     0   -90.0   48.429  105.170   5225.3    435.0
     1     1    21     3    23     5     0     0   -91.0   48.852  104.280   5365.8    419.8
     1     1    21     3    23     4     0     0   -92.0   49.259  103.344   5487.2    403.8
     1     1    21     3    23     3     0     0   -93.0   49.659  102.381   5595.6    387.7
     1     1    21     3    23     2     0     0   -94.0   50.062  101.395   5694.2    373.0
     1     1    21     3    23     1     0     0   -95.0   50.473  100.373   5778.0    360.4
     1     1    21     3    23     0     0     0   -96.0   50.886   99.322   5883.4    355.6
