     2     1
    CDC1    21     2     1     0     0
    CDC1    21     3     1     0     0
     1 BACKWARD OMEGA   
  2021     3    27    21   37.500  127.000   500.0
     1 PRESSURE
     1     1    21     3    27    21     0     0     0.0   37.500  127.000    500.0    922.2
     1     1    21     3    27    20     0     0    -1.0   37.417  126.662    475.4    927.0
     1     1    21     3    27    19     0     0    -2.0   37.343  126.336    449.3    932.3
     1     1    21     3    27    18     0     0    -3.0   37.284  126.015    423.1    937.6
     1     1    21     3    27    17     0     0    -4.0   37.240  125.719    400.6    943.3
     1     1    21     3    27    16     0     0    -5.0   37.202  125.475    384.0    947.2
     1     1    21     3    27    15     0     0    -6.0   37.160  125.286    371.7    949.8
     1     1    21     3    27    14     0     0    -7.0   37.108  125.154    362.4    951.8
     1     1    21     3    27    13     0     0    -8.0   37.036  125.080    355.0    953.2
     1     1    21     3    27    12     0     0    -9.0   36.940  125.060    348.5    954.3
     1     1    21     3    27    11     0     0   -10.0   36.816  125.066    340.6    955.6
     1     1    21     3    27    10     0     0   -11.0   36.666  125.065    330.2    957.5
     1     1    21     3    27     9     0     0   -12.0   36.489  125.059    317.1    959.7
     1     1    21     3    27     8     0     0   -13.0   36.281  125.047    301.7    962.2
     1     1    21     3    27     7     0     0   -14.0   36.040  125.027    283.9    965.1
     1     1    21     3    27     6     0     0   -15.0   35.762  125.001    264.2    968.2
     1     1    21     3    27     5     0     0   -16.0   35.459  124.970    241.4    972.0
     1     1    21     3    27     4     0     0   -17.0   35.150  124.944    215.1    976.6
     1     1    21     3    27     3     0     0   -18.0   34.842  124.935    186.4    981.6
     1     1    21     3    27     2     0     0   -19.0   34.542  124.959    156.0    986.6
     1     1    21     3    27     1     0     0   -20.0   34.249  125.025    125.5    991.9
     1     1    21     3    27     0     0     0   -21.0   33.966  125.132     97.0    997.3
     1     1    21     3    26    23     0     0   -22.0   33.688  125.259     74.8   1001.9
     1     1    21     3    26    22     0     0   -23.0   33.405  125.382     60.2   1004.3
     1     1    21     3    26    21     0     0   -24.0   33.114  125.498     51.1   1006.3
     1     1    21     3    26    20     0     0   -25.0   32.815  125.608     45.7   1008.1
     1     1    21     3    26    19     0     0   -26.0   32.508  125.709     42.7   1009.7
     1     1    21     3    26    18     0     0   -27.0   32.196  125.805     41.1   1010.1
     1     1    21     3    26    17     0     0   -28.0   31.887  125.906     40.0   1010.3
     1     1    21     3    26    16     0     0   -29.0   31.588  126.017     39.1   1010.6
     1     1    21     3    26    15     0     0   -30.0   31.296  126.139     38.6   1011.0
     1     1    21     3    26    14     0     0   -31.0   31.011  126.272     38.4   1011.6
     1     1    21     3    26    13     0     0   -32.0   30.732  126.416     38.5   1012.2
     1     1    21     3    26    12     0     0   -33.0   30.459  126.573     39.1   1013.0
     1     1    21     3    26    11     0     0   -34.0   30.207  126.745     39.7   1014.1
     1     1    21     3    26    10     0     0   -35.0   29.996  126.933     40.1   1015.2
     1     1    21     3    26     9     0     0   -36.0   29.830  127.137     40.5   1015.8
     1     1    21     3    26     8     0     0   -37.0   29.711  127.353     41.2   1016.2
     1     1    21     3    26     7     0     0   -38.0   29.638  127.581     42.4   1016.3
     1     1    21     3    26     6     0     0   -39.0   29.610  127.816     44.2   1015.8
     1     1    21     3    26     5     0     0   -40.0   29.615  128.045     46.7   1015.5
     1     1    21     3    26     4     0     0   -41.0   29.636  128.258     49.7   1015.2
     1     1    21     3    26     3     0     0   -42.0   29.672  128.452     52.9   1015.0
     1     1    21     3    26     2     0     0   -43.0   29.722  128.628     56.6   1014.8
     1     1    21     3    26     1     0     0   -44.0   29.783  128.782     60.5   1014.7
     1     1    21     3    26     0     0     0   -45.0   29.856  128.915     64.6   1014.6
     1     1    21     3    25    23     0     0   -46.0   29.935  129.035     69.7   1014.2
     1     1    21     3    25    22     0     0   -47.0   30.017  129.151     76.4   1013.4
     1     1    21     3    25    21     0     0   -48.0   30.102  129.266     85.5   1011.4
     1     1    21     3    25    20     0     0   -49.0   30.191  129.381     97.9   1009.0
     1     1    21     3    25    19     0     0   -50.0   30.282  129.498    114.3   1006.0
     1     1    21     3    25    18     0     0   -51.0   30.374  129.617    135.4   1002.6
     1     1    21     3    25    17     0     0   -52.0   30.473  129.740    161.3    998.8
     1     1    21     3    25    16     0     0   -53.0   30.584  129.871    192.0    994.7
     1     1    21     3    25    15     0     0   -54.0   30.707  130.009    227.3    989.2
     1     1    21     3    25    14     0     0   -55.0   30.840  130.151    266.3    983.3
     1     1    21     3    25    13     0     0   -56.0   30.983  130.296    309.0    977.4
     1     1    21     3    25    12     0     0   -57.0   31.137  130.447    356.3    971.4
     1     1    21     3    25    11     0     0   -58.0   31.302  130.595    406.9    964.3
     1     1    21     3    25    10     0     0   -59.0   31.476  130.732    459.3    956.8
     1     1    21     3    25     9     0     0   -60.0   31.659  130.857    514.1    949.3
     1     1    21     3    25     8     0     0   -61.0   31.848  130.970    571.6    941.9
     1     1    21     3    25     7     0     0   -62.0   32.041  131.074    632.4    934.5
     1     1    21     3    25     6     0     0   -63.0   32.239  131.164    697.5    925.6
     1     1    21     3    25     5     0     0   -64.0   32.431  131.241    761.6    916.8
     1     1    21     3    25     4     0     0   -65.0   32.605  131.304    816.1    910.2
     1     1    21     3    25     3     0     0   -66.0   32.762  131.351    858.5    905.3
     1     1    21     3    25     2     0     0   -67.0   32.903  131.382    887.8    902.0
     1     1    21     3    25     1     0     0   -68.0   33.030  131.402    904.0    900.2
     1     1    21     3    25     0     0     0   -69.0   33.143  131.415    907.5    899.7
     1     1    21     3    24    23     0     0   -70.0   33.232  131.406    904.9    900.2
     1     1    21     3    24    22     0     0   -71.0   33.283  131.363    903.0    900.1
     1     1    21     3    24    21     0     0   -72.0   33.298  131.287    901.0    900.0
     1     1    21     3    24    20     0     0   -73.0   33.276  131.182    898.4    900.0
     1     1    21     3    24    19     0     0   -74.0   33.218  131.050    894.5    900.3
     1     1    21     3    24    18     0     0   -75.0   33.120  130.895    888.5    900.9
     1     1    21     3    24    17     0     0   -76.0   32.994  130.746    880.2    902.6
     1     1    21     3    24    16     0     0   -77.0   32.849  130.632    869.5    904.5
     1     1    21     3    24    15     0     0   -78.0   32.687  130.555    856.6    906.7
     1     1    21     3    24    14     0     0   -79.0   32.506  130.518    841.3    909.3
     1     1    21     3    24    13     0     0   -80.0   32.311  130.523    823.7    912.3
     1     1    21     3    24    12     0     0   -81.0   32.104  130.571    803.7    915.7
     1     1    21     3    24    11     0     0   -82.0   31.897  130.654    788.6    919.0
     1     1    21     3    24    10     0     0   -83.0   31.693  130.758    785.1    920.3
     1     1    21     3    24     9     0     0   -84.0   31.492  130.881    792.3    920.3
     1     1    21     3    24     8     0     0   -85.0   31.294  131.017    809.5    919.2
     1     1    21     3    24     7     0     0   -86.0   31.096  131.162    836.2    917.0
     1     1    21     3    24     6     0     0   -87.0   30.899  131.313    872.2    914.0
     1     1    21     3    24     5     0     0   -88.0   30.707  131.460    908.6    910.2
     1     1    21     3    24     4     0     0   -89.0   30.523  131.601    936.6    908.2
     1     1    21     3    24     3     0     0   -90.0   30.349  131.740    956.0    906.9
     1     1    21     3    24     2     0     0   -91.0   30.183  131.879    966.8    906.6
     1     1    21     3    24     1     0     0   -92.0   30.027  132.022    969.2    907.2
     1     1    21     3    24     0     0     0   -93.0   29.880  132.169    964.1    908.3
     1     1    21     3    23    23     0     0   -94.0   29.744  132.317    955.8    909.5
     1     1    21     3    23    22     0     0   -95.0   29.617  132.465    947.7    910.2
     1     1    21     3    23    21     0     0   -96.0   29.503  132.612    940.1    911.3
