     2     1
    CDC1    20    12     1     0     0
    CDC1    21     1     1     0     0
     1 BACKWARD OMEGA   
  2021     1    18    21   37.500  127.000   500.0
     1 PRESSURE
     1     1    21     1    18    21     0     0     0.0   37.500  127.000    500.0    945.3
     1     1    21     1    18    20     0     0    -1.0   37.734  126.987    599.0    930.3
     1     1    21     1    18    19     0     0    -2.0   38.007  126.958    711.2    911.3
     1     1    21     1    18    18     0     0    -3.0   38.323  126.901    835.7    890.9
     1     1    21     1    18    17     0     0    -4.0   38.680  126.785    970.6    869.3
     1     1    21     1    18    16     0     0    -5.0   39.076  126.583   1114.3    847.1
     1     1    21     1    18    15     0     0    -6.0   39.514  126.300   1269.0    825.2
     1     1    21     1    18    14     0     0    -7.0   40.003  125.948   1438.1    801.4
     1     1    21     1    18    13     0     0    -8.0   40.542  125.539   1623.2    781.6
     1     1    21     1    18    12     0     0    -9.0   41.133  125.094   1820.2    762.0
     1     1    21     1    18    11     0     0   -10.0   41.754  124.623   2014.4    741.6
     1     1    21     1    18    10     0     0   -11.0   42.374  124.137   2187.7    725.1
     1     1    21     1    18     9     0     0   -12.0   43.000  123.636   2346.8    714.5
     1     1    21     1    18     8     0     0   -13.0   43.641  123.124   2490.5    705.1
     1     1    21     1    18     7     0     0   -14.0   44.313  122.612   2626.4    693.8
     1     1    21     1    18     6     0     0   -15.0   45.026  122.097   2754.6    673.3
     1     1    21     1    18     5     0     0   -16.0   45.745  121.565   2870.0    644.4
     1     1    21     1    18     4     0     0   -17.0   46.442  121.025   2978.5    620.2
     1     1    21     1    18     3     0     0   -18.0   47.137  120.511   3084.6    599.0
     1     1    21     1    18     2     0     0   -19.0   47.844  120.058   3192.5    581.5
     1     1    21     1    18     1     0     0   -20.0   48.560  119.693   3307.1    570.3
     1     1    21     1    18     0     0     0   -21.0   49.282  119.434   3422.0    560.6
     1     1    21     1    17    23     0     0   -22.0   49.983  119.272   3538.2    551.4
     1     1    21     1    17    22     0     0   -23.0   50.633  119.161   3655.0    542.4
     1     1    21     1    17    21     0     0   -24.0   51.229  119.084   3773.8    532.9
     1     1    21     1    17    20     0     0   -25.0   51.772  119.054   3896.6    523.0
     1     1    21     1    17    19     0     0   -26.0   52.266  119.080   4025.1    512.5
     1     1    21     1    17    18     0     0   -27.0   52.714  119.157   4154.6    500.5
     1     1    21     1    17    17     0     0   -28.0   53.128  119.259   4274.8    487.8
     1     1    21     1    17    16     0     0   -29.0   53.513  119.372   4380.8    477.4
     1     1    21     1    17    15     0     0   -30.0   53.860  119.514   4476.5    468.2
     1     1    21     1    17    14     0     0   -31.0   54.162  119.700   4565.0    460.1
     1     1    21     1    17    13     0     0   -32.0   54.409  119.943   4649.1    453.0
     1     1    21     1    17    12     0     0   -33.0   54.602  120.248   4731.5    447.1
     1     1    21     1    17    11     0     0   -34.0   54.748  120.591   4810.4    441.8
     1     1    21     1    17    10     0     0   -35.0   54.858  120.951   4887.8    437.0
     1     1    21     1    17     9     0     0   -36.0   54.931  121.324   4962.0    432.6
     1     1    21     1    17     8     0     0   -37.0   54.966  121.709   5032.9    428.8
     1     1    21     1    17     7     0     0   -38.0   54.963  122.104   5100.6    425.5
     1     1    21     1    17     6     0     0   -39.0   54.923  122.509   5165.7    422.6
     1     1    21     1    17     5     0     0   -40.0   54.853  122.900   5222.1    420.2
     1     1    21     1    17     4     0     0   -41.0   54.761  123.253   5272.6    418.8
     1     1    21     1    17     3     0     0   -42.0   54.648  123.562   5314.8    417.9
     1     1    21     1    17     2     0     0   -43.0   54.513  123.823   5348.7    417.6
     1     1    21     1    17     1     0     0   -44.0   54.357  124.033   5374.3    417.8
     1     1    21     1    17     0     0     0   -45.0   54.181  124.189   5391.1    418.6
     1     1    21     1    16    23     0     0   -46.0   53.987  124.288   5401.2    420.2
     1     1    21     1    16    22     0     0   -47.0   53.777  124.328   5406.5    421.8
     1     1    21     1    16    21     0     0   -48.0   53.553  124.306   5408.1    423.4
     1     1    21     1    16    20     0     0   -49.0   53.318  124.220   5406.6    424.8
     1     1    21     1    16    19     0     0   -50.0   53.073  124.066   5402.4    426.0
     1     1    21     1    16    18     0     0   -51.0   52.819  123.841   5395.1    426.8
     1     1    21     1    16    17     0     0   -52.0   52.574  123.546   5384.9    427.3
     1     1    21     1    16    16     0     0   -53.0   52.358  123.188   5367.3    426.7
     1     1    21     1    16    15     0     0   -54.0   52.176  122.772   5347.7    425.4
     1     1    21     1    16    14     0     0   -55.0   52.030  122.301   5332.9    424.2
     1     1    21     1    16    13     0     0   -56.0   51.927  121.778   5326.7    423.5
     1     1    21     1    16    12     0     0   -57.0   51.868  121.206   5327.2    422.2
     1     1    21     1    16    11     0     0   -58.0   51.846  120.598   5332.1    420.0
     1     1    21     1    16    10     0     0   -59.0   51.855  119.964   5338.0    418.0
     1     1    21     1    16     9     0     0   -60.0   51.900  119.302   5352.4    418.7
     1     1    21     1    16     8     0     0   -61.0   51.982  118.611   5362.9    419.6
     1     1    21     1    16     7     0     0   -62.0   52.093  117.896   5367.7    420.6
     1     1    21     1    16     6     0     0   -63.0   52.228  117.159   5360.8    420.8
     1     1    21     1    16     5     0     0   -64.0   52.401  116.392   5346.6    420.2
     1     1    21     1    16     4     0     0   -65.0   52.621  115.589   5336.4    417.6
     1     1    21     1    16     3     0     0   -66.0   52.888  114.745   5324.2    413.3
     1     1    21     1    16     2     0     0   -67.0   53.207  113.861   5306.0    407.4
     1     1    21     1    16     1     0     0   -68.0   53.586  112.942   5285.6    401.9
     1     1    21     1    16     0     0     0   -69.0   54.030  111.993   5272.9    399.8
     1     1    21     1    15    23     0     0   -70.0   54.534  111.011   5259.0    401.1
     1     1    21     1    15    22     0     0   -71.0   55.089  109.981   5234.3    405.4
     1     1    21     1    15    21     0     0   -72.0   55.680  108.903   5233.5    419.7
     1     1    21     1    15    20     0     0   -73.0   56.298  107.789   5213.6    432.1
     1     1    21     1    15    19     0     0   -74.0   56.949  106.643   5176.8    442.5
     1     1    21     1    15    18     0     0   -75.0   57.643  105.469   5133.6    451.4
     1     1    21     1    15    17     0     0   -76.0   58.381  104.302   5097.5    460.7
     1     1    21     1    15    16     0     0   -77.0   59.157  103.152   5050.0    465.0
     1     1    21     1    15    15     0     0   -78.0   59.976  102.001   4993.1    465.5
     1     1    21     1    15    14     0     0   -79.0   60.819  100.895   4946.1    469.6
     1     1    21     1    15    13     0     0   -80.0   61.662   99.884   4892.3    472.7
     1     1    21     1    15    12     0     0   -81.0   62.508   98.944   4830.1    476.6
     1     1    21     1    15    11     0     0   -82.0   63.329   98.106   4765.6    480.7
     1     1    21     1    15    10     0     0   -83.0   64.107   97.405   4715.5    481.6
     1     1    21     1    15     9     0     0   -84.0   64.846   96.842   4683.4    481.8
     1     1    21     1    15     8     0     0   -85.0   65.542   96.415   4662.7    480.0
     1     1    21     1    15     7     0     0   -86.0   66.193   96.120   4653.2    476.8
     1     1    21     1    15     6     0     0   -87.0   66.799   95.959   4652.4    472.8
     1     1    21     1    15     5     0     0   -88.0   67.360   95.927   4657.9    468.5
     1     1    21     1    15     4     0     0   -89.0   67.872   96.009   4679.3    468.2
     1     1    21     1    15     3     0     0   -90.0   68.332   96.194   4704.4    469.2
     1     1    21     1    15     2     0     0   -91.0   68.741   96.470   4728.1    470.0
     1     1    21     1    15     1     0     0   -92.0   69.097   96.832   4750.9    470.5
     1     1    21     1    15     0     0     0   -93.0   69.403   97.275   4773.5    470.7
     1     1    21     1    14    23     0     0   -94.0   69.657   97.835   4799.4    471.2
     1     1    21     1    14    22     0     0   -95.0   69.855   98.554   4832.2    471.3
     1     1    21     1    14    21     0     0   -96.0   69.999   99.435   4868.7    470.9
