     2     1
    CDC1    21     7     1     0     0
    CDC1    21     8     1     0     0
     1 BACKWARD OMEGA   
  2021     8    26     3   37.500  127.000   500.0
     1 PRESSURE
     1     1    21     8    26     3     0     0     0.0   37.500  127.000    500.0    937.0
     1     1    21     8    26     2     0     0    -1.0   37.391  126.807    482.0    940.3
     1     1    21     8    26     1     0     0    -2.0   37.295  126.634    467.4    942.9
     1     1    21     8    26     0     0     0    -3.0   37.211  126.481    456.0    945.0
     1     1    21     8    25    23     0     0    -4.0   37.129  126.329    446.6    946.4
     1     1    21     8    25    22     0     0    -5.0   37.038  126.163    438.0    948.0
     1     1    21     8    25    21     0     0    -6.0   36.939  125.983    429.9    949.6
     1     1    21     8    25    20     0     0    -7.0   36.832  125.790    422.1    951.3
     1     1    21     8    25    19     0     0    -8.0   36.717  125.583    414.3    953.0
     1     1    21     8    25    18     0     0    -9.0   36.596  125.364    406.3    954.9
     1     1    21     8    25    17     0     0   -10.0   36.471  125.141    397.5    957.0
     1     1    21     8    25    16     0     0   -11.0   36.347  124.922    388.7    958.8
     1     1    21     8    25    15     0     0   -12.0   36.229  124.706    380.7    959.8
     1     1    21     8    25    14     0     0   -13.0   36.117  124.491    374.5    960.5
     1     1    21     8    25    13     0     0   -14.0   36.009  124.277    370.4    960.8
     1     1    21     8    25    12     0     0   -15.0   35.906  124.065    368.9    960.9
     1     1    21     8    25    11     0     0   -16.0   35.802  123.859    367.7    960.8
     1     1    21     8    25    10     0     0   -17.0   35.693  123.667    364.1    961.1
     1     1    21     8    25     9     0     0   -18.0   35.578  123.490    357.6    961.7
     1     1    21     8    25     8     0     0   -19.0   35.458  123.329    347.8    962.6
     1     1    21     8    25     7     0     0   -20.0   35.334  123.184    334.4    963.9
     1     1    21     8    25     6     0     0   -21.0   35.207  123.056    316.9    965.7
     1     1    21     8    25     5     0     0   -22.0   35.082  122.942    299.0    967.9
     1     1    21     8    25     4     0     0   -23.0   34.966  122.836    284.5    969.5
     1     1    21     8    25     3     0     0   -24.0   34.856  122.735    273.6    971.0
     1     1    21     8    25     2     0     0   -25.0   34.751  122.638    266.7    972.0
     1     1    21     8    25     1     0     0   -26.0   34.650  122.542    263.9    972.5
     1     1    21     8    25     0     0     0   -27.0   34.552  122.446    265.3    972.3
     1     1    21     8    24    23     0     0   -28.0   34.457  122.338    267.6    971.6
     1     1    21     8    24    22     0     0   -29.0   34.365  122.210    267.2    971.6
     1     1    21     8    24    21     0     0   -30.0   34.276  122.064    263.8    971.8
     1     1    21     8    24    20     0     0   -31.0   34.192  121.902    257.4    972.3
     1     1    21     8    24    19     0     0   -32.0   34.112  121.727    248.2    973.0
     1     1    21     8    24    18     0     0   -33.0   34.037  121.541    236.4    974.1
     1     1    21     8    24    17     0     0   -34.0   33.964  121.357    224.6    975.1
     1     1    21     8    24    16     0     0   -35.0   33.891  121.188    215.4    975.4
     1     1    21     8    24    15     0     0   -36.0   33.817  121.034    208.5    975.5
     1     1    21     8    24    14     0     0   -37.0   33.740  120.895    203.5    975.4
     1     1    21     8    24    13     0     0   -38.0   33.660  120.771    200.3    975.1
     1     1    21     8    24    12     0     0   -39.0   33.574  120.664    198.7    974.6
     1     1    21     8    24    11     0     0   -40.0   33.496  120.558    198.1    974.3
     1     1    21     8    24    10     0     0   -41.0   33.437  120.441    197.4    974.0
     1     1    21     8    24     9     0     0   -42.0   33.397  120.315    196.8    973.6
     1     1    21     8    24     8     0     0   -43.0   33.379  120.180    196.2    973.1
     1     1    21     8    24     7     0     0   -44.0   33.382  120.039    195.7    972.5
     1     1    21     8    24     6     0     0   -45.0   33.406  119.891    195.3    972.1
     1     1    21     8    24     5     0     0   -46.0   33.444  119.732    195.4    971.9
     1     1    21     8    24     4     0     0   -47.0   33.486  119.560    196.0    971.6
     1     1    21     8    24     3     0     0   -48.0   33.532  119.377    197.1    971.2
     1     1    21     8    24     2     0     0   -49.0   33.583  119.184    198.7    970.9
     1     1    21     8    24     1     0     0   -50.0   33.639  118.984    200.9    970.4
     1     1    21     8    24     0     0     0   -51.0   33.699  118.779    203.7    969.9
     1     1    21     8    23    23     0     0   -52.0   33.762  118.566    207.1    968.9
     1     1    21     8    23    22     0     0   -53.0   33.826  118.342    211.5    967.9
     1     1    21     8    23    21     0     0   -54.0   33.895  118.108    217.0    966.9
     1     1    21     8    23    20     0     0   -55.0   33.970  117.862    223.6    965.8
     1     1    21     8    23    19     0     0   -56.0   34.057  117.606    231.8    964.7
     1     1    21     8    23    18     0     0   -57.0   34.153  117.338    241.6    963.4
     1     1    21     8    23    17     0     0   -58.0   34.250  117.084    251.0    961.8
     1     1    21     8    23    16     0     0   -59.0   34.342  116.866    257.6    960.7
     1     1    21     8    23    15     0     0   -60.0   34.431  116.683    260.9    959.8
     1     1    21     8    23    14     0     0   -61.0   34.517  116.534    260.7    959.4
     1     1    21     8    23    13     0     0   -62.0   34.602  116.417    256.8    959.3
     1     1    21     8    23    12     0     0   -63.0   34.686  116.332    249.2    959.7
     1     1    21     8    23    11     0     0   -64.0   34.772  116.267    240.0    960.8
     1     1    21     8    23    10     0     0   -65.0   34.859  116.208    231.4    961.6
     1     1    21     8    23     9     0     0   -66.0   34.949  116.153    223.4    962.3
     1     1    21     8    23     8     0     0   -67.0   35.041  116.101    215.8    962.9
     1     1    21     8    23     7     0     0   -68.0   35.135  116.053    208.8    963.3
     1     1    21     8    23     6     0     0   -69.0   35.229  116.006    202.2    963.7
     1     1    21     8    23     5     0     0   -70.0   35.320  115.969    195.4    964.1
     1     1    21     8    23     4     0     0   -71.0   35.406  115.954    187.7    964.6
     1     1    21     8    23     3     0     0   -72.0   35.486  115.959    179.0    965.3
     1     1    21     8    23     2     0     0   -73.0   35.560  115.986    169.2    966.3
     1     1    21     8    23     1     0     0   -74.0   35.628  116.034    158.2    967.7
     1     1    21     8    23     0     0     0   -75.0   35.690  116.105    146.1    969.4
     1     1    21     8    22    23     0     0   -76.0   35.737  116.186    133.7    971.5
     1     1    21     8    22    22     0     0   -77.0   35.760  116.268    122.2    973.6
     1     1    21     8    22    21     0     0   -78.0   35.761  116.351    111.9    975.7
     1     1    21     8    22    20     0     0   -79.0   35.741  116.435    102.8    977.7
     1     1    21     8    22    19     0     0   -80.0   35.701  116.523     95.1    979.6
     1     1    21     8    22    18     0     0   -81.0   35.642  116.618     88.7    981.5
     1     1    21     8    22    17     0     0   -82.0   35.576  116.732     83.7    983.2
     1     1    21     8    22    16     0     0   -83.0   35.513  116.874     79.8    984.8
     1     1    21     8    22    15     0     0   -84.0   35.451  117.042     76.9    986.4
     1     1    21     8    22    14     0     0   -85.0   35.388  117.231     75.1    987.9
     1     1    21     8    22    13     0     0   -86.0   35.320  117.439     74.2    989.3
     1     1    21     8    22    12     0     0   -87.0   35.245  117.660     74.4    989.5
     1     1    21     8    22    11     0     0   -88.0   35.163  117.871     75.4    989.1
     1     1    21     8    22    10     0     0   -89.0   35.075  118.057     76.8    988.5
     1     1    21     8    22     9     0     0   -90.0   34.982  118.219     78.4    988.0
     1     1    21     8    22     8     0     0   -91.0   34.884  118.360     80.0    987.6
     1     1    21     8    22     7     0     0   -92.0   34.780  118.483     81.5    987.3
     1     1    21     8    22     6     0     0   -93.0   34.672  118.591     82.6    987.2
     1     1    21     8    22     5     0     0   -94.0   34.567  118.693     83.8    987.2
     1     1    21     8    22     4     0     0   -95.0   34.468  118.794     85.1    987.3
     1     1    21     8    22     3     0     0   -96.0   34.376  118.892     86.6    987.3
