     2     1
    CDC1    21     5     1     0     0
    CDC1    21     6     1     0     0
     1 BACKWARD OMEGA   
  2021     6     3     9   37.500  127.000   500.0
     1 PRESSURE
     1     1    21     6     3     9     0     0     0.0   37.500  127.000    500.0    926.1
     1     1    21     6     3     8     0     0    -1.0   37.448  126.891    480.8    928.7
     1     1    21     6     3     7     0     0    -2.0   37.369  126.793    454.9    932.6
     1     1    21     6     3     6     0     0    -3.0   37.264  126.707    423.1    937.2
     1     1    21     6     3     5     0     0    -4.0   37.140  126.636    389.9    943.0
     1     1    21     6     3     4     0     0    -5.0   37.005  126.585    358.3    947.4
     1     1    21     6     3     3     0     0    -6.0   36.860  126.553    328.7    951.4
     1     1    21     6     3     2     0     0    -7.0   36.703  126.543    300.9    955.4
     1     1    21     6     3     1     0     0    -8.0   36.535  126.556    275.4    959.1
     1     1    21     6     3     0     0     0    -9.0   36.357  126.595    252.0    962.7
     1     1    21     6     2    23     0     0   -10.0   36.179  126.648    232.0    965.7
     1     1    21     6     2    22     0     0   -11.0   36.006  126.706    215.9    968.1
     1     1    21     6     2    21     0     0   -12.0   35.839  126.769    203.1    970.2
     1     1    21     6     2    20     0     0   -13.0   35.674  126.835    192.9    971.7
     1     1    21     6     2    19     0     0   -14.0   35.510  126.906    184.9    972.9
     1     1    21     6     2    18     0     0   -15.0   35.344  126.980    178.8    974.0
     1     1    21     6     2    17     0     0   -16.0   35.176  127.057    173.1    974.7
     1     1    21     6     2    16     0     0   -17.0   35.005  127.132    166.7    975.7
     1     1    21     6     2    15     0     0   -18.0   34.834  127.204    159.9    977.1
     1     1    21     6     2    14     0     0   -19.0   34.662  127.275    152.8    978.6
     1     1    21     6     2    13     0     0   -20.0   34.492  127.346    145.5    980.2
     1     1    21     6     2    12     0     0   -21.0   34.324  127.419    137.8    981.8
     1     1    21     6     2    11     0     0   -22.0   34.162  127.502    131.2    983.3
     1     1    21     6     2    10     0     0   -23.0   34.002  127.603    127.0    984.4
     1     1    21     6     2     9     0     0   -24.0   33.844  127.723    124.9    985.3
     1     1    21     6     2     8     0     0   -25.0   33.686  127.861    125.1    985.9
     1     1    21     6     2     7     0     0   -26.0   33.528  128.016    127.5    986.2
     1     1    21     6     2     6     0     0   -27.0   33.372  128.188    132.3    986.1
     1     1    21     6     2     5     0     0   -28.0   33.224  128.371    138.0    985.9
     1     1    21     6     2     4     0     0   -29.0   33.093  128.559    142.8    985.7
     1     1    21     6     2     3     0     0   -30.0   32.981  128.751    147.0    985.6
     1     1    21     6     2     2     0     0   -31.0   32.890  128.946    150.5    985.4
     1     1    21     6     2     1     0     0   -32.0   32.822  129.143    153.5    985.3
     1     1    21     6     2     0     0     0   -33.0   32.778  129.341    156.2    985.1
     1     1    21     6     1    23     0     0   -34.0   32.745  129.541    160.5    984.2
     1     1    21     6     1    22     0     0   -35.0   32.709  129.744    168.4    982.8
     1     1    21     6     1    21     0     0   -36.0   32.670  129.951    180.1    981.1
     1     1    21     6     1    20     0     0   -37.0   32.625  130.160    195.3    979.3
     1     1    21     6     1    19     0     0   -38.0   32.571  130.370    213.8    976.9
     1     1    21     6     1    18     0     0   -39.0   32.507  130.582    235.6    974.0
     1     1    21     6     1    17     0     0   -40.0   32.445  130.794    256.7    971.1
     1     1    21     6     1    16     0     0   -41.0   32.400  131.004    273.0    969.3
     1     1    21     6     1    15     0     0   -42.0   32.371  131.212    284.9    967.9
     1     1    21     6     1    14     0     0   -43.0   32.357  131.415    292.6    967.0
     1     1    21     6     1    13     0     0   -44.0   32.358  131.614    296.4    966.5
     1     1    21     6     1    12     0     0   -45.0   32.372  131.805    296.7    966.3
     1     1    21     6     1    11     0     0   -46.0   32.388  131.996    296.8    966.1
     1     1    21     6     1    10     0     0   -47.0   32.394  132.196    299.9    965.3
     1     1    21     6     1     9     0     0   -48.0   32.392  132.406    305.9    964.2
     1     1    21     6     1     8     0     0   -49.0   32.383  132.632    314.7    963.4
     1     1    21     6     1     7     0     0   -50.0   32.369  132.876    326.2    962.7
     1     1    21     6     1     6     0     0   -51.0   32.352  133.138    340.2    961.8
     1     1    21     6     1     5     0     0   -52.0   32.343  133.408    356.2    961.1
     1     1    21     6     1     4     0     0   -53.0   32.354  133.676    373.8    960.3
     1     1    21     6     1     3     0     0   -54.0   32.383  133.941    393.4    959.1
     1     1    21     6     1     2     0     0   -55.0   32.429  134.205    415.5    957.2
     1     1    21     6     1     1     0     0   -56.0   32.492  134.469    440.7    954.9
     1     1    21     6     1     0     0     0   -57.0   32.572  134.732    468.7    952.1
     1     1    21     5    31    23     0     0   -58.0   32.662  134.994    498.8    948.3
     1     1    21     5    31    22     0     0   -59.0   32.758  135.249    530.0    943.9
     1     1    21     5    31    21     0     0   -60.0   32.859  135.490    561.7    939.5
     1     1    21     5    31    20     0     0   -61.0   32.966  135.716    593.8    934.9
     1     1    21     5    31    19     0     0   -62.0   33.082  135.924    626.0    930.2
     1     1    21     5    31    18     0     0   -63.0   33.209  136.111    658.5    924.7
     1     1    21     5    31    17     0     0   -64.0   33.335  136.267    691.0    919.6
     1     1    21     5    31    16     0     0   -65.0   33.446  136.391    723.6    914.8
     1     1    21     5    31    15     0     0   -66.0   33.542  136.485    756.5    910.1
     1     1    21     5    31    14     0     0   -67.0   33.619  136.550    789.9    905.6
     1     1    21     5    31    13     0     0   -68.0   33.678  136.590    823.7    901.3
     1     1    21     5    31    12     0     0   -69.0   33.719  136.605    858.0    897.3
     1     1    21     5    31    11     0     0   -70.0   33.750  136.619    890.2    893.3
     1     1    21     5    31    10     0     0   -71.0   33.781  136.653    916.3    890.1
     1     1    21     5    31     9     0     0   -72.0   33.812  136.706    936.3    887.3
     1     1    21     5    31     8     0     0   -73.0   33.844  136.779    949.9    885.1
     1     1    21     5    31     7     0     0   -74.0   33.877  136.873    957.0    883.4
     1     1    21     5    31     6     0     0   -75.0   33.911  136.990    957.6    882.5
     1     1    21     5    31     5     0     0   -76.0   33.949  137.121    958.7    882.3
     1     1    21     5    31     4     0     0   -77.0   33.994  137.254    967.7    880.4
     1     1    21     5    31     3     0     0   -78.0   34.046  137.388    984.8    877.5
     1     1    21     5    31     2     0     0   -79.0   34.105  137.521   1010.2    873.8
     1     1    21     5    31     1     0     0   -80.0   34.169  137.650   1044.5    869.9
     1     1    21     5    31     0     0     0   -81.0   34.237  137.775   1087.4    865.2
     1     1    21     5    30    23     0     0   -82.0   34.312  137.885   1133.8    859.1
     1     1    21     5    30    22     0     0   -83.0   34.395  137.973   1179.3    853.5
     1     1    21     5    30    21     0     0   -84.0   34.486  138.036   1223.9    847.8
     1     1    21     5    30    20     0     0   -85.0   34.588  138.075   1267.7    842.1
     1     1    21     5    30    19     0     0   -86.0   34.699  138.089   1311.4    835.9
     1     1    21     5    30    18     0     0   -87.0   34.822  138.079   1355.3    829.4
     1     1    21     5    30    17     0     0   -88.0   34.949  138.049   1401.4    823.0
     1     1    21     5    30    16     0     0   -89.0   35.071  138.004   1452.3    816.7
     1     1    21     5    30    15     0     0   -90.0   35.190  137.941   1506.6    810.6
     1     1    21     5    30    14     0     0   -91.0   35.308  137.862   1563.8    804.4
     1     1    21     5    30    13     0     0   -92.0   35.426  137.769   1624.0    797.9
     1     1    21     5    30    12     0     0   -93.0   35.548  137.663   1687.2    791.2
     1     1    21     5    30    11     0     0   -94.0   35.680  137.531   1753.8    783.5
     1     1    21     5    30    10     0     0   -95.0   35.825  137.359   1825.8    776.9
     1     1    21     5    30     9     0     0   -96.0   35.983  137.147   1903.0    770.7
