     2     1
    CDC1    21     4     1     0     0
    CDC1    21     5     1     0     0
     1 BACKWARD OMEGA   
  2021     5    10     3   37.500  127.000   500.0
     1 PRESSURE
     1     1    21     5    10     3     0     0     0.0   37.500  127.000    500.0    936.0
     1     1    21     5    10     2     0     0    -1.0   37.462  126.974    533.1    933.3
     1     1    21     5    10     1     0     0    -2.0   37.435  126.958    574.2    929.3
     1     1    21     5    10     0     0     0    -3.0   37.421  126.950    624.8    924.5
     1     1    21     5     9    23     0     0    -4.0   37.425  126.933    678.3    917.2
     1     1    21     5     9    22     0     0    -5.0   37.447  126.890    726.5    911.5
     1     1    21     5     9    21     0     0    -6.0   37.489  126.823    768.1    906.9
     1     1    21     5     9    20     0     0    -7.0   37.550  126.734    802.1    902.6
     1     1    21     5     9    19     0     0    -8.0   37.631  126.623    828.6    898.9
     1     1    21     5     9    18     0     0    -9.0   37.732  126.490    847.7    895.9
     1     1    21     5     9    17     0     0   -10.0   37.842  126.334    867.6    893.6
     1     1    21     5     9    16     0     0   -11.0   37.949  126.154    897.0    889.9
     1     1    21     5     9    15     0     0   -12.0   38.053  125.954    935.9    885.6
     1     1    21     5     9    14     0     0   -13.0   38.152  125.735    985.0    880.1
     1     1    21     5     9    13     0     0   -14.0   38.244  125.498   1045.3    873.7
     1     1    21     5     9    12     0     0   -15.0   38.328  125.246   1118.3    866.6
     1     1    21     5     9    11     0     0   -16.0   38.412  124.980   1199.3    858.4
     1     1    21     5     9    10     0     0   -17.0   38.504  124.698   1281.1    850.5
     1     1    21     5     9     9     0     0   -18.0   38.605  124.401   1361.6    842.4
     1     1    21     5     9     8     0     0   -19.0   38.719  124.089   1440.1    834.9
     1     1    21     5     9     7     0     0   -20.0   38.845  123.764   1516.9    828.0
     1     1    21     5     9     6     0     0   -21.0   38.984  123.430   1592.8    821.6
     1     1    21     5     9     5     0     0   -22.0   39.136  123.098   1668.7    815.4
     1     1    21     5     9     4     0     0   -23.0   39.302  122.778   1744.5    809.2
     1     1    21     5     9     3     0     0   -24.0   39.482  122.467   1820.5    802.6
     1     1    21     5     9     2     0     0   -25.0   39.676  122.160   1894.1    793.6
     1     1    21     5     9     1     0     0   -26.0   39.884  121.852   1966.3    784.7
     1     1    21     5     9     0     0     0   -27.0   40.107  121.542   2035.8    775.4
     1     1    21     5     8    23     0     0   -28.0   40.343  121.224   2097.3    765.5
     1     1    21     5     8    22     0     0   -29.0   40.591  120.891   2150.7    756.0
     1     1    21     5     8    21     0     0   -30.0   40.849  120.547   2197.1    746.4
     1     1    21     5     8    20     0     0   -31.0   41.116  120.193   2239.8    736.0
     1     1    21     5     8    19     0     0   -32.0   41.391  119.823   2281.2    723.0
     1     1    21     5     8    18     0     0   -33.0   41.676  119.429   2325.6    706.8
     1     1    21     5     8    17     0     0   -34.0   41.977  119.010   2377.4    688.4
     1     1    21     5     8    16     0     0   -35.0   42.305  118.574   2432.9    668.0
     1     1    21     5     8    15     0     0   -36.0   42.657  118.130   2490.8    649.6
     1     1    21     5     8    14     0     0   -37.0   43.024  117.688   2547.3    636.6
     1     1    21     5     8    13     0     0   -38.0   43.402  117.256   2596.7    628.7
     1     1    21     5     8    12     0     0   -39.0   43.791  116.840   2636.8    625.1
     1     1    21     5     8    11     0     0   -40.0   44.197  116.443   2677.0    623.6
     1     1    21     5     8    10     0     0   -41.0   44.627  116.064   2730.8    621.1
     1     1    21     5     8     9     0     0   -42.0   45.077  115.701   2802.3    618.5
     1     1    21     5     8     8     0     0   -43.0   45.536  115.342   2891.3    615.9
     1     1    21     5     8     7     0     0   -44.0   45.994  114.974   2992.4    612.6
     1     1    21     5     8     6     0     0   -45.0   46.442  114.589   3097.1    607.0
     1     1    21     5     8     5     0     0   -46.0   46.879  114.220   3193.1    599.6
     1     1    21     5     8     4     0     0   -47.0   47.308  113.901   3274.2    592.4
     1     1    21     5     8     3     0     0   -48.0   47.737  113.638   3340.0    585.0
     1     1    21     5     8     2     0     0   -49.0   48.171  113.426   3393.0    578.3
     1     1    21     5     8     1     0     0   -50.0   48.607  113.255   3433.9    572.9
     1     1    21     5     8     0     0     0   -51.0   49.041  113.122   3461.9    568.8
     1     1    21     5     7    23     0     0   -52.0   49.463  113.021   3483.0    565.8
     1     1    21     5     7    22     0     0   -53.0   49.869  112.954   3509.7    562.4
     1     1    21     5     7    21     0     0   -54.0   50.263  112.930   3547.8    559.1
     1     1    21     5     7    20     0     0   -55.0   50.647  112.941   3600.9    555.1
     1     1    21     5     7    19     0     0   -56.0   51.022  112.982   3668.5    550.4
     1     1    21     5     7    18     0     0   -57.0   51.384  113.054   3749.1    544.9
     1     1    21     5     7    17     0     0   -58.0   51.733  113.155   3828.9    538.8
     1     1    21     5     7    16     0     0   -59.0   52.070  113.289   3897.4    534.6
     1     1    21     5     7    15     0     0   -60.0   52.393  113.475   3954.2    531.4
     1     1    21     5     7    14     0     0   -61.0   52.701  113.717   3995.7    528.0
     1     1    21     5     7    13     0     0   -62.0   52.995  114.006   4022.6    525.2
     1     1    21     5     7    12     0     0   -63.0   53.270  114.341   4035.9    523.5
     1     1    21     5     7    11     0     0   -64.0   53.516  114.697   4041.0    522.7
     1     1    21     5     7    10     0     0   -65.0   53.723  115.053   4041.1    521.9
     1     1    21     5     7     9     0     0   -66.0   53.894  115.412   4038.3    521.4
     1     1    21     5     7     8     0     0   -67.0   54.035  115.774   4033.7    521.3
     1     1    21     5     7     7     0     0   -68.0   54.144  116.143   4026.5    521.7
     1     1    21     5     7     6     0     0   -69.0   54.224  116.520   4015.6    522.7
     1     1    21     5     7     5     0     0   -70.0   54.277  116.892   4002.7    524.6
     1     1    21     5     7     4     0     0   -71.0   54.312  117.249   3989.6    526.6
     1     1    21     5     7     3     0     0   -72.0   54.326  117.590   3979.0    528.3
     1     1    21     5     7     2     0     0   -73.0   54.326  117.911   3972.7    529.3
     1     1    21     5     7     1     0     0   -74.0   54.312  118.210   3974.7    529.7
     1     1    21     5     7     0     0     0   -75.0   54.286  118.487   3986.4    529.5
     1     1    21     5     6    23     0     0   -76.0   54.252  118.712   4001.0    528.4
     1     1    21     5     6    22     0     0   -77.0   54.217  118.863   4016.6    527.6
     1     1    21     5     6    21     0     0   -78.0   54.180  118.943   4030.7    526.9
     1     1    21     5     6    20     0     0   -79.0   54.141  118.955   4042.9    526.2
     1     1    21     5     6    19     0     0   -80.0   54.098  118.900   4052.4    525.7
     1     1    21     5     6    18     0     0   -81.0   54.050  118.778   4058.7    525.3
     1     1    21     5     6    17     0     0   -82.0   54.007  118.616   4065.0    525.6
     1     1    21     5     6    16     0     0   -83.0   53.983  118.442   4071.9    525.4
     1     1    21     5     6    15     0     0   -84.0   53.978  118.257   4079.6    525.0
     1     1    21     5     6    14     0     0   -85.0   53.992  118.062   4087.7    524.5
     1     1    21     5     6    13     0     0   -86.0   54.025  117.856   4095.8    523.8
     1     1    21     5     6    12     0     0   -87.0   54.078  117.638   4103.5    522.9
     1     1    21     5     6    11     0     0   -88.0   54.145  117.415   4112.5    521.2
     1     1    21     5     6    10     0     0   -89.0   54.223  117.188   4125.1    518.8
     1     1    21     5     6     9     0     0   -90.0   54.310  116.956   4141.1    516.0
     1     1    21     5     6     8     0     0   -91.0   54.404  116.715   4159.8    512.9
     1     1    21     5     6     7     0     0   -92.0   54.501  116.464   4180.7    509.7
     1     1    21     5     6     6     0     0   -93.0   54.600  116.198   4203.2    506.3
     1     1    21     5     6     5     0     0   -94.0   54.703  115.926   4221.5    502.8
     1     1    21     5     6     4     0     0   -95.0   54.815  115.660   4235.5    500.0
     1     1    21     5     6     3     0     0   -96.0   54.935  115.400   4245.3    497.4
