     2     1
    CDC1    20    12     1     0     0
    CDC1    21     1     1     0     0
     1 BACKWARD OMEGA   
  2021     1     2    15   37.500  127.000   500.0
     1 PRESSURE
     1     1    21     1     2    15     0     0     0.0   37.500  127.000    500.0    946.5
     1     1    21     1     2    14     0     0    -1.0   37.662  126.757    543.7    940.0
     1     1    21     1     2    13     0     0    -2.0   37.812  126.524    586.3    934.1
     1     1    21     1     2    12     0     0    -3.0   37.952  126.301    628.0    928.6
     1     1    21     1     2    11     0     0    -4.0   38.089  126.078    669.5    922.6
     1     1    21     1     2    10     0     0    -5.0   38.230  125.845    711.0    916.7
     1     1    21     1     2     9     0     0    -6.0   38.375  125.605    751.8    911.1
     1     1    21     1     2     8     0     0    -7.0   38.523  125.356    791.1    905.9
     1     1    21     1     2     7     0     0    -8.0   38.675  125.098    828.2    901.2
     1     1    21     1     2     6     0     0    -9.0   38.829  124.832    862.0    897.0
     1     1    21     1     2     5     0     0   -10.0   38.986  124.565    894.3    893.6
     1     1    21     1     2     4     0     0   -11.0   39.147  124.302    927.0    890.1
     1     1    21     1     2     3     0     0   -12.0   39.311  124.044    961.1    886.2
     1     1    21     1     2     2     0     0   -13.0   39.478  123.790    997.3    882.3
     1     1    21     1     2     1     0     0   -14.0   39.647  123.541   1036.4    878.4
     1     1    21     1     2     0     0     0   -15.0   39.816  123.296   1079.0    874.4
     1     1    21     1     1    23     0     0   -16.0   39.989  123.049   1122.0    870.6
     1     1    21     1     1    22     0     0   -17.0   40.165  122.800   1160.5    868.1
     1     1    21     1     1    21     0     0   -18.0   40.345  122.552   1194.6    865.9
     1     1    21     1     1    20     0     0   -19.0   40.527  122.307   1223.5    861.1
     1     1    21     1     1    19     0     0   -20.0   40.712  122.064   1248.4    855.4
     1     1    21     1     1    18     0     0   -21.0   40.898  121.828   1269.7    849.6
     1     1    21     1     1    17     0     0   -22.0   41.082  121.591   1287.2    843.5
     1     1    21     1     1    16     0     0   -23.0   41.258  121.347   1300.7    837.3
     1     1    21     1     1    15     0     0   -24.0   41.431  121.095   1310.3    831.0
     1     1    21     1     1    14     0     0   -25.0   41.602  120.839   1315.9    824.7
     1     1    21     1     1    13     0     0   -26.0   41.775  120.578   1317.9    818.2
     1     1    21     1     1    12     0     0   -27.0   41.953  120.315   1316.4    811.4
     1     1    21     1     1    11     0     0   -28.0   42.133  120.049   1311.3    804.3
     1     1    21     1     1    10     0     0   -29.0   42.314  119.776   1302.5    795.2
     1     1    21     1     1     9     0     0   -30.0   42.494  119.493   1291.7    785.2
     1     1    21     1     1     8     0     0   -31.0   42.671  119.202   1281.7    778.5
     1     1    21     1     1     7     0     0   -32.0   42.846  118.910   1271.5    772.2
     1     1    21     1     1     6     0     0   -33.0   43.017  118.619   1261.4    766.2
     1     1    21     1     1     5     0     0   -34.0   43.182  118.327   1249.2    760.8
     1     1    21     1     1     4     0     0   -35.0   43.338  118.031   1232.5    756.0
     1     1    21     1     1     3     0     0   -36.0   43.488  117.734   1210.8    751.8
     1     1    21     1     1     2     0     0   -37.0   43.631  117.440   1184.7    749.3
     1     1    21     1     1     1     0     0   -38.0   43.770  117.151   1156.4    751.4
     1     1    21     1     1     0     0     0   -39.0   43.905  116.870   1125.2    754.1
     1     1    20    12    31    23     0     0   -40.0   44.045  116.587   1096.4    757.8
     1     1    20    12    31    22     0     0   -41.0   44.196  116.295   1072.3    760.9
     1     1    20    12    31    21     0     0   -42.0   44.356  115.994   1052.4    763.9
     1     1    20    12    31    20     0     0   -43.0   44.519  115.689   1035.3    767.1
     1     1    20    12    31    19     0     0   -44.0   44.682  115.381   1020.1    770.6
     1     1    20    12    31    18     0     0   -45.0   44.840  115.073   1005.5    774.4
     1     1    20    12    31    17     0     0   -46.0   44.998  114.770    992.4    779.0
     1     1    20    12    31    16     0     0   -47.0   45.165  114.476    981.5    783.3
     1     1    20    12    31    15     0     0   -48.0   45.339  114.192    972.7    786.6
     1     1    20    12    31    14     0     0   -49.0   45.524  113.918    965.7    789.0
     1     1    20    12    31    13     0     0   -50.0   45.719  113.656    960.7    790.6
     1     1    20    12    31    12     0     0   -51.0   45.926  113.407    957.6    791.2
     1     1    20    12    31    11     0     0   -52.0   46.140  113.152    956.6    791.0
     1     1    20    12    31    10     0     0   -53.0   46.356  112.878    956.4    789.8
     1     1    20    12    31     9     0     0   -54.0   46.576  112.584    956.8    787.6
     1     1    20    12    31     8     0     0   -55.0   46.803  112.273    957.2    783.4
     1     1    20    12    31     7     0     0   -56.0   47.039  111.949    958.1    777.9
     1     1    20    12    31     6     0     0   -57.0   47.286  111.619    960.7    771.4
     1     1    20    12    31     5     0     0   -58.0   47.543  111.289    963.4    764.3
     1     1    20    12    31     4     0     0   -59.0   47.804  110.965    964.1    760.2
     1     1    20    12    31     3     0     0   -60.0   48.068  110.642    962.8    756.8
     1     1    20    12    31     2     0     0   -61.0   48.333  110.319    959.5    753.9
     1     1    20    12    31     1     0     0   -62.0   48.599  109.991    954.6    751.7
     1     1    20    12    31     0     0     0   -63.0   48.862  109.661    950.4    754.8
     1     1    20    12    30    23     0     0   -64.0   49.119  109.339    946.6    758.4
     1     1    20    12    30    22     0     0   -65.0   49.369  109.030    944.6    762.1
     1     1    20    12    30    21     0     0   -66.0   49.613  108.734    945.0    766.0
     1     1    20    12    30    20     0     0   -67.0   49.853  108.451    948.4    769.9
     1     1    20    12    30    19     0     0   -68.0   50.090  108.183    955.9    774.4
     1     1    20    12    30    18     0     0   -69.0   50.324  107.931    968.2    780.1
     1     1    20    12    30    17     0     0   -70.0   50.549  107.695    983.3    785.6
     1     1    20    12    30    16     0     0   -71.0   50.760  107.474    998.0    791.0
     1     1    20    12    30    15     0     0   -72.0   50.955  107.261   1011.5    794.5
     1     1    20    12    30    14     0     0   -73.0   51.134  107.051   1024.0    797.9
     1     1    20    12    30    13     0     0   -74.0   51.296  106.841   1035.5    800.9
     1     1    20    12    30    12     0     0   -75.0   51.438  106.627   1045.7    803.8
     1     1    20    12    30    11     0     0   -76.0   51.571  106.417   1055.2    806.4
     1     1    20    12    30    10     0     0   -77.0   51.707  106.220   1064.1    809.2
     1     1    20    12    30     9     0     0   -78.0   51.845  106.032   1072.4    812.2
     1     1    20    12    30     8     0     0   -79.0   51.984  105.854   1080.2    815.2
     1     1    20    12    30     7     0     0   -80.0   52.124  105.683   1087.5    818.2
     1     1    20    12    30     6     0     0   -81.0   52.263  105.518   1094.3    821.4
     1     1    20    12    30     5     0     0   -82.0   52.388  105.365   1101.1    823.9
     1     1    20    12    30     4     0     0   -83.0   52.490  105.229   1109.1    825.6
     1     1    20    12    30     3     0     0   -84.0   52.570  105.109   1117.6    826.0
     1     1    20    12    30     2     0     0   -85.0   52.629  105.005   1127.2    826.0
     1     1    20    12    30     1     0     0   -86.0   52.669  104.915   1136.8    823.7
     1     1    20    12    30     0     0     0   -87.0   52.694  104.839   1147.5    821.3
     1     1    20    12    29    23     0     0   -88.0   52.721  104.763   1158.6    819.2
     1     1    20    12    29    22     0     0   -89.0   52.766  104.677   1169.2    817.2
     1     1    20    12    29    21     0     0   -90.0   52.828  104.584   1179.1    815.5
     1     1    20    12    29    20     0     0   -91.0   52.905  104.484   1188.2    814.0
     1     1    20    12    29    19     0     0   -92.0   52.994  104.378   1196.4    812.7
     1     1    20    12    29    18     0     0   -93.0   53.094  104.268   1203.6    811.9
     1     1    20    12    29    17     0     0   -94.0   53.191  104.174   1212.1    811.4
     1     1    20    12    29    16     0     0   -95.0   53.277  104.115   1224.0    810.8
     1     1    20    12    29    15     0     0   -96.0   53.354  104.089   1239.4    810.4
