     2     1
    CDC1    21     2     1     0     0
    CDC1    21     3     1     0     0
     1 BACKWARD OMEGA   
  2021     3    28     3   37.500  127.000   500.0
     1 PRESSURE
     1     1    21     3    28     3     0     0     0.0   37.500  127.000    500.0    924.2
     1     1    21     3    28     2     0     0    -1.0   37.501  126.543    507.9    925.8
     1     1    21     3    28     1     0     0    -2.0   37.530  126.113    513.8    927.4
     1     1    21     3    28     0     0     0    -3.0   37.596  125.704    518.4    928.6
     1     1    21     3    27    23     0     0    -4.0   37.692  125.315    520.7    929.1
     1     1    21     3    27    22     0     0    -5.0   37.803  124.942    520.6    929.8
     1     1    21     3    27    21     0     0    -6.0   37.916  124.581    519.2    929.9
     1     1    21     3    27    20     0     0    -7.0   38.019  124.232    518.0    930.5
     1     1    21     3    27    19     0     0    -8.0   38.114  123.891    518.3    931.2
     1     1    21     3    27    18     0     0    -9.0   38.202  123.556    521.3    932.0
     1     1    21     3    27    17     0     0   -10.0   38.281  123.255    528.8    932.6
     1     1    21     3    27    16     0     0   -11.0   38.350  123.017    542.1    932.2
     1     1    21     3    27    15     0     0   -12.0   38.409  122.843    560.4    931.1
     1     1    21     3    27    14     0     0   -13.0   38.458  122.733    583.0    929.2
     1     1    21     3    27    13     0     0   -14.0   38.494  122.690    608.9    926.6
     1     1    21     3    27    12     0     0   -15.0   38.514  122.713    637.3    923.4
     1     1    21     3    27    11     0     0   -16.0   38.518  122.766    662.1    919.8
     1     1    21     3    27    10     0     0   -17.0   38.506  122.812    679.1    918.0
     1     1    21     3    27     9     0     0   -18.0   38.479  122.852    688.1    917.2
     1     1    21     3    27     8     0     0   -19.0   38.437  122.884    689.2    917.5
     1     1    21     3    27     7     0     0   -20.0   38.380  122.911    682.4    918.8
     1     1    21     3    27     6     0     0   -21.0   38.308  122.933    667.8    921.2
     1     1    21     3    27     5     0     0   -22.0   38.220  122.961    645.4    924.7
     1     1    21     3    27     4     0     0   -23.0   38.113  123.007    614.9    929.1
     1     1    21     3    27     3     0     0   -24.0   37.988  123.075    577.1    934.1
     1     1    21     3    27     2     0     0   -25.0   37.845  123.167    532.5    940.0
     1     1    21     3    27     1     0     0   -26.0   37.684  123.285    481.5    947.1
     1     1    21     3    27     0     0     0   -27.0   37.509  123.431    424.6    955.4
     1     1    21     3    26    23     0     0   -28.0   37.325  123.577    369.0    963.5
     1     1    21     3    26    22     0     0   -29.0   37.134  123.699    320.7    969.3
     1     1    21     3    26    21     0     0   -30.0   36.938  123.802    279.4    974.6
     1     1    21     3    26    20     0     0   -31.0   36.737  123.890    244.9    979.5
     1     1    21     3    26    19     0     0   -32.0   36.533  123.967    217.1    983.8
     1     1    21     3    26    18     0     0   -33.0   36.325  124.034    195.8    987.1
     1     1    21     3    26    17     0     0   -34.0   36.112  124.103    179.0    988.8
     1     1    21     3    26    16     0     0   -35.0   35.892  124.181    164.6    990.7
     1     1    21     3    26    15     0     0   -36.0   35.666  124.269    152.8    992.5
     1     1    21     3    26    14     0     0   -37.0   35.431  124.367    143.5    994.2
     1     1    21     3    26    13     0     0   -38.0   35.189  124.474    136.7    995.8
     1     1    21     3    26    12     0     0   -39.0   34.937  124.589    132.2    997.3
     1     1    21     3    26    11     0     0   -40.0   34.685  124.713    128.7    998.4
     1     1    21     3    26    10     0     0   -41.0   34.443  124.847    124.8    999.6
     1     1    21     3    26     9     0     0   -42.0   34.216  124.991    120.5   1000.9
     1     1    21     3    26     8     0     0   -43.0   34.012  125.145    115.6   1001.7
     1     1    21     3    26     7     0     0   -44.0   33.836  125.310    110.6   1002.5
     1     1    21     3    26     6     0     0   -45.0   33.691  125.486    105.5   1003.3
     1     1    21     3    26     5     0     0   -46.0   33.575  125.664    101.3   1004.0
     1     1    21     3    26     4     0     0   -47.0   33.483  125.834     98.8   1004.3
     1     1    21     3    26     3     0     0   -48.0   33.413  125.995     97.8   1004.4
     1     1    21     3    26     2     0     0   -49.0   33.365  126.144     98.1   1004.4
     1     1    21     3    26     1     0     0   -50.0   33.336  126.280     99.4   1004.2
     1     1    21     3    26     0     0     0   -51.0   33.326  126.399    101.8   1003.8
     1     1    21     3    25    23     0     0   -52.0   33.330  126.497    106.1   1002.9
     1     1    21     3    25    22     0     0   -53.0   33.341  126.572    113.3   1001.5
     1     1    21     3    25    21     0     0   -54.0   33.357  126.624    123.8    999.8
     1     1    21     3    25    20     0     0   -55.0   33.377  126.654    137.8    997.8
     1     1    21     3    25    19     0     0   -56.0   33.399  126.661    155.9    995.5
     1     1    21     3    25    18     0     0   -57.0   33.423  126.647    178.5    992.9
     1     1    21     3    25    17     0     0   -58.0   33.445  126.622    204.6    990.1
     1     1    21     3    25    16     0     0   -59.0   33.466  126.597    232.2    986.5
     1     1    21     3    25    15     0     0   -60.0   33.489  126.571    261.1    983.0
     1     1    21     3    25    14     0     0   -61.0   33.512  126.545    291.3    979.5
     1     1    21     3    25    13     0     0   -62.0   33.536  126.517    323.0    976.1
     1     1    21     3    25    12     0     0   -63.0   33.562  126.488    356.2    972.7
     1     1    21     3    25    11     0     0   -64.0   33.593  126.465    391.6    968.9
     1     1    21     3    25    10     0     0   -65.0   33.634  126.453    430.2    964.0
     1     1    21     3    25     9     0     0   -66.0   33.686  126.451    472.5    958.8
     1     1    21     3    25     8     0     0   -67.0   33.748  126.456    518.7    953.2
     1     1    21     3    25     7     0     0   -68.0   33.820  126.467    569.0    947.4
     1     1    21     3    25     6     0     0   -69.0   33.901  126.481    623.4    941.4
     1     1    21     3    25     5     0     0   -70.0   33.995  126.496    678.3    934.0
     1     1    21     3    25     4     0     0   -71.0   34.107  126.506    729.6    927.5
     1     1    21     3    25     3     0     0   -72.0   34.233  126.513    777.3    921.5
     1     1    21     3    25     2     0     0   -73.0   34.374  126.518    821.4    915.9
     1     1    21     3    25     1     0     0   -74.0   34.526  126.520    862.3    910.8
     1     1    21     3    25     0     0     0   -75.0   34.690  126.522    900.1    906.1
     1     1    21     3    24    23     0     0   -76.0   34.855  126.505    936.0    901.4
     1     1    21     3    24    22     0     0   -77.0   35.011  126.453    969.4    896.9
     1     1    21     3    24    21     0     0   -78.0   35.160  126.368    999.9    893.1
     1     1    21     3    24    20     0     0   -79.0   35.308  126.256   1027.1    890.0
     1     1    21     3    24    19     0     0   -80.0   35.455  126.120   1051.5    887.4
     1     1    21     3    24    18     0     0   -81.0   35.608  125.966   1074.0    885.1
     1     1    21     3    24    17     0     0   -82.0   35.752  125.798   1096.2    883.5
     1     1    21     3    24    16     0     0   -83.0   35.870  125.621   1119.4    881.7
     1     1    21     3    24    15     0     0   -84.0   35.965  125.434   1143.8    879.9
     1     1    21     3    24    14     0     0   -85.0   36.040  125.237   1169.9    878.1
     1     1    21     3    24    13     0     0   -86.0   36.096  125.031   1198.0    876.1
     1     1    21     3    24    12     0     0   -87.0   36.135  124.814   1228.1    873.3
     1     1    21     3    24    11     0     0   -88.0   36.162  124.594   1259.9    870.3
     1     1    21     3    24    10     0     0   -89.0   36.181  124.378   1291.5    867.3
     1     1    21     3    24     9     0     0   -90.0   36.192  124.165   1322.4    864.1
     1     1    21     3    24     8     0     0   -91.0   36.192  123.958   1351.5    861.1
     1     1    21     3    24     7     0     0   -92.0   36.179  123.755   1377.9    858.4
     1     1    21     3    24     6     0     0   -93.0   36.152  123.559   1400.4    856.1
     1     1    21     3    24     5     0     0   -94.0   36.111  123.368   1418.3    854.1
     1     1    21     3    24     4     0     0   -95.0   36.059  123.180   1431.2    852.7
     1     1    21     3    24     3     0     0   -96.0   35.993  122.997   1438.6    851.8
