     2     1
    CDC1    21     4     1     0     0
    CDC1    21     5     1     0     0
     1 BACKWARD OMEGA   
  2021     5    28     6   37.500  127.000   500.0
     1 PRESSURE
     1     1    21     5    28     6     0     0     0.0   37.500  127.000    500.0    921.5
     1     1    21     5    28     5     0     0    -1.0   37.471  126.717    443.3    930.6
     1     1    21     5    28     4     0     0    -2.0   37.430  126.479    395.3    938.1
     1     1    21     5    28     3     0     0    -3.0   37.367  126.288    354.5    943.7
     1     1    21     5    28     2     0     0    -4.0   37.275  126.149    319.7    948.3
     1     1    21     5    28     1     0     0    -5.0   37.148  126.062    289.8    952.3
     1     1    21     5    28     0     0     0    -6.0   36.980  126.027    264.0    955.9
     1     1    21     5    27    23     0     0    -7.0   36.786  126.010    241.9    959.7
     1     1    21     5    27    22     0     0    -8.0   36.582  125.980    223.4    963.3
     1     1    21     5    27    21     0     0    -9.0   36.368  125.938    208.0    966.6
     1     1    21     5    27    20     0     0   -10.0   36.145  125.882    195.3    969.4
     1     1    21     5    27    19     0     0   -11.0   35.910  125.813    185.0    971.8
     1     1    21     5    27    18     0     0   -12.0   35.665  125.734    176.7    974.1
     1     1    21     5    27    17     0     0   -13.0   35.422  125.642    170.6    975.8
     1     1    21     5    27    16     0     0   -14.0   35.196  125.535    166.6    977.3
     1     1    21     5    27    15     0     0   -15.0   34.991  125.423    164.3    978.7
     1     1    21     5    27    14     0     0   -16.0   34.812  125.314    163.6    980.0
     1     1    21     5    27    13     0     0   -17.0   34.661  125.217    164.5    981.1
     1     1    21     5    27    12     0     0   -18.0   34.541  125.134    166.6    981.8
     1     1    21     5    27    11     0     0   -19.0   34.450  125.041    170.0    982.1
     1     1    21     5    27    10     0     0   -20.0   34.383  124.919    173.9    982.1
     1     1    21     5    27     9     0     0   -21.0   34.338  124.767    178.1    981.8
     1     1    21     5    27     8     0     0   -22.0   34.315  124.586    181.9    981.6
     1     1    21     5    27     7     0     0   -23.0   34.314  124.380    184.8    981.4
     1     1    21     5    27     6     0     0   -24.0   34.335  124.152    186.3    981.4
     1     1    21     5    27     5     0     0   -25.0   34.370  123.916    186.7    981.3
     1     1    21     5    27     4     0     0   -26.0   34.415  123.681    187.4    981.1
     1     1    21     5    27     3     0     0   -27.0   34.475  123.446    189.2    980.8
     1     1    21     5    27     2     0     0   -28.0   34.556  123.205    193.2    980.2
     1     1    21     5    27     1     0     0   -29.0   34.666  122.957    200.3    979.3
     1     1    21     5    27     0     0     0   -30.0   34.814  122.696    212.1    977.5
     1     1    21     5    26    23     0     0   -31.0   34.971  122.422    226.0    974.3
     1     1    21     5    26    22     0     0   -32.0   35.097  122.140    237.6    971.6
     1     1    21     5    26    21     0     0   -33.0   35.192  121.853    246.8    969.6
     1     1    21     5    26    20     0     0   -34.0   35.263  121.558    254.4    967.9
     1     1    21     5    26    19     0     0   -35.0   35.321  121.252    261.3    966.3
     1     1    21     5    26    18     0     0   -36.0   35.374  120.933    268.6    964.7
     1     1    21     5    26    17     0     0   -37.0   35.422  120.615    275.7    963.1
     1     1    21     5    26    16     0     0   -38.0   35.457  120.313    280.5    961.9
     1     1    21     5    26    15     0     0   -39.0   35.477  120.023    282.7    960.8
     1     1    21     5    26    14     0     0   -40.0   35.479  119.751    282.1    960.8
     1     1    21     5    26    13     0     0   -41.0   35.460  119.501    278.7    961.0
     1     1    21     5    26    12     0     0   -42.0   35.421  119.273    272.6    961.4
     1     1    21     5    26    11     0     0   -43.0   35.361  119.061    266.6    962.2
     1     1    21     5    26    10     0     0   -44.0   35.276  118.862    262.9    962.3
     1     1    21     5    26     9     0     0   -45.0   35.166  118.676    261.2    962.2
     1     1    21     5    26     8     0     0   -46.0   35.026  118.501    261.5    961.9
     1     1    21     5    26     7     0     0   -47.0   34.860  118.338    263.6    961.5
     1     1    21     5    26     6     0     0   -48.0   34.675  118.185    267.2    960.9
     1     1    21     5    26     5     0     0   -49.0   34.479  118.040    272.2    960.8
     1     1    21     5    26     4     0     0   -50.0   34.279  117.898    278.2    960.5
     1     1    21     5    26     3     0     0   -51.0   34.079  117.764    285.3    959.9
     1     1    21     5    26     2     0     0   -52.0   33.879  117.641    293.4    959.1
     1     1    21     5    26     1     0     0   -53.0   33.681  117.532    302.5    958.2
     1     1    21     5    26     0     0     0   -54.0   33.487  117.438    312.9    957.2
     1     1    21     5    25    23     0     0   -55.0   33.301  117.339    323.3    956.3
     1     1    21     5    25    22     0     0   -56.0   33.124  117.216    332.9    955.7
     1     1    21     5    25    21     0     0   -57.0   32.953  117.073    341.7    955.5
     1     1    21     5    25    20     0     0   -58.0   32.784  116.911    349.7    955.5
     1     1    21     5    25    19     0     0   -59.0   32.614  116.734    357.1    955.8
     1     1    21     5    25    18     0     0   -60.0   32.440  116.544    363.9    955.8
     1     1    21     5    25    17     0     0   -61.0   32.265  116.362    372.6    954.9
     1     1    21     5    25    16     0     0   -62.0   32.091  116.203    386.6    953.4
     1     1    21     5    25    15     0     0   -63.0   31.920  116.067    406.1    951.0
     1     1    21     5    25    14     0     0   -64.0   31.753  115.952    431.6    948.1
     1     1    21     5    25    13     0     0   -65.0   31.591  115.860    463.8    944.5
     1     1    21     5    25    12     0     0   -66.0   31.435  115.789    503.3    940.3
     1     1    21     5    25    11     0     0   -67.0   31.292  115.742    543.0    935.6
     1     1    21     5    25    10     0     0   -68.0   31.168  115.715    574.4    932.6
     1     1    21     5    25     9     0     0   -69.0   31.065  115.706    596.9    930.6
     1     1    21     5    25     8     0     0   -70.0   30.985  115.715    610.0    929.4
     1     1    21     5    25     7     0     0   -71.0   30.927  115.738    613.4    929.1
     1     1    21     5    25     6     0     0   -72.0   30.893  115.775    607.0    929.7
     1     1    21     5    25     5     0     0   -73.0   30.875  115.814    595.5    931.0
     1     1    21     5    25     4     0     0   -74.0   30.865  115.847    584.2    932.0
     1     1    21     5    25     3     0     0   -75.0   30.863  115.873    572.9    933.0
     1     1    21     5    25     2     0     0   -76.0   30.867  115.893    561.9    934.1
     1     1    21     5    25     1     0     0   -77.0   30.877  115.905    551.2    935.3
     1     1    21     5    25     0     0     0   -78.0   30.892  115.912    541.0    936.5
     1     1    21     5    24    23     0     0   -79.0   30.903  115.892    531.7    937.6
     1     1    21     5    24    22     0     0   -80.0   30.904  115.828    523.9    938.8
     1     1    21     5    24    21     0     0   -81.0   30.894  115.720    517.9    940.3
     1     1    21     5    24    20     0     0   -82.0   30.874  115.571    513.9    942.0
     1     1    21     5    24    19     0     0   -83.0   30.848  115.384    512.5    943.8
     1     1    21     5    24    18     0     0   -84.0   30.817  115.161    514.2    945.7
     1     1    21     5    24    17     0     0   -85.0   30.783  114.935    520.0    945.9
     1     1    21     5    24    16     0     0   -86.0   30.740  114.737    530.0    942.6
     1     1    21     5    24    15     0     0   -87.0   30.690  114.564    544.8    939.1
     1     1    21     5    24    14     0     0   -88.0   30.634  114.417    564.6    935.4
     1     1    21     5    24    13     0     0   -89.0   30.572  114.296    589.9    931.5
     1     1    21     5    24    12     0     0   -90.0   30.507  114.200    621.1    927.4
     1     1    21     5    24    11     0     0   -91.0   30.455  114.122    654.3    923.1
     1     1    21     5    24    10     0     0   -92.0   30.429  114.049    683.8    919.7
     1     1    21     5    24     9     0     0   -93.0   30.427  113.979    709.7    916.8
     1     1    21     5    24     8     0     0   -94.0   30.448  113.911    731.6    914.3
     1     1    21     5    24     7     0     0   -95.0   30.490  113.844    749.5    912.3
     1     1    21     5    24     6     0     0   -96.0   30.550  113.777    763.4    910.6
