     2     1
    CDC1    21     9     1     0     0
    CDC1    21    10     1     0     0
     1 BACKWARD OMEGA   
  2021    10     5     9   37.500  127.000   500.0
     1 PRESSURE
     1     1    21    10     5     9     0     0     0.0   37.500  127.000    500.0    944.0
     1     1    21    10     5     8     0     0    -1.0   37.544  126.938    485.7    944.8
     1     1    21    10     5     7     0     0    -2.0   37.570  126.866    469.5    946.4
     1     1    21    10     5     6     0     0    -3.0   37.579  126.782    451.7    948.5
     1     1    21    10     5     5     0     0    -4.0   37.570  126.681    433.3    951.8
     1     1    21    10     5     4     0     0    -5.0   37.546  126.560    414.9    955.4
     1     1    21    10     5     3     0     0    -6.0   37.506  126.419    396.4    959.3
     1     1    21    10     5     2     0     0    -7.0   37.450  126.261    377.7    962.8
     1     1    21    10     5     1     0     0    -8.0   37.381  126.090    359.1    965.9
     1     1    21    10     5     0     0     0    -9.0   37.299  125.907    340.3    969.2
     1     1    21    10     4    23     0     0   -10.0   37.207  125.731    322.7    972.1
     1     1    21    10     4    22     0     0   -11.0   37.109  125.576    307.8    974.5
     1     1    21    10     4    21     0     0   -12.0   37.003  125.442    295.8    976.5
     1     1    21    10     4    20     0     0   -13.0   36.887  125.324    286.7    978.1
     1     1    21    10     4    19     0     0   -14.0   36.757  125.223    280.5    979.3
     1     1    21    10     4    18     0     0   -15.0   36.613  125.134    277.2    980.2
     1     1    21    10     4    17     0     0   -16.0   36.456  125.051    275.0    980.9
     1     1    21    10     4    16     0     0   -17.0   36.293  124.968    272.5    981.8
     1     1    21    10     4    15     0     0   -18.0   36.125  124.885    269.9    982.5
     1     1    21    10     4    14     0     0   -19.0   35.951  124.803    267.3    983.1
     1     1    21    10     4    13     0     0   -20.0   35.771  124.724    265.3    983.7
     1     1    21    10     4    12     0     0   -21.0   35.585  124.647    263.9    984.2
     1     1    21    10     4    11     0     0   -22.0   35.391  124.572    262.4    984.3
     1     1    21    10     4    10     0     0   -23.0   35.188  124.498    259.6    984.8
     1     1    21    10     4     9     0     0   -24.0   34.975  124.426    255.2    985.5
     1     1    21    10     4     8     0     0   -25.0   34.757  124.361    249.9    986.7
     1     1    21    10     4     7     0     0   -26.0   34.537  124.308    243.9    987.9
     1     1    21    10     4     6     0     0   -27.0   34.314  124.265    237.2    989.2
     1     1    21    10     4     5     0     0   -28.0   34.077  124.230    231.3    990.9
     1     1    21    10     4     4     0     0   -29.0   33.815  124.198    228.3    992.1
     1     1    21    10     4     3     0     0   -30.0   33.530  124.169    228.9    993.0
     1     1    21    10     4     2     0     0   -31.0   33.223  124.144    233.9    993.4
     1     1    21    10     4     1     0     0   -32.0   32.894  124.120    244.3    993.3
     1     1    21    10     4     0     0     0   -33.0   32.545  124.099    261.2    992.5
     1     1    21    10     3    23     0     0   -34.0   32.187  124.095    282.2    988.6
     1     1    21    10     3    22     0     0   -35.0   31.832  124.126    304.8    984.6
     1     1    21    10     3    21     0     0   -36.0   31.482  124.194    328.4    980.8
     1     1    21    10     3    20     0     0   -37.0   31.138  124.299    353.0    977.1
     1     1    21    10     3    19     0     0   -38.0   30.802  124.443    378.3    973.5
     1     1    21    10     3    18     0     0   -39.0   30.475  124.627    404.6    969.7
     1     1    21    10     3    17     0     0   -40.0   30.169  124.845    433.8    966.1
     1     1    21    10     3    16     0     0   -41.0   29.894  125.087    466.5    962.5
     1     1    21    10     3    15     0     0   -42.0   29.649  125.348    500.7    959.4
     1     1    21    10     3    14     0     0   -43.0   29.430  125.623    534.5    956.6
     1     1    21    10     3    13     0     0   -44.0   29.234  125.910    567.8    953.8
     1     1    21    10     3    12     0     0   -45.0   29.057  126.211    600.2    951.1
     1     1    21    10     3    11     0     0   -46.0   28.894  126.519    629.0    948.1
     1     1    21    10     3    10     0     0   -47.0   28.743  126.831    651.5    945.5
     1     1    21    10     3     9     0     0   -48.0   28.604  127.148    667.6    943.5
     1     1    21    10     3     8     0     0   -49.0   28.474  127.471    677.4    942.2
     1     1    21    10     3     7     0     0   -50.0   28.357  127.799    681.2    941.1
     1     1    21    10     3     6     0     0   -51.0   28.255  128.132    679.7    940.7
     1     1    21    10     3     5     0     0   -52.0   28.170  128.472    676.5    941.0
     1     1    21    10     3     4     0     0   -53.0   28.106  128.819    675.3    940.8
     1     1    21    10     3     3     0     0   -54.0   28.062  129.171    676.4    940.4
     1     1    21    10     3     2     0     0   -55.0   28.038  129.524    679.9    939.7
     1     1    21    10     3     1     0     0   -56.0   28.033  129.877    686.3    938.8
     1     1    21    10     3     0     0     0   -57.0   28.050  130.225    695.9    937.7
     1     1    21    10     2    23     0     0   -58.0   28.084  130.561    707.1    936.0
     1     1    21    10     2    22     0     0   -59.0   28.130  130.880    718.6    934.4
     1     1    21    10     2    21     0     0   -60.0   28.187  131.181    730.2    932.7
     1     1    21    10     2    20     0     0   -61.0   28.253  131.465    741.8    931.1
     1     1    21    10     2    19     0     0   -62.0   28.327  131.730    753.4    929.4
     1     1    21    10     2    18     0     0   -63.0   28.408  131.977    764.8    927.7
     1     1    21    10     2    17     0     0   -64.0   28.497  132.212    777.1    926.4
     1     1    21    10     2    16     0     0   -65.0   28.598  132.442    791.0    924.8
     1     1    21    10     2    15     0     0   -66.0   28.709  132.665    806.5    923.3
     1     1    21    10     2    14     0     0   -67.0   28.829  132.877    823.4    921.8
     1     1    21    10     2    13     0     0   -68.0   28.956  133.076    842.1    920.1
     1     1    21    10     2    12     0     0   -69.0   29.091  133.262    863.0    918.2
     1     1    21    10     2    11     0     0   -70.0   29.232  133.420    884.0    915.5
     1     1    21    10     2    10     0     0   -71.0   29.381  133.540    902.6    913.4
     1     1    21    10     2     9     0     0   -72.0   29.536  133.620    919.1    911.4
     1     1    21    10     2     8     0     0   -73.0   29.697  133.661    933.6    909.6
     1     1    21    10     2     7     0     0   -74.0   29.864  133.664    946.4    907.7
     1     1    21    10     2     6     0     0   -75.0   30.039  133.629    957.6    905.7
     1     1    21    10     2     5     0     0   -76.0   30.213  133.576    969.5    903.5
     1     1    21    10     2     4     0     0   -77.0   30.378  133.522    983.8    900.8
     1     1    21    10     2     3     0     0   -78.0   30.533  133.468   1000.2    898.0
     1     1    21    10     2     2     0     0   -79.0   30.676  133.416   1018.0    895.0
     1     1    21    10     2     1     0     0   -80.0   30.806  133.366   1036.7    892.0
     1     1    21    10     2     0     0     0   -81.0   30.921  133.319   1055.8    889.1
     1     1    21    10     1    23     0     0   -82.0   31.029  133.275   1075.5    886.1
     1     1    21    10     1    22     0     0   -83.0   31.137  133.235   1096.6    882.9
     1     1    21    10     1    21     0     0   -84.0   31.245  133.201   1119.1    879.5
     1     1    21    10     1    20     0     0   -85.0   31.352  133.173   1143.2    876.1
     1     1    21    10     1    19     0     0   -86.0   31.459  133.155   1168.9    872.6
     1     1    21    10     1    18     0     0   -87.0   31.565  133.148   1196.5    869.0
     1     1    21    10     1    17     0     0   -88.0   31.676  133.151   1227.6    865.5
     1     1    21    10     1    16     0     0   -89.0   31.803  133.163   1265.8    861.2
     1     1    21    10     1    15     0     0   -90.0   31.948  133.189   1311.1    856.1
     1     1    21    10     1    14     0     0   -91.0   32.116  133.230   1364.2    849.8
     1     1    21    10     1    13     0     0   -92.0   32.312  133.286   1426.1    842.6
     1     1    21    10     1    12     0     0   -93.0   32.542  133.359   1497.8    834.6
     1     1    21    10     1    11     0     0   -94.0   32.808  133.427   1575.4    825.5
     1     1    21    10     1    10     0     0   -95.0   33.108  133.471   1655.6    816.7
     1     1    21    10     1     9     0     0   -96.0   33.438  133.497   1739.1    807.6
