     2     1
    CDC1    21     6     1     0     0
    CDC1    21     7     1     0     0
     1 BACKWARD OMEGA   
  2021     7    18     6   37.500  127.000   500.0
     1 PRESSURE
     1     1    21     7    18     6     0     0     0.0   37.500  127.000    500.0    937.3
     1     1    21     7    18     5     0     0    -1.0   37.468  127.072    499.7    937.2
     1     1    21     7    18     4     0     0    -2.0   37.430  127.156    502.2    936.7
     1     1    21     7    18     3     0     0    -3.0   37.385  127.253    507.6    935.8
     1     1    21     7    18     2     0     0    -4.0   37.334  127.362    516.2    934.6
     1     1    21     7    18     1     0     0    -5.0   37.274  127.483    528.4    932.9
     1     1    21     7    18     0     0     0    -6.0   37.206  127.618    544.8    931.7
     1     1    21     7    17    23     0     0    -7.0   37.129  127.760    564.1    929.9
     1     1    21     7    17    22     0     0    -8.0   37.044  127.906    585.1    928.1
     1     1    21     7    17    21     0     0    -9.0   36.950  128.058    607.6    926.1
     1     1    21     7    17    20     0     0   -10.0   36.847  128.218    631.3    923.9
     1     1    21     7    17    19     0     0   -11.0   36.734  128.385    655.9    921.2
     1     1    21     7    17    18     0     0   -12.0   36.612  128.560    680.9    918.5
     1     1    21     7    17    17     0     0   -13.0   36.482  128.740    703.5    915.7
     1     1    21     7    17    16     0     0   -14.0   36.348  128.920    720.7    913.9
     1     1    21     7    17    15     0     0   -15.0   36.209  129.101    732.2    912.5
     1     1    21     7    17    14     0     0   -16.0   36.066  129.284    738.0    911.8
     1     1    21     7    17    13     0     0   -17.0   35.920  129.469    737.9    911.6
     1     1    21     7    17    12     0     0   -18.0   35.770  129.658    731.8    911.9
     1     1    21     7    17    11     0     0   -19.0   35.617  129.852    723.1    912.6
     1     1    21     7    17    10     0     0   -20.0   35.458  130.050    716.0    912.8
     1     1    21     7    17     9     0     0   -21.0   35.295  130.253    711.0    913.4
     1     1    21     7    17     8     0     0   -22.0   35.127  130.459    708.3    913.4
     1     1    21     7    17     7     0     0   -23.0   34.953  130.667    707.6    913.4
     1     1    21     7    17     6     0     0   -24.0   34.771  130.874    709.2    914.1
     1     1    21     7    17     5     0     0   -25.0   34.587  131.085    711.7    914.9
     1     1    21     7    17     4     0     0   -26.0   34.403  131.307    713.3    915.8
     1     1    21     7    17     3     0     0   -27.0   34.219  131.540    713.4    916.7
     1     1    21     7    17     2     0     0   -28.0   34.033  131.784    711.2    917.9
     1     1    21     7    17     1     0     0   -29.0   33.845  132.039    706.0    919.3
     1     1    21     7    17     0     0     0   -30.0   33.651  132.308    696.9    920.9
     1     1    21     7    16    23     0     0   -31.0   33.447  132.592    684.7    922.5
     1     1    21     7    16    22     0     0   -32.0   33.230  132.890    672.0    924.1
     1     1    21     7    16    21     0     0   -33.0   33.003  133.202    659.5    926.1
     1     1    21     7    16    20     0     0   -34.0   32.765  133.525    647.9    928.4
     1     1    21     7    16    19     0     0   -35.0   32.518  133.859    637.4    931.1
     1     1    21     7    16    18     0     0   -36.0   32.264  134.200    628.4    934.2
     1     1    21     7    16    17     0     0   -37.0   32.015  134.541    620.7    937.1
     1     1    21     7    16    16     0     0   -38.0   31.779  134.874    614.0    939.9
     1     1    21     7    16    15     0     0   -39.0   31.556  135.197    608.0    942.0
     1     1    21     7    16    14     0     0   -40.0   31.349  135.512    602.5    943.6
     1     1    21     7    16    13     0     0   -41.0   31.158  135.818    597.3    945.2
     1     1    21     7    16    12     0     0   -42.0   30.980  136.117    592.4    946.6
     1     1    21     7    16    11     0     0   -43.0   30.807  136.413    587.0    948.0
     1     1    21     7    16    10     0     0   -44.0   30.634  136.711    580.1    949.5
     1     1    21     7    16     9     0     0   -45.0   30.460  137.012    571.8    951.2
     1     1    21     7    16     8     0     0   -46.0   30.284  137.318    562.4    953.0
     1     1    21     7    16     7     0     0   -47.0   30.109  137.629    551.7    954.7
     1     1    21     7    16     6     0     0   -48.0   29.938  137.946    539.8    955.9
     1     1    21     7    16     5     0     0   -49.0   29.783  138.274    527.4    956.7
     1     1    21     7    16     4     0     0   -50.0   29.647  138.610    516.1    957.3
     1     1    21     7    16     3     0     0   -51.0   29.530  138.955    506.0    958.0
     1     1    21     7    16     2     0     0   -52.0   29.430  139.305    497.2    958.6
     1     1    21     7    16     1     0     0   -53.0   29.344  139.660    490.0    959.2
     1     1    21     7    16     0     0     0   -54.0   29.272  140.018    484.6    959.7
     1     1    21     7    15    23     0     0   -55.0   29.211  140.378    480.6    960.1
     1     1    21     7    15    22     0     0   -56.0   29.161  140.741    477.0    960.5
     1     1    21     7    15    21     0     0   -57.0   29.124  141.107    473.9    960.9
     1     1    21     7    15    20     0     0   -58.0   29.100  141.478    471.3    961.2
     1     1    21     7    15    19     0     0   -59.0   29.091  141.852    469.2    961.5
     1     1    21     7    15    18     0     0   -60.0   29.098  142.231    467.6    961.7
     1     1    21     7    15    17     0     0   -61.0   29.113  142.606    465.9    962.1
     1     1    21     7    15    16     0     0   -62.0   29.125  142.971    464.0    962.4
     1     1    21     7    15    15     0     0   -63.0   29.134  143.327    461.6    962.9
     1     1    21     7    15    14     0     0   -64.0   29.140  143.674    458.9    963.4
     1     1    21     7    15    13     0     0   -65.0   29.145  144.013    456.0    964.0
     1     1    21     7    15    12     0     0   -66.0   29.152  144.344    452.9    964.7
     1     1    21     7    15    11     0     0   -67.0   29.161  144.671    449.6    964.8
     1     1    21     7    15    10     0     0   -68.0   29.175  144.996    446.3    965.0
     1     1    21     7    15     9     0     0   -69.0   29.194  145.319    443.1    965.4
     1     1    21     7    15     8     0     0   -70.0   29.214  145.639    440.2    965.7
     1     1    21     7    15     7     0     0   -71.0   29.238  145.958    437.7    966.0
     1     1    21     7    15     6     0     0   -72.0   29.267  146.278    435.8    966.3
     1     1    21     7    15     5     0     0   -73.0   29.300  146.602    435.0    966.7
     1     1    21     7    15     4     0     0   -74.0   29.334  146.935    435.4    967.0
     1     1    21     7    15     3     0     0   -75.0   29.371  147.276    436.8    967.2
     1     1    21     7    15     2     0     0   -76.0   29.408  147.625    439.2    967.1
     1     1    21     7    15     1     0     0   -77.0   29.445  147.980    442.0    966.5
     1     1    21     7    15     0     0     0   -78.0   29.480  148.339    444.9    965.8
     1     1    21     7    14    23     0     0   -79.0   29.516  148.693    448.1    965.1
     1     1    21     7    14    22     0     0   -80.0   29.557  149.032    451.9    964.3
     1     1    21     7    14    21     0     0   -81.0   29.603  149.359    456.4    963.5
     1     1    21     7    14    20     0     0   -82.0   29.655  149.673    461.5    962.6
     1     1    21     7    14    19     0     0   -83.0   29.714  149.976    467.4    961.7
     1     1    21     7    14    18     0     0   -84.0   29.779  150.271    473.9    960.9
     1     1    21     7    14    17     0     0   -85.0   29.840  150.566    480.7    960.1
     1     1    21     7    14    16     0     0   -86.0   29.894  150.868    487.8    959.4
     1     1    21     7    14    15     0     0   -87.0   29.942  151.177    495.4    958.5
     1     1    21     7    14    14     0     0   -88.0   29.986  151.492    503.6    957.6
     1     1    21     7    14    13     0     0   -89.0   30.026  151.813    512.9    956.7
     1     1    21     7    14    12     0     0   -90.0   30.064  152.138    523.5    955.7
     1     1    21     7    14    11     0     0   -91.0   30.102  152.466    535.0    954.4
     1     1    21     7    14    10     0     0   -92.0   30.141  152.798    546.7    953.7
     1     1    21     7    14     9     0     0   -93.0   30.180  153.131    558.6    953.0
     1     1    21     7    14     8     0     0   -94.0   30.221  153.467    571.0    952.2
     1     1    21     7    14     7     0     0   -95.0   30.263  153.806    584.2    951.4
     1     1    21     7    14     6     0     0   -96.0   30.309  154.149    598.3    950.5
