     2     1
    CDC1    21     5     1     0     0
    CDC1    21     6     1     0     0
     1 BACKWARD OMEGA   
  2021     6    15    15   37.500  127.000   500.0
     1 PRESSURE
     1     1    21     6    15    15     0     0     0.0   37.500  127.000    500.0    928.8
     1     1    21     6    15    14     0     0    -1.0   37.478  127.435    500.0    926.3
     1     1    21     6    15    13     0     0    -2.0   37.441  127.853    496.5    927.6
     1     1    21     6    15    12     0     0    -3.0   37.395  128.245    488.8    929.8
     1     1    21     6    15    11     0     0    -4.0   37.343  128.613    477.4    932.5
     1     1    21     6    15    10     0     0    -5.0   37.289  128.959    463.5    935.4
     1     1    21     6    15     9     0     0    -6.0   37.233  129.285    448.1    938.5
     1     1    21     6    15     8     0     0    -7.0   37.177  129.591    432.2    941.5
     1     1    21     6    15     7     0     0    -8.0   37.122  129.877    416.7    944.5
     1     1    21     6    15     6     0     0    -9.0   37.070  130.143    401.9    947.8
     1     1    21     6    15     5     0     0   -10.0   37.023  130.387    387.3    950.7
     1     1    21     6    15     4     0     0   -11.0   36.986  130.606    373.5    953.2
     1     1    21     6    15     3     0     0   -12.0   36.956  130.805    360.6    955.5
     1     1    21     6    15     2     0     0   -13.0   36.934  130.984    348.8    957.6
     1     1    21     6    15     1     0     0   -14.0   36.918  131.148    338.5    959.6
     1     1    21     6    15     0     0     0   -15.0   36.907  131.295    329.8    961.4
     1     1    21     6    14    23     0     0   -16.0   36.899  131.432    322.3    963.2
     1     1    21     6    14    22     0     0   -17.0   36.888  131.562    315.4    964.9
     1     1    21     6    14    21     0     0   -18.0   36.873  131.687    309.2    966.5
     1     1    21     6    14    20     0     0   -19.0   36.856  131.806    303.6    968.0
     1     1    21     6    14    19     0     0   -20.0   36.834  131.921    298.6    969.3
     1     1    21     6    14    18     0     0   -21.0   36.807  132.033    294.2    970.4
     1     1    21     6    14    17     0     0   -22.0   36.780  132.145    289.0    971.5
     1     1    21     6    14    16     0     0   -23.0   36.759  132.259    281.3    973.0
     1     1    21     6    14    15     0     0   -24.0   36.744  132.375    271.3    975.0
     1     1    21     6    14    14     0     0   -25.0   36.734  132.494    258.7    977.2
     1     1    21     6    14    13     0     0   -26.0   36.731  132.615    243.9    978.5
     1     1    21     6    14    12     0     0   -27.0   36.735  132.740    227.7    979.9
     1     1    21     6    14    11     0     0   -28.0   36.743  132.862    212.9    981.3
     1     1    21     6    14    10     0     0   -29.0   36.750  132.975    202.2    981.9
     1     1    21     6    14     9     0     0   -30.0   36.757  133.078    195.2    981.9
     1     1    21     6    14     8     0     0   -31.0   36.761  133.173    191.6    981.5
     1     1    21     6    14     7     0     0   -32.0   36.763  133.259    190.9    980.9
     1     1    21     6    14     6     0     0   -33.0   36.761  133.335    192.9    980.1
     1     1    21     6    14     5     0     0   -34.0   36.758  133.404    197.1    979.4
     1     1    21     6    14     4     0     0   -35.0   36.754  133.468    202.8    978.5
     1     1    21     6    14     3     0     0   -36.0   36.749  133.528    210.2    977.3
     1     1    21     6    14     2     0     0   -37.0   36.743  133.584    219.3    975.9
     1     1    21     6    14     1     0     0   -38.0   36.734  133.636    230.3    974.3
     1     1    21     6    14     0     0     0   -39.0   36.725  133.683    243.3    972.5
     1     1    21     6    13    23     0     0   -40.0   36.711  133.729    256.5    970.4
     1     1    21     6    13    22     0     0   -41.0   36.689  133.775    267.5    968.7
     1     1    21     6    13    21     0     0   -42.0   36.661  133.821    276.2    967.3
     1     1    21     6    13    20     0     0   -43.0   36.626  133.868    282.4    966.2
     1     1    21     6    13    19     0     0   -44.0   36.584  133.915    285.9    965.4
     1     1    21     6    13    18     0     0   -45.0   36.536  133.962    286.6    964.8
     1     1    21     6    13    17     0     0   -46.0   36.487  134.009    286.1    964.5
     1     1    21     6    13    16     0     0   -47.0   36.441  134.051    286.0    964.0
     1     1    21     6    13    15     0     0   -48.0   36.397  134.088    286.5    963.5
     1     1    21     6    13    14     0     0   -49.0   36.355  134.121    287.7    962.9
     1     1    21     6    13    13     0     0   -50.0   36.315  134.148    289.7    962.3
     1     1    21     6    13    12     0     0   -51.0   36.275  134.171    292.5    961.7
     1     1    21     6    13    11     0     0   -52.0   36.228  134.192    295.8    961.1
     1     1    21     6    13    10     0     0   -53.0   36.162  134.215    298.4    960.5
     1     1    21     6    13     9     0     0   -54.0   36.078  134.242    300.4    959.8
     1     1    21     6    13     8     0     0   -55.0   35.974  134.273    301.6    959.1
     1     1    21     6    13     7     0     0   -56.0   35.851  134.308    301.9    958.3
     1     1    21     6    13     6     0     0   -57.0   35.707  134.348    300.8    957.5
     1     1    21     6    13     5     0     0   -58.0   35.553  134.393    299.3    957.0
     1     1    21     6    13     4     0     0   -59.0   35.401  134.442    298.1    956.4
     1     1    21     6    13     3     0     0   -60.0   35.251  134.495    297.5    955.8
     1     1    21     6    13     2     0     0   -61.0   35.107  134.551    297.4    955.2
     1     1    21     6    13     1     0     0   -62.0   34.970  134.610    297.9    955.0
     1     1    21     6    13     0     0     0   -63.0   34.843  134.671    299.0    955.9
     1     1    21     6    12    23     0     0   -64.0   34.720  134.729    299.8    956.4
     1     1    21     6    12    22     0     0   -65.0   34.595  134.777    299.3    957.2
     1     1    21     6    12    21     0     0   -66.0   34.468  134.817    297.8    958.2
     1     1    21     6    12    20     0     0   -67.0   34.338  134.847    295.5    959.3
     1     1    21     6    12    19     0     0   -68.0   34.205  134.869    292.4    960.6
     1     1    21     6    12    18     0     0   -69.0   34.067  134.884    288.7    961.9
     1     1    21     6    12    17     0     0   -70.0   33.923  134.897    283.8    963.3
     1     1    21     6    12    16     0     0   -71.0   33.774  134.918    277.4    965.1
     1     1    21     6    12    15     0     0   -72.0   33.620  134.947    269.4    967.1
     1     1    21     6    12    14     0     0   -73.0   33.462  134.989    259.8    969.3
     1     1    21     6    12    13     0     0   -74.0   33.298  135.046    248.7    971.8
     1     1    21     6    12    12     0     0   -75.0   33.131  135.121    236.1    974.5
     1     1    21     6    12    11     0     0   -76.0   32.961  135.215    222.6    977.6
     1     1    21     6    12    10     0     0   -77.0   32.791  135.331    208.5    980.8
     1     1    21     6    12     9     0     0   -78.0   32.621  135.469    193.9    984.2
     1     1    21     6    12     8     0     0   -79.0   32.453  135.627    178.9    987.1
     1     1    21     6    12     7     0     0   -80.0   32.291  135.801    164.1    989.6
     1     1    21     6    12     6     0     0   -81.0   32.138  135.987    149.7    992.1
     1     1    21     6    12     5     0     0   -82.0   31.998  136.182    136.2    994.9
     1     1    21     6    12     4     0     0   -83.0   31.877  136.381    124.0    997.4
     1     1    21     6    12     3     0     0   -84.0   31.772  136.583    113.0    999.8
     1     1    21     6    12     2     0     0   -85.0   31.683  136.786    103.1   1001.9
     1     1    21     6    12     1     0     0   -86.0   31.609  136.990     94.0   1004.0
     1     1    21     6    12     0     0     0   -87.0   31.548  137.191     85.7   1005.9
     1     1    21     6    11    23     0     0   -88.0   31.496  137.394     77.9   1007.1
     1     1    21     6    11    22     0     0   -89.0   31.446  137.600     70.2   1008.1
     1     1    21     6    11    21     0     0   -90.0   31.398  137.810     63.0   1008.9
     1     1    21     6    11    20     0     0   -91.0   31.353  138.023     56.3   1009.7
     1     1    21     6    11    19     0     0   -92.0   31.311  138.239     50.2   1010.5
     1     1    21     6    11    18     0     0   -93.0   31.273  138.458     44.6   1011.3
     1     1    21     6    11    17     0     0   -94.0   31.244  138.683     40.0   1012.3
     1     1    21     6    11    16     0     0   -95.0   31.227  138.916     36.5   1013.0
     1     1    21     6    11    15     0     0   -96.0   31.223  139.156     33.8   1013.7
