     2     1
    CDC1    21     1     1     0     0
    CDC1    21     2     1     0     0
     1 BACKWARD OMEGA   
  2021     2     5     9   37.500  127.000   500.0
     1 PRESSURE
     1     1    21     2     5     9     0     0     0.0   37.500  127.000    500.0    936.3
     1     1    21     2     5     8     0     0    -1.0   37.295  126.627    491.4    940.1
     1     1    21     2     5     7     0     0    -2.0   37.078  126.273    480.1    944.5
     1     1    21     2     5     6     0     0    -3.0   36.847  125.941    466.7    949.1
     1     1    21     2     5     5     0     0    -4.0   36.616  125.641    452.4    953.8
     1     1    21     2     5     4     0     0    -5.0   36.398  125.381    437.8    958.2
     1     1    21     2     5     3     0     0    -6.0   36.194  125.156    423.8    962.2
     1     1    21     2     5     2     0     0    -7.0   36.004  124.966    411.2    965.7
     1     1    21     2     5     1     0     0    -8.0   35.829  124.806    400.7    968.2
     1     1    21     2     5     0     0     0    -9.0   35.670  124.674    392.6    970.2
     1     1    21     2     4    23     0     0   -10.0   35.525  124.551    386.3    971.6
     1     1    21     2     4    22     0     0   -11.0   35.390  124.423    380.8    972.9
     1     1    21     2     4    21     0     0   -12.0   35.264  124.288    376.5    973.9
     1     1    21     2     4    20     0     0   -13.0   35.145  124.149    373.8    974.8
     1     1    21     2     4    19     0     0   -14.0   35.031  124.005    373.0    975.4
     1     1    21     2     4    18     0     0   -15.0   34.922  123.858    374.6    975.8
     1     1    21     2     4    17     0     0   -16.0   34.818  123.717    378.3    975.9
     1     1    21     2     4    16     0     0   -17.0   34.723  123.594    384.0    975.9
     1     1    21     2     4    15     0     0   -18.0   34.640  123.485    391.4    975.5
     1     1    21     2     4    14     0     0   -19.0   34.570  123.390    400.5    974.9
     1     1    21     2     4    13     0     0   -20.0   34.515  123.308    411.2    974.0
     1     1    21     2     4    12     0     0   -21.0   34.474  123.236    423.8    972.9
     1     1    21     2     4    11     0     0   -22.0   34.445  123.170    437.9    971.5
     1     1    21     2     4    10     0     0   -23.0   34.425  123.105    453.5    969.9
     1     1    21     2     4     9     0     0   -24.0   34.414  123.041    470.8    968.1
     1     1    21     2     4     8     0     0   -25.0   34.410  122.977    489.7    966.1
     1     1    21     2     4     7     0     0   -26.0   34.414  122.912    510.5    964.0
     1     1    21     2     4     6     0     0   -27.0   34.426  122.845    533.1    961.6
     1     1    21     2     4     5     0     0   -28.0   34.456  122.789    559.0    958.8
     1     1    21     2     4     4     0     0   -29.0   34.516  122.755    589.0    955.3
     1     1    21     2     4     3     0     0   -30.0   34.607  122.741    624.2    951.2
     1     1    21     2     4     2     0     0   -31.0   34.732  122.745    665.4    945.8
     1     1    21     2     4     1     0     0   -32.0   34.894  122.763    713.5    939.5
     1     1    21     2     4     0     0     0   -33.0   35.096  122.791    769.5    932.5
     1     1    21     2     3    23     0     0   -34.0   35.330  122.791    830.6    924.6
     1     1    21     2     3    22     0     0   -35.0   35.586  122.738    895.6    917.1
     1     1    21     2     3    21     0     0   -36.0   35.865  122.633    965.6    909.0
     1     1    21     2     3    20     0     0   -37.0   36.167  122.480   1043.0    900.0
     1     1    21     2     3    19     0     0   -38.0   36.492  122.282   1130.9    890.0
     1     1    21     2     3    18     0     0   -39.0   36.836  122.043   1232.7    879.1
     1     1    21     2     3    17     0     0   -40.0   37.189  121.757   1337.2    866.4
     1     1    21     2     3    16     0     0   -41.0   37.545  121.427   1432.2    856.0
     1     1    21     2     3    15     0     0   -42.0   37.916  121.061   1517.3    844.3
     1     1    21     2     3    14     0     0   -43.0   38.310  120.663   1597.0    833.5
     1     1    21     2     3    13     0     0   -44.0   38.739  120.240   1678.1    822.4
     1     1    21     2     3    12     0     0   -45.0   39.210  119.795   1767.1    807.9
     1     1    21     2     3    11     0     0   -46.0   39.695  119.315   1860.2    786.8
     1     1    21     2     3    10     0     0   -47.0   40.171  118.781   1953.5    762.0
     1     1    21     2     3     9     0     0   -48.0   40.661  118.177   2043.0    731.3
     1     1    21     2     3     8     0     0   -49.0   41.191  117.493   2131.6    697.3
     1     1    21     2     3     7     0     0   -50.0   41.771  116.726   2225.1    663.9
     1     1    21     2     3     6     0     0   -51.0   42.413  115.882   2325.4    632.9
     1     1    21     2     3     5     0     0   -52.0   43.113  114.991   2445.4    619.9
     1     1    21     2     3     4     0     0   -53.0   43.823  114.097   2563.2    621.0
     1     1    21     2     3     3     0     0   -54.0   44.527  113.221   2661.8    623.5
     1     1    21     2     3     2     0     0   -55.0   45.235  112.366   2744.1    622.4
     1     1    21     2     3     1     0     0   -56.0   45.949  111.540   2808.1    608.8
     1     1    21     2     3     0     0     0   -57.0   46.681  110.740   2881.0    590.5
     1     1    21     2     2    23     0     0   -58.0   47.447  109.964   2970.5    567.1
     1     1    21     2     2    22     0     0   -59.0   48.238  109.229   3094.7    558.6
     1     1    21     2     2    21     0     0   -60.0   49.041  108.539   3211.2    555.0
     1     1    21     2     2    20     0     0   -61.0   49.857  107.889   3306.9    555.5
     1     1    21     2     2    19     0     0   -62.0   50.666  107.266   3377.4    563.5
     1     1    21     2     2    18     0     0   -63.0   51.444  106.660   3412.4    573.4
     1     1    21     2     2    17     0     0   -64.0   52.192  106.063   3430.7    585.4
     1     1    21     2     2    16     0     0   -65.0   52.919  105.457   3442.8    592.1
     1     1    21     2     2    15     0     0   -66.0   53.627  104.831   3455.3    594.9
     1     1    21     2     2    14     0     0   -67.0   54.317  104.189   3469.7    594.9
     1     1    21     2     2    13     0     0   -68.0   54.989  103.531   3497.3    599.6
     1     1    21     2     2    12     0     0   -69.0   55.652  102.876   3519.6    599.5
     1     1    21     2     2    11     0     0   -70.0   56.307  102.242   3546.0    599.4
     1     1    21     2     2    10     0     0   -71.0   56.944  101.635   3572.2    601.3
     1     1    21     2     2     9     0     0   -72.0   57.558  101.048   3599.9    605.7
     1     1    21     2     2     8     0     0   -73.0   58.151  100.472   3609.6    603.0
     1     1    21     2     2     7     0     0   -74.0   58.732   99.901   3616.2    599.7
     1     1    21     2     2     6     0     0   -75.0   59.303   99.341   3623.3    595.8
     1     1    21     2     2     5     0     0   -76.0   59.867   98.798   3638.4    591.9
     1     1    21     2     2     4     0     0   -77.0   60.425   98.272   3668.2    588.7
     1     1    21     2     2     3     0     0   -78.0   60.973   97.756   3702.2    585.5
     1     1    21     2     2     2     0     0   -79.0   61.509   97.248   3733.4    582.4
     1     1    21     2     2     1     0     0   -80.0   62.034   96.748   3757.5    580.1
     1     1    21     2     2     0     0     0   -81.0   62.550   96.256   3770.3    578.7
     1     1    21     2     1    23     0     0   -82.0   63.050   95.763   3774.8    578.0
     1     1    21     2     1    22     0     0   -83.0   63.527   95.249   3777.7    576.8
     1     1    21     2     1    21     0     0   -84.0   63.975   94.707   3780.6    576.1
     1     1    21     2     1    20     0     0   -85.0   64.390   94.135   3784.5    576.2
     1     1    21     2     1    19     0     0   -86.0   64.770   93.530   3788.2    576.8
     1     1    21     2     1    18     0     0   -87.0   65.115   92.898   3791.7    577.5
     1     1    21     2     1    17     0     0   -88.0   65.438   92.255   3791.1    578.3
     1     1    21     2     1    16     0     0   -89.0   65.750   91.614   3782.8    581.0
     1     1    21     2     1    15     0     0   -90.0   66.049   90.971   3767.3    584.4
     1     1    21     2     1    14     0     0   -91.0   66.336   90.318   3746.3    588.4
     1     1    21     2     1    13     0     0   -92.0   66.611   89.648   3721.2    592.9
     1     1    21     2     1    12     0     0   -93.0   66.874   88.956   3694.9    598.0
     1     1    21     2     1    11     0     0   -94.0   67.115   88.257   3673.3    603.7
     1     1    21     2     1    10     0     0   -95.0   67.321   87.576   3659.4    608.8
     1     1    21     2     1     9     0     0   -96.0   67.488   86.914   3648.8    612.4
