     2     1
    CDC1    21     8     1     0     0
    CDC1    21     9     1     0     0
     1 BACKWARD OMEGA   
  2021     9     1     3   37.500  127.000   500.0
     1 PRESSURE
     1     1    21     9     1     3     0     0     0.0   37.500  127.000    500.0    933.5
     1     1    21     9     1     2     0     0    -1.0   37.562  127.093    471.3    935.1
     1     1    21     9     1     1     0     0    -2.0   37.620  127.190    441.8    937.0
     1     1    21     9     1     0     0     0    -3.0   37.675  127.291    411.7    939.1
     1     1    21     8    31    23     0     0    -4.0   37.729  127.398    382.9    941.4
     1     1    21     8    31    22     0     0    -5.0   37.783  127.511    357.1    942.6
     1     1    21     8    31    21     0     0    -6.0   37.839  127.629    334.3    944.7
     1     1    21     8    31    20     0     0    -7.0   37.897  127.750    314.3    946.7
     1     1    21     8    31    19     0     0    -8.0   37.955  127.873    297.0    948.4
     1     1    21     8    31    18     0     0    -9.0   38.014  127.996    282.1    950.0
     1     1    21     8    31    17     0     0   -10.0   38.066  128.124    267.6    952.2
     1     1    21     8    31    16     0     0   -11.0   38.105  128.259    251.3    955.0
     1     1    21     8    31    15     0     0   -12.0   38.131  128.401    233.4    958.3
     1     1    21     8    31    14     0     0   -13.0   38.146  128.548    213.9    962.1
     1     1    21     8    31    13     0     0   -14.0   38.153  128.695    192.7    966.0
     1     1    21     8    31    12     0     0   -15.0   38.153  128.840    169.5    969.7
     1     1    21     8    31    11     0     0   -16.0   38.157  128.979    147.2    973.3
     1     1    21     8    31    10     0     0   -17.0   38.173  129.109    128.3    976.2
     1     1    21     8    31     9     0     0   -18.0   38.201  129.229    112.6    978.7
     1     1    21     8    31     8     0     0   -19.0   38.238  129.339     99.9    980.8
     1     1    21     8    31     7     0     0   -20.0   38.285  129.438     90.2    982.4
     1     1    21     8    31     6     0     0   -21.0   38.339  129.529     83.3    983.6
     1     1    21     8    31     5     0     0   -22.0   38.395  129.614     78.1    984.3
     1     1    21     8    31     4     0     0   -23.0   38.451  129.696     73.7    985.0
     1     1    21     8    31     3     0     0   -24.0   38.506  129.777     70.0    985.4
     1     1    21     8    31     2     0     0   -25.0   38.563  129.858     67.2    985.8
     1     1    21     8    31     1     0     0   -26.0   38.623  129.940     65.0    986.1
     1     1    21     8    31     0     0     0   -27.0   38.688  130.023     63.6    986.5
     1     1    21     8    30    23     0     0   -28.0   38.756  130.094     62.9    986.8
     1     1    21     8    30    22     0     0   -29.0   38.827  130.143     62.9    986.7
     1     1    21     8    30    21     0     0   -30.0   38.898  130.170     63.6    986.2
     1     1    21     8    30    20     0     0   -31.0   38.970  130.174     64.8    985.4
     1     1    21     8    30    19     0     0   -32.0   39.042  130.157     66.5    984.2
     1     1    21     8    30    18     0     0   -33.0   39.113  130.119     68.8    982.6
     1     1    21     8    30    17     0     0   -34.0   39.180  130.054     71.9    980.7
     1     1    21     8    30    16     0     0   -35.0   39.240  129.955     75.9    978.4
     1     1    21     8    30    15     0     0   -36.0   39.291  129.822     80.9    975.9
     1     1    21     8    30    14     0     0   -37.0   39.336  129.656     86.8    973.1
     1     1    21     8    30    13     0     0   -38.0   39.376  129.459     93.6    969.9
     1     1    21     8    30    12     0     0   -39.0   39.412  129.233    101.4    966.4
     1     1    21     8    30    11     0     0   -40.0   39.445  128.990    110.0    962.7
     1     1    21     8    30    10     0     0   -41.0   39.478  128.740    119.3    958.8
     1     1    21     8    30     9     0     0   -42.0   39.510  128.482    129.4    954.8
     1     1    21     8    30     8     0     0   -43.0   39.544  128.216    140.9    950.5
     1     1    21     8    30     7     0     0   -44.0   39.579  127.942    154.1    946.0
     1     1    21     8    30     6     0     0   -45.0   39.618  127.661    169.6    941.1
     1     1    21     8    30     5     0     0   -46.0   39.662  127.391    187.5    938.3
     1     1    21     8    30     4     0     0   -47.0   39.706  127.149    207.0    937.7
     1     1    21     8    30     3     0     0   -48.0   39.747  126.929    227.1    936.6
     1     1    21     8    30     2     0     0   -49.0   39.785  126.731    247.8    935.3
     1     1    21     8    30     1     0     0   -50.0   39.820  126.554    269.5    933.9
     1     1    21     8    30     0     0     0   -51.0   39.853  126.396    292.3    932.3
     1     1    21     8    29    23     0     0   -52.0   39.895  126.232    314.5    930.4
     1     1    21     8    29    22     0     0   -53.0   39.950  126.038    333.5    929.2
     1     1    21     8    29    21     0     0   -54.0   40.015  125.814    348.6    928.8
     1     1    21     8    29    20     0     0   -55.0   40.090  125.559    359.1    929.6
     1     1    21     8    29    19     0     0   -56.0   40.170  125.274    364.3    931.3
     1     1    21     8    29    18     0     0   -57.0   40.252  124.959    363.7    934.1
     1     1    21     8    29    17     0     0   -58.0   40.325  124.638    359.7    937.4
     1     1    21     8    29    16     0     0   -59.0   40.384  124.333    355.4    940.6
     1     1    21     8    29    15     0     0   -60.0   40.429  124.047    351.2    943.6
     1     1    21     8    29    14     0     0   -61.0   40.460  123.782    347.4    946.5
     1     1    21     8    29    13     0     0   -62.0   40.477  123.539    344.4    949.2
     1     1    21     8    29    12     0     0   -63.0   40.483  123.318    342.5    951.7
     1     1    21     8    29    11     0     0   -64.0   40.483  123.111    340.1    953.9
     1     1    21     8    29    10     0     0   -65.0   40.486  122.907    335.3    956.5
     1     1    21     8    29     9     0     0   -66.0   40.493  122.706    328.0    959.3
     1     1    21     8    29     8     0     0   -67.0   40.505  122.507    317.9    962.4
     1     1    21     8    29     7     0     0   -68.0   40.522  122.305    305.5    962.7
     1     1    21     8    29     6     0     0   -69.0   40.543  122.097    292.1    962.9
     1     1    21     8    29     5     0     0   -70.0   40.567  121.888    278.9    963.1
     1     1    21     8    29     4     0     0   -71.0   40.593  121.682    266.9    963.1
     1     1    21     8    29     3     0     0   -72.0   40.621  121.479    256.1    962.8
     1     1    21     8    29     2     0     0   -73.0   40.652  121.277    246.4    962.3
     1     1    21     8    29     1     0     0   -74.0   40.687  121.074    237.9    961.6
     1     1    21     8    29     0     0     0   -75.0   40.726  120.868    230.3    960.5
     1     1    21     8    28    23     0     0   -76.0   40.761  120.663    223.5    959.2
     1     1    21     8    28    22     0     0   -77.0   40.785  120.463    217.2    958.0
     1     1    21     8    28    21     0     0   -78.0   40.800  120.269    211.0    957.1
     1     1    21     8    28    20     0     0   -79.0   40.807  120.081    204.6    956.3
     1     1    21     8    28    19     0     0   -80.0   40.808  119.903    197.8    954.8
     1     1    21     8    28    18     0     0   -81.0   40.803  119.736    190.8    952.5
     1     1    21     8    28    17     0     0   -82.0   40.797  119.576    184.1    950.5
     1     1    21     8    28    16     0     0   -83.0   40.792  119.419    178.5    948.4
     1     1    21     8    28    15     0     0   -84.0   40.790  119.266    173.7    946.2
     1     1    21     8    28    14     0     0   -85.0   40.791  119.118    169.9    943.9
     1     1    21     8    28    13     0     0   -86.0   40.795  118.976    167.0    941.4
     1     1    21     8    28    12     0     0   -87.0   40.804  118.840    165.0    938.9
     1     1    21     8    28    11     0     0   -88.0   40.813  118.703    164.2    936.4
     1     1    21     8    28    10     0     0   -89.0   40.821  118.557    164.8    933.6
     1     1    21     8    28     9     0     0   -90.0   40.824  118.400    166.7    930.6
     1     1    21     8    28     8     0     0   -91.0   40.823  118.232    169.9    927.5
     1     1    21     8    28     7     0     0   -92.0   40.817  118.054    174.1    924.3
     1     1    21     8    28     6     0     0   -93.0   40.805  117.864    179.2    921.0
     1     1    21     8    28     5     0     0   -94.0   40.795  117.677    186.4    917.6
     1     1    21     8    28     4     0     0   -95.0   40.797  117.504    197.1    913.6
     1     1    21     8    28     3     0     0   -96.0   40.811  117.345    212.0    908.7
