     2     1
    CDC1    21     1     1     0     0
    CDC1    21     2     1     0     0
     1 BACKWARD OMEGA   
  2021     2    12    12   37.500  127.000   500.0
     1 PRESSURE
     1     1    21     2    12    12     0     0     0.0   37.500  127.000    500.0    945.1
     1     1    21     2    12    11     0     0    -1.0   37.486  126.902    512.6    944.0
     1     1    21     2    12    10     0     0    -2.0   37.464  126.799    523.7    943.3
     1     1    21     2    12     9     0     0    -3.0   37.437  126.689    533.0    942.7
     1     1    21     2    12     8     0     0    -4.0   37.403  126.574    540.2    942.5
     1     1    21     2    12     7     0     0    -5.0   37.364  126.453    545.3    942.6
     1     1    21     2    12     6     0     0    -6.0   37.319  126.327    547.9    943.0
     1     1    21     2    12     5     0     0    -7.0   37.273  126.205    548.3    943.6
     1     1    21     2    12     4     0     0    -8.0   37.231  126.098    547.6    944.2
     1     1    21     2    12     3     0     0    -9.0   37.192  126.006    545.9    944.9
     1     1    21     2    12     2     0     0   -10.0   37.154  125.929    543.4    945.5
     1     1    21     2    12     1     0     0   -11.0   37.118  125.865    540.4    946.2
     1     1    21     2    12     0     0     0   -12.0   37.082  125.814    537.2    946.8
     1     1    21     2    11    23     0     0   -13.0   37.044  125.753    534.1    947.6
     1     1    21     2    11    22     0     0   -14.0   37.000  125.657    531.0    948.6
     1     1    21     2    11    21     0     0   -15.0   36.950  125.529    527.8    949.8
     1     1    21     2    11    20     0     0   -16.0   36.892  125.368    524.3    951.2
     1     1    21     2    11    19     0     0   -17.0   36.829  125.176    520.2    952.8
     1     1    21     2    11    18     0     0   -18.0   36.757  124.955    515.6    954.5
     1     1    21     2    11    17     0     0   -19.0   36.668  124.737    511.8    955.4
     1     1    21     2    11    16     0     0   -20.0   36.554  124.549    511.2    955.8
     1     1    21     2    11    15     0     0   -21.0   36.417  124.391    514.2    955.7
     1     1    21     2    11    14     0     0   -22.0   36.259  124.265    521.7    955.1
     1     1    21     2    11    13     0     0   -23.0   36.081  124.167    534.7    953.9
     1     1    21     2    11    12     0     0   -24.0   35.884  124.098    554.6    951.9
     1     1    21     2    11    11     0     0   -25.0   35.686  124.051    579.9    949.2
     1     1    21     2    11    10     0     0   -26.0   35.503  124.022    607.1    946.6
     1     1    21     2    11     9     0     0   -27.0   35.335  124.012    635.4    943.7
     1     1    21     2    11     8     0     0   -28.0   35.184  124.022    664.1    940.3
     1     1    21     2    11     7     0     0   -29.0   35.051  124.055    692.1    937.1
     1     1    21     2    11     6     0     0   -30.0   34.935  124.110    718.6    934.2
     1     1    21     2    11     5     0     0   -31.0   34.833  124.181    744.5    931.7
     1     1    21     2    11     4     0     0   -32.0   34.739  124.262    771.3    928.9
     1     1    21     2    11     3     0     0   -33.0   34.652  124.352    799.2    926.0
     1     1    21     2    11     2     0     0   -34.0   34.573  124.450    828.2    923.0
     1     1    21     2    11     1     0     0   -35.0   34.501  124.556    858.4    919.9
     1     1    21     2    11     0     0     0   -36.0   34.435  124.667    889.9    916.7
     1     1    21     2    10    23     0     0   -37.0   34.384  124.786    924.2    913.3
     1     1    21     2    10    22     0     0   -38.0   34.359  124.909    963.5    908.8
     1     1    21     2    10    21     0     0   -39.0   34.358  125.032   1007.6    903.4
     1     1    21     2    10    20     0     0   -40.0   34.382  125.152   1056.6    897.1
     1     1    21     2    10    19     0     0   -41.0   34.430  125.265   1110.9    890.4
     1     1    21     2    10    18     0     0   -42.0   34.500  125.372   1170.6    883.2
     1     1    21     2    10    17     0     0   -43.0   34.588  125.446   1234.5    875.9
     1     1    21     2    10    16     0     0   -44.0   34.691  125.464   1298.6    869.0
     1     1    21     2    10    15     0     0   -45.0   34.811  125.425   1363.1    861.9
     1     1    21     2    10    14     0     0   -46.0   34.954  125.333   1427.6    855.1
     1     1    21     2    10    13     0     0   -47.0   35.120  125.189   1492.2    848.7
     1     1    21     2    10    12     0     0   -48.0   35.311  124.999   1557.6    842.7
     1     1    21     2    10    11     0     0   -49.0   35.510  124.772   1619.9    835.4
     1     1    21     2    10    10     0     0   -50.0   35.699  124.513   1676.1    829.4
     1     1    21     2    10     9     0     0   -51.0   35.879  124.220   1725.9    824.1
     1     1    21     2    10     8     0     0   -52.0   36.051  123.894   1769.5    819.3
     1     1    21     2    10     7     0     0   -53.0   36.218  123.537   1807.8    815.4
     1     1    21     2    10     6     0     0   -54.0   36.384  123.151   1841.9    812.1
     1     1    21     2    10     5     0     0   -55.0   36.549  122.752   1872.8    809.5
     1     1    21     2    10     4     0     0   -56.0   36.712  122.355   1898.1    807.2
     1     1    21     2    10     3     0     0   -57.0   36.877  121.957   1918.1    805.2
     1     1    21     2    10     2     0     0   -58.0   37.047  121.554   1933.5    803.8
     1     1    21     2    10     1     0     0   -59.0   37.226  121.143   1944.9    802.9
     1     1    21     2    10     0     0     0   -60.0   37.421  120.721   1953.5    802.6
     1     1    21     2     9    23     0     0   -61.0   37.622  120.292   1963.0    801.7
     1     1    21     2     9    22     0     0   -62.0   37.812  119.864   1978.6    798.7
     1     1    21     2     9    21     0     0   -63.0   37.986  119.433   2001.3    793.9
     1     1    21     2     9    20     0     0   -64.0   38.143  118.996   2032.3    787.7
     1     1    21     2     9    19     0     0   -65.0   38.285  118.547   2071.5    780.3
     1     1    21     2     9    18     0     0   -66.0   38.413  118.084   2118.9    771.6
     1     1    21     2     9    17     0     0   -67.0   38.540  117.615   2170.2    761.6
     1     1    21     2     9    16     0     0   -68.0   38.672  117.149   2218.5    748.2
     1     1    21     2     9    15     0     0   -69.0   38.814  116.679   2265.3    733.4
     1     1    21     2     9    14     0     0   -70.0   38.967  116.197   2312.8    718.2
     1     1    21     2     9    13     0     0   -71.0   39.134  115.696   2362.7    702.1
     1     1    21     2     9    12     0     0   -72.0   39.317  115.170   2417.3    684.7
     1     1    21     2     9    11     0     0   -73.0   39.513  114.623   2475.2    666.7
     1     1    21     2     9    10     0     0   -74.0   39.717  114.066   2529.8    650.1
     1     1    21     2     9     9     0     0   -75.0   39.924  113.500   2579.5    634.8
     1     1    21     2     9     8     0     0   -76.0   40.132  112.927   2623.0    622.5
     1     1    21     2     9     7     0     0   -77.0   40.334  112.352   2657.4    614.6
     1     1    21     2     9     6     0     0   -78.0   40.525  111.783   2682.3    612.0
     1     1    21     2     9     5     0     0   -79.0   40.718  111.230   2705.3    611.2
     1     1    21     2     9     4     0     0   -80.0   40.924  110.698   2738.3    609.5
     1     1    21     2     9     3     0     0   -81.0   41.144  110.183   2780.1    608.0
     1     1    21     2     9     2     0     0   -82.0   41.373  109.687   2829.4    606.0
     1     1    21     2     9     1     0     0   -83.0   41.612  109.211   2885.0    602.7
     1     1    21     2     9     0     0     0   -84.0   41.862  108.754   2946.9    598.3
     1     1    21     2     8    23     0     0   -85.0   42.122  108.317   3010.6    593.4
     1     1    21     2     8    22     0     0   -86.0   42.391  107.895   3073.1    588.5
     1     1    21     2     8    21     0     0   -87.0   42.671  107.476   3130.0    582.8
     1     1    21     2     8    20     0     0   -88.0   42.958  107.045   3180.4    577.9
     1     1    21     2     8    19     0     0   -89.0   43.249  106.595   3220.9    573.4
     1     1    21     2     8    18     0     0   -90.0   43.544  106.122   3249.9    569.3
     1     1    21     2     8    17     0     0   -91.0   43.836  105.636   3272.0    565.8
     1     1    21     2     8    16     0     0   -92.0   44.115  105.149   3293.7    561.6
     1     1    21     2     8    15     0     0   -93.0   44.376  104.664   3316.9    557.1
     1     1    21     2     8    14     0     0   -94.0   44.619  104.183   3341.7    551.9
     1     1    21     2     8    13     0     0   -95.0   44.844  103.708   3369.0    545.6
     1     1    21     2     8    12     0     0   -96.0   45.058  103.236   3400.3    538.9
