     2     1
    CDC1    21     7     1     0     0
    CDC1    21     8     1     0     0
     1 BACKWARD OMEGA   
  2021     8    16    21   37.500  127.000   500.0
     1 PRESSURE
     1     1    21     8    16    21     0     0     0.0   37.500  127.000    500.0    937.0
     1     1    21     8    16    20     0     0    -1.0   37.528  127.236    481.4    937.6
     1     1    21     8    16    19     0     0    -2.0   37.547  127.478    463.0    938.5
     1     1    21     8    16    18     0     0    -3.0   37.558  127.726    445.5    941.2
     1     1    21     8    16    17     0     0    -4.0   37.564  127.969    429.3    944.0
     1     1    21     8    16    16     0     0    -5.0   37.567  128.194    414.3    946.7
     1     1    21     8    16    15     0     0    -6.0   37.570  128.405    400.1    949.4
     1     1    21     8    16    14     0     0    -7.0   37.573  128.601    386.0    952.0
     1     1    21     8    16    13     0     0    -8.0   37.578  128.784    371.7    954.4
     1     1    21     8    16    12     0     0    -9.0   37.585  128.954    356.7    956.8
     1     1    21     8    16    11     0     0   -10.0   37.591  129.121    341.5    959.1
     1     1    21     8    16    10     0     0   -11.0   37.592  129.297    327.2    961.3
     1     1    21     8    16     9     0     0   -12.0   37.591  129.481    314.1    963.5
     1     1    21     8    16     8     0     0   -13.0   37.587  129.675    302.6    965.6
     1     1    21     8    16     7     0     0   -14.0   37.582  129.880    293.0    967.6
     1     1    21     8    16     6     0     0   -15.0   37.576  130.097    285.8    969.7
     1     1    21     8    16     5     0     0   -16.0   37.577  130.320    280.8    972.3
     1     1    21     8    16     4     0     0   -17.0   37.589  130.546    278.1    974.6
     1     1    21     8    16     3     0     0   -18.0   37.613  130.774    277.2    976.8
     1     1    21     8    16     2     0     0   -19.0   37.649  131.003    278.2    978.8
     1     1    21     8    16     1     0     0   -20.0   37.699  131.233    280.7    980.7
     1     1    21     8    16     0     0     0   -21.0   37.761  131.460    284.8    982.6
     1     1    21     8    15    23     0     0   -22.0   37.832  131.679    288.3    983.9
     1     1    21     8    15    22     0     0   -23.0   37.909  131.880    288.9    985.8
     1     1    21     8    15    21     0     0   -24.0   37.990  132.065    286.6    987.8
     1     1    21     8    15    20     0     0   -25.0   38.075  132.232    281.3    990.1
     1     1    21     8    15    19     0     0   -26.0   38.163  132.382    272.9    992.7
     1     1    21     8    15    18     0     0   -27.0   38.253  132.515    261.4    995.3
     1     1    21     8    15    17     0     0   -28.0   38.345  132.643    247.8    996.7
     1     1    21     8    15    16     0     0   -29.0   38.441  132.778    233.4    998.0
     1     1    21     8    15    15     0     0   -30.0   38.540  132.922    218.3    999.6
     1     1    21     8    15    14     0     0   -31.0   38.640  133.076    202.6   1001.5
     1     1    21     8    15    13     0     0   -32.0   38.743  133.239    186.8   1003.0
     1     1    21     8    15    12     0     0   -33.0   38.847  133.414    171.5   1004.5
     1     1    21     8    15    11     0     0   -34.0   38.953  133.594    157.2   1005.9
     1     1    21     8    15    10     0     0   -35.0   39.067  133.776    144.3   1007.3
     1     1    21     8    15     9     0     0   -36.0   39.188  133.961    132.8   1008.9
     1     1    21     8    15     8     0     0   -37.0   39.318  134.150    122.6   1010.6
     1     1    21     8    15     7     0     0   -38.0   39.460  134.348    113.8   1012.5
     1     1    21     8    15     6     0     0   -39.0   39.614  134.557    106.4   1014.5
     1     1    21     8    15     5     0     0   -40.0   39.781  134.778    100.3   1017.0
     1     1    21     8    15     4     0     0   -41.0   39.957  135.010     95.7   1019.6
     1     1    21     8    15     3     0     0   -42.0   40.134  135.247     91.7   1017.2
     1     1    21     8    15     2     0     0   -43.0   40.302  135.478     88.0   1014.3
     1     1    21     8    15     1     0     0   -44.0   40.462  135.701     84.6   1011.8
     1     1    21     8    15     0     0     0   -45.0   40.616  135.915     81.5   1009.6
     1     1    21     8    14    23     0     0   -46.0   40.763  136.124     78.0   1007.4
     1     1    21     8    14    22     0     0   -47.0   40.906  136.335     72.8   1005.6
     1     1    21     8    14    21     0     0   -48.0   41.044  136.550     66.0   1004.0
     1     1    21     8    14    20     0     0   -49.0   41.180  136.773     58.1   1002.6
     1     1    21     8    14    19     0     0   -50.0   41.313  137.003     49.2   1001.6
     1     1    21     8    14    18     0     0   -51.0   41.443  137.244     39.8   1000.8
     1     1    21     8    14    17     0     0   -52.0   41.566  137.487     31.1   1000.9
     1     1    21     8    14    16     0     0   -53.0   41.672  137.724     23.9   1001.7
     1     1    21     8    14    15     0     0   -54.0   41.760  137.955     18.2   1002.5
     1     1    21     8    14    14     0     0   -55.0   41.829  138.179     13.7   1003.1
     1     1    21     8    14    13     0     0   -56.0   41.879  138.395     10.0   1003.6
     1     1    21     8    14    12     0     0   -57.0   41.911  138.603      6.7   1003.5
     1     1    21     8    14    11     0     0   -58.0   41.935  138.817      3.2   1003.2
     1     1    21     8    14    10     0     0   -59.0   41.960  139.045      0.0   1003.0
     1     1    21     8    14     9     0     0   -60.0   41.985  139.286      0.0   1002.8
     1     1    21     8    14     8     0     0   -61.0   42.010  139.538      0.0   1002.8
     1     1    21     8    14     7     0     0   -62.0   42.034  139.799      0.0   1002.7
     1     1    21     8    14     6     0     0   -63.0   42.057  140.067      0.0   1002.7
     1     1    21     8    14     5     0     0   -64.0   42.076  140.345      0.0   1002.3
     1     1    21     8    14     4     0     0   -65.0   42.091  140.635      0.0   1001.8
     1     1    21     8    14     3     0     0   -66.0   42.103  140.940      0.0   1001.5
     1     1    21     8    14     2     0     0   -67.0   42.113  141.262      0.0   1001.1
     1     1    21     8    14     1     0     0   -68.0   42.126  141.605      0.0   1000.9
     1     1    21     8    14     0     0     0   -69.0   42.142  141.971      0.0   1000.6
     1     1    21     8    13    23     0     0   -70.0   42.158  142.349      0.0   1000.2
     1     1    21     8    13    22     0     0   -71.0   42.162  142.718      0.0   1000.0
     1     1    21     8    13    21     0     0   -72.0   42.155  143.066      0.0   1000.0
     1     1    21     8    13    20     0     0   -73.0   42.137  143.385      0.0   1000.0
     1     1    21     8    13    19     0     0   -74.0   42.111  143.675      0.0   1000.0
     1     1    21     8    13    18     0     0   -75.0   42.081  143.937      0.0   1000.1
     1     1    21     8    13    17     0     0   -76.0   42.048  144.177      0.0   1000.4
     1     1    21     8    13    16     0     0   -77.0   42.012  144.403      0.0   1000.8
     1     1    21     8    13    15     0     0   -78.0   41.975  144.618      0.0   1001.1
     1     1    21     8    13    14     0     0   -79.0   41.939  144.826      0.0   1001.5
     1     1    21     8    13    13     0     0   -80.0   41.905  145.026      0.0   1002.0
     1     1    21     8    13    12     0     0   -81.0   41.874  145.224      0.0   1003.6
     1     1    21     8    13    11     0     0   -82.0   41.850  145.429      0.0   1004.7
     1     1    21     8    13    10     0     0   -83.0   41.841  145.647      0.0   1005.9
     1     1    21     8    13     9     0     0   -84.0   41.846  145.876      0.0   1007.0
     1     1    21     8    13     8     0     0   -85.0   41.866  146.112      0.0   1008.1
     1     1    21     8    13     7     0     0   -86.0   41.902  146.353      0.0   1009.2
     1     1    21     8    13     6     0     0   -87.0   41.955  146.594      0.0   1010.2
     1     1    21     8    13     5     0     0   -88.0   42.020  146.821      0.2   1011.5
     1     1    21     8    13     4     0     0   -89.0   42.092  147.018      0.4   1012.6
     1     1    21     8    13     3     0     0   -90.0   42.168  147.185      0.8   1013.6
     1     1    21     8    13     2     0     0   -91.0   42.248  147.322      1.3   1014.4
     1     1    21     8    13     1     0     0   -92.0   42.330  147.429      1.9   1015.0
     1     1    21     8    13     0     0     0   -93.0   42.412  147.505      2.7   1015.4
     1     1    21     8    12    23     0     0   -94.0   42.494  147.557      3.6   1015.0
     1     1    21     8    12    22     0     0   -95.0   42.576  147.595      4.6   1014.7
     1     1    21     8    12    21     0     0   -96.0   42.659  147.625      5.6   1014.4
