     2     1
    CDC1    21     4     1     0     0
    CDC1    21     5     1     0     0
     1 BACKWARD OMEGA   
  2021     5    22     6   37.500  127.000   500.0
     1 PRESSURE
     1     1    21     5    22     6     0     0     0.0   37.500  127.000    500.0    933.0
     1     1    21     5    22     5     0     0    -1.0   37.537  126.719    507.8    933.6
     1     1    21     5    22     4     0     0    -2.0   37.566  126.455    514.7    934.4
     1     1    21     5    22     3     0     0    -3.0   37.588  126.207    520.3    935.4
     1     1    21     5    22     2     0     0    -4.0   37.602  125.975    524.4    936.5
     1     1    21     5    22     1     0     0    -5.0   37.610  125.759    526.5    937.9
     1     1    21     5    22     0     0     0    -6.0   37.612  125.557    526.5    939.4
     1     1    21     5    21    23     0     0    -7.0   37.605  125.361    527.2    940.7
     1     1    21     5    21    22     0     0    -8.0   37.588  125.160    532.4    941.3
     1     1    21     5    21    21     0     0    -9.0   37.563  124.954    541.8    941.5
     1     1    21     5    21    20     0     0   -10.0   37.531  124.746    555.3    940.6
     1     1    21     5    21    19     0     0   -11.0   37.497  124.534    572.7    939.3
     1     1    21     5    21    18     0     0   -12.0   37.460  124.319    593.5    937.5
     1     1    21     5    21    17     0     0   -13.0   37.425  124.108    614.1    935.3
     1     1    21     5    21    16     0     0   -14.0   37.397  123.908    630.1    933.9
     1     1    21     5    21    15     0     0   -15.0   37.376  123.721    641.7    932.8
     1     1    21     5    21    14     0     0   -16.0   37.360  123.545    649.4    932.1
     1     1    21     5    21    13     0     0   -17.0   37.349  123.381    653.3    931.8
     1     1    21     5    21    12     0     0   -18.0   37.341  123.225    653.8    931.9
     1     1    21     5    21    11     0     0   -19.0   37.338  123.072    653.6    932.6
     1     1    21     5    21    10     0     0   -20.0   37.338  122.915    655.3    932.7
     1     1    21     5    21     9     0     0   -21.0   37.344  122.755    658.9    932.6
     1     1    21     5    21     8     0     0   -22.0   37.354  122.592    664.3    932.4
     1     1    21     5    21     7     0     0   -23.0   37.371  122.430    671.3    931.8
     1     1    21     5    21     6     0     0   -24.0   37.396  122.268    679.9    930.8
     1     1    21     5    21     5     0     0   -25.0   37.426  122.103    689.0    929.7
     1     1    21     5    21     4     0     0   -26.0   37.462  121.927    696.7    929.0
     1     1    21     5    21     3     0     0   -27.0   37.500  121.740    703.4    928.5
     1     1    21     5    21     2     0     0   -28.0   37.542  121.539    709.3    927.8
     1     1    21     5    21     1     0     0   -29.0   37.588  121.326    714.6    927.1
     1     1    21     5    21     0     0     0   -30.0   37.637  121.097    719.9    926.5
     1     1    21     5    20    23     0     0   -31.0   37.682  120.860    724.1    925.6
     1     1    21     5    20    22     0     0   -32.0   37.714  120.621    726.3    925.1
     1     1    21     5    20    21     0     0   -33.0   37.731  120.378    726.4    925.0
     1     1    21     5    20    20     0     0   -34.0   37.731  120.126    724.1    925.4
     1     1    21     5    20    19     0     0   -35.0   37.710  119.866    719.6    925.7
     1     1    21     5    20    18     0     0   -36.0   37.669  119.598    713.1    926.2
     1     1    21     5    20    17     0     0   -37.0   37.610  119.340    709.2    927.1
     1     1    21     5    20    16     0     0   -38.0   37.540  119.109    711.8    927.1
     1     1    21     5    20    15     0     0   -39.0   37.461  118.905    719.9    926.1
     1     1    21     5    20    14     0     0   -40.0   37.379  118.727    733.0    924.0
     1     1    21     5    20    13     0     0   -41.0   37.295  118.576    750.8    921.4
     1     1    21     5    20    12     0     0   -42.0   37.213  118.450    773.0    918.5
     1     1    21     5    20    11     0     0   -43.0   37.132  118.351    796.3    915.4
     1     1    21     5    20    10     0     0   -44.0   37.051  118.280    817.8    913.0
     1     1    21     5    20     9     0     0   -45.0   36.973  118.238    837.7    910.8
     1     1    21     5    20     8     0     0   -46.0   36.899  118.224    856.3    908.8
     1     1    21     5    20     7     0     0   -47.0   36.829  118.237    873.8    906.9
     1     1    21     5    20     6     0     0   -48.0   36.765  118.279    890.3    905.2
     1     1    21     5    20     5     0     0   -49.0   36.705  118.342    906.1    903.5
     1     1    21     5    20     4     0     0   -50.0   36.646  118.419    921.2    901.9
     1     1    21     5    20     3     0     0   -51.0   36.586  118.512    935.5    900.3
     1     1    21     5    20     2     0     0   -52.0   36.525  118.622    948.8    898.6
     1     1    21     5    20     1     0     0   -53.0   36.462  118.751    961.2    897.1
     1     1    21     5    20     0     0     0   -54.0   36.396  118.901    972.4    895.6
     1     1    21     5    19    23     0     0   -55.0   36.331  119.056    981.6    894.3
     1     1    21     5    19    22     0     0   -56.0   36.272  119.203    987.4    893.4
     1     1    21     5    19    21     0     0   -57.0   36.215  119.340    989.1    893.0
     1     1    21     5    19    20     0     0   -58.0   36.159  119.468    986.0    893.2
     1     1    21     5    19    19     0     0   -59.0   36.102  119.588    977.6    893.9
     1     1    21     5    19    18     0     0   -60.0   36.044  119.701    963.4    895.3
     1     1    21     5    19    17     0     0   -61.0   35.970  119.814    948.7    897.4
     1     1    21     5    19    16     0     0   -62.0   35.869  119.935    939.1    898.2
     1     1    21     5    19    15     0     0   -63.0   35.739  120.068    934.7    898.3
     1     1    21     5    19    14     0     0   -64.0   35.585  120.215    935.7    898.0
     1     1    21     5    19    13     0     0   -65.0   35.406  120.379    942.7    897.1
     1     1    21     5    19    12     0     0   -66.0   35.207  120.563    956.5    895.5
     1     1    21     5    19    11     0     0   -67.0   35.011  120.771    972.1    893.3
     1     1    21     5    19    10     0     0   -68.0   34.837  120.986    984.2    893.1
     1     1    21     5    19     9     0     0   -69.0   34.684  121.198    992.3    893.4
     1     1    21     5    19     8     0     0   -70.0   34.553  121.405    996.7    894.1
     1     1    21     5    19     7     0     0   -71.0   34.445  121.606    997.9    895.1
     1     1    21     5    19     6     0     0   -72.0   34.361  121.802    996.4    896.3
     1     1    21     5    19     5     0     0   -73.0   34.290  121.990    995.6    897.6
     1     1    21     5    19     4     0     0   -74.0   34.224  122.172    999.5    898.0
     1     1    21     5    19     3     0     0   -75.0   34.163  122.349   1008.5    897.9
     1     1    21     5    19     2     0     0   -76.0   34.109  122.522   1023.5    897.0
     1     1    21     5    19     1     0     0   -77.0   34.064  122.689   1044.9    894.8
     1     1    21     5    19     0     0     0   -78.0   34.031  122.848   1073.5    891.8
     1     1    21     5    18    23     0     0   -79.0   34.009  122.991   1103.8    888.0
     1     1    21     5    18    22     0     0   -80.0   33.997  123.114   1128.2    885.5
     1     1    21     5    18    21     0     0   -81.0   33.992  123.218   1146.6    883.5
     1     1    21     5    18    20     0     0   -82.0   33.994  123.305   1158.3    882.3
     1     1    21     5    18    19     0     0   -83.0   34.002  123.376   1163.2    881.7
     1     1    21     5    18    18     0     0   -84.0   34.014  123.432   1160.7    881.9
     1     1    21     5    18    17     0     0   -85.0   34.034  123.477   1157.5    882.5
     1     1    21     5    18    16     0     0   -86.0   34.065  123.517   1161.3    881.8
     1     1    21     5    18    15     0     0   -87.0   34.109  123.551   1171.8    880.3
     1     1    21     5    18    14     0     0   -88.0   34.164  123.581   1189.0    878.1
     1     1    21     5    18    13     0     0   -89.0   34.231  123.607   1213.1    875.2
     1     1    21     5    18    12     0     0   -90.0   34.312  123.629   1244.1    871.7
     1     1    21     5    18    11     0     0   -91.0   34.398  123.650   1276.1    867.7
     1     1    21     5    18    10     0     0   -92.0   34.485  123.672   1303.3    864.7
     1     1    21     5    18     9     0     0   -93.0   34.570  123.694   1325.3    862.0
     1     1    21     5    18     8     0     0   -94.0   34.654  123.716   1341.9    860.0
     1     1    21     5    18     7     0     0   -95.0   34.737  123.740   1353.0    858.5
     1     1    21     5    18     6     0     0   -96.0   34.820  123.765   1358.4    857.7
