     2     1
    CDC1    21     3     1     0     0
    CDC1    21     4     1     0     0
     1 BACKWARD OMEGA   
  2021     4    11     3   37.500  127.000   500.0
     1 PRESSURE
     1     1    21     4    11     3     0     0     0.0   37.500  127.000    500.0    951.0
     1     1    21     4    11     2     0     0    -1.0   37.370  127.023    525.1    948.4
     1     1    21     4    11     1     0     0    -2.0   37.252  127.064    549.4    945.9
     1     1    21     4    11     0     0     0    -3.0   37.147  127.122    573.2    943.3
     1     1    21     4    10    23     0     0    -4.0   37.056  127.175    597.5    940.6
     1     1    21     4    10    22     0     0    -5.0   36.977  127.204    622.2    937.9
     1     1    21     4    10    21     0     0    -6.0   36.910  127.209    646.9    934.9
     1     1    21     4    10    20     0     0    -7.0   36.851  127.190    671.5    932.0
     1     1    21     4    10    19     0     0    -8.0   36.801  127.148    695.6    929.3
     1     1    21     4    10    18     0     0    -9.0   36.758  127.084    719.2    926.8
     1     1    21     4    10    17     0     0   -10.0   36.718  127.013    742.5    924.4
     1     1    21     4    10    16     0     0   -11.0   36.681  126.953    766.5    921.9
     1     1    21     4    10    15     0     0   -12.0   36.647  126.901    791.3    919.3
     1     1    21     4    10    14     0     0   -13.0   36.618  126.856    817.3    916.6
     1     1    21     4    10    13     0     0   -14.0   36.595  126.817    844.7    913.7
     1     1    21     4    10    12     0     0   -15.0   36.577  126.783    873.6    910.7
     1     1    21     4    10    11     0     0   -16.0   36.561  126.747    902.5    907.8
     1     1    21     4    10    10     0     0   -17.0   36.546  126.705    929.1    905.3
     1     1    21     4    10     9     0     0   -18.0   36.531  126.659    953.1    902.8
     1     1    21     4    10     8     0     0   -19.0   36.516  126.607    974.2    900.7
     1     1    21     4    10     7     0     0   -20.0   36.502  126.551    992.1    899.0
     1     1    21     4    10     6     0     0   -21.0   36.489  126.490   1006.2    897.7
     1     1    21     4    10     5     0     0   -22.0   36.478  126.431   1020.1    897.0
     1     1    21     4    10     4     0     0   -23.0   36.470  126.381   1036.4    895.6
     1     1    21     4    10     3     0     0   -24.0   36.467  126.339   1055.5    893.9
     1     1    21     4    10     2     0     0   -25.0   36.469  126.305   1077.5    891.8
     1     1    21     4    10     1     0     0   -26.0   36.478  126.277   1102.5    889.3
     1     1    21     4    10     0     0     0   -27.0   36.494  126.256   1130.6    886.5
     1     1    21     4     9    23     0     0   -28.0   36.515  126.238   1158.0    882.7
     1     1    21     4     9    22     0     0   -29.0   36.539  126.223   1181.5    879.7
     1     1    21     4     9    21     0     0   -30.0   36.564  126.210   1200.6    877.2
     1     1    21     4     9    20     0     0   -31.0   36.590  126.198   1215.1    875.2
     1     1    21     4     9    19     0     0   -32.0   36.618  126.188   1224.8    873.7
     1     1    21     4     9    18     0     0   -33.0   36.645  126.180   1229.8    872.6
     1     1    21     4     9    17     0     0   -34.0   36.672  126.175   1235.0    872.5
     1     1    21     4     9    16     0     0   -35.0   36.701  126.175   1244.8    871.3
     1     1    21     4     9    15     0     0   -36.0   36.731  126.181   1259.4    869.6
     1     1    21     4     9    14     0     0   -37.0   36.764  126.191   1278.9    867.4
     1     1    21     4     9    13     0     0   -38.0   36.800  126.205   1303.2    864.6
     1     1    21     4     9    12     0     0   -39.0   36.837  126.222   1332.5    861.1
     1     1    21     4     9    11     0     0   -40.0   36.879  126.243   1365.0    856.9
     1     1    21     4     9    10     0     0   -41.0   36.924  126.266   1400.2    852.6
     1     1    21     4     9     9     0     0   -42.0   36.973  126.291   1437.8    848.1
     1     1    21     4     9     8     0     0   -43.0   37.025  126.320   1478.3    843.4
     1     1    21     4     9     7     0     0   -44.0   37.080  126.353   1522.1    838.4
     1     1    21     4     9     6     0     0   -45.0   37.137  126.389   1569.5    833.0
     1     1    21     4     9     5     0     0   -46.0   37.208  126.424   1619.5    827.2
     1     1    21     4     9     4     0     0   -47.0   37.302  126.449   1672.5    821.2
     1     1    21     4     9     3     0     0   -48.0   37.423  126.462   1728.3    815.0
     1     1    21     4     9     2     0     0   -49.0   37.573  126.463   1786.8    807.4
     1     1    21     4     9     1     0     0   -50.0   37.755  126.451   1847.7    798.3
     1     1    21     4     9     0     0     0   -51.0   37.972  126.429   1911.6    788.7
     1     1    21     4     8    23     0     0   -52.0   38.217  126.394   1977.8    778.6
     1     1    21     4     8    22     0     0   -53.0   38.484  126.338   2045.6    768.5
     1     1    21     4     8    21     0     0   -54.0   38.771  126.260   2114.9    758.4
     1     1    21     4     8    20     0     0   -55.0   39.074  126.156   2185.9    748.2
     1     1    21     4     8    19     0     0   -56.0   39.395  126.021   2258.8    737.8
     1     1    21     4     8    18     0     0   -57.0   39.734  125.854   2333.6    727.5
     1     1    21     4     8    17     0     0   -58.0   40.091  125.668   2411.4    717.9
     1     1    21     4     8    16     0     0   -59.0   40.470  125.486   2495.2    709.8
     1     1    21     4     8    15     0     0   -60.0   40.875  125.322   2580.5    701.8
     1     1    21     4     8    14     0     0   -61.0   41.307  125.180   2666.9    693.8
     1     1    21     4     8    13     0     0   -62.0   41.770  125.064   2753.8    685.5
     1     1    21     4     8    12     0     0   -63.0   42.266  124.974   2840.7    676.9
     1     1    21     4     8    11     0     0   -64.0   42.793  124.879   2926.9    671.3
     1     1    21     4     8    10     0     0   -65.0   43.338  124.754   3008.4    669.8
     1     1    21     4     8     9     0     0   -66.0   43.896  124.607   3082.2    668.9
     1     1    21     4     8     8     0     0   -67.0   44.470  124.448   3152.1    668.1
     1     1    21     4     8     7     0     0   -68.0   45.063  124.283   3220.7    665.9
     1     1    21     4     8     6     0     0   -69.0   45.673  124.112   3281.1    655.8
     1     1    21     4     8     5     0     0   -70.0   46.293  123.939   3342.0    644.3
     1     1    21     4     8     4     0     0   -71.0   46.926  123.772   3397.8    633.2
     1     1    21     4     8     3     0     0   -72.0   47.576  123.617   3447.1    622.3
     1     1    21     4     8     2     0     0   -73.0   48.235  123.486   3488.9    612.8
     1     1    21     4     8     1     0     0   -74.0   48.893  123.392   3520.7    604.7
     1     1    21     4     8     0     0     0   -75.0   49.552  123.339   3542.7    597.7
     1     1    21     4     7    23     0     0   -76.0   50.199  123.316   3563.3    593.2
     1     1    21     4     7    22     0     0   -77.0   50.823  123.296   3588.5    591.6
     1     1    21     4     7    21     0     0   -78.0   51.422  123.267   3611.3    590.3
     1     1    21     4     7    20     0     0   -79.0   51.999  123.225   3633.1    588.8
     1     1    21     4     7    19     0     0   -80.0   52.556  123.165   3654.2    586.7
     1     1    21     4     7    18     0     0   -81.0   53.106  123.061   3669.2    581.2
     1     1    21     4     7    17     0     0   -82.0   53.667  122.911   3685.9    575.7
     1     1    21     4     7    16     0     0   -83.0   54.254  122.732   3703.3    570.1
     1     1    21     4     7    15     0     0   -84.0   54.866  122.522   3719.5    564.7
     1     1    21     4     7    14     0     0   -85.0   55.503  122.273   3737.0    561.4
     1     1    21     4     7    13     0     0   -86.0   56.155  121.972   3749.4    559.0
     1     1    21     4     7    12     0     0   -87.0   56.815  121.605   3750.4    557.6
     1     1    21     4     7    11     0     0   -88.0   57.469  121.164   3737.6    557.8
     1     1    21     4     7    10     0     0   -89.0   58.107  120.663   3731.1    565.3
     1     1    21     4     7     9     0     0   -90.0   58.726  120.118   3723.3    573.0
     1     1    21     4     7     8     0     0   -91.0   59.322  119.526   3713.2    580.6
     1     1    21     4     7     7     0     0   -92.0   59.888  118.883   3699.7    588.0
     1     1    21     4     7     6     0     0   -93.0   60.424  118.204   3680.9    594.2
     1     1    21     4     7     5     0     0   -94.0   60.937  117.516   3660.1    599.9
     1     1    21     4     7     4     0     0   -95.0   61.427  116.833   3636.8    604.8
     1     1    21     4     7     3     0     0   -96.0   61.888  116.146   3608.2    608.2
