     2     1
    CDC1    21     4     1     0     0
    CDC1    21     5     1     0     0
     1 BACKWARD OMEGA   
  2021     5     2    12   37.500  127.000   500.0
     1 PRESSURE
     1     1    21     5     2    12     0     0     0.0   37.500  127.000    500.0    938.9
     1     1    21     5     2    11     0     0    -1.0   37.552  126.843    525.9    936.4
     1     1    21     5     2    10     0     0    -2.0   37.625  126.685    553.7    933.3
     1     1    21     5     2     9     0     0    -3.0   37.718  126.527    583.4    929.7
     1     1    21     5     2     8     0     0    -4.0   37.833  126.370    614.9    925.7
     1     1    21     5     2     7     0     0    -5.0   37.969  126.216    648.0    920.9
     1     1    21     5     2     6     0     0    -6.0   38.125  126.067    682.4    915.5
     1     1    21     5     2     5     0     0    -7.0   38.298  125.932    720.3    909.5
     1     1    21     5     2     4     0     0    -8.0   38.486  125.821    764.4    902.4
     1     1    21     5     2     3     0     0    -9.0   38.689  125.740    814.5    894.4
     1     1    21     5     2     2     0     0   -10.0   38.906  125.695    870.1    885.6
     1     1    21     5     2     1     0     0   -11.0   39.136  125.692    930.6    875.9
     1     1    21     5     2     0     0     0   -12.0   39.380  125.740    994.6    864.5
     1     1    21     5     1    23     0     0   -13.0   39.632  125.838   1054.0    852.5
     1     1    21     5     1    22     0     0   -14.0   39.886  125.982   1100.3    842.4
     1     1    21     5     1    21     0     0   -15.0   40.141  126.173   1134.3    834.4
     1     1    21     5     1    20     0     0   -16.0   40.393  126.401   1156.0    828.1
     1     1    21     5     1    19     0     0   -17.0   40.639  126.664   1165.9    822.6
     1     1    21     5     1    18     0     0   -18.0   40.877  126.964   1164.5    817.7
     1     1    21     5     1    17     0     0   -19.0   41.105  127.276   1155.3    813.3
     1     1    21     5     1    16     0     0   -20.0   41.324  127.574   1143.4    810.3
     1     1    21     5     1    15     0     0   -21.0   41.536  127.860   1130.3    811.5
     1     1    21     5     1    14     0     0   -22.0   41.739  128.138   1114.8    812.7
     1     1    21     5     1    13     0     0   -23.0   41.930  128.415   1096.6    814.3
     1     1    21     5     1    12     0     0   -24.0   42.106  128.696   1075.3    816.3
     1     1    21     5     1    11     0     0   -25.0   42.257  128.991   1051.8    819.0
     1     1    21     5     1    10     0     0   -26.0   42.378  129.306   1027.4    822.0
     1     1    21     5     1     9     0     0   -27.0   42.467  129.643   1002.0    825.5
     1     1    21     5     1     8     0     0   -28.0   42.526  129.999    975.9    829.9
     1     1    21     5     1     7     0     0   -29.0   42.556  130.369    951.3    838.4
     1     1    21     5     1     6     0     0   -30.0   42.561  130.747    927.5    846.8
     1     1    21     5     1     5     0     0   -31.0   42.544  131.131    907.3    855.4
     1     1    21     5     1     4     0     0   -32.0   42.511  131.518    893.8    863.2
     1     1    21     5     1     3     0     0   -33.0   42.464  131.907    888.4    870.8
     1     1    21     5     1     2     0     0   -34.0   42.402  132.293    891.7    878.0
     1     1    21     5     1     1     0     0   -35.0   42.330  132.675    904.2    882.7
     1     1    21     5     1     0     0     0   -36.0   42.258  133.044    926.1    884.4
     1     1    21     4    30    23     0     0   -37.0   42.198  133.378    954.2    883.7
     1     1    21     4    30    22     0     0   -38.0   42.159  133.664    984.8    882.5
     1     1    21     4    30    21     0     0   -39.0   42.139  133.902   1017.4    880.5
     1     1    21     4    30    20     0     0   -40.0   42.137  134.097   1051.8    877.8
     1     1    21     4    30    19     0     0   -41.0   42.154  134.252   1087.9    874.6
     1     1    21     4    30    18     0     0   -42.0   42.187  134.371   1125.9    870.8
     1     1    21     4    30    17     0     0   -43.0   42.231  134.479   1163.4    866.4
     1     1    21     4    30    16     0     0   -44.0   42.282  134.597   1198.7    862.6
     1     1    21     4    30    15     0     0   -45.0   42.341  134.723   1231.2    859.1
     1     1    21     4    30    14     0     0   -46.0   42.409  134.856   1260.7    855.9
     1     1    21     4    30    13     0     0   -47.0   42.488  134.996   1286.7    853.2
     1     1    21     4    30    12     0     0   -48.0   42.580  135.137   1308.6    849.7
     1     1    21     4    30    11     0     0   -49.0   42.682  135.287   1326.6    846.5
     1     1    21     4    30    10     0     0   -50.0   42.791  135.458   1339.7    843.8
     1     1    21     4    30     9     0     0   -51.0   42.907  135.649   1348.9    841.6
     1     1    21     4    30     8     0     0   -52.0   43.031  135.861   1354.7    839.6
     1     1    21     4    30     7     0     0   -53.0   43.162  136.096   1357.8    837.9
     1     1    21     4    30     6     0     0   -54.0   43.301  136.355   1358.8    836.3
     1     1    21     4    30     5     0     0   -55.0   43.460  136.631   1363.2    835.2
     1     1    21     4    30     4     0     0   -56.0   43.652  136.918   1378.3    832.1
     1     1    21     4    30     3     0     0   -57.0   43.878  137.216   1404.1    827.7
     1     1    21     4    30     2     0     0   -58.0   44.140  137.525   1441.3    821.9
     1     1    21     4    30     1     0     0   -59.0   44.424  137.848   1488.1    816.0
     1     1    21     4    30     0     0     0   -60.0   44.718  138.188   1541.0    810.5
     1     1    21     4    29    23     0     0   -61.0   45.005  138.528   1587.7    805.1
     1     1    21     4    29    22     0     0   -62.0   45.263  138.839   1617.5    803.1
     1     1    21     4    29    21     0     0   -63.0   45.490  139.106   1632.3    802.5
     1     1    21     4    29    20     0     0   -64.0   45.685  139.333   1634.7    802.9
     1     1    21     4    29    19     0     0   -65.0   45.851  139.521   1627.0    804.1
     1     1    21     4    29    18     0     0   -66.0   45.990  139.673   1611.0    806.0
     1     1    21     4    29    17     0     0   -67.0   46.105  139.788   1597.6    809.0
     1     1    21     4    29    16     0     0   -68.0   46.202  139.861   1595.9    809.6
     1     1    21     4    29    15     0     0   -69.0   46.282  139.892   1605.5    808.9
     1     1    21     4    29    14     0     0   -70.0   46.345  139.878   1625.8    807.1
     1     1    21     4    29    13     0     0   -71.0   46.394  139.821   1656.3    804.1
     1     1    21     4    29    12     0     0   -72.0   46.430  139.721   1696.5    800.0
     1     1    21     4    29    11     0     0   -73.0   46.458  139.578   1739.8    794.1
     1     1    21     4    29    10     0     0   -74.0   46.482  139.393   1780.0    788.8
     1     1    21     4    29     9     0     0   -75.0   46.500  139.169   1817.0    783.9
     1     1    21     4    29     8     0     0   -76.0   46.513  138.907   1850.8    779.1
     1     1    21     4    29     7     0     0   -77.0   46.519  138.607   1881.3    774.5
     1     1    21     4    29     6     0     0   -78.0   46.517  138.272   1908.2    770.2
     1     1    21     4    29     5     0     0   -79.0   46.511  137.912   1935.5    766.2
     1     1    21     4    29     4     0     0   -80.0   46.502  137.535   1968.7    761.4
     1     1    21     4    29     3     0     0   -81.0   46.492  137.142   2011.6    757.7
     1     1    21     4    29     2     0     0   -82.0   46.479  136.732   2064.5    753.3
     1     1    21     4    29     1     0     0   -83.0   46.468  136.304   2129.5    747.8
     1     1    21     4    29     0     0     0   -84.0   46.466  135.852   2209.3    740.9
     1     1    21     4    28    23     0     0   -85.0   46.464  135.376   2297.7    731.8
     1     1    21     4    28    22     0     0   -86.0   46.448  134.876   2385.4    723.2
     1     1    21     4    28    21     0     0   -87.0   46.416  134.348   2467.9    714.2
     1     1    21     4    28    20     0     0   -88.0   46.368  133.787   2544.2    706.2
     1     1    21     4    28    19     0     0   -89.0   46.313  133.191   2615.2    698.6
     1     1    21     4    28    18     0     0   -90.0   46.260  132.556   2682.0    691.5
     1     1    21     4    28    17     0     0   -91.0   46.212  131.906   2745.6    683.5
     1     1    21     4    28    16     0     0   -92.0   46.166  131.266   2809.2    675.0
     1     1    21     4    28    15     0     0   -93.0   46.129  130.632   2878.9    666.0
     1     1    21     4    28    14     0     0   -94.0   46.108  130.000   2958.3    656.1
     1     1    21     4    28    13     0     0   -95.0   46.101  129.369   3052.0    648.8
     1     1    21     4    28    12     0     0   -96.0   46.103  128.734   3152.7    641.4
