     2     1
    CDC1    21     2     1     0     0
    CDC1    21     3     1     0     0
     1 BACKWARD OMEGA   
  2021     3     7     9   37.500  127.000   500.0
     1 PRESSURE
     1     1    21     3     7     9     0     0     0.0   37.500  127.000    500.0    945.6
     1     1    21     3     7     8     0     0    -1.0   37.541  126.918    524.5    942.6
     1     1    21     3     7     7     0     0    -2.0   37.579  126.833    547.0    940.1
     1     1    21     3     7     6     0     0    -3.0   37.614  126.743    567.3    938.0
     1     1    21     3     7     5     0     0    -4.0   37.645  126.664    585.3    936.2
     1     1    21     3     7     4     0     0    -5.0   37.667  126.608    600.5    934.8
     1     1    21     3     7     3     0     0    -6.0   37.680  126.576    613.1    933.7
     1     1    21     3     7     2     0     0    -7.0   37.685  126.570    623.1    932.8
     1     1    21     3     7     1     0     0    -8.0   37.683  126.589    630.8    932.1
     1     1    21     3     7     0     0     0    -9.0   37.672  126.635    636.2    931.5
     1     1    21     3     6    23     0     0   -10.0   37.661  126.702    641.4    931.0
     1     1    21     3     6    22     0     0   -11.0   37.656  126.781    648.3    929.8
     1     1    21     3     6    21     0     0   -12.0   37.656  126.871    656.8    928.3
     1     1    21     3     6    20     0     0   -13.0   37.662  126.972    666.8    926.4
     1     1    21     3     6    19     0     0   -14.0   37.671  127.083    678.2    924.2
     1     1    21     3     6    18     0     0   -15.0   37.684  127.201    690.7    921.8
     1     1    21     3     6    17     0     0   -16.0   37.699  127.323    703.2    919.0
     1     1    21     3     6    16     0     0   -17.0   37.714  127.441    714.9    916.5
     1     1    21     3     6    15     0     0   -18.0   37.730  127.556    725.9    914.8
     1     1    21     3     6    14     0     0   -19.0   37.749  127.669    736.5    913.7
     1     1    21     3     6    13     0     0   -20.0   37.770  127.780    746.7    912.7
     1     1    21     3     6    12     0     0   -21.0   37.794  127.888    756.6    911.6
     1     1    21     3     6    11     0     0   -22.0   37.824  128.003    767.9    910.5
     1     1    21     3     6    10     0     0   -23.0   37.866  128.134    782.6    908.8
     1     1    21     3     6     9     0     0   -24.0   37.920  128.280    800.6    906.7
     1     1    21     3     6     8     0     0   -25.0   37.986  128.437    821.7    904.2
     1     1    21     3     6     7     0     0   -26.0   38.065  128.605    845.5    901.3
     1     1    21     3     6     6     0     0   -27.0   38.158  128.781    872.0    898.2
     1     1    21     3     6     5     0     0   -28.0   38.266  128.954    899.1    894.6
     1     1    21     3     6     4     0     0   -29.0   38.393  129.111    925.0    891.2
     1     1    21     3     6     3     0     0   -30.0   38.538  129.251    949.9    887.5
     1     1    21     3     6     2     0     0   -31.0   38.701  129.372    973.9    883.6
     1     1    21     3     6     1     0     0   -32.0   38.882  129.474    997.4    879.6
     1     1    21     3     6     0     0     0   -33.0   39.082  129.558   1020.6    875.5
     1     1    21     3     5    23     0     0   -34.0   39.295  129.604   1045.9    870.4
     1     1    21     3     5    22     0     0   -35.0   39.520  129.590   1075.5    864.1
     1     1    21     3     5    21     0     0   -36.0   39.755  129.514   1109.9    856.5
     1     1    21     3     5    20     0     0   -37.0   40.000  129.373   1150.0    847.6
     1     1    21     3     5    19     0     0   -38.0   40.261  129.170   1196.5    837.1
     1     1    21     3     5    18     0     0   -39.0   40.543  128.911   1250.6    825.5
     1     1    21     3     5    17     0     0   -40.0   40.838  128.601   1309.8    812.9
     1     1    21     3     5    16     0     0   -41.0   41.134  128.245   1372.3    800.4
     1     1    21     3     5    15     0     0   -42.0   41.427  127.842   1439.1    787.7
     1     1    21     3     5    14     0     0   -43.0   41.716  127.394   1512.2    776.8
     1     1    21     3     5    13     0     0   -44.0   41.999  126.921   1593.3    772.1
     1     1    21     3     5    12     0     0   -45.0   42.274  126.436   1676.8    767.9
     1     1    21     3     5    11     0     0   -46.0   42.545  125.939   1760.5    764.2
     1     1    21     3     5    10     0     0   -47.0   42.820  125.437   1846.0    764.8
     1     1    21     3     5     9     0     0   -48.0   43.103  124.937   1931.3    765.1
     1     1    21     3     5     8     0     0   -49.0   43.395  124.429   2016.0    761.9
     1     1    21     3     5     7     0     0   -50.0   43.691  123.902   2104.8    757.0
     1     1    21     3     5     6     0     0   -51.0   43.997  123.352   2201.4    750.0
     1     1    21     3     5     5     0     0   -52.0   44.312  122.778   2298.6    740.3
     1     1    21     3     5     4     0     0   -53.0   44.632  122.175   2378.9    726.0
     1     1    21     3     5     3     0     0   -54.0   44.958  121.516   2440.5    706.7
     1     1    21     3     5     2     0     0   -55.0   45.290  120.794   2486.7    685.5
     1     1    21     3     5     1     0     0   -56.0   45.634  120.022   2523.6    665.8
     1     1    21     3     5     0     0     0   -57.0   45.998  119.226   2561.9    653.8
     1     1    21     3     4    23     0     0   -58.0   46.368  118.429   2602.6    645.7
     1     1    21     3     4    22     0     0   -59.0   46.735  117.636   2646.6    640.4
     1     1    21     3     4    21     0     0   -60.0   47.105  116.854   2701.5    639.3
     1     1    21     3     4    20     0     0   -61.0   47.483  116.085   2764.7    638.3
     1     1    21     3     4    19     0     0   -62.0   47.874  115.328   2832.0    633.9
     1     1    21     3     4    18     0     0   -63.0   48.285  114.575   2898.8    623.7
     1     1    21     3     4    17     0     0   -64.0   48.719  113.819   2966.2    609.1
     1     1    21     3     4    16     0     0   -65.0   49.181  113.062   3036.8    593.5
     1     1    21     3     4    15     0     0   -66.0   49.682  112.300   3115.3    577.4
     1     1    21     3     4    14     0     0   -67.0   50.221  111.550   3207.5    564.3
     1     1    21     3     4    13     0     0   -68.0   50.791  110.827   3310.4    554.9
     1     1    21     3     4    12     0     0   -69.0   51.405  110.132   3423.9    548.4
     1     1    21     3     4    11     0     0   -70.0   52.060  109.452   3559.0    549.1
     1     1    21     3     4    10     0     0   -71.0   52.736  108.773   3697.6    549.4
     1     1    21     3     4     9     0     0   -72.0   53.426  108.091   3823.3    544.6
     1     1    21     3     4     8     0     0   -73.0   54.131  107.395   3943.6    540.2
     1     1    21     3     4     7     0     0   -74.0   54.861  106.667   4055.8    536.1
     1     1    21     3     4     6     0     0   -75.0   55.593  105.921   4163.7    534.8
     1     1    21     3     4     5     0     0   -76.0   56.300  105.176   4254.3    531.5
     1     1    21     3     4     4     0     0   -77.0   56.976  104.416   4325.6    527.0
     1     1    21     3     4     3     0     0   -78.0   57.623  103.636   4387.1    524.9
     1     1    21     3     4     2     0     0   -79.0   58.239  102.852   4433.0    522.9
     1     1    21     3     4     1     0     0   -80.0   58.828  102.081   4460.9    519.9
     1     1    21     3     4     0     0     0   -81.0   59.401  101.316   4472.4    516.9
     1     1    21     3     3    23     0     0   -82.0   59.964  100.544   4473.4    514.0
     1     1    21     3     3    22     0     0   -83.0   60.508   99.764   4483.6    513.0
     1     1    21     3     3    21     0     0   -84.0   61.021   98.983   4498.8    512.3
     1     1    21     3     3    20     0     0   -85.0   61.513   98.201   4514.3    511.1
     1     1    21     3     3    19     0     0   -86.0   61.996   97.403   4529.1    509.6
     1     1    21     3     3    18     0     0   -87.0   62.472   96.590   4544.5    508.9
     1     1    21     3     3    17     0     0   -88.0   62.930   95.788   4556.8    508.3
     1     1    21     3     3    16     0     0   -89.0   63.366   95.013   4568.8    507.2
     1     1    21     3     3    15     0     0   -90.0   63.782   94.266   4585.6    506.9
     1     1    21     3     3    14     0     0   -91.0   64.175   93.550   4604.6    506.7
     1     1    21     3     3    13     0     0   -92.0   64.554   92.860   4625.8    506.5
     1     1    21     3     3    12     0     0   -93.0   64.922   92.196   4649.5    506.4
     1     1    21     3     3    11     0     0   -94.0   65.265   91.593   4668.6    505.7
     1     1    21     3     3    10     0     0   -95.0   65.572   91.078   4681.5    505.3
     1     1    21     3     3     9     0     0   -96.0   65.845   90.637   4689.7    505.1
