     2     1
    CDC1    21     6     1     0     0
    CDC1    21     7     1     0     0
     1 BACKWARD OMEGA   
  2021     7    27    18   37.500  127.000   500.0
     1 PRESSURE
     1     1    21     7    27    18     0     0     0.0   37.500  127.000    500.0    929.5
     1     1    21     7    27    17     0     0    -1.0   37.518  127.081    511.8    927.1
     1     1    21     7    27    16     0     0    -2.0   37.542  127.164    518.9    925.2
     1     1    21     7    27    15     0     0    -3.0   37.573  127.248    520.8    923.8
     1     1    21     7    27    14     0     0    -4.0   37.611  127.334    517.5    922.9
     1     1    21     7    27    13     0     0    -5.0   37.653  127.423    508.7    922.3
     1     1    21     7    27    12     0     0    -6.0   37.701  127.515    494.6    922.4
     1     1    21     7    27    11     0     0    -7.0   37.749  127.607    478.7    924.6
     1     1    21     7    27    10     0     0    -8.0   37.793  127.699    463.3    926.4
     1     1    21     7    27     9     0     0    -9.0   37.831  127.791    448.6    928.3
     1     1    21     7    27     8     0     0   -10.0   37.866  127.882    434.4    930.2
     1     1    21     7    27     7     0     0   -11.0   37.898  127.973    420.8    932.0
     1     1    21     7    27     6     0     0   -12.0   37.926  128.065    407.6    933.9
     1     1    21     7    27     5     0     0   -13.0   37.954  128.159    394.9    935.5
     1     1    21     7    27     4     0     0   -14.0   37.982  128.254    382.7    937.1
     1     1    21     7    27     3     0     0   -15.0   38.011  128.352    371.0    938.3
     1     1    21     7    27     2     0     0   -16.0   38.040  128.450    360.2    939.5
     1     1    21     7    27     1     0     0   -17.0   38.069  128.548    350.1    940.7
     1     1    21     7    27     0     0     0   -18.0   38.097  128.644    341.0    941.8
     1     1    21     7    26    23     0     0   -19.0   38.124  128.732    332.1    942.7
     1     1    21     7    26    22     0     0   -20.0   38.149  128.806    322.7    943.8
     1     1    21     7    26    21     0     0   -21.0   38.171  128.867    312.8    944.9
     1     1    21     7    26    20     0     0   -22.0   38.189  128.914    302.2    946.1
     1     1    21     7    26    19     0     0   -23.0   38.203  128.950    291.1    947.3
     1     1    21     7    26    18     0     0   -24.0   38.213  128.974    279.5    948.7
     1     1    21     7    26    17     0     0   -25.0   38.217  128.993    268.9    950.2
     1     1    21     7    26    16     0     0   -26.0   38.218  129.013    260.8    951.3
     1     1    21     7    26    15     0     0   -27.0   38.215  129.035    255.1    952.2
     1     1    21     7    26    14     0     0   -28.0   38.208  129.059    251.5    952.9
     1     1    21     7    26    13     0     0   -29.0   38.198  129.085    249.9    953.4
     1     1    21     7    26    12     0     0   -30.0   38.184  129.113    250.4    953.8
     1     1    21     7    26    11     0     0   -31.0   38.169  129.145    252.0    953.9
     1     1    21     7    26    10     0     0   -32.0   38.154  129.182    253.8    954.1
     1     1    21     7    26     9     0     0   -33.0   38.138  129.223    255.9    954.3
     1     1    21     7    26     8     0     0   -34.0   38.123  129.270    258.1    954.5
     1     1    21     7    26     7     0     0   -35.0   38.108  129.320    260.6    954.7
     1     1    21     7    26     6     0     0   -36.0   38.092  129.375    263.3    954.9
     1     1    21     7    26     5     0     0   -37.0   38.076  129.428    266.5    955.1
     1     1    21     7    26     4     0     0   -38.0   38.060  129.476    271.0    955.2
     1     1    21     7    26     3     0     0   -39.0   38.043  129.517    276.7    955.1
     1     1    21     7    26     2     0     0   -40.0   38.027  129.551    283.8    954.8
     1     1    21     7    26     1     0     0   -41.0   38.011  129.579    292.4    954.3
     1     1    21     7    26     0     0     0   -42.0   37.994  129.599    302.6    953.6
     1     1    21     7    25    23     0     0   -43.0   37.973  129.613    313.7    952.7
     1     1    21     7    25    22     0     0   -44.0   37.944  129.619    324.9    951.9
     1     1    21     7    25    21     0     0   -45.0   37.906  129.619    335.9    951.3
     1     1    21     7    25    20     0     0   -46.0   37.859  129.613    346.9    950.7
     1     1    21     7    25    19     0     0   -47.0   37.803  129.602    357.8    950.2
     1     1    21     7    25    18     0     0   -48.0   37.739  129.586    368.6    949.7
     1     1    21     7    25    17     0     0   -49.0   37.670  129.582    379.8    949.3
     1     1    21     7    25    16     0     0   -50.0   37.599  129.601    392.4    948.5
     1     1    21     7    25    15     0     0   -51.0   37.526  129.643    406.4    947.7
     1     1    21     7    25    14     0     0   -52.0   37.451  129.709    421.6    946.1
     1     1    21     7    25    13     0     0   -53.0   37.372  129.797    438.2    944.2
     1     1    21     7    25    12     0     0   -54.0   37.288  129.907    456.3    942.2
     1     1    21     7    25    11     0     0   -55.0   37.205  130.028    474.1    940.4
     1     1    21     7    25    10     0     0   -56.0   37.127  130.148    489.6    939.5
     1     1    21     7    25     9     0     0   -57.0   37.054  130.268    502.4    938.8
     1     1    21     7    25     8     0     0   -58.0   36.986  130.387    512.2    938.4
     1     1    21     7    25     7     0     0   -59.0   36.925  130.506    518.9    938.3
     1     1    21     7    25     6     0     0   -60.0   36.870  130.624    522.3    938.6
     1     1    21     7    25     5     0     0   -61.0   36.816  130.739    524.3    939.1
     1     1    21     7    25     4     0     0   -62.0   36.756  130.849    527.0    939.4
     1     1    21     7    25     3     0     0   -63.0   36.689  130.954    530.7    939.4
     1     1    21     7    25     2     0     0   -64.0   36.617  131.055    535.7    939.3
     1     1    21     7    25     1     0     0   -65.0   36.537  131.151    542.4    938.9
     1     1    21     7    25     0     0     0   -66.0   36.450  131.243    551.1    938.3
     1     1    21     7    24    23     0     0   -67.0   36.361  131.335    562.2    937.0
     1     1    21     7    24    22     0     0   -68.0   36.271  131.429    575.9    935.4
     1     1    21     7    24    21     0     0   -69.0   36.183  131.526    592.2    933.6
     1     1    21     7    24    20     0     0   -70.0   36.094  131.624    611.3    931.5
     1     1    21     7    24    19     0     0   -71.0   36.005  131.725    633.3    929.1
     1     1    21     7    24    18     0     0   -72.0   35.916  131.829    657.9    926.0
     1     1    21     7    24    17     0     0   -73.0   35.830  131.937    682.4    922.8
     1     1    21     7    24    16     0     0   -74.0   35.749  132.047    704.1    920.4
     1     1    21     7    24    15     0     0   -75.0   35.674  132.158    723.4    918.3
     1     1    21     7    24    14     0     0   -76.0   35.604  132.270    740.3    916.4
     1     1    21     7    24    13     0     0   -77.0   35.538  132.381    755.2    914.8
     1     1    21     7    24    12     0     0   -78.0   35.477  132.492    768.2    913.4
     1     1    21     7    24    11     0     0   -79.0   35.422  132.605    779.2    911.4
     1     1    21     7    24    10     0     0   -80.0   35.374  132.724    788.0    909.7
     1     1    21     7    24     9     0     0   -81.0   35.334  132.848    794.3    908.2
     1     1    21     7    24     8     0     0   -82.0   35.302  132.977    797.9    907.1
     1     1    21     7    24     7     0     0   -83.0   35.279  133.110    798.4    906.4
     1     1    21     7    24     6     0     0   -84.0   35.263  133.245    795.6    906.1
     1     1    21     7    24     5     0     0   -85.0   35.252  133.378    790.5    906.4
     1     1    21     7    24     4     0     0   -86.0   35.242  133.504    783.5    906.8
     1     1    21     7    24     3     0     0   -87.0   35.231  133.623    774.8    907.4
     1     1    21     7    24     2     0     0   -88.0   35.220  133.734    764.4    908.2
     1     1    21     7    24     1     0     0   -89.0   35.210  133.839    752.1    909.3
     1     1    21     7    24     0     0     0   -90.0   35.198  133.938    737.9    910.5
     1     1    21     7    23    23     0     0   -91.0   35.186  134.037    723.5    911.6
     1     1    21     7    23    22     0     0   -92.0   35.171  134.144    711.2    912.3
     1     1    21     7    23    21     0     0   -93.0   35.153  134.260    700.8    912.7
     1     1    21     7    23    20     0     0   -94.0   35.133  134.385    692.4    912.9
     1     1    21     7    23    19     0     0   -95.0   35.109  134.518    686.0    912.8
     1     1    21     7    23    18     0     0   -96.0   35.081  134.659    681.8    912.4
