     2     1
    CDC1    20    12     1     0     0
    CDC1    21     1     1     0     0
     1 BACKWARD OMEGA   
  2021     1    29    12   37.500  127.000   500.0
     1 PRESSURE
     1     1    21     1    29    12     0     0     0.0   37.500  127.000    500.0    941.6
     1     1    21     1    29    11     0     0    -1.0   37.490  126.809    523.7    940.0
     1     1    21     1    29    10     0     0    -2.0   37.507  126.602    550.5    937.9
     1     1    21     1    29     9     0     0    -3.0   37.548  126.378    580.9    935.1
     1     1    21     1    29     8     0     0    -4.0   37.615  126.139    615.4    931.7
     1     1    21     1    29     7     0     0    -5.0   37.708  125.881    654.5    927.2
     1     1    21     1    29     6     0     0    -6.0   37.831  125.602    698.5    921.8
     1     1    21     1    29     5     0     0    -7.0   37.964  125.302    745.2    915.8
     1     1    21     1    29     4     0     0    -8.0   38.093  124.986    791.0    910.7
     1     1    21     1    29     3     0     0    -9.0   38.220  124.653    835.5    905.5
     1     1    21     1    29     2     0     0   -10.0   38.350  124.304    878.5    900.9
     1     1    21     1    29     1     0     0   -11.0   38.488  123.943    920.4    897.0
     1     1    21     1    29     0     0     0   -12.0   38.641  123.573    961.5    893.0
     1     1    21     1    28    23     0     0   -13.0   38.804  123.208   1001.7    889.3
     1     1    21     1    28    22     0     0   -14.0   38.966  122.859   1040.6    886.2
     1     1    21     1    28    21     0     0   -15.0   39.123  122.527   1077.4    883.7
     1     1    21     1    28    20     0     0   -16.0   39.277  122.209   1111.5    879.0
     1     1    21     1    28    19     0     0   -17.0   39.432  121.896   1144.3    874.2
     1     1    21     1    28    18     0     0   -18.0   39.589  121.587   1175.7    869.5
     1     1    21     1    28    17     0     0   -19.0   39.757  121.270   1210.7    865.0
     1     1    21     1    28    16     0     0   -20.0   39.948  120.939   1254.9    858.6
     1     1    21     1    28    15     0     0   -21.0   40.164  120.586   1306.2    849.0
     1     1    21     1    28    14     0     0   -22.0   40.407  120.200   1361.6    836.3
     1     1    21     1    28    13     0     0   -23.0   40.680  119.769   1416.4    819.3
     1     1    21     1    28    12     0     0   -24.0   40.991  119.277   1467.5    797.6
     1     1    21     1    28    11     0     0   -25.0   41.347  118.722   1514.4    773.4
     1     1    21     1    28    10     0     0   -26.0   41.749  118.108   1557.7    746.0
     1     1    21     1    28     9     0     0   -27.0   42.187  117.436   1596.9    716.2
     1     1    21     1    28     8     0     0   -28.0   42.650  116.723   1641.0    697.9
     1     1    21     1    28     7     0     0   -29.0   43.118  115.999   1688.1    691.0
     1     1    21     1    28     6     0     0   -30.0   43.577  115.274   1723.5    687.5
     1     1    21     1    28     5     0     0   -31.0   44.026  114.555   1751.8    691.3
     1     1    21     1    28     4     0     0   -32.0   44.465  113.854   1778.0    696.9
     1     1    21     1    28     3     0     0   -33.0   44.891  113.180   1799.6    702.5
     1     1    21     1    28     2     0     0   -34.0   45.309  112.531   1813.9    704.0
     1     1    21     1    28     1     0     0   -35.0   45.735  111.904   1823.6    697.6
     1     1    21     1    28     0     0     0   -36.0   46.179  111.292   1837.2    688.0
     1     1    21     1    27    23     0     0   -37.0   46.634  110.684   1851.8    676.2
     1     1    21     1    27    22     0     0   -38.0   47.091  110.073   1863.0    662.9
     1     1    21     1    27    21     0     0   -39.0   47.551  109.466   1881.2    655.1
     1     1    21     1    27    20     0     0   -40.0   48.002  108.870   1912.8    655.3
     1     1    21     1    27    19     0     0   -41.0   48.442  108.289   1953.4    656.0
     1     1    21     1    27    18     0     0   -42.0   48.874  107.718   2004.9    657.2
     1     1    21     1    27    17     0     0   -43.0   49.305  107.158   2067.7    657.3
     1     1    21     1    27    16     0     0   -44.0   49.742  106.613   2141.5    655.8
     1     1    21     1    27    15     0     0   -45.0   50.177  106.090   2225.4    654.5
     1     1    21     1    27    14     0     0   -46.0   50.597  105.604   2315.3    654.3
     1     1    21     1    27    13     0     0   -47.0   50.993  105.163   2405.9    653.7
     1     1    21     1    27    12     0     0   -48.0   51.373  104.770   2488.6    648.4
     1     1    21     1    27    11     0     0   -49.0   51.743  104.408   2558.9    640.8
     1     1    21     1    27    10     0     0   -50.0   52.102  104.053   2613.4    634.7
     1     1    21     1    27     9     0     0   -51.0   52.444  103.702   2653.8    629.5
     1     1    21     1    27     8     0     0   -52.0   52.763  103.357   2685.8    625.7
     1     1    21     1    27     7     0     0   -53.0   53.052  103.023   2716.0    623.1
     1     1    21     1    27     6     0     0   -54.0   53.308  102.702   2747.5    621.2
     1     1    21     1    27     5     0     0   -55.0   53.540  102.386   2778.5    619.4
     1     1    21     1    27     4     0     0   -56.0   53.757  102.064   2805.8    617.9
     1     1    21     1    27     3     0     0   -57.0   53.961  101.738   2832.1    616.6
     1     1    21     1    27     2     0     0   -58.0   54.152  101.409   2860.0    615.3
     1     1    21     1    27     1     0     0   -59.0   54.330  101.081   2891.9    613.7
     1     1    21     1    27     0     0     0   -60.0   54.495  100.758   2930.7    611.5
     1     1    21     1    26    23     0     0   -61.0   54.640  100.442   2970.1    608.6
     1     1    21     1    26    22     0     0   -62.0   54.761  100.130   3002.7    606.3
     1     1    21     1    26    21     0     0   -63.0   54.860   99.821   3026.5    605.3
     1     1    21     1    26    20     0     0   -64.0   54.940   99.515   3038.6    605.3
     1     1    21     1    26    19     0     0   -65.0   55.005   99.213   3036.9    605.8
     1     1    21     1    26    18     0     0   -66.0   55.054   98.916   3020.4    606.6
     1     1    21     1    26    17     0     0   -67.0   55.094   98.611   2998.2    608.8
     1     1    21     1    26    16     0     0   -68.0   55.135   98.280   2975.9    610.1
     1     1    21     1    26    15     0     0   -69.0   55.174   97.926   2954.0    611.3
     1     1    21     1    26    14     0     0   -70.0   55.213   97.549   2932.6    612.5
     1     1    21     1    26    13     0     0   -71.0   55.256   97.153   2915.1    615.7
     1     1    21     1    26    12     0     0   -72.0   55.307   96.742   2900.3    619.2
     1     1    21     1    26    11     0     0   -73.0   55.359   96.330   2884.9    622.4
     1     1    21     1    26    10     0     0   -74.0   55.405   95.933   2869.3    625.5
     1     1    21     1    26     9     0     0   -75.0   55.442   95.549   2851.6    628.4
     1     1    21     1    26     8     0     0   -76.0   55.470   95.182   2831.0    631.2
     1     1    21     1    26     7     0     0   -77.0   55.489   94.833   2808.3    634.7
     1     1    21     1    26     6     0     0   -78.0   55.501   94.505   2784.1    638.6
     1     1    21     1    26     5     0     0   -79.0   55.515   94.174   2759.8    643.0
     1     1    21     1    26     4     0     0   -80.0   55.540   93.815   2736.1    647.5
     1     1    21     1    26     3     0     0   -81.0   55.576   93.426   2712.8    652.2
     1     1    21     1    26     2     0     0   -82.0   55.622   93.006   2689.0    657.0
     1     1    21     1    26     1     0     0   -83.0   55.678   92.555   2663.6    662.0
     1     1    21     1    26     0     0     0   -84.0   55.741   92.076   2636.8    668.2
     1     1    21     1    25    23     0     0   -85.0   55.807   91.592   2608.4    675.2
     1     1    21     1    25    22     0     0   -86.0   55.868   91.122   2577.4    681.8
     1     1    21     1    25    21     0     0   -87.0   55.926   90.665   2543.9    688.3
     1     1    21     1    25    20     0     0   -88.0   55.979   90.219   2507.2    694.9
     1     1    21     1    25    19     0     0   -89.0   56.027   89.784   2467.1    701.7
     1     1    21     1    25    18     0     0   -90.0   56.069   89.361   2423.5    709.0
     1     1    21     1    25    17     0     0   -91.0   56.117   88.936   2380.7    716.7
     1     1    21     1    25    16     0     0   -92.0   56.186   88.498   2343.8    723.4
     1     1    21     1    25    15     0     0   -93.0   56.274   88.046   2311.8    729.8
     1     1    21     1    25    14     0     0   -94.0   56.379   87.580   2283.6    735.8
     1     1    21     1    25    13     0     0   -95.0   56.496   87.101   2257.5    740.6
     1     1    21     1    25    12     0     0   -96.0   56.621   86.610   2233.5    745.0
