     2     1
    CDC1    21     9     1     0     0
    CDC1    21    10     1     0     0
     1 BACKWARD OMEGA   
  2021    10    26     0   37.500  127.000   500.0
     1 PRESSURE
     1     1    21    10    26     0     0     0     0.0   37.500  127.000    500.0    944.2
     1     1    21    10    25    23     0     0    -1.0   37.508  126.879    489.6    945.8
     1     1    21    10    25    22     0     0    -2.0   37.517  126.756    481.5    947.0
     1     1    21    10    25    21     0     0    -3.0   37.527  126.628    475.5    948.0
     1     1    21    10    25    20     0     0    -4.0   37.536  126.494    471.7    948.9
     1     1    21    10    25    19     0     0    -5.0   37.544  126.352    469.7    949.7
     1     1    21    10    25    18     0     0    -6.0   37.547  126.201    469.6    950.4
     1     1    21    10    25    17     0     0    -7.0   37.544  126.046    469.7    951.4
     1     1    21    10    25    16     0     0    -8.0   37.533  125.893    468.6    952.8
     1     1    21    10    25    15     0     0    -9.0   37.514  125.747    466.3    954.4
     1     1    21    10    25    14     0     0   -10.0   37.490  125.609    462.6    956.0
     1     1    21    10    25    13     0     0   -11.0   37.462  125.480    457.8    957.6
     1     1    21    10    25    12     0     0   -12.0   37.432  125.363    451.7    959.2
     1     1    21    10    25    11     0     0   -13.0   37.401  125.252    446.1    960.8
     1     1    21    10    25    10     0     0   -14.0   37.372  125.138    442.5    961.9
     1     1    21    10    25     9     0     0   -15.0   37.344  125.022    441.2    962.9
     1     1    21    10    25     8     0     0   -16.0   37.318  124.901    442.4    963.1
     1     1    21    10    25     7     0     0   -17.0   37.294  124.777    446.4    963.0
     1     1    21    10    25     6     0     0   -18.0   37.273  124.649    453.4    962.5
     1     1    21    10    25     5     0     0   -19.0   37.257  124.522    461.3    961.8
     1     1    21    10    25     4     0     0   -20.0   37.248  124.398    467.9    961.5
     1     1    21    10    25     3     0     0   -21.0   37.245  124.277    473.1    961.3
     1     1    21    10    25     2     0     0   -22.0   37.248  124.157    476.6    961.4
     1     1    21    10    25     1     0     0   -23.0   37.258  124.039    478.4    961.6
     1     1    21    10    25     0     0     0   -24.0   37.274  123.921    478.3    962.1
     1     1    21    10    24    23     0     0   -25.0   37.290  123.799    477.0    962.7
     1     1    21    10    24    22     0     0   -26.0   37.300  123.671    475.2    963.3
     1     1    21    10    24    21     0     0   -27.0   37.304  123.537    472.8    964.0
     1     1    21    10    24    20     0     0   -28.0   37.301  123.397    469.8    964.9
     1     1    21    10    24    19     0     0   -29.0   37.290  123.252    466.3    965.8
     1     1    21    10    24    18     0     0   -30.0   37.271  123.104    462.2    966.9
     1     1    21    10    24    17     0     0   -31.0   37.248  122.961    457.6    967.8
     1     1    21    10    24    16     0     0   -32.0   37.224  122.834    453.2    968.6
     1     1    21    10    24    15     0     0   -33.0   37.200  122.722    448.6    969.4
     1     1    21    10    24    14     0     0   -34.0   37.176  122.625    443.8    970.2
     1     1    21    10    24    13     0     0   -35.0   37.152  122.545    438.7    971.0
     1     1    21    10    24    12     0     0   -36.0   37.129  122.481    433.3    971.7
     1     1    21    10    24    11     0     0   -37.0   37.108  122.424    427.5    972.4
     1     1    21    10    24    10     0     0   -38.0   37.093  122.366    421.3    973.3
     1     1    21    10    24     9     0     0   -39.0   37.082  122.305    414.6    974.1
     1     1    21    10    24     8     0     0   -40.0   37.076  122.243    407.4    975.1
     1     1    21    10    24     7     0     0   -41.0   37.074  122.178    399.8    976.1
     1     1    21    10    24     6     0     0   -42.0   37.077  122.110    391.8    977.2
     1     1    21    10    24     5     0     0   -43.0   37.083  122.045    384.1    978.8
     1     1    21    10    24     4     0     0   -44.0   37.092  121.986    377.5    980.0
     1     1    21    10    24     3     0     0   -45.0   37.103  121.933    372.0    981.0
     1     1    21    10    24     2     0     0   -46.0   37.118  121.886    367.8    982.0
     1     1    21    10    24     1     0     0   -47.0   37.136  121.845    364.8    982.8
     1     1    21    10    24     0     0     0   -48.0   37.158  121.808    363.2    983.5
     1     1    21    10    23    23     0     0   -49.0   37.180  121.769    362.5    983.5
     1     1    21    10    23    22     0     0   -50.0   37.200  121.720    362.2    983.6
     1     1    21    10    23    21     0     0   -51.0   37.218  121.660    362.5    983.6
     1     1    21    10    23    20     0     0   -52.0   37.234  121.590    363.2    983.5
     1     1    21    10    23    19     0     0   -53.0   37.248  121.510    364.6    983.4
     1     1    21    10    23    18     0     0   -54.0   37.260  121.419    366.4    983.2
     1     1    21    10    23    17     0     0   -55.0   37.269  121.326    369.2    983.1
     1     1    21    10    23    16     0     0   -56.0   37.273  121.242    373.2    982.8
     1     1    21    10    23    15     0     0   -57.0   37.272  121.168    378.4    982.4
     1     1    21    10    23    14     0     0   -58.0   37.265  121.104    384.8    981.8
     1     1    21    10    23    13     0     0   -59.0   37.252  121.051    392.2    981.0
     1     1    21    10    23    12     0     0   -60.0   37.234  121.010    400.6    979.9
     1     1    21    10    23    11     0     0   -61.0   37.218  120.972    409.4    978.8
     1     1    21    10    23    10     0     0   -62.0   37.213  120.930    417.9    977.9
     1     1    21    10    23     9     0     0   -63.0   37.218  120.883    425.9    977.1
     1     1    21    10    23     8     0     0   -64.0   37.234  120.830    433.5    976.3
     1     1    21    10    23     7     0     0   -65.0   37.261  120.771    440.5    975.7
     1     1    21    10    23     6     0     0   -66.0   37.299  120.707    446.8    975.3
     1     1    21    10    23     5     0     0   -67.0   37.341  120.641    451.9    974.8
     1     1    21    10    23     4     0     0   -68.0   37.382  120.581    455.3    974.6
     1     1    21    10    23     3     0     0   -69.0   37.420  120.526    456.9    974.6
     1     1    21    10    23     2     0     0   -70.0   37.457  120.476    456.7    974.8
     1     1    21    10    23     1     0     0   -71.0   37.494  120.429    454.8    975.3
     1     1    21    10    23     0     0     0   -72.0   37.531  120.387    451.2    975.6
     1     1    21    10    22    23     0     0   -73.0   37.570  120.345    447.9    976.0
     1     1    21    10    22    22     0     0   -74.0   37.614  120.298    446.3    975.9
     1     1    21    10    22    21     0     0   -75.0   37.662  120.244    446.4    975.7
     1     1    21    10    22    20     0     0   -76.0   37.714  120.183    448.1    975.2
     1     1    21    10    22    19     0     0   -77.0   37.770  120.114    451.4    974.5
     1     1    21    10    22    18     0     0   -78.0   37.830  120.037    456.2    973.6
     1     1    21    10    22    17     0     0   -79.0   37.896  119.960    461.4    972.2
     1     1    21    10    22    16     0     0   -80.0   37.970  119.893    466.1    970.8
     1     1    21    10    22    15     0     0   -81.0   38.052  119.837    470.1    969.3
     1     1    21    10    22    14     0     0   -82.0   38.140  119.792    473.6    967.9
     1     1    21    10    22    13     0     0   -83.0   38.234  119.759    476.3    966.5
     1     1    21    10    22    12     0     0   -84.0   38.333  119.739    478.3    965.3
     1     1    21    10    22    11     0     0   -85.0   38.437  119.727    480.9    964.1
     1     1    21    10    22    10     0     0   -86.0   38.548  119.720    485.9    962.4
     1     1    21    10    22     9     0     0   -87.0   38.665  119.719    493.6    960.4
     1     1    21    10    22     8     0     0   -88.0   38.790  119.724    504.2    958.0
     1     1    21    10    22     7     0     0   -89.0   38.922  119.735    518.2    955.2
     1     1    21    10    22     6     0     0   -90.0   39.061  119.754    535.8    952.0
     1     1    21    10    22     5     0     0   -91.0   39.213  119.778    557.7    948.4
     1     1    21    10    22     4     0     0   -92.0   39.380  119.805    583.9    944.3
     1     1    21    10    22     3     0     0   -93.0   39.562  119.837    614.5    939.9
     1     1    21    10    22     2     0     0   -94.0   39.760  119.877    649.2    934.8
     1     1    21    10    22     1     0     0   -95.0   39.973  119.926    688.0    929.2
     1     1    21    10    22     0     0     0   -96.0   40.201  119.982    729.1    920.6
