     2     1
    CDC1    21     5     1     0     0
    CDC1    21     6     1     0     0
     1 BACKWARD OMEGA   
  2021     6     2     3   37.500  127.000   500.0
     1 PRESSURE
     1     1    21     6     2     3     0     0     0.0   37.500  127.000    500.0    937.6
     1     1    21     6     2     2     0     0    -1.0   37.286  126.928    492.4    939.5
     1     1    21     6     2     1     0     0    -2.0   37.080  126.872    485.5    941.1
     1     1    21     6     2     0     0     0    -3.0   36.882  126.830    479.4    942.6
     1     1    21     6     1    23     0     0    -4.0   36.694  126.796    474.5    943.5
     1     1    21     6     1    22     0     0    -5.0   36.513  126.763    471.4    944.2
     1     1    21     6     1    21     0     0    -6.0   36.338  126.733    469.9    944.6
     1     1    21     6     1    20     0     0    -7.0   36.167  126.707    470.2    944.8
     1     1    21     6     1    19     0     0    -8.0   35.997  126.685    472.2    944.7
     1     1    21     6     1    18     0     0    -9.0   35.827  126.669    476.1    944.4
     1     1    21     6     1    17     0     0   -10.0   35.656  126.657    480.4    944.3
     1     1    21     6     1    16     0     0   -11.0   35.486  126.647    483.1    944.5
     1     1    21     6     1    15     0     0   -12.0   35.322  126.636    484.2    945.0
     1     1    21     6     1    14     0     0   -13.0   35.163  126.626    483.4    945.7
     1     1    21     6     1    13     0     0   -14.0   35.013  126.613    480.4    946.6
     1     1    21     6     1    12     0     0   -15.0   34.873  126.603    474.9    948.0
     1     1    21     6     1    11     0     0   -16.0   34.736  126.603    470.2    949.3
     1     1    21     6     1    10     0     0   -17.0   34.597  126.618    470.6    949.5
     1     1    21     6     1     9     0     0   -18.0   34.456  126.648    475.8    949.2
     1     1    21     6     1     8     0     0   -19.0   34.310  126.691    486.0    948.3
     1     1    21     6     1     7     0     0   -20.0   34.161  126.749    501.5    946.8
     1     1    21     6     1     6     0     0   -21.0   34.008  126.820    522.4    944.8
     1     1    21     6     1     5     0     0   -22.0   33.852  126.900    544.9    942.5
     1     1    21     6     1     4     0     0   -23.0   33.698  126.982    565.0    940.9
     1     1    21     6     1     3     0     0   -24.0   33.546  127.067    583.0    939.7
     1     1    21     6     1     2     0     0   -25.0   33.398  127.153    599.2    938.7
     1     1    21     6     1     1     0     0   -26.0   33.256  127.242    614.2    937.8
     1     1    21     6     1     0     0     0   -27.0   33.119  127.330    628.2    937.1
     1     1    21     5    31    23     0     0   -28.0   32.990  127.424    643.9    935.5
     1     1    21     5    31    22     0     0   -29.0   32.872  127.525    664.3    933.1
     1     1    21     5    31    21     0     0   -30.0   32.766  127.634    689.7    929.9
     1     1    21     5    31    20     0     0   -31.0   32.673  127.751    720.6    926.0
     1     1    21     5    31    19     0     0   -32.0   32.594  127.876    757.4    921.5
     1     1    21     5    31    18     0     0   -33.0   32.530  128.009    800.4    916.3
     1     1    21     5    31    17     0     0   -34.0   32.477  128.145    846.5    911.1
     1     1    21     5    31    16     0     0   -35.0   32.434  128.279    891.1    906.4
     1     1    21     5    31    15     0     0   -36.0   32.399  128.408    933.7    902.0
     1     1    21     5    31    14     0     0   -37.0   32.374  128.533    974.2    897.4
     1     1    21     5    31    13     0     0   -38.0   32.360  128.650   1012.2    893.1
     1     1    21     5    31    12     0     0   -39.0   32.358  128.759   1047.9    889.1
     1     1    21     5    31    11     0     0   -40.0   32.361  128.867   1081.3    885.0
     1     1    21     5    31    10     0     0   -41.0   32.364  128.981   1113.1    880.9
     1     1    21     5    31     9     0     0   -42.0   32.368  129.101   1143.0    877.1
     1     1    21     5    31     8     0     0   -43.0   32.372  129.225   1170.8    873.5
     1     1    21     5    31     7     0     0   -44.0   32.376  129.350   1196.1    870.1
     1     1    21     5    31     6     0     0   -45.0   32.379  129.476   1218.8    867.0
     1     1    21     5    31     5     0     0   -46.0   32.387  129.598   1241.7    864.6
     1     1    21     5    31     4     0     0   -47.0   32.408  129.711   1267.1    861.8
     1     1    21     5    31     3     0     0   -48.0   32.441  129.814   1295.4    858.7
     1     1    21     5    31     2     0     0   -49.0   32.486  129.905   1327.1    855.0
     1     1    21     5    31     1     0     0   -50.0   32.540  129.985   1362.5    850.9
     1     1    21     5    31     0     0     0   -51.0   32.603  130.049   1401.1    846.6
     1     1    21     5    30    23     0     0   -52.0   32.669  130.094   1441.2    841.8
     1     1    21     5    30    22     0     0   -53.0   32.733  130.117   1483.2    837.0
     1     1    21     5    30    21     0     0   -54.0   32.794  130.119   1526.1    832.2
     1     1    21     5    30    20     0     0   -55.0   32.850  130.100   1569.9    827.4
     1     1    21     5    30    19     0     0   -56.0   32.901  130.060   1614.2    822.7
     1     1    21     5    30    18     0     0   -57.0   32.945  130.001   1658.8    818.0
     1     1    21     5    30    17     0     0   -58.0   32.983  129.937   1704.0    813.9
     1     1    21     5    30    16     0     0   -59.0   33.017  129.886   1749.8    809.4
     1     1    21     5    30    15     0     0   -60.0   33.049  129.847   1796.4    804.7
     1     1    21     5    30    14     0     0   -61.0   33.080  129.822   1844.1    800.0
     1     1    21     5    30    13     0     0   -62.0   33.110  129.811   1892.9    795.2
     1     1    21     5    30    12     0     0   -63.0   33.140  129.814   1943.0    790.3
     1     1    21     5    30    11     0     0   -64.0   33.179  129.820   1995.2    785.0
     1     1    21     5    30    10     0     0   -65.0   33.234  129.815   2048.6    779.7
     1     1    21     5    30     9     0     0   -66.0   33.305  129.797   2103.7    774.2
     1     1    21     5    30     8     0     0   -67.0   33.391  129.763   2160.8    768.6
     1     1    21     5    30     7     0     0   -68.0   33.492  129.711   2220.1    762.7
     1     1    21     5    30     6     0     0   -69.0   33.608  129.636   2281.8    756.5
     1     1    21     5    30     5     0     0   -70.0   33.732  129.530   2347.4    750.5
     1     1    21     5    30     4     0     0   -71.0   33.860  129.384   2415.9    744.3
     1     1    21     5    30     3     0     0   -72.0   33.991  129.201   2488.3    737.9
     1     1    21     5    30     2     0     0   -73.0   34.123  128.983   2564.5    731.3
     1     1    21     5    30     1     0     0   -74.0   34.255  128.733   2644.6    724.5
     1     1    21     5    30     0     0     0   -75.0   34.388  128.456   2728.9    717.5
     1     1    21     5    29    23     0     0   -76.0   34.522  128.152   2812.8    709.5
     1     1    21     5    29    22     0     0   -77.0   34.658  127.820   2894.4    702.3
     1     1    21     5    29    21     0     0   -78.0   34.800  127.463   2976.0    695.1
     1     1    21     5    29    20     0     0   -79.0   34.951  127.084   3062.1    688.2
     1     1    21     5    29    19     0     0   -80.0   35.113  126.692   3154.6    681.1
     1     1    21     5    29    18     0     0   -81.0   35.292  126.295   3255.6    673.7
     1     1    21     5    29    17     0     0   -82.0   35.488  125.886   3359.0    665.7
     1     1    21     5    29    16     0     0   -83.0   35.703  125.458   3455.8    659.0
     1     1    21     5    29    15     0     0   -84.0   35.940  125.011   3548.1    652.8
     1     1    21     5    29    14     0     0   -85.0   36.202  124.550   3635.3    645.8
     1     1    21     5    29    13     0     0   -86.0   36.492  124.079   3722.9    639.0
     1     1    21     5    29    12     0     0   -87.0   36.818  123.604   3816.2    632.2
     1     1    21     5    29    11     0     0   -88.0   37.166  123.114   3913.1    624.7
     1     1    21     5    29    10     0     0   -89.0   37.519  122.593   4003.6    618.6
     1     1    21     5    29     9     0     0   -90.0   37.871  122.051   4085.9    611.0
     1     1    21     5    29     8     0     0   -91.0   38.219  121.507   4166.9    603.3
     1     1    21     5    29     7     0     0   -92.0   38.569  120.972   4255.6    594.9
     1     1    21     5    29     6     0     0   -93.0   38.933  120.456   4363.1    584.9
     1     1    21     5    29     5     0     0   -94.0   39.323  119.945   4484.4    572.3
     1     1    21     5    29     4     0     0   -95.0   39.748  119.420   4591.2    557.2
     1     1    21     5    29     3     0     0   -96.0   40.211  118.887   4678.2    540.5
