     2     1
    CDC1    21     5     1     0     0
    CDC1    21     6     1     0     0
     1 BACKWARD OMEGA   
  2021     6    14     3   37.500  127.000   500.0
     1 PRESSURE
     1     1    21     6    14     3     0     0     0.0   37.500  127.000    500.0    930.7
     1     1    21     6    14     2     0     0    -1.0   37.450  127.054    512.3    929.0
     1     1    21     6    14     1     0     0    -2.0   37.410  127.107    522.9    927.7
     1     1    21     6    14     0     0     0    -3.0   37.381  127.159    531.6    926.5
     1     1    21     6    13    23     0     0    -4.0   37.356  127.200    540.2    925.8
     1     1    21     6    13    22     0     0    -5.0   37.327  127.220    549.9    924.9
     1     1    21     6    13    21     0     0    -6.0   37.292  127.221    560.9    924.1
     1     1    21     6    13    20     0     0    -7.0   37.252  127.202    573.2    923.2
     1     1    21     6    13    19     0     0    -8.0   37.206  127.163    586.8    922.3
     1     1    21     6    13    18     0     0    -9.0   37.153  127.105    601.9    921.3
     1     1    21     6    13    17     0     0   -10.0   37.096  127.041    616.0    920.2
     1     1    21     6    13    16     0     0   -11.0   37.042  126.988    626.7    919.5
     1     1    21     6    13    15     0     0   -12.0   36.989  126.945    633.9    919.0
     1     1    21     6    13    14     0     0   -13.0   36.940  126.912    637.6    918.9
     1     1    21     6    13    13     0     0   -14.0   36.893  126.890    637.8    919.1
     1     1    21     6    13    12     0     0   -15.0   36.849  126.877    634.6    919.7
     1     1    21     6    13    11     0     0   -16.0   36.807  126.870    631.4    920.6
     1     1    21     6    13    10     0     0   -17.0   36.763  126.864    631.7    920.8
     1     1    21     6    13     9     0     0   -18.0   36.719  126.859    635.5    920.5
     1     1    21     6    13     8     0     0   -19.0   36.675  126.856    642.8    919.9
     1     1    21     6    13     7     0     0   -20.0   36.631  126.855    653.5    918.8
     1     1    21     6    13     6     0     0   -21.0   36.586  126.857    667.6    917.3
     1     1    21     6    13     5     0     0   -22.0   36.548  126.860    682.5    915.7
     1     1    21     6    13     4     0     0   -23.0   36.523  126.862    695.6    914.6
     1     1    21     6    13     3     0     0   -24.0   36.511  126.861    706.9    913.7
     1     1    21     6    13     2     0     0   -25.0   36.513  126.857    716.3    913.0
     1     1    21     6    13     1     0     0   -26.0   36.527  126.849    723.9    912.5
     1     1    21     6    13     0     0     0   -27.0   36.555  126.836    729.7    912.2
     1     1    21     6    12    23     0     0   -28.0   36.583  126.816    734.8    912.0
     1     1    21     6    12    22     0     0   -29.0   36.595  126.789    740.3    911.7
     1     1    21     6    12    21     0     0   -30.0   36.594  126.752    746.2    911.3
     1     1    21     6    12    20     0     0   -31.0   36.578  126.707    752.5    911.1
     1     1    21     6    12    19     0     0   -32.0   36.547  126.653    759.0    910.8
     1     1    21     6    12    18     0     0   -33.0   36.502  126.590    765.8    910.6
     1     1    21     6    12    17     0     0   -34.0   36.456  126.528    772.4    910.3
     1     1    21     6    12    16     0     0   -35.0   36.424  126.479    778.9    909.9
     1     1    21     6    12    15     0     0   -36.0   36.405  126.442    785.3    909.5
     1     1    21     6    12    14     0     0   -37.0   36.398  126.419    791.7    909.0
     1     1    21     6    12    13     0     0   -38.0   36.404  126.409    798.1    908.4
     1     1    21     6    12    12     0     0   -39.0   36.422  126.412    804.7    907.7
     1     1    21     6    12    11     0     0   -40.0   36.445  126.420    812.5    906.9
     1     1    21     6    12    10     0     0   -41.0   36.466  126.425    822.5    905.8
     1     1    21     6    12     9     0     0   -42.0   36.486  126.428    834.7    904.5
     1     1    21     6    12     8     0     0   -43.0   36.505  126.428    849.0    903.1
     1     1    21     6    12     7     0     0   -44.0   36.523  126.426    865.5    901.4
     1     1    21     6    12     6     0     0   -45.0   36.541  126.423    884.2    899.6
     1     1    21     6    12     5     0     0   -46.0   36.562  126.424    905.5    897.9
     1     1    21     6    12     4     0     0   -47.0   36.591  126.435    928.7    895.8
     1     1    21     6    12     3     0     0   -48.0   36.627  126.455    954.1    893.2
     1     1    21     6    12     2     0     0   -49.0   36.671  126.485    981.6    890.3
     1     1    21     6    12     1     0     0   -50.0   36.723  126.522   1010.9    887.2
     1     1    21     6    12     0     0     0   -51.0   36.783  126.566   1042.2    883.9
     1     1    21     6    11    23     0     0   -52.0   36.846  126.604   1072.0    879.9
     1     1    21     6    11    22     0     0   -53.0   36.908  126.623   1098.4    876.8
     1     1    21     6    11    21     0     0   -54.0   36.970  126.623   1120.9    874.1
     1     1    21     6    11    20     0     0   -55.0   37.032  126.604   1139.7    872.0
     1     1    21     6    11    19     0     0   -56.0   37.095  126.568   1155.0    870.3
     1     1    21     6    11    18     0     0   -57.0   37.159  126.513   1166.8    869.1
     1     1    21     6    11    17     0     0   -58.0   37.226  126.448   1178.5    868.4
     1     1    21     6    11    16     0     0   -59.0   37.294  126.379   1193.1    867.1
     1     1    21     6    11    15     0     0   -60.0   37.365  126.306   1210.7    865.5
     1     1    21     6    11    14     0     0   -61.0   37.439  126.230   1231.5    863.6
     1     1    21     6    11    13     0     0   -62.0   37.517  126.150   1255.8    861.3
     1     1    21     6    11    12     0     0   -63.0   37.601  126.067   1283.6    857.8
     1     1    21     6    11    11     0     0   -64.0   37.688  125.968   1314.0    853.8
     1     1    21     6    11    10     0     0   -65.0   37.775  125.845   1345.0    849.8
     1     1    21     6    11     9     0     0   -66.0   37.864  125.698   1376.8    846.0
     1     1    21     6    11     8     0     0   -67.0   37.960  125.527   1409.2    842.3
     1     1    21     6    11     7     0     0   -68.0   38.067  125.334   1442.4    838.6
     1     1    21     6    11     6     0     0   -69.0   38.188  125.120   1476.6    834.8
     1     1    21     6    11     5     0     0   -70.0   38.324  124.893   1508.0    830.6
     1     1    21     6    11     4     0     0   -71.0   38.466  124.668   1533.2    827.4
     1     1    21     6    11     3     0     0   -72.0   38.612  124.447   1553.2    824.8
     1     1    21     6    11     2     0     0   -73.0   38.764  124.233   1569.2    822.6
     1     1    21     6    11     1     0     0   -74.0   38.924  124.030   1582.9    820.7
     1     1    21     6    11     0     0     0   -75.0   39.095  123.841   1595.4    818.8
     1     1    21     6    10    23     0     0   -76.0   39.255  123.664   1604.7    817.5
     1     1    21     6    10    22     0     0   -77.0   39.385  123.493   1608.9    817.3
     1     1    21     6    10    21     0     0   -78.0   39.484  123.324   1607.5    818.1
     1     1    21     6    10    20     0     0   -79.0   39.551  123.157   1600.4    819.7
     1     1    21     6    10    19     0     0   -80.0   39.585  122.988   1587.8    822.2
     1     1    21     6    10    18     0     0   -81.0   39.585  122.814   1570.2    825.5
     1     1    21     6    10    17     0     0   -82.0   39.563  122.648   1549.7    829.4
     1     1    21     6    10    16     0     0   -83.0   39.528  122.503   1526.7    833.2
     1     1    21     6    10    15     0     0   -84.0   39.477  122.378   1500.2    835.9
     1     1    21     6    10    14     0     0   -85.0   39.409  122.273   1470.6    839.1
     1     1    21     6    10    13     0     0   -86.0   39.322  122.189   1437.7    842.7
     1     1    21     6    10    12     0     0   -87.0   39.216  122.129   1401.4    846.8
     1     1    21     6    10    11     0     0   -88.0   39.090  122.084   1366.0    851.9
     1     1    21     6    10    10     0     0   -89.0   38.947  122.042   1333.9    856.2
     1     1    21     6    10     9     0     0   -90.0   38.788  122.003   1305.1    860.4
     1     1    21     6    10     8     0     0   -91.0   38.613  121.967   1279.6    864.0
     1     1    21     6    10     7     0     0   -92.0   38.424  121.934   1257.1    867.4
     1     1    21     6    10     6     0     0   -93.0   38.220  121.903   1237.8    870.5
     1     1    21     6    10     5     0     0   -94.0   38.012  121.872   1217.5    872.9
     1     1    21     6    10     4     0     0   -95.0   37.812  121.838   1192.9    876.1
     1     1    21     6    10     3     0     0   -96.0   37.619  121.801   1163.8    879.9
