     2     1
    CDC1    21     2     1     0     0
    CDC1    21     3     1     0     0
     1 BACKWARD OMEGA   
  2021     3     5     6   37.500  127.000   500.0
     1 PRESSURE
     1     1    21     3     5     6     0     0     0.0   37.500  127.000    500.0    940.4
     1     1    21     3     5     5     0     0    -1.0   37.650  126.900    530.6    935.2
     1     1    21     3     5     4     0     0    -2.0   37.784  126.791    552.1    931.6
     1     1    21     3     5     3     0     0    -3.0   37.897  126.670    563.4    929.6
     1     1    21     3     5     2     0     0    -4.0   37.985  126.536    563.8    929.3
     1     1    21     3     5     1     0     0    -5.0   38.045  126.392    553.0    930.8
     1     1    21     3     5     0     0     0    -6.0   38.075  126.238    531.0    934.0
     1     1    21     3     4    23     0     0    -7.0   38.085  126.084    506.9    938.6
     1     1    21     3     4    22     0     0    -8.0   38.087  125.931    489.5    941.4
     1     1    21     3     4    21     0     0    -9.0   38.080  125.777    478.3    943.8
     1     1    21     3     4    20     0     0   -10.0   38.063  125.622    473.2    945.6
     1     1    21     3     4    19     0     0   -11.0   38.034  125.463    474.5    946.8
     1     1    21     3     4    18     0     0   -12.0   37.993  125.301    482.3    947.5
     1     1    21     3     4    17     0     0   -13.0   37.943  125.143    495.3    947.5
     1     1    21     3     4    16     0     0   -14.0   37.891  124.999    512.5    947.1
     1     1    21     3     4    15     0     0   -15.0   37.835  124.868    534.0    945.8
     1     1    21     3     4    14     0     0   -16.0   37.777  124.750    560.1    944.0
     1     1    21     3     4    13     0     0   -17.0   37.718  124.643    590.9    941.7
     1     1    21     3     4    12     0     0   -18.0   37.661  124.547    626.9    938.8
     1     1    21     3     4    11     0     0   -19.0   37.596  124.445    664.8    934.9
     1     1    21     3     4    10     0     0   -20.0   37.513  124.324    701.0    931.8
     1     1    21     3     4     9     0     0   -21.0   37.412  124.188    734.7    928.4
     1     1    21     3     4     8     0     0   -22.0   37.294  124.037    765.4    925.2
     1     1    21     3     4     7     0     0   -23.0   37.159  123.877    793.1    922.5
     1     1    21     3     4     6     0     0   -24.0   37.008  123.710    817.4    920.1
     1     1    21     3     4     5     0     0   -25.0   36.848  123.553    836.8    918.2
     1     1    21     3     4     4     0     0   -26.0   36.683  123.417    849.8    917.1
     1     1    21     3     4     3     0     0   -27.0   36.511  123.303    856.2    916.6
     1     1    21     3     4     2     0     0   -28.0   36.332  123.209    856.0    916.8
     1     1    21     3     4     1     0     0   -29.0   36.143  123.135    849.4    917.7
     1     1    21     3     4     0     0     0   -30.0   35.942  123.082    836.6    919.3
     1     1    21     3     3    23     0     0   -31.0   35.725  123.044    822.8    921.3
     1     1    21     3     3    22     0     0   -32.0   35.493  123.018    813.1    922.4
     1     1    21     3     3    21     0     0   -33.0   35.244  123.005    807.9    922.9
     1     1    21     3     3    20     0     0   -34.0   34.979  123.008    807.7    922.8
     1     1    21     3     3    19     0     0   -35.0   34.697  123.021    811.7    923.2
     1     1    21     3     3    18     0     0   -36.0   34.398  123.041    818.6    923.6
     1     1    21     3     3    17     0     0   -37.0   34.093  123.075    827.5    923.7
     1     1    21     3     3    16     0     0   -38.0   33.793  123.127    839.0    923.7
     1     1    21     3     3    15     0     0   -39.0   33.500  123.198    853.9    923.2
     1     1    21     3     3    14     0     0   -40.0   33.216  123.291    872.9    922.2
     1     1    21     3     3    13     0     0   -41.0   32.940  123.405    896.9    920.5
     1     1    21     3     3    12     0     0   -42.0   32.675  123.541    926.8    918.1
     1     1    21     3     3    11     0     0   -43.0   32.422  123.696    959.4    914.4
     1     1    21     3     3    10     0     0   -44.0   32.184  123.860    989.1    910.2
     1     1    21     3     3     9     0     0   -45.0   31.964  124.032   1015.9    906.5
     1     1    21     3     3     8     0     0   -46.0   31.765  124.216   1040.2    903.2
     1     1    21     3     3     7     0     0   -47.0   31.590  124.414   1062.3    900.3
     1     1    21     3     3     6     0     0   -48.0   31.441  124.629   1082.5    897.6
     1     1    21     3     3     5     0     0   -49.0   31.323  124.856   1101.1    895.3
     1     1    21     3     3     4     0     0   -50.0   31.238  125.089   1119.6    893.3
     1     1    21     3     3     3     0     0   -51.0   31.187  125.325   1138.3    891.4
     1     1    21     3     3     2     0     0   -52.0   31.168  125.562   1157.8    889.6
     1     1    21     3     3     1     0     0   -53.0   31.182  125.799   1178.5    887.6
     1     1    21     3     3     0     0     0   -54.0   31.228  126.035   1200.8    885.5
     1     1    21     3     2    23     0     0   -55.0   31.306  126.269   1227.3    882.8
     1     1    21     3     2    22     0     0   -56.0   31.414  126.500   1259.5    879.2
     1     1    21     3     2    21     0     0   -57.0   31.552  126.727   1298.1    874.9
     1     1    21     3     2    20     0     0   -58.0   31.717  126.947   1343.6    869.3
     1     1    21     3     2    19     0     0   -59.0   31.909  127.159   1396.3    862.9
     1     1    21     3     2    18     0     0   -60.0   32.128  127.362   1456.5    855.6
     1     1    21     3     2    17     0     0   -61.0   32.381  127.549   1525.4    847.1
     1     1    21     3     2    16     0     0   -62.0   32.677  127.707   1604.8    836.8
     1     1    21     3     2    15     0     0   -63.0   33.013  127.826   1693.4    825.5
     1     1    21     3     2    14     0     0   -64.0   33.390  127.899   1791.1    813.2
     1     1    21     3     2    13     0     0   -65.0   33.814  127.926   1899.6    799.7
     1     1    21     3     2    12     0     0   -66.0   34.290  127.906   2021.1    785.2
     1     1    21     3     2    11     0     0   -67.0   34.805  127.825   2156.2    769.3
     1     1    21     3     2    10     0     0   -68.0   35.332  127.665   2301.8    753.2
     1     1    21     3     2     9     0     0   -69.0   35.862  127.424   2457.1    737.1
     1     1    21     3     2     8     0     0   -70.0   36.390  127.110   2622.7    721.4
     1     1    21     3     2     7     0     0   -71.0   36.915  126.736   2799.5    705.4
     1     1    21     3     2     6     0     0   -72.0   37.448  126.314   2990.9    688.4
     1     1    21     3     2     5     0     0   -73.0   37.976  125.840   3180.8    666.5
     1     1    21     3     2     4     0     0   -74.0   38.485  125.309   3366.2    647.1
     1     1    21     3     2     3     0     0   -75.0   38.986  124.729   3549.1    629.2
     1     1    21     3     2     2     0     0   -76.0   39.488  124.109   3731.6    613.2
     1     1    21     3     2     1     0     0   -77.0   40.010  123.459   3915.5    599.3
     1     1    21     3     2     0     0     0   -78.0   40.564  122.789   4099.5    586.4
     1     1    21     3     1    23     0     0   -79.0   41.120  122.087   4258.2    569.8
     1     1    21     3     1    22     0     0   -80.0   41.656  121.341   4383.9    550.6
     1     1    21     3     1    21     0     0   -81.0   42.188  120.554   4486.9    529.9
     1     1    21     3     1    20     0     0   -82.0   42.735  119.730   4572.4    508.1
     1     1    21     3     1    19     0     0   -83.0   43.302  118.864   4646.7    487.3
     1     1    21     3     1    18     0     0   -84.0   43.899  117.952   4713.0    469.0
     1     1    21     3     1    17     0     0   -85.0   44.494  116.981   4778.5    458.3
     1     1    21     3     1    16     0     0   -86.0   45.054  115.953   4841.5    456.8
     1     1    21     3     1    15     0     0   -87.0   45.595  114.897   4896.0    458.6
     1     1    21     3     1    14     0     0   -88.0   46.136  113.823   4938.0    458.2
     1     1    21     3     1    13     0     0   -89.0   46.701  112.734   4972.2    452.9
     1     1    21     3     1    12     0     0   -90.0   47.311  111.617   5003.8    440.2
     1     1    21     3     1    11     0     0   -91.0   47.942  110.428   5056.2    424.8
     1     1    21     3     1    10     0     0   -92.0   48.554  109.148   5155.7    417.8
     1     1    21     3     1     9     0     0   -93.0   49.135  107.804   5292.9    415.8
     1     1    21     3     1     8     0     0   -94.0   49.698  106.421   5441.4    412.2
     1     1    21     3     1     7     0     0   -95.0   50.266  105.013   5602.3    408.8
     1     1    21     3     1     6     0     0   -96.0   50.873  103.553   5688.9    391.7
