     2     1
    CDC1    21     7     1     0     0
    CDC1    21     8     1     0     0
     1 BACKWARD OMEGA   
  2021     8     9    15   37.500  127.000   500.0
     1 PRESSURE
     1     1    21     8     9    15     0     0     0.0   37.500  127.000    500.0    931.6
     1     1    21     8     9    14     0     0    -1.0   37.577  126.916    496.7    931.5
     1     1    21     8     9    13     0     0    -2.0   37.668  126.827    498.7    930.3
     1     1    21     8     9    12     0     0    -3.0   37.772  126.735    506.1    928.5
     1     1    21     8     9    11     0     0    -4.0   37.887  126.654    514.9    925.7
     1     1    21     8     9    10     0     0    -5.0   38.006  126.595    521.0    923.5
     1     1    21     8     9     9     0     0    -6.0   38.132  126.561    524.4    921.4
     1     1    21     8     9     8     0     0    -7.0   38.265  126.554    525.3    919.2
     1     1    21     8     9     7     0     0    -8.0   38.407  126.575    523.7    917.1
     1     1    21     8     9     6     0     0    -9.0   38.559  126.627    519.6    914.8
     1     1    21     8     9     5     0     0   -10.0   38.722  126.711    515.6    912.6
     1     1    21     8     9     4     0     0   -11.0   38.894  126.826    513.3    909.6
     1     1    21     8     9     3     0     0   -12.0   39.073  126.974    512.5    906.1
     1     1    21     8     9     2     0     0   -13.0   39.260  127.156    512.6    902.2
     1     1    21     8     9     1     0     0   -14.0   39.451  127.376    512.9    897.9
     1     1    21     8     9     0     0     0   -15.0   39.645  127.637    513.1    895.5
     1     1    21     8     8    23     0     0   -16.0   39.833  127.934    512.3    895.6
     1     1    21     8     8    22     0     0   -17.0   40.013  128.262    510.2    896.7
     1     1    21     8     8    21     0     0   -18.0   40.183  128.610    507.0    898.8
     1     1    21     8     8    20     0     0   -19.0   40.343  128.969    503.2    901.1
     1     1    21     8     8    19     0     0   -20.0   40.493  129.337    498.7    903.4
     1     1    21     8     8    18     0     0   -21.0   40.630  129.713    493.7    905.8
     1     1    21     8     8    17     0     0   -22.0   40.761  130.073    490.2    909.0
     1     1    21     8     8    16     0     0   -23.0   40.890  130.392    490.2    913.2
     1     1    21     8     8    15     0     0   -24.0   41.016  130.660    492.8    916.3
     1     1    21     8     8    14     0     0   -25.0   41.139  130.875    498.3    918.2
     1     1    21     8     8    13     0     0   -26.0   41.260  131.036    506.9    918.9
     1     1    21     8     8    12     0     0   -27.0   41.380  131.142    519.1    918.2
     1     1    21     8     8    11     0     0   -28.0   41.489  131.213    532.1    916.1
     1     1    21     8     8    10     0     0   -29.0   41.584  131.270    542.2    914.5
     1     1    21     8     8     9     0     0   -30.0   41.664  131.314    548.7    913.2
     1     1    21     8     8     8     0     0   -31.0   41.730  131.348    551.4    912.4
     1     1    21     8     8     7     0     0   -32.0   41.785  131.372    550.0    911.9
     1     1    21     8     8     6     0     0   -33.0   41.827  131.388    544.2    911.9
     1     1    21     8     8     5     0     0   -34.0   41.873  131.399    537.2    912.6
     1     1    21     8     8     4     0     0   -35.0   41.938  131.404    531.4    912.5
     1     1    21     8     8     3     0     0   -36.0   42.022  131.402    527.1    912.0
     1     1    21     8     8     2     0     0   -37.0   42.125  131.396    524.2    911.0
     1     1    21     8     8     1     0     0   -38.0   42.246  131.383    522.6    909.5
     1     1    21     8     8     0     0     0   -39.0   42.386  131.367    522.3    907.5
     1     1    21     8     7    23     0     0   -40.0   42.530  131.339    522.2    905.2
     1     1    21     8     7    22     0     0   -41.0   42.663  131.297    521.4    904.4
     1     1    21     8     7    21     0     0   -42.0   42.785  131.244    519.8    903.5
     1     1    21     8     7    20     0     0   -43.0   42.898  131.182    517.7    902.6
     1     1    21     8     7    19     0     0   -44.0   43.001  131.111    515.7    901.6
     1     1    21     8     7    18     0     0   -45.0   43.097  131.035    514.2    900.5
     1     1    21     8     7    17     0     0   -46.0   43.186  130.963    513.0    899.8
     1     1    21     8     7    16     0     0   -47.0   43.267  130.906    511.8    899.3
     1     1    21     8     7    15     0     0   -48.0   43.342  130.863    510.2    899.1
     1     1    21     8     7    14     0     0   -49.0   43.409  130.834    508.0    899.1
     1     1    21     8     7    13     0     0   -50.0   43.471  130.816    505.1    899.3
     1     1    21     8     7    12     0     0   -51.0   43.526  130.810    501.2    899.8
     1     1    21     8     7    11     0     0   -52.0   43.573  130.807    495.0    900.2
     1     1    21     8     7    10     0     0   -53.0   43.611  130.800    485.7    901.0
     1     1    21     8     7     9     0     0   -54.0   43.638  130.787    473.2    902.1
     1     1    21     8     7     8     0     0   -55.0   43.655  130.769    457.6    903.3
     1     1    21     8     7     7     0     0   -56.0   43.662  130.746    439.2    904.9
     1     1    21     8     7     6     0     0   -57.0   43.659  130.718    417.9    906.7
     1     1    21     8     7     5     0     0   -58.0   43.645  130.689    396.6    909.3
     1     1    21     8     7     4     0     0   -59.0   43.620  130.660    378.0    911.1
     1     1    21     8     7     3     0     0   -60.0   43.584  130.633    361.8    912.3
     1     1    21     8     7     2     0     0   -61.0   43.536  130.607    348.0    913.3
     1     1    21     8     7     1     0     0   -62.0   43.477  130.584    336.3    914.1
     1     1    21     8     7     0     0     0   -63.0   43.405  130.564    326.7    914.7
     1     1    21     8     6    23     0     0   -64.0   43.330  130.541    319.0    914.7
     1     1    21     8     6    22     0     0   -65.0   43.260  130.510    313.0    914.4
     1     1    21     8     6    21     0     0   -66.0   43.194  130.469    308.9    913.8
     1     1    21     8     6    20     0     0   -67.0   43.133  130.419    306.6    912.9
     1     1    21     8     6    19     0     0   -68.0   43.075  130.359    306.0    911.6
     1     1    21     8     6    18     0     0   -69.0   43.022  130.288    307.4    910.1
     1     1    21     8     6    17     0     0   -70.0   42.967  130.208    309.1    908.3
     1     1    21     8     6    16     0     0   -71.0   42.905  130.121    310.0    906.6
     1     1    21     8     6    15     0     0   -72.0   42.837  130.027    309.9    904.8
     1     1    21     8     6    14     0     0   -73.0   42.763  129.929    309.0    903.7
     1     1    21     8     6    13     0     0   -74.0   42.683  129.827    307.3    902.8
     1     1    21     8     6    12     0     0   -75.0   42.598  129.724    304.8    902.0
     1     1    21     8     6    11     0     0   -76.0   42.510  129.619    303.8    900.8
     1     1    21     8     6    10     0     0   -77.0   42.420  129.507    307.1    900.5
     1     1    21     8     6     9     0     0   -78.0   42.330  129.387    314.1    899.9
     1     1    21     8     6     8     0     0   -79.0   42.239  129.259    324.2    898.9
     1     1    21     8     6     7     0     0   -80.0   42.149  129.119    337.0    897.7
     1     1    21     8     6     6     0     0   -81.0   42.060  128.968    351.9    896.2
     1     1    21     8     6     5     0     0   -82.0   41.974  128.810    366.2    894.9
     1     1    21     8     6     4     0     0   -83.0   41.892  128.652    376.6    894.1
     1     1    21     8     6     3     0     0   -84.0   41.812  128.495    383.6    893.4
     1     1    21     8     6     2     0     0   -85.0   41.732  128.339    387.0    893.1
     1     1    21     8     6     1     0     0   -86.0   41.651  128.186    387.2    893.1
     1     1    21     8     6     0     0     0   -87.0   41.566  128.037    384.1    893.6
     1     1    21     8     5    23     0     0   -88.0   41.481  127.882    377.7    893.8
     1     1    21     8     5    22     0     0   -89.0   41.400  127.713    368.1    894.1
     1     1    21     8     5    21     0     0   -90.0   41.322  127.529    355.1    894.3
     1     1    21     8     5    20     0     0   -91.0   41.251  127.330    339.4    897.8
     1     1    21     8     5    19     0     0   -92.0   41.186  127.116    320.6    902.1
     1     1    21     8     5    18     0     0   -93.0   41.128  126.889    299.2    906.9
     1     1    21     8     5    17     0     0   -94.0   41.072  126.665    278.4    912.0
     1     1    21     8     5    16     0     0   -95.0   41.010  126.461    261.6    916.2
     1     1    21     8     5    15     0     0   -96.0   40.942  126.275    248.9    919.9
