     3     1
    CDC1    21     1     1     0     0
    CDC1    21     2     1     0     0
    CDC1    21     3     1     0     0
     1 BACKWARD OMEGA   
  2021     2    28     3   37.500  127.000   500.0
     1 PRESSURE
     1     1    21     2    28     3     0     0     0.0   37.500  127.000    500.0    946.4
     1     1    21     2    28     2     0     0    -1.0   37.339  126.892    504.5    946.7
     1     1    21     2    28     1     0     0    -2.0   37.159  126.835    508.7    946.9
     1     1    21     2    28     0     0     0    -3.0   36.961  126.828    514.1    946.8
     1     1    21     2    27    23     0     0    -4.0   36.756  126.870    524.1    946.4
     1     1    21     2    27    22     0     0    -5.0   36.552  126.959    541.2    944.6
     1     1    21     2    27    21     0     0    -6.0   36.348  127.096    565.6    941.8
     1     1    21     2    27    20     0     0    -7.0   36.142  127.286    597.6    937.8
     1     1    21     2    27    19     0     0    -8.0   35.934  127.536    637.8    932.8
     1     1    21     2    27    18     0     0    -9.0   35.725  127.843    686.1    927.0
     1     1    21     2    27    17     0     0   -10.0   35.526  128.197    740.5    920.5
     1     1    21     2    27    16     0     0   -11.0   35.350  128.586    799.2    913.6
     1     1    21     2    27    15     0     0   -12.0   35.196  129.010    861.1    906.3
     1     1    21     2    27    14     0     0   -13.0   35.063  129.471    925.3    898.8
     1     1    21     2    27    13     0     0   -14.0   34.948  129.969    989.6    890.5
     1     1    21     2    27    12     0     0   -15.0   34.854  130.499   1053.3    884.9
     1     1    21     2    27    11     0     0   -16.0   34.792  131.038   1121.2    878.8
     1     1    21     2    27    10     0     0   -17.0   34.773  131.569   1200.9    871.1
     1     1    21     2    27     9     0     0   -18.0   34.804  132.086   1295.1    862.1
     1     1    21     2    27     8     0     0   -19.0   34.896  132.578   1403.7    850.1
     1     1    21     2    27     7     0     0   -20.0   35.057  133.031   1522.2    835.5
     1     1    21     2    27     6     0     0   -21.0   35.281  133.440   1645.1    822.3
     1     1    21     2    27     5     0     0   -22.0   35.560  133.799   1763.6    810.1
     1     1    21     2    27     4     0     0   -23.0   35.888  134.102   1875.1    799.4
     1     1    21     2    27     3     0     0   -24.0   36.270  134.343   1984.2    789.7
     1     1    21     2    27     2     0     0   -25.0   36.709  134.514   2096.2    780.2
     1     1    21     2    27     1     0     0   -26.0   37.210  134.608   2216.5    770.8
     1     1    21     2    27     0     0     0   -27.0   37.770  134.627   2350.6    761.0
     1     1    21     2    26    23     0     0   -28.0   38.369  134.577   2498.5    750.5
     1     1    21     2    26    22     0     0   -29.0   38.994  134.458   2656.8    739.0
     1     1    21     2    26    21     0     0   -30.0   39.647  134.262   2817.5    727.0
     1     1    21     2    26    20     0     0   -31.0   40.330  133.989   2970.6    710.1
     1     1    21     2    26    19     0     0   -32.0   41.042  133.652   3116.8    688.0
     1     1    21     2    26    18     0     0   -33.0   41.782  133.257   3264.9    665.1
     1     1    21     2    26    17     0     0   -34.0   42.548  132.778   3414.3    641.7
     1     1    21     2    26    16     0     0   -35.0   43.330  132.222   3568.8    621.2
     1     1    21     2    26    15     0     0   -36.0   44.117  131.626   3715.4    601.3
     1     1    21     2    26    14     0     0   -37.0   44.912  130.994   3848.3    585.9
     1     1    21     2    26    13     0     0   -38.0   45.719  130.350   3976.4    575.5
     1     1    21     2    26    12     0     0   -39.0   46.533  129.722   4111.3    566.4
     1     1    21     2    26    11     0     0   -40.0   47.322  129.100   4243.4    558.5
     1     1    21     2    26    10     0     0   -41.0   48.067  128.449   4352.8    550.8
     1     1    21     2    26     9     0     0   -42.0   48.787  127.747   4457.7    543.1
     1     1    21     2    26     8     0     0   -43.0   49.494  126.988   4559.6    533.2
     1     1    21     2    26     7     0     0   -44.0   50.197  126.158   4656.3    521.7
     1     1    21     2    26     6     0     0   -45.0   50.915  125.228   4758.7    511.7
     1     1    21     2    26     5     0     0   -46.0   51.632  124.199   4840.6    497.7
     1     1    21     2    26     4     0     0   -47.0   52.320  123.101   4902.0    485.4
     1     1    21     2    26     3     0     0   -48.0   52.982  121.919   4940.2    473.3
     1     1    21     2    26     2     0     0   -49.0   53.596  120.637   4953.6    464.2
     1     1    21     2    26     1     0     0   -50.0   54.148  119.256   4938.7    459.0
     1     1    21     2    26     0     0     0   -51.0   54.627  117.786   4883.7    456.8
     1     1    21     2    25    23     0     0   -52.0   55.013  116.240   4793.8    455.9
     1     1    21     2    25    22     0     0   -53.0   55.299  114.629   4720.5    457.0
     1     1    21     2    25    21     0     0   -54.0   55.483  112.985   4655.2    459.2
     1     1    21     2    25    20     0     0   -55.0   55.561  111.351   4604.9    466.0
     1     1    21     2    25    19     0     0   -56.0   55.524  109.766   4557.9    475.3
     1     1    21     2    25    18     0     0   -57.0   55.366  108.283   4527.8    491.5
     1     1    21     2    25    17     0     0   -58.0   55.141  106.928   4489.8    506.6
     1     1    21     2    25    16     0     0   -59.0   54.906  105.687   4428.5    522.6
     1     1    21     2    25    15     0     0   -60.0   54.677  104.534   4335.1    533.8
     1     1    21     2    25    14     0     0   -61.0   54.454  103.429   4205.1    537.9
     1     1    21     2    25    13     0     0   -62.0   54.238  102.342   4055.9    539.4
     1     1    21     2    25    12     0     0   -63.0   54.026  101.251   3886.1    536.3
     1     1    21     2    25    11     0     0   -64.0   53.799  100.117   3714.9    530.9
     1     1    21     2    25    10     0     0   -65.0   53.518   98.933   3564.9    530.8
     1     1    21     2    25     9     0     0   -66.0   53.158   97.733   3404.9    532.2
     1     1    21     2    25     8     0     0   -67.0   52.715   96.568   3248.1    545.7
     1     1    21     2    25     7     0     0   -68.0   52.215   95.481   3092.6    568.5
     1     1    21     2    25     6     0     0   -69.0   51.687   94.470   2927.5    587.8
     1     1    21     2    25     5     0     0   -70.0   51.191   93.499   2779.3    597.6
     1     1    21     2    25     4     0     0   -71.0   50.748   92.560   2670.6    596.6
     1     1    21     2    25     3     0     0   -72.0   50.304   91.658   2561.3    582.7
     1     1    21     2    25     2     0     0   -73.0   49.824   90.805   2443.4    569.8
     1     1    21     2    25     1     0     0   -74.0   49.313   90.045   2316.4    574.0
     1     1    21     2    25     0     0     0   -75.0   48.786   89.441   2171.4    596.5
     1     1    21     2    24    23     0     0   -76.0   48.292   88.959   2025.3    625.0
     1     1    21     2    24    22     0     0   -77.0   47.863   88.520   1904.7    648.8
     1     1    21     2    24    21     0     0   -78.0   47.487   88.142   1804.8    671.1
     1     1    21     2    24    20     0     0   -79.0   47.149   87.823   1718.2    689.5
     1     1    21     2    24    19     0     0   -80.0   46.839   87.557   1642.2    705.3
     1     1    21     2    24    18     0     0   -81.0   46.558   87.351   1576.5    718.2
     1     1    21     2    24    17     0     0   -82.0   46.310   87.199   1518.0    728.0
     1     1    21     2    24    16     0     0   -83.0   46.095   87.094   1463.2    736.7
     1     1    21     2    24    15     0     0   -84.0   45.908   87.029   1415.0    744.0
     1     1    21     2    24    14     0     0   -85.0   45.743   87.000   1375.0    750.2
     1     1    21     2    24    13     0     0   -86.0   45.598   87.003   1344.4    755.1
     1     1    21     2    24    12     0     0   -87.0   45.470   87.036   1323.8    759.1
     1     1    21     2    24    11     0     0   -88.0   45.350   87.069   1310.7    762.1
     1     1    21     2    24    10     0     0   -89.0   45.234   87.080   1302.3    764.9
     1     1    21     2    24     9     0     0   -90.0   45.120   87.067   1298.2    767.1
     1     1    21     2    24     8     0     0   -91.0   45.008   87.028   1298.3    768.7
     1     1    21     2    24     7     0     0   -92.0   44.899   86.958   1300.6    766.3
     1     1    21     2    24     6     0     0   -93.0   44.792   86.850   1306.8    762.9
     1     1    21     2    24     5     0     0   -94.0   44.693   86.718   1315.6    758.6
     1     1    21     2    24     4     0     0   -95.0   44.603   86.578   1323.6    754.6
     1     1    21     2    24     3     0     0   -96.0   44.523   86.426   1331.7    750.6
