     2     1
    CDC1    21     7     1     0     0
    CDC1    21     8     1     0     0
     1 BACKWARD OMEGA   
  2021     8    16    18   37.500  127.000   500.0
     1 PRESSURE
     1     1    21     8    16    18     0     0     0.0   37.500  127.000    500.0    937.6
     1     1    21     8    16    17     0     0    -1.0   37.520  127.237    481.5    938.5
     1     1    21     8    16    16     0     0    -2.0   37.536  127.457    465.0    939.2
     1     1    21     8    16    15     0     0    -3.0   37.549  127.660    450.4    941.1
     1     1    21     8    16    14     0     0    -4.0   37.560  127.844    437.0    943.4
     1     1    21     8    16    13     0     0    -5.0   37.570  128.013    424.4    945.5
     1     1    21     8    16    12     0     0    -6.0   37.580  128.165    412.3    947.7
     1     1    21     8    16    11     0     0    -7.0   37.587  128.312    400.3    949.6
     1     1    21     8    16    10     0     0    -8.0   37.587  128.465    388.7    951.7
     1     1    21     8    16     9     0     0    -9.0   37.582  128.624    377.6    953.6
     1     1    21     8    16     8     0     0   -10.0   37.572  128.791    367.3    955.5
     1     1    21     8    16     7     0     0   -11.0   37.558  128.966    358.1    957.3
     1     1    21     8    16     6     0     0   -12.0   37.541  129.151    350.4    959.0
     1     1    21     8    16     5     0     0   -13.0   37.527  129.348    344.6    960.8
     1     1    21     8    16     4     0     0   -14.0   37.519  129.559    341.4    962.2
     1     1    21     8    16     3     0     0   -15.0   37.520  129.784    340.9    963.3
     1     1    21     8    16     2     0     0   -16.0   37.530  130.022    343.4    964.1
     1     1    21     8    16     1     0     0   -17.0   37.551  130.266    348.6    965.6
     1     1    21     8    16     0     0     0   -18.0   37.584  130.511    356.0    966.9
     1     1    21     8    15    23     0     0   -19.0   37.628  130.749    363.2    968.0
     1     1    21     8    15    22     0     0   -20.0   37.678  130.970    367.7    969.3
     1     1    21     8    15    21     0     0   -21.0   37.734  131.174    369.4    970.8
     1     1    21     8    15    20     0     0   -22.0   37.795  131.361    368.5    972.4
     1     1    21     8    15    19     0     0   -23.0   37.860  131.532    364.7    974.2
     1     1    21     8    15    18     0     0   -24.0   37.928  131.685    358.0    976.2
     1     1    21     8    15    17     0     0   -25.0   38.002  131.832    349.1    978.4
     1     1    21     8    15    16     0     0   -26.0   38.086  131.984    338.8    980.9
     1     1    21     8    15    15     0     0   -27.0   38.177  132.141    327.1    983.7
     1     1    21     8    15    14     0     0   -28.0   38.275  132.305    314.0    986.9
     1     1    21     8    15    13     0     0   -29.0   38.380  132.477    299.5    990.5
     1     1    21     8    15    12     0     0   -30.0   38.489  132.659    283.7    992.1
     1     1    21     8    15    11     0     0   -31.0   38.600  132.844    267.7    993.3
     1     1    21     8    15    10     0     0   -32.0   38.715  133.029    252.3    994.7
     1     1    21     8    15     9     0     0   -33.0   38.833  133.214    237.7    996.2
     1     1    21     8    15     8     0     0   -34.0   38.956  133.401    223.9    997.9
     1     1    21     8    15     7     0     0   -35.0   39.086  133.590    211.2    999.6
     1     1    21     8    15     6     0     0   -36.0   39.223  133.785    199.8   1001.4
     1     1    21     8    15     5     0     0   -37.0   39.369  133.986    189.4   1003.1
     1     1    21     8    15     4     0     0   -38.0   39.522  134.195    180.2   1005.0
     1     1    21     8    15     3     0     0   -39.0   39.684  134.411    171.9   1007.1
     1     1    21     8    15     2     0     0   -40.0   39.854  134.636    164.8   1009.5
     1     1    21     8    15     1     0     0   -41.0   40.031  134.868    158.8   1011.6
     1     1    21     8    15     0     0     0   -42.0   40.208  135.100    153.7   1009.7
     1     1    21     8    14    23     0     0   -43.0   40.380  135.326    148.6   1006.4
     1     1    21     8    14    22     0     0   -44.0   40.543  135.549    142.3   1003.8
     1     1    21     8    14    21     0     0   -45.0   40.699  135.772    134.5   1001.7
     1     1    21     8    14    20     0     0   -46.0   40.849  135.999    125.0   1000.1
     1     1    21     8    14    19     0     0   -47.0   40.995  136.231    113.8    998.9
     1     1    21     8    14    18     0     0   -48.0   41.138  136.472    100.7    998.2
     1     1    21     8    14    17     0     0   -49.0   41.273  136.719     86.7    998.6
     1     1    21     8    14    16     0     0   -50.0   41.393  136.967     72.8    999.1
     1     1    21     8    14    15     0     0   -51.0   41.501  137.213     59.4    999.2
     1     1    21     8    14    14     0     0   -52.0   41.594  137.455     47.2    999.5
     1     1    21     8    14    13     0     0   -53.0   41.673  137.690     36.6   1000.3
     1     1    21     8    14    12     0     0   -54.0   41.735  137.918     27.8   1001.2
     1     1    21     8    14    11     0     0   -55.0   41.789  138.147     20.6   1001.8
     1     1    21     8    14    10     0     0   -56.0   41.840  138.387     14.8   1002.5
     1     1    21     8    14     9     0     0   -57.0   41.889  138.637     10.3   1003.0
     1     1    21     8    14     8     0     0   -58.0   41.934  138.898      6.3   1002.8
     1     1    21     8    14     7     0     0   -59.0   41.977  139.170      2.3   1002.7
     1     1    21     8    14     6     0     0   -60.0   42.019  139.450      0.0   1002.7
     1     1    21     8    14     5     0     0   -61.0   42.053  139.734      0.0   1002.7
     1     1    21     8    14     4     0     0   -62.0   42.073  140.020      0.0   1002.8
     1     1    21     8    14     3     0     0   -63.0   42.085  140.314      0.0   1002.3
     1     1    21     8    14     2     0     0   -64.0   42.093  140.623      0.0   1002.0
     1     1    21     8    14     1     0     0   -65.0   42.101  140.949      0.0   1001.6
     1     1    21     8    14     0     0     0   -66.0   42.110  141.295      0.0   1001.4
     1     1    21     8    13    23     0     0   -67.0   42.118  141.654      0.0   1001.0
     1     1    21     8    13    22     0     0   -68.0   42.117  142.014      0.0   1000.6
     1     1    21     8    13    21     0     0   -69.0   42.105  142.371      0.0   1000.2
     1     1    21     8    13    20     0     0   -70.0   42.081  142.716      0.0   1000.1
     1     1    21     8    13    19     0     0   -71.0   42.046  143.037      0.0   1000.1
     1     1    21     8    13    18     0     0   -72.0   42.004  143.333      0.0   1000.3
     1     1    21     8    13    17     0     0   -73.0   41.957  143.607      0.0   1000.6
     1     1    21     8    13    16     0     0   -74.0   41.907  143.865      0.0   1001.0
     1     1    21     8    13    15     0     0   -75.0   41.856  144.109      0.0   1001.5
     1     1    21     8    13    14     0     0   -76.0   41.806  144.344      0.0   1001.9
     1     1    21     8    13    13     0     0   -77.0   41.757  144.570      0.0   1002.4
     1     1    21     8    13    12     0     0   -78.0   41.713  144.790      0.0   1002.9
     1     1    21     8    13    11     0     0   -79.0   41.678  145.012      0.0   1003.1
     1     1    21     8    13    10     0     0   -80.0   41.658  145.248      0.0   1004.4
     1     1    21     8    13     9     0     0   -81.0   41.653  145.497      0.0   1005.6
     1     1    21     8    13     8     0     0   -82.0   41.665  145.756      0.0   1006.8
     1     1    21     8    13     7     0     0   -83.0   41.695  146.023      0.0   1008.0
     1     1    21     8    13     6     0     0   -84.0   41.741  146.292      0.0   1009.2
     1     1    21     8    13     5     0     0   -85.0   41.802  146.548      0.0   1010.6
     1     1    21     8    13     4     0     0   -86.0   41.869  146.775      0.2   1011.8
     1     1    21     8    13     3     0     0   -87.0   41.943  146.973      0.5   1012.9
     1     1    21     8    13     2     0     0   -88.0   42.021  147.141      0.9   1013.8
     1     1    21     8    13     1     0     0   -89.0   42.102  147.279      1.4   1014.6
     1     1    21     8    13     0     0     0   -90.0   42.184  147.387      2.1   1015.2
     1     1    21     8    12    23     0     0   -91.0   42.268  147.470      2.9   1015.3
     1     1    21     8    12    22     0     0   -92.0   42.351  147.534      3.7   1015.0
     1     1    21     8    12    21     0     0   -93.0   42.433  147.579      4.7   1014.6
     1     1    21     8    12    20     0     0   -94.0   42.516  147.608      5.7   1014.1
     1     1    21     8    12    19     0     0   -95.0   42.599  147.625      6.9   1013.8
     1     1    21     8    12    18     0     0   -96.0   42.681  147.635      8.1   1013.5
