     2     1
    CDC1    21     4     1     0     0
    CDC1    21     5     1     0     0
     1 BACKWARD OMEGA   
  2021     5    29    21   37.500  127.000   500.0
     1 PRESSURE
     1     1    21     5    29    21     0     0     0.0   37.500  127.000    500.0    932.1
     1     1    21     5    29    20     0     0    -1.0   37.492  126.971    513.7    930.7
     1     1    21     5    29    19     0     0    -2.0   37.487  126.919    528.8    929.2
     1     1    21     5    29    18     0     0    -3.0   37.486  126.844    545.5    927.7
     1     1    21     5    29    17     0     0    -4.0   37.484  126.760    564.0    926.2
     1     1    21     5    29    16     0     0    -5.0   37.480  126.678    584.1    924.5
     1     1    21     5    29    15     0     0    -6.0   37.474  126.599    606.1    922.7
     1     1    21     5    29    14     0     0    -7.0   37.464  126.523    629.9    920.7
     1     1    21     5    29    13     0     0    -8.0   37.454  126.448    655.5    918.0
     1     1    21     5    29    12     0     0    -9.0   37.445  126.376    682.7    915.2
     1     1    21     5    29    11     0     0   -10.0   37.438  126.294    708.9    912.2
     1     1    21     5    29    10     0     0   -11.0   37.434  126.196    730.9    910.1
     1     1    21     5    29     9     0     0   -12.0   37.429  126.081    748.4    908.6
     1     1    21     5    29     8     0     0   -13.0   37.424  125.952    761.2    907.8
     1     1    21     5    29     7     0     0   -14.0   37.418  125.806    769.2    907.7
     1     1    21     5    29     6     0     0   -15.0   37.408  125.646    772.2    908.2
     1     1    21     5    29     5     0     0   -16.0   37.402  125.474    772.4    909.3
     1     1    21     5    29     4     0     0   -17.0   37.408  125.299    771.7    910.3
     1     1    21     5    29     3     0     0   -18.0   37.424  125.121    769.3    911.5
     1     1    21     5    29     2     0     0   -19.0   37.446  124.943    764.8    912.6
     1     1    21     5    29     1     0     0   -20.0   37.473  124.764    758.1    913.6
     1     1    21     5    29     0     0     0   -21.0   37.500  124.586    749.5    914.8
     1     1    21     5    28    23     0     0   -22.0   37.533  124.397    739.5    915.8
     1     1    21     5    28    22     0     0   -23.0   37.577  124.191    729.1    916.8
     1     1    21     5    28    21     0     0   -24.0   37.629  123.967    716.9    918.1
     1     1    21     5    28    20     0     0   -25.0   37.684  123.725    701.8    919.9
     1     1    21     5    28    19     0     0   -26.0   37.736  123.465    682.8    922.4
     1     1    21     5    28    18     0     0   -27.0   37.778  123.187    658.5    925.8
     1     1    21     5    28    17     0     0   -28.0   37.818  122.907    634.7    929.9
     1     1    21     5    28    16     0     0   -29.0   37.879  122.640    618.1    932.2
     1     1    21     5    28    15     0     0   -30.0   37.971  122.385    609.9    932.9
     1     1    21     5    28    14     0     0   -31.0   38.100  122.143    611.0    931.9
     1     1    21     5    28    13     0     0   -32.0   38.271  121.912    621.9    929.7
     1     1    21     5    28    12     0     0   -33.0   38.486  121.692    642.8    926.2
     1     1    21     5    28    11     0     0   -34.0   38.733  121.471    668.5    920.9
     1     1    21     5    28    10     0     0   -35.0   38.999  121.241    694.3    916.1
     1     1    21     5    28     9     0     0   -36.0   39.287  121.004    722.8    910.8
     1     1    21     5    28     8     0     0   -37.0   39.601  120.763    756.3    904.8
     1     1    21     5    28     7     0     0   -38.0   39.944  120.517    797.4    897.6
     1     1    21     5    28     6     0     0   -39.0   40.315  120.272    845.0    886.0
     1     1    21     5    28     5     0     0   -40.0   40.702  120.043    894.2    872.3
     1     1    21     5    28     4     0     0   -41.0   41.089  119.849    940.0    857.1
     1     1    21     5    28     3     0     0   -42.0   41.475  119.691    982.5    841.9
     1     1    21     5    28     2     0     0   -43.0   41.857  119.575   1022.3    827.6
     1     1    21     5    28     1     0     0   -44.0   42.234  119.507   1059.6    814.5
     1     1    21     5    28     0     0     0   -45.0   42.602  119.489   1095.2    804.6
     1     1    21     5    27    23     0     0   -46.0   42.948  119.490   1124.6    799.3
     1     1    21     5    27    22     0     0   -47.0   43.262  119.481   1143.6    795.8
     1     1    21     5    27    21     0     0   -48.0   43.551  119.468   1152.8    793.4
     1     1    21     5    27    20     0     0   -49.0   43.820  119.458   1153.4    792.0
     1     1    21     5    27    19     0     0   -50.0   44.074  119.456   1146.4    791.6
     1     1    21     5    27    18     0     0   -51.0   44.317  119.468   1132.7    792.3
     1     1    21     5    27    17     0     0   -52.0   44.542  119.488   1114.3    793.9
     1     1    21     5    27    16     0     0   -53.0   44.742  119.511   1093.0    795.7
     1     1    21     5    27    15     0     0   -54.0   44.916  119.537   1069.5    797.9
     1     1    21     5    27    14     0     0   -55.0   45.065  119.562   1044.3    800.3
     1     1    21     5    27    13     0     0   -56.0   45.190  119.581   1017.7    802.8
     1     1    21     5    27    12     0     0   -57.0   45.291  119.591    989.6    805.4
     1     1    21     5    27    11     0     0   -58.0   45.369  119.596    958.3    808.0
     1     1    21     5    27    10     0     0   -59.0   45.426  119.599    924.0    811.2
     1     1    21     5    27     9     0     0   -60.0   45.461  119.603    886.8    814.5
     1     1    21     5    27     8     0     0   -61.0   45.473  119.610    847.0    818.0
     1     1    21     5    27     7     0     0   -62.0   45.463  119.621    805.3    821.9
     1     1    21     5    27     6     0     0   -63.0   45.429  119.640    762.0    826.1
     1     1    21     5    27     5     0     0   -64.0   45.383  119.667    725.2    831.3
     1     1    21     5    27     4     0     0   -65.0   45.338  119.703    701.0    834.5
     1     1    21     5    27     3     0     0   -66.0   45.294  119.746    689.2    836.6
     1     1    21     5    27     2     0     0   -67.0   45.252  119.796    689.1    837.6
     1     1    21     5    27     1     0     0   -68.0   45.211  119.852    700.6    837.5
     1     1    21     5    27     0     0     0   -69.0   45.172  119.910    723.6    836.2
     1     1    21     5    26    23     0     0   -70.0   45.137  119.959    749.6    833.8
     1     1    21     5    26    22     0     0   -71.0   45.110  119.984    769.7    832.5
     1     1    21     5    26    21     0     0   -72.0   45.089  119.989    783.9    831.5
     1     1    21     5    26    20     0     0   -73.0   45.077  119.971    792.1    830.8
     1     1    21     5    26    19     0     0   -74.0   45.073  119.934    794.5    830.2
     1     1    21     5    26    18     0     0   -75.0   45.077  119.875    791.3    829.9
     1     1    21     5    26    17     0     0   -76.0   45.092  119.802    787.1    829.4
     1     1    21     5    26    16     0     0   -77.0   45.119  119.719    786.5    827.9
     1     1    21     5    26    15     0     0   -78.0   45.161  119.624    789.2    825.9
     1     1    21     5    26    14     0     0   -79.0   45.218  119.519    794.9    823.5
     1     1    21     5    26    13     0     0   -80.0   45.293  119.401    803.2    820.8
     1     1    21     5    26    12     0     0   -81.0   45.386  119.272    813.3    817.8
     1     1    21     5    26    11     0     0   -82.0   45.490  119.131    823.1    815.1
     1     1    21     5    26    10     0     0   -83.0   45.598  118.978    831.0    812.7
     1     1    21     5    26     9     0     0   -84.0   45.709  118.812    837.6    810.6
     1     1    21     5    26     8     0     0   -85.0   45.823  118.630    843.7    808.6
     1     1    21     5    26     7     0     0   -86.0   45.940  118.431    850.2    806.7
     1     1    21     5    26     6     0     0   -87.0   46.060  118.211    858.0    804.8
     1     1    21     5    26     5     0     0   -88.0   46.187  117.985    869.6    802.9
     1     1    21     5    26     4     0     0   -89.0   46.324  117.769    886.9    800.8
     1     1    21     5    26     3     0     0   -90.0   46.467  117.565    910.1    798.5
     1     1    21     5    26     2     0     0   -91.0   46.617  117.374    939.3    796.9
     1     1    21     5    26     1     0     0   -92.0   46.770  117.196    973.6    795.3
     1     1    21     5    26     0     0     0   -93.0   46.925  117.030   1012.8    793.3
     1     1    21     5    25    23     0     0   -94.0   47.082  116.860   1054.4    790.8
     1     1    21     5    25    22     0     0   -95.0   47.238  116.670   1096.3    788.5
     1     1    21     5    25    21     0     0   -96.0   47.395  116.460   1138.1    786.4
