     2     1
    CDC1    21     7     1     0     0
    CDC1    21     8     1     0     0
     1 BACKWARD OMEGA   
  2021     8    23     9   37.500  127.000   500.0
     1 PRESSURE
     1     1    21     8    23     9     0     0     0.0   37.500  127.000    500.0    932.0
     1     1    21     8    23     8     0     0    -1.0   37.258  127.188    498.0    932.2
     1     1    21     8    23     7     0     0    -2.0   37.011  127.362    499.3    932.0
     1     1    21     8    23     6     0     0    -3.0   36.757  127.527    504.9    931.7
     1     1    21     8    23     5     0     0    -4.0   36.515  127.681    513.1    931.8
     1     1    21     8    23     4     0     0    -5.0   36.302  127.815    521.6    931.9
     1     1    21     8    23     3     0     0    -6.0   36.114  127.929    531.3    931.7
     1     1    21     8    23     2     0     0    -7.0   35.951  128.021    542.8    931.1
     1     1    21     8    23     1     0     0    -8.0   35.810  128.091    556.4    930.3
     1     1    21     8    23     0     0     0    -9.0   35.690  128.137    572.7    929.2
     1     1    21     8    22    23     0     0   -10.0   35.582  128.148    589.2    927.3
     1     1    21     8    22    22     0     0   -11.0   35.474  128.113    602.9    926.0
     1     1    21     8    22    21     0     0   -12.0   35.366  128.036    613.7    925.1
     1     1    21     8    22    20     0     0   -13.0   35.255  127.918    621.3    924.5
     1     1    21     8    22    19     0     0   -14.0   35.142  127.763    625.7    924.4
     1     1    21     8    22    18     0     0   -15.0   35.026  127.571    627.2    924.8
     1     1    21     8    22    17     0     0   -16.0   34.899  127.373    626.2    926.1
     1     1    21     8    22    16     0     0   -17.0   34.758  127.195    622.9    927.7
     1     1    21     8    22    15     0     0   -18.0   34.603  127.039    617.6    929.4
     1     1    21     8    22    14     0     0   -19.0   34.439  126.905    610.3    931.4
     1     1    21     8    22    13     0     0   -20.0   34.268  126.791    601.2    933.4
     1     1    21     8    22    12     0     0   -21.0   34.092  126.697    590.3    935.5
     1     1    21     8    22    11     0     0   -22.0   33.916  126.616    580.4    937.8
     1     1    21     8    22    10     0     0   -23.0   33.741  126.539    574.3    939.4
     1     1    21     8    22     9     0     0   -24.0   33.567  126.464    572.0    940.5
     1     1    21     8    22     8     0     0   -25.0   33.395  126.390    573.4    941.3
     1     1    21     8    22     7     0     0   -26.0   33.225  126.315    578.7    941.7
     1     1    21     8    22     6     0     0   -27.0   33.057  126.238    587.7    941.7
     1     1    21     8    22     5     0     0   -28.0   32.891  126.162    595.5    941.0
     1     1    21     8    22     4     0     0   -29.0   32.725  126.094    596.8    941.5
     1     1    21     8    22     3     0     0   -30.0   32.560  126.031    590.8    942.6
     1     1    21     8    22     2     0     0   -31.0   32.396  125.974    577.1    944.1
     1     1    21     8    22     1     0     0   -32.0   32.234  125.925    555.6    946.2
     1     1    21     8    22     0     0     0   -33.0   32.075  125.882    526.4    949.2
     1     1    21     8    21    23     0     0   -34.0   31.912  125.839    495.2    952.9
     1     1    21     8    21    22     0     0   -35.0   31.738  125.795    467.7    955.7
     1     1    21     8    21    21     0     0   -36.0   31.553  125.751    443.1    958.3
     1     1    21     8    21    20     0     0   -37.0   31.357  125.709    421.4    960.6
     1     1    21     8    21    19     0     0   -38.0   31.150  125.672    402.2    962.7
     1     1    21     8    21    18     0     0   -39.0   30.930  125.643    385.5    964.6
     1     1    21     8    21    17     0     0   -40.0   30.701  125.625    369.2    966.0
     1     1    21     8    21    16     0     0   -41.0   30.467  125.620    351.7    967.7
     1     1    21     8    21    15     0     0   -42.0   30.227  125.628    333.3    969.5
     1     1    21     8    21    14     0     0   -43.0   29.979  125.648    314.5    971.4
     1     1    21     8    21    13     0     0   -44.0   29.728  125.675    295.8    973.7
     1     1    21     8    21    12     0     0   -45.0   29.473  125.705    277.7    975.9
     1     1    21     8    21    11     0     0   -46.0   29.216  125.735    261.3    978.4
     1     1    21     8    21    10     0     0   -47.0   28.955  125.761    247.7    980.4
     1     1    21     8    21     9     0     0   -48.0   28.694  125.785    237.1    982.0
     1     1    21     8    21     8     0     0   -49.0   28.433  125.811    229.9    983.2
     1     1    21     8    21     7     0     0   -50.0   28.175  125.840    226.2    984.0
     1     1    21     8    21     6     0     0   -51.0   27.922  125.874    226.3    984.2
     1     1    21     8    21     5     0     0   -52.0   27.674  125.915    229.0    984.1
     1     1    21     8    21     4     0     0   -53.0   27.430  125.964    232.3    984.0
     1     1    21     8    21     3     0     0   -54.0   27.195  126.018    235.8    983.8
     1     1    21     8    21     2     0     0   -55.0   26.971  126.078    239.1    983.7
     1     1    21     8    21     1     0     0   -56.0   26.760  126.145    242.5    983.6
     1     1    21     8    21     0     0     0   -57.0   26.560  126.221    246.2    983.4
     1     1    21     8    20    23     0     0   -58.0   26.368  126.309    248.9    982.9
     1     1    21     8    20    22     0     0   -59.0   26.177  126.410    249.3    982.8
     1     1    21     8    20    21     0     0   -60.0   25.989  126.523    247.1    983.0
     1     1    21     8    20    20     0     0   -61.0   25.805  126.646    242.1    983.6
     1     1    21     8    20    19     0     0   -62.0   25.626  126.778    234.1    984.5
     1     1    21     8    20    18     0     0   -63.0   25.453  126.918    222.9    985.9
     1     1    21     8    20    17     0     0   -64.0   25.289  127.067    210.2    987.9
     1     1    21     8    20    16     0     0   -65.0   25.138  127.230    198.0    989.6
     1     1    21     8    20    15     0     0   -66.0   24.998  127.408    186.7    990.9
     1     1    21     8    20    14     0     0   -67.0   24.864  127.597    176.7    991.8
     1     1    21     8    20    13     0     0   -68.0   24.736  127.797    168.6    992.6
     1     1    21     8    20    12     0     0   -69.0   24.613  128.005    162.6    993.2
     1     1    21     8    20    11     0     0   -70.0   24.494  128.215    156.6    993.5
     1     1    21     8    20    10     0     0   -71.0   24.381  128.420    148.4    994.3
     1     1    21     8    20     9     0     0   -72.0   24.274  128.619    137.8    995.4
     1     1    21     8    20     8     0     0   -73.0   24.170  128.815    124.6    996.9
     1     1    21     8    20     7     0     0   -74.0   24.070  129.009    108.9    998.8
     1     1    21     8    20     6     0     0   -75.0   23.973  129.201     90.9   1001.2
     1     1    21     8    20     5     0     0   -76.0   23.877  129.396     74.1   1004.2
     1     1    21     8    20     4     0     0   -77.0   23.779  129.596     61.6   1005.7
     1     1    21     8    20     3     0     0   -78.0   23.679  129.800     52.8   1007.1
     1     1    21     8    20     2     0     0   -79.0   23.577  130.007     46.8   1008.3
     1     1    21     8    20     1     0     0   -80.0   23.473  130.215     43.0   1009.0
     1     1    21     8    20     0     0     0   -81.0   23.366  130.422     41.0   1009.5
     1     1    21     8    19    23     0     0   -82.0   23.258  130.631     38.8   1009.1
     1     1    21     8    19    22     0     0   -83.0   23.151  130.844     35.1   1009.0
     1     1    21     8    19    21     0     0   -84.0   23.044  131.062     30.4   1009.0
     1     1    21     8    19    20     0     0   -85.0   22.937  131.287     25.1   1009.1
     1     1    21     8    19    19     0     0   -86.0   22.833  131.521     19.9   1009.4
     1     1    21     8    19    18     0     0   -87.0   22.732  131.765     15.2   1009.6
     1     1    21     8    19    17     0     0   -88.0   22.633  132.019     11.9   1010.3
     1     1    21     8    19    16     0     0   -89.0   22.538  132.278     10.0   1010.4
     1     1    21     8    19    15     0     0   -90.0   22.444  132.538      9.0   1010.3
     1     1    21     8    19    14     0     0   -91.0   22.351  132.795      8.4   1010.5
     1     1    21     8    19    13     0     0   -92.0   22.259  133.046      8.4   1010.8
     1     1    21     8    19    12     0     0   -93.0   22.168  133.288      9.0   1011.0
     1     1    21     8    19    11     0     0   -94.0   22.076  133.526      9.7   1010.9
     1     1    21     8    19    10     0     0   -95.0   21.982  133.763     10.3   1010.7
     1     1    21     8    19     9     0     0   -96.0   21.885  134.001     10.9   1010.5
