     2     1
    CDC1    21     3     1     0     0
    CDC1    21     4     1     0     0
     1 BACKWARD OMEGA   
  2021     4    16     3   37.500  127.000   500.0
     1 PRESSURE
     1     1    21     4    16     3     0     0     0.0   37.500  127.000    500.0    936.1
     1     1    21     4    16     2     0     0    -1.0   37.384  126.617    502.4    937.8
     1     1    21     4    16     1     0     0    -2.0   37.285  126.239    497.6    940.5
     1     1    21     4    16     0     0     0    -3.0   37.202  125.862    486.1    943.8
     1     1    21     4    15    23     0     0    -4.0   37.120  125.494    469.9    948.1
     1     1    21     4    15    22     0     0    -5.0   37.018  125.145    450.5    952.7
     1     1    21     4    15    21     0     0    -6.0   36.890  124.813    429.0    956.9
     1     1    21     4    15    20     0     0    -7.0   36.736  124.502    407.4    960.6
     1     1    21     4    15    19     0     0    -8.0   36.553  124.210    386.5    963.9
     1     1    21     4    15    18     0     0    -9.0   36.339  123.934    366.4    966.5
     1     1    21     4    15    17     0     0   -10.0   36.107  123.692    348.8    969.1
     1     1    21     4    15    16     0     0   -11.0   35.865  123.504    334.3    971.1
     1     1    21     4    15    15     0     0   -12.0   35.611  123.368    322.1    972.8
     1     1    21     4    15    14     0     0   -13.0   35.345  123.286    311.3    974.3
     1     1    21     4    15    13     0     0   -14.0   35.070  123.257    301.3    975.7
     1     1    21     4    15    12     0     0   -15.0   34.789  123.280    292.0    977.7
     1     1    21     4    15    11     0     0   -16.0   34.524  123.333    283.9    979.9
     1     1    21     4    15    10     0     0   -17.0   34.290  123.398    278.0    981.6
     1     1    21     4    15     9     0     0   -18.0   34.084  123.473    274.2    983.0
     1     1    21     4    15     8     0     0   -19.0   33.905  123.557    272.8    983.9
     1     1    21     4    15     7     0     0   -20.0   33.750  123.649    273.9    984.5
     1     1    21     4    15     6     0     0   -21.0   33.619  123.748    277.6    984.6
     1     1    21     4    15     5     0     0   -22.0   33.505  123.853    283.7    984.2
     1     1    21     4    15     4     0     0   -23.0   33.402  123.962    291.9    983.6
     1     1    21     4    15     3     0     0   -24.0   33.311  124.075    302.4    982.7
     1     1    21     4    15     2     0     0   -25.0   33.232  124.194    315.3    981.4
     1     1    21     4    15     1     0     0   -26.0   33.166  124.319    330.8    979.8
     1     1    21     4    15     0     0     0   -27.0   33.111  124.452    349.0    978.0
     1     1    21     4    14    23     0     0   -28.0   33.072  124.584    366.7    975.8
     1     1    21     4    14    22     0     0   -29.0   33.052  124.707    380.4    974.4
     1     1    21     4    14    21     0     0   -30.0   33.054  124.818    390.0    973.2
     1     1    21     4    14    20     0     0   -31.0   33.078  124.917    395.5    972.4
     1     1    21     4    14    19     0     0   -32.0   33.124  125.000    396.8    972.2
     1     1    21     4    14    18     0     0   -33.0   33.191  125.065    393.6    972.4
     1     1    21     4    14    17     0     0   -34.0   33.272  125.110    392.2    972.9
     1     1    21     4    14    16     0     0   -35.0   33.362  125.140    399.3    971.5
     1     1    21     4    14    15     0     0   -36.0   33.460  125.153    415.2    969.0
     1     1    21     4    14    14     0     0   -37.0   33.567  125.153    440.4    965.5
     1     1    21     4    14    13     0     0   -38.0   33.685  125.138    475.4    960.9
     1     1    21     4    14    12     0     0   -39.0   33.817  125.109    521.0    955.4
     1     1    21     4    14    11     0     0   -40.0   33.962  125.070    571.9    949.1
     1     1    21     4    14    10     0     0   -41.0   34.120  125.024    621.3    943.9
     1     1    21     4    14     9     0     0   -42.0   34.289  124.967    668.3    938.2
     1     1    21     4    14     8     0     0   -43.0   34.466  124.899    711.6    932.9
     1     1    21     4    14     7     0     0   -44.0   34.650  124.819    750.3    928.3
     1     1    21     4    14     6     0     0   -45.0   34.841  124.724    783.2    924.5
     1     1    21     4    14     5     0     0   -46.0   35.039  124.613    814.4    921.1
     1     1    21     4    14     4     0     0   -47.0   35.248  124.482    849.0    917.0
     1     1    21     4    14     3     0     0   -48.0   35.465  124.329    886.7    912.7
     1     1    21     4    14     2     0     0   -49.0   35.693  124.153    927.7    908.2
     1     1    21     4    14     1     0     0   -50.0   35.931  123.954    972.5    902.9
     1     1    21     4    14     0     0     0   -51.0   36.181  123.731   1021.8    897.2
     1     1    21     4    13    23     0     0   -52.0   36.439  123.478   1073.3    891.3
     1     1    21     4    13    22     0     0   -53.0   36.696  123.188   1124.7    886.1
     1     1    21     4    13    21     0     0   -54.0   36.950  122.861   1177.4    881.1
     1     1    21     4    13    20     0     0   -55.0   37.200  122.499   1233.2    876.2
     1     1    21     4    13    19     0     0   -56.0   37.448  122.103   1293.2    870.5
     1     1    21     4    13    18     0     0   -57.0   37.693  121.683   1357.7    862.6
     1     1    21     4    13    17     0     0   -58.0   37.935  121.255   1425.7    853.6
     1     1    21     4    13    16     0     0   -59.0   38.179  120.831   1495.4    844.5
     1     1    21     4    13    15     0     0   -60.0   38.427  120.405   1566.5    835.3
     1     1    21     4    13    14     0     0   -61.0   38.682  119.972   1638.8    825.7
     1     1    21     4    13    13     0     0   -62.0   38.945  119.527   1709.9    813.1
     1     1    21     4    13    12     0     0   -63.0   39.217  119.068   1781.1    798.9
     1     1    21     4    13    11     0     0   -64.0   39.492  118.604   1851.0    783.8
     1     1    21     4    13    10     0     0   -65.0   39.763  118.140   1913.8    768.5
     1     1    21     4    13     9     0     0   -66.0   40.030  117.667   1965.8    752.9
     1     1    21     4    13     8     0     0   -67.0   40.288  117.176   1998.5    734.8
     1     1    21     4    13     7     0     0   -68.0   40.534  116.664   2011.7    719.1
     1     1    21     4    13     6     0     0   -69.0   40.766  116.126   2003.8    706.3
     1     1    21     4    13     5     0     0   -70.0   40.994  115.573   1986.8    696.6
     1     1    21     4    13     4     0     0   -71.0   41.228  115.021   1971.6    686.6
     1     1    21     4    13     3     0     0   -72.0   41.463  114.485   1963.9    682.2
     1     1    21     4    13     2     0     0   -73.0   41.696  113.974   1960.3    679.5
     1     1    21     4    13     1     0     0   -74.0   41.927  113.493   1959.3    678.3
     1     1    21     4    13     0     0     0   -75.0   42.153  113.045   1959.6    678.6
     1     1    21     4    12    23     0     0   -76.0   42.381  112.626   1960.5    680.4
     1     1    21     4    12    22     0     0   -77.0   42.618  112.227   1963.4    683.8
     1     1    21     4    12    21     0     0   -78.0   42.864  111.844   1969.6    687.0
     1     1    21     4    12    20     0     0   -79.0   43.116  111.476   1979.0    689.3
     1     1    21     4    12    19     0     0   -80.0   43.374  111.127   1991.7    690.8
     1     1    21     4    12    18     0     0   -81.0   43.639  110.799   2007.3    691.5
     1     1    21     4    12    17     0     0   -82.0   43.906  110.488   2027.9    691.4
     1     1    21     4    12    16     0     0   -83.0   44.174  110.188   2054.6    690.0
     1     1    21     4    12    15     0     0   -84.0   44.445  109.901   2086.3    687.3
     1     1    21     4    12    14     0     0   -85.0   44.722  109.624   2122.6    682.9
     1     1    21     4    12    13     0     0   -86.0   45.005  109.356   2163.2    677.8
     1     1    21     4    12    12     0     0   -87.0   45.295  109.089   2200.2    669.2
     1     1    21     4    12    11     0     0   -88.0   45.598  108.811   2235.1    661.3
     1     1    21     4    12    10     0     0   -89.0   45.918  108.524   2271.9    653.6
     1     1    21     4    12     9     0     0   -90.0   46.259  108.238   2312.3    646.1
     1     1    21     4    12     8     0     0   -91.0   46.627  107.962   2358.8    638.6
     1     1    21     4    12     7     0     0   -92.0   47.027  107.706   2413.6    630.9
     1     1    21     4    12     6     0     0   -93.0   47.465  107.483   2478.5    623.0
     1     1    21     4    12     5     0     0   -94.0   47.928  107.270   2551.3    619.6
     1     1    21     4    12     4     0     0   -95.0   48.403  107.048   2620.5    618.1
     1     1    21     4    12     3     0     0   -96.0   48.893  106.825   2682.9    617.2
