     2     1
    CDC1    20    12     1     0     0
    CDC1    21     1     1     0     0
     1 BACKWARD OMEGA   
  2021     1    25     9   37.500  127.000   500.0
     1 PRESSURE
     1     1    21     1    25     9     0     0     0.0   37.500  127.000    500.0    943.9
     1     1    21     1    25     8     0     0    -1.0   37.389  127.117    507.7    943.4
     1     1    21     1    25     7     0     0    -2.0   37.279  127.245    522.7    941.6
     1     1    21     1    25     6     0     0    -3.0   37.171  127.389    545.5    938.9
     1     1    21     1    25     5     0     0    -4.0   37.074  127.550    572.4    935.5
     1     1    21     1    25     4     0     0    -5.0   37.001  127.727    599.9    933.5
     1     1    21     1    25     3     0     0    -6.0   36.952  127.915    627.8    931.4
     1     1    21     1    25     2     0     0    -7.0   36.929  128.111    655.7    928.8
     1     1    21     1    25     1     0     0    -8.0   36.930  128.309    683.7    926.4
     1     1    21     1    25     0     0     0    -9.0   36.956  128.509    711.7    924.1
     1     1    21     1    24    23     0     0   -10.0   36.998  128.699    742.3    921.4
     1     1    21     1    24    22     0     0   -11.0   37.047  128.869    777.6    917.9
     1     1    21     1    24    21     0     0   -12.0   37.104  129.021    817.6    913.9
     1     1    21     1    24    20     0     0   -13.0   37.167  129.159    862.1    909.5
     1     1    21     1    24    19     0     0   -14.0   37.237  129.282    910.8    904.7
     1     1    21     1    24    18     0     0   -15.0   37.313  129.391    963.4    899.2
     1     1    21     1    24    17     0     0   -16.0   37.400  129.495   1016.6    892.9
     1     1    21     1    24    16     0     0   -17.0   37.504  129.599   1068.3    887.4
     1     1    21     1    24    15     0     0   -18.0   37.622  129.701   1118.0    880.9
     1     1    21     1    24    14     0     0   -19.0   37.753  129.801   1166.4    874.7
     1     1    21     1    24    13     0     0   -20.0   37.896  129.895   1215.0    868.7
     1     1    21     1    24    12     0     0   -21.0   38.049  129.984   1265.1    862.6
     1     1    21     1    24    11     0     0   -22.0   38.206  130.055   1318.7    856.1
     1     1    21     1    24    10     0     0   -23.0   38.364  130.096   1375.6    848.7
     1     1    21     1    24     9     0     0   -24.0   38.522  130.107   1435.2    840.8
     1     1    21     1    24     8     0     0   -25.0   38.682  130.086   1497.1    832.4
     1     1    21     1    24     7     0     0   -26.0   38.844  130.032   1560.7    823.4
     1     1    21     1    24     6     0     0   -27.0   39.006  129.945   1625.6    814.3
     1     1    21     1    24     5     0     0   -28.0   39.165  129.841   1690.2    805.6
     1     1    21     1    24     4     0     0   -29.0   39.317  129.740   1754.6    796.8
     1     1    21     1    24     3     0     0   -30.0   39.463  129.644   1819.5    788.0
     1     1    21     1    24     2     0     0   -31.0   39.601  129.553   1885.5    779.3
     1     1    21     1    24     1     0     0   -32.0   39.730  129.468   1953.3    770.5
     1     1    21     1    24     0     0     0   -33.0   39.851  129.392   2023.5    761.8
     1     1    21     1    23    23     0     0   -34.0   39.962  129.325   2093.7    753.1
     1     1    21     1    23    22     0     0   -35.0   40.065  129.269   2157.8    745.5
     1     1    21     1    23    21     0     0   -36.0   40.160  129.224   2215.3    738.5
     1     1    21     1    23    20     0     0   -37.0   40.247  129.188   2265.4    732.3
     1     1    21     1    23    19     0     0   -38.0   40.328  129.163   2307.8    727.2
     1     1    21     1    23    18     0     0   -39.0   40.402  129.148   2342.1    723.0
     1     1    21     1    23    17     0     0   -40.0   40.477  129.134   2375.1    719.4
     1     1    21     1    23    16     0     0   -41.0   40.562  129.110   2416.2    714.3
     1     1    21     1    23    15     0     0   -42.0   40.657  129.073   2464.5    708.3
     1     1    21     1    23    14     0     0   -43.0   40.763  129.021   2520.1    701.5
     1     1    21     1    23    13     0     0   -44.0   40.879  128.951   2583.1    693.9
     1     1    21     1    23    12     0     0   -45.0   41.008  128.862   2653.3    685.5
     1     1    21     1    23    11     0     0   -46.0   41.144  128.746   2730.6    676.4
     1     1    21     1    23    10     0     0   -47.0   41.284  128.598   2811.0    666.8
     1     1    21     1    23     9     0     0   -48.0   41.427  128.420   2895.4    656.9
     1     1    21     1    23     8     0     0   -49.0   41.573  128.213   2983.8    646.7
     1     1    21     1    23     7     0     0   -50.0   41.723  127.979   3076.1    636.4
     1     1    21     1    23     6     0     0   -51.0   41.879  127.719   3172.6    625.8
     1     1    21     1    23     5     0     0   -52.0   42.042  127.422   3270.2    615.9
     1     1    21     1    23     4     0     0   -53.0   42.210  127.077   3370.9    609.6
     1     1    21     1    23     3     0     0   -54.0   42.384  126.688   3468.4    604.3
     1     1    21     1    23     2     0     0   -55.0   42.565  126.259   3565.2    600.6
     1     1    21     1    23     1     0     0   -56.0   42.754  125.797   3663.5    599.0
     1     1    21     1    23     0     0     0   -57.0   42.951  125.305   3762.8    597.7
     1     1    21     1    22    23     0     0   -58.0   43.137  124.804   3854.8    594.9
     1     1    21     1    22    22     0     0   -59.0   43.292  124.306   3935.6    591.2
     1     1    21     1    22    21     0     0   -60.0   43.422  123.813   4009.0    587.6
     1     1    21     1    22    20     0     0   -61.0   43.534  123.323   4078.0    583.8
     1     1    21     1    22    19     0     0   -62.0   43.636  122.835   4145.5    579.8
     1     1    21     1    22    18     0     0   -63.0   43.734  122.346   4208.0    573.4
     1     1    21     1    22    17     0     0   -64.0   43.833  121.834   4257.2    562.5
     1     1    21     1    22    16     0     0   -65.0   43.936  121.278   4297.0    551.7
     1     1    21     1    22    15     0     0   -66.0   44.045  120.680   4328.3    540.7
     1     1    21     1    22    14     0     0   -67.0   44.161  120.039   4350.2    529.7
     1     1    21     1    22    13     0     0   -68.0   44.280  119.360   4364.5    519.4
     1     1    21     1    22    12     0     0   -69.0   44.399  118.645   4374.3    509.4
     1     1    21     1    22    11     0     0   -70.0   44.508  117.916   4387.1    499.6
     1     1    21     1    22    10     0     0   -71.0   44.595  117.197   4416.6    492.1
     1     1    21     1    22     9     0     0   -72.0   44.656  116.497   4461.6    488.7
     1     1    21     1    22     8     0     0   -73.0   44.694  115.818   4504.8    485.6
     1     1    21     1    22     7     0     0   -74.0   44.712  115.158   4541.5    482.9
     1     1    21     1    22     6     0     0   -75.0   44.713  114.514   4573.6    482.3
     1     1    21     1    22     5     0     0   -76.0   44.709  113.890   4599.3    483.1
     1     1    21     1    22     4     0     0   -77.0   44.711  113.285   4624.2    483.8
     1     1    21     1    22     3     0     0   -78.0   44.719  112.695   4651.0    484.4
     1     1    21     1    22     2     0     0   -79.0   44.735  112.116   4676.8    482.9
     1     1    21     1    22     1     0     0   -80.0   44.762  111.544   4705.4    480.0
     1     1    21     1    22     0     0     0   -81.0   44.799  110.976   4739.3    476.6
     1     1    21     1    21    23     0     0   -82.0   44.841  110.417   4766.3    473.2
     1     1    21     1    21    22     0     0   -83.0   44.880  109.879   4769.9    471.8
     1     1    21     1    21    21     0     0   -84.0   44.914  109.361   4750.1    470.9
     1     1    21     1    21    20     0     0   -85.0   44.944  108.863   4714.7    471.0
     1     1    21     1    21    19     0     0   -86.0   44.972  108.380   4667.7    472.0
     1     1    21     1    21    18     0     0   -87.0   44.997  107.910   4612.9    473.6
     1     1    21     1    21    17     0     0   -88.0   45.026  107.448   4568.5    475.3
     1     1    21     1    21    16     0     0   -89.0   45.068  106.990   4551.0    474.4
     1     1    21     1    21    15     0     0   -90.0   45.124  106.535   4557.8    471.9
     1     1    21     1    21    14     0     0   -91.0   45.191  106.086   4585.4    468.1
     1     1    21     1    21    13     0     0   -92.0   45.265  105.646   4630.4    463.4
     1     1    21     1    21    12     0     0   -93.0   45.342  105.216   4688.9    457.9
     1     1    21     1    21    11     0     0   -94.0   45.426  104.773   4744.6    451.4
     1     1    21     1    21    10     0     0   -95.0   45.525  104.293   4780.9    446.0
     1     1    21     1    21     9     0     0   -96.0   45.641  103.782   4804.3    441.1
