     2     1
    CDC1    21     5     1     0     0
    CDC1    21     6     1     0     0
     1 BACKWARD OMEGA   
  2021     6    15    21   37.500  127.000   500.0
     1 PRESSURE
     1     1    21     6    15    21     0     0     0.0   37.500  127.000    500.0    929.4
     1     1    21     6    15    20     0     0    -1.0   37.568  127.484    509.0    924.5
     1     1    21     6    15    19     0     0    -2.0   37.618  127.969    516.4    924.7
     1     1    21     6    15    18     0     0    -3.0   37.647  128.449    521.3    925.7
     1     1    21     6    15    17     0     0    -4.0   37.660  128.914    523.2    927.2
     1     1    21     6    15    16     0     0    -5.0   37.664  129.356    521.8    929.1
     1     1    21     6    15    15     0     0    -6.0   37.660  129.774    516.4    931.4
     1     1    21     6    15    14     0     0    -7.0   37.652  130.162    507.1    934.9
     1     1    21     6    15    13     0     0    -8.0   37.644  130.514    493.7    939.5
     1     1    21     6    15    12     0     0    -9.0   37.636  130.828    476.2    944.3
     1     1    21     6    15    11     0     0   -10.0   37.632  131.112    456.4    949.5
     1     1    21     6    15    10     0     0   -11.0   37.635  131.374    435.6    954.4
     1     1    21     6    15     9     0     0   -12.0   37.646  131.617    414.5    959.2
     1     1    21     6    15     8     0     0   -13.0   37.665  131.845    392.9    963.8
     1     1    21     6    15     7     0     0   -14.0   37.693  132.061    371.2    968.1
     1     1    21     6    15     6     0     0   -15.0   37.730  132.268    349.3    972.2
     1     1    21     6    15     5     0     0   -16.0   37.774  132.467    327.8    976.2
     1     1    21     6    15     4     0     0   -17.0   37.821  132.655    308.2    977.9
     1     1    21     6    15     3     0     0   -18.0   37.868  132.833    291.8    978.8
     1     1    21     6    15     2     0     0   -19.0   37.914  133.003    278.5    979.5
     1     1    21     6    15     1     0     0   -20.0   37.958  133.166    268.0    980.1
     1     1    21     6    15     0     0     0   -21.0   37.998  133.323    260.3    980.4
     1     1    21     6    14    23     0     0   -22.0   38.033  133.477    254.5    980.6
     1     1    21     6    14    22     0     0   -23.0   38.061  133.631    250.0    980.6
     1     1    21     6    14    21     0     0   -24.0   38.083  133.784    246.8    980.4
     1     1    21     6    14    20     0     0   -25.0   38.099  133.939    244.9    980.0
     1     1    21     6    14    19     0     0   -26.0   38.111  134.095    244.3    979.4
     1     1    21     6    14    18     0     0   -27.0   38.118  134.254    244.8    978.5
     1     1    21     6    14    17     0     0   -28.0   38.128  134.414    245.4    977.7
     1     1    21     6    14    16     0     0   -29.0   38.150  134.576    244.7    977.3
     1     1    21     6    14    15     0     0   -30.0   38.183  134.737    243.2    977.1
     1     1    21     6    14    14     0     0   -31.0   38.228  134.899    241.2    977.3
     1     1    21     6    14    13     0     0   -32.0   38.283  135.060    238.8    977.2
     1     1    21     6    14    12     0     0   -33.0   38.346  135.214    236.0    976.6
     1     1    21     6    14    11     0     0   -34.0   38.411  135.360    234.1    976.0
     1     1    21     6    14    10     0     0   -35.0   38.476  135.497    234.1    975.2
     1     1    21     6    14     9     0     0   -36.0   38.541  135.624    235.8    974.3
     1     1    21     6    14     8     0     0   -37.0   38.608  135.742    239.2    973.4
     1     1    21     6    14     7     0     0   -38.0   38.678  135.854    244.3    972.4
     1     1    21     6    14     6     0     0   -39.0   38.752  135.958    250.8    971.4
     1     1    21     6    14     5     0     0   -40.0   38.820  136.056    259.6    970.3
     1     1    21     6    14     4     0     0   -41.0   38.871  136.148    271.3    968.7
     1     1    21     6    14     3     0     0   -42.0   38.904  136.234    286.0    966.6
     1     1    21     6    14     2     0     0   -43.0   38.922  136.314    303.8    964.0
     1     1    21     6    14     1     0     0   -44.0   38.924  136.390    324.9    961.0
     1     1    21     6    14     0     0     0   -45.0   38.911  136.461    349.4    957.5
     1     1    21     6    13    23     0     0   -46.0   38.891  136.525    375.0    953.9
     1     1    21     6    13    22     0     0   -47.0   38.869  136.580    398.2    950.5
     1     1    21     6    13    21     0     0   -48.0   38.847  136.627    418.8    947.4
     1     1    21     6    13    20     0     0   -49.0   38.825  136.666    436.5    944.8
     1     1    21     6    13    19     0     0   -50.0   38.803  136.696    451.0    942.7
     1     1    21     6    13    18     0     0   -51.0   38.781  136.718    462.1    941.1
     1     1    21     6    13    17     0     0   -52.0   38.758  136.728    471.9    939.7
     1     1    21     6    13    16     0     0   -53.0   38.730  136.725    482.5    938.2
     1     1    21     6    13    15     0     0   -54.0   38.698  136.709    493.7    936.7
     1     1    21     6    13    14     0     0   -55.0   38.662  136.680    505.7    935.1
     1     1    21     6    13    13     0     0   -56.0   38.620  136.638    518.4    933.6
     1     1    21     6    13    12     0     0   -57.0   38.573  136.584    531.9    932.1
     1     1    21     6    13    11     0     0   -58.0   38.516  136.521    546.5    930.8
     1     1    21     6    13    10     0     0   -59.0   38.446  136.451    561.7    929.4
     1     1    21     6    13     9     0     0   -60.0   38.364  136.375    577.7    927.8
     1     1    21     6    13     8     0     0   -61.0   38.270  136.295    594.4    926.1
     1     1    21     6    13     7     0     0   -62.0   38.164  136.213    611.8    924.3
     1     1    21     6    13     6     0     0   -63.0   38.047  136.131    629.6    922.2
     1     1    21     6    13     5     0     0   -64.0   37.925  136.059    647.1    919.6
     1     1    21     6    13     4     0     0   -65.0   37.805  136.008    664.0    916.9
     1     1    21     6    13     3     0     0   -66.0   37.687  135.975    680.2    914.1
     1     1    21     6    13     2     0     0   -67.0   37.570  135.959    695.9    911.2
     1     1    21     6    13     1     0     0   -68.0   37.455  135.959    711.4    908.7
     1     1    21     6    13     0     0     0   -69.0   37.342  135.973    726.5    906.8
     1     1    21     6    12    23     0     0   -70.0   37.230  135.983    739.8    905.0
     1     1    21     6    12    22     0     0   -71.0   37.119  135.974    750.1    903.9
     1     1    21     6    12    21     0     0   -72.0   37.007  135.949    757.4    903.3
     1     1    21     6    12    20     0     0   -73.0   36.893  135.906    761.6    903.2
     1     1    21     6    12    19     0     0   -74.0   36.777  135.847    763.0    903.6
     1     1    21     6    12    18     0     0   -75.0   36.656  135.773    761.7    904.3
     1     1    21     6    12    17     0     0   -76.0   36.528  135.690    757.4    905.4
     1     1    21     6    12    16     0     0   -77.0   36.386  135.604    750.0    906.7
     1     1    21     6    12    15     0     0   -78.0   36.232  135.517    739.5    908.3
     1     1    21     6    12    14     0     0   -79.0   36.062  135.430    726.0    910.1
     1     1    21     6    12    13     0     0   -80.0   35.876  135.345    709.4    912.1
     1     1    21     6    12    12     0     0   -81.0   35.672  135.263    689.7    914.3
     1     1    21     6    12    11     0     0   -82.0   35.455  135.190    669.4    916.7
     1     1    21     6    12    10     0     0   -83.0   35.229  135.132    650.5    918.4
     1     1    21     6    12     9     0     0   -84.0   34.995  135.094    632.8    919.9
     1     1    21     6    12     8     0     0   -85.0   34.758  135.076    616.8    923.5
     1     1    21     6    12     7     0     0   -86.0   34.526  135.078    602.0    926.5
     1     1    21     6    12     6     0     0   -87.0   34.297  135.099    587.7    929.5
     1     1    21     6    12     5     0     0   -88.0   34.075  135.131    575.1    932.4
     1     1    21     6    12     4     0     0   -89.0   33.859  135.164    565.3    935.0
     1     1    21     6    12     3     0     0   -90.0   33.650  135.201    557.6    937.5
     1     1    21     6    12     2     0     0   -91.0   33.448  135.243    551.9    939.8
     1     1    21     6    12     1     0     0   -92.0   33.254  135.294    547.7    942.0
     1     1    21     6    12     0     0     0   -93.0   33.068  135.353    544.9    944.0
     1     1    21     6    11    23     0     0   -94.0   32.881  135.424    540.8    945.4
     1     1    21     6    11    22     0     0   -95.0   32.684  135.515    533.7    947.5
     1     1    21     6    11    21     0     0   -96.0   32.478  135.628    523.6    949.9
