     2     1
    CDC1    21     3     1     0     0
    CDC1    21     4     1     0     0
     1 BACKWARD OMEGA   
  2021     4     5    21   37.500  127.000   500.0
     1 PRESSURE
     1     1    21     4     5    21     0     0     0.0   37.500  127.000    500.0    941.2
     1     1    21     4     5    20     0     0    -1.0   37.529  126.872    510.5    940.1
     1     1    21     4     5    19     0     0    -2.0   37.550  126.754    517.8    939.6
     1     1    21     4     5    18     0     0    -3.0   37.564  126.645    521.7    939.5
     1     1    21     4     5    17     0     0    -4.0   37.575  126.547    524.0    940.1
     1     1    21     4     5    16     0     0    -5.0   37.586  126.458    526.3    940.5
     1     1    21     4     5    15     0     0    -6.0   37.598  126.380    529.1    940.7
     1     1    21     4     5    14     0     0    -7.0   37.610  126.311    532.6    940.8
     1     1    21     4     5    13     0     0    -8.0   37.620  126.253    537.0    940.7
     1     1    21     4     5    12     0     0    -9.0   37.629  126.206    542.7    940.5
     1     1    21     4     5    11     0     0   -10.0   37.641  126.168    550.2    939.8
     1     1    21     4     5    10     0     0   -11.0   37.661  126.139    560.8    938.6
     1     1    21     4     5     9     0     0   -12.0   37.689  126.117    574.4    936.9
     1     1    21     4     5     8     0     0   -13.0   37.725  126.102    591.2    934.7
     1     1    21     4     5     7     0     0   -14.0   37.769  126.094    611.8    932.0
     1     1    21     4     5     6     0     0   -15.0   37.821  126.091    636.4    928.6
     1     1    21     4     5     5     0     0   -16.0   37.884  126.096    662.8    924.5
     1     1    21     4     5     4     0     0   -17.0   37.963  126.112    687.2    920.7
     1     1    21     4     5     3     0     0   -18.0   38.057  126.136    709.5    916.9
     1     1    21     4     5     2     0     0   -19.0   38.166  126.170    729.4    913.1
     1     1    21     4     5     1     0     0   -20.0   38.290  126.212    746.6    909.3
     1     1    21     4     5     0     0     0   -21.0   38.428  126.266    760.6    905.6
     1     1    21     4     4    23     0     0   -22.0   38.579  126.322    773.7    901.5
     1     1    21     4     4    22     0     0   -23.0   38.740  126.371    788.2    897.0
     1     1    21     4     4    21     0     0   -24.0   38.912  126.411    804.3    892.2
     1     1    21     4     4    20     0     0   -25.0   39.096  126.439    822.1    887.3
     1     1    21     4     4    19     0     0   -26.0   39.293  126.452    841.9    882.1
     1     1    21     4     4    18     0     0   -27.0   39.504  126.449    864.1    876.7
     1     1    21     4     4    17     0     0   -28.0   39.722  126.432    890.0    870.7
     1     1    21     4     4    16     0     0   -29.0   39.940  126.410    922.1    864.0
     1     1    21     4     4    15     0     0   -30.0   40.158  126.383    961.5    857.3
     1     1    21     4     4    14     0     0   -31.0   40.373  126.351   1008.4    850.4
     1     1    21     4     4    13     0     0   -32.0   40.587  126.315   1063.1    842.9
     1     1    21     4     4    12     0     0   -33.0   40.800  126.277   1125.8    834.7
     1     1    21     4     4    11     0     0   -34.0   41.017  126.235   1195.2    826.2
     1     1    21     4     4    10     0     0   -35.0   41.244  126.188   1269.1    817.8
     1     1    21     4     4     9     0     0   -36.0   41.480  126.134   1346.6    808.6
     1     1    21     4     4     8     0     0   -37.0   41.725  126.073   1426.7    799.4
     1     1    21     4     4     7     0     0   -38.0   41.976  126.005   1508.2    790.5
     1     1    21     4     4     6     0     0   -39.0   42.233  125.934   1589.8    782.0
     1     1    21     4     4     5     0     0   -40.0   42.496  125.864   1669.4    773.9
     1     1    21     4     4     4     0     0   -41.0   42.763  125.793   1748.1    770.1
     1     1    21     4     4     3     0     0   -42.0   43.033  125.713   1821.4    767.1
     1     1    21     4     4     2     0     0   -43.0   43.306  125.624   1888.8    764.9
     1     1    21     4     4     1     0     0   -44.0   43.579  125.525   1949.4    763.4
     1     1    21     4     4     0     0     0   -45.0   43.850  125.417   2002.3    762.6
     1     1    21     4     3    23     0     0   -46.0   44.121  125.293   2050.0    763.0
     1     1    21     4     3    22     0     0   -47.0   44.395  125.147   2095.4    763.7
     1     1    21     4     3    21     0     0   -48.0   44.675  124.982   2140.1    764.5
     1     1    21     4     3    20     0     0   -49.0   44.964  124.799   2184.0    763.5
     1     1    21     4     3    19     0     0   -50.0   45.263  124.592   2225.8    757.6
     1     1    21     4     3    18     0     0   -51.0   45.571  124.354   2268.9    750.3
     1     1    21     4     3    17     0     0   -52.0   45.884  124.093   2313.8    742.5
     1     1    21     4     3    16     0     0   -53.0   46.198  123.820   2359.0    734.1
     1     1    21     4     3    15     0     0   -54.0   46.513  123.542   2405.5    725.1
     1     1    21     4     3    14     0     0   -55.0   46.829  123.265   2453.2    715.6
     1     1    21     4     3    13     0     0   -56.0   47.144  122.995   2502.3    705.6
     1     1    21     4     3    12     0     0   -57.0   47.458  122.737   2552.5    695.3
     1     1    21     4     3    11     0     0   -58.0   47.788  122.465   2604.5    684.7
     1     1    21     4     3    10     0     0   -59.0   48.153  122.149   2659.1    673.5
     1     1    21     4     3     9     0     0   -60.0   48.552  121.792   2716.6    662.0
     1     1    21     4     3     8     0     0   -61.0   48.982  121.396   2777.6    650.8
     1     1    21     4     3     7     0     0   -62.0   49.440  120.966   2842.7    640.0
     1     1    21     4     3     6     0     0   -63.0   49.926  120.508   2912.6    630.0
     1     1    21     4     3     5     0     0   -64.0   50.424  120.008   2991.1    621.8
     1     1    21     4     3     4     0     0   -65.0   50.924  119.455   3077.5    617.3
     1     1    21     4     3     3     0     0   -66.0   51.430  118.860   3164.6    611.9
     1     1    21     4     3     2     0     0   -67.0   51.948  118.234   3249.3    605.8
     1     1    21     4     3     1     0     0   -68.0   52.484  117.582   3327.7    599.1
     1     1    21     4     3     0     0     0   -69.0   53.032  116.879   3381.3    586.6
     1     1    21     4     2    23     0     0   -70.0   53.565  116.079   3417.2    574.9
     1     1    21     4     2    22     0     0   -71.0   54.077  115.166   3439.7    564.0
     1     1    21     4     2    21     0     0   -72.0   54.577  114.147   3453.4    553.2
     1     1    21     4     2    20     0     0   -73.0   55.066  113.033   3468.2    545.0
     1     1    21     4     2    19     0     0   -74.0   55.528  111.849   3502.9    548.2
     1     1    21     4     2    18     0     0   -75.0   55.942  110.631   3534.6    555.1
     1     1    21     4     2    17     0     0   -76.0   56.309  109.401   3554.7    564.5
     1     1    21     4     2    16     0     0   -77.0   56.642  108.176   3561.3    576.1
     1     1    21     4     2    15     0     0   -78.0   56.950  106.947   3554.2    586.3
     1     1    21     4     2    14     0     0   -79.0   57.237  105.699   3540.1    595.4
     1     1    21     4     2    13     0     0   -80.0   57.501  104.419   3521.1    604.1
     1     1    21     4     2    12     0     0   -81.0   57.726  103.114   3497.5    613.1
     1     1    21     4     2    11     0     0   -82.0   57.903  101.805   3460.9    620.4
     1     1    21     4     2    10     0     0   -83.0   58.036  100.505   3414.3    628.8
     1     1    21     4     2     9     0     0   -84.0   58.139   99.219   3361.9    636.3
     1     1    21     4     2     8     0     0   -85.0   58.219   97.949   3310.3    643.0
     1     1    21     4     2     7     0     0   -86.0   58.277   96.689   3260.4    648.1
     1     1    21     4     2     6     0     0   -87.0   58.308   95.437   3212.7    652.5
     1     1    21     4     2     5     0     0   -88.0   58.309   94.190   3160.0    655.8
     1     1    21     4     2     4     0     0   -89.0   58.282   92.953   3098.0    660.5
     1     1    21     4     2     3     0     0   -90.0   58.225   91.729   3027.9    668.2
     1     1    21     4     2     2     0     0   -91.0   58.133   90.520   2948.4    678.4
     1     1    21     4     2     1     0     0   -92.0   57.995   89.325   2860.7    691.0
     1     1    21     4     2     0     0     0   -93.0   57.801   88.136   2765.8    705.8
     1     1    21     4     1    23     0     0   -94.0   57.564   86.962   2668.3    720.2
     1     1    21     4     1    22     0     0   -95.0   57.312   85.829   2580.1    729.9
     1     1    21     4     1    21     0     0   -96.0   57.050   84.762   2504.6    737.0
