     2     1
    CDC1    21     2     1     0     0
    CDC1    21     3     1     0     0
     1 BACKWARD OMEGA   
  2021     3    16    12   37.500  127.000   500.0
     1 PRESSURE
     1     1    21     3    16    12     0     0     0.0   37.500  127.000    500.0    936.1
     1     1    21     3    16    11     0     0    -1.0   37.696  127.008    539.1    928.9
     1     1    21     3    16    10     0     0    -2.0   37.917  127.002    586.6    920.2
     1     1    21     3    16     9     0     0    -3.0   38.164  126.978    642.8    910.2
     1     1    21     3    16     8     0     0    -4.0   38.441  126.929    707.1    898.4
     1     1    21     3    16     7     0     0    -5.0   38.753  126.851    779.4    885.8
     1     1    21     3    16     6     0     0    -6.0   39.105  126.749    859.8    872.4
     1     1    21     3    16     5     0     0    -7.0   39.492  126.612    947.9    858.2
     1     1    21     3    16     4     0     0    -8.0   39.904  126.425   1043.0    843.0
     1     1    21     3    16     3     0     0    -9.0   40.340  126.184   1144.9    830.3
     1     1    21     3    16     2     0     0   -10.0   40.799  125.893   1250.6    819.3
     1     1    21     3    16     1     0     0   -11.0   41.285  125.558   1360.2    808.3
     1     1    21     3    16     0     0     0   -12.0   41.808  125.186   1476.1    797.7
     1     1    21     3    15    23     0     0   -13.0   42.370  124.771   1595.6    786.6
     1     1    21     3    15    22     0     0   -14.0   42.957  124.310   1712.2    781.4
     1     1    21     3    15    21     0     0   -15.0   43.563  123.812   1821.5    776.5
     1     1    21     3    15    20     0     0   -16.0   44.195  123.277   1926.4    769.6
     1     1    21     3    15    19     0     0   -17.0   44.866  122.701   2032.0    759.5
     1     1    21     3    15    18     0     0   -18.0   45.578  122.108   2133.7    735.1
     1     1    21     3    15    17     0     0   -19.0   46.314  121.541   2239.1    707.8
     1     1    21     3    15    16     0     0   -20.0   47.070  121.010   2348.3    683.2
     1     1    21     3    15    15     0     0   -21.0   47.853  120.535   2460.9    663.0
     1     1    21     3    15    14     0     0   -22.0   48.654  120.152   2572.1    648.1
     1     1    21     3    15    13     0     0   -23.0   49.458  119.884   2675.4    637.3
     1     1    21     3    15    12     0     0   -24.0   50.253  119.731   2768.2    629.8
     1     1    21     3    15    11     0     0   -25.0   51.011  119.666   2842.5    623.4
     1     1    21     3    15    10     0     0   -26.0   51.719  119.672   2895.0    619.1
     1     1    21     3    15     9     0     0   -27.0   52.385  119.749   2921.8    617.1
     1     1    21     3    15     8     0     0   -28.0   53.011  119.847   2927.4    613.9
     1     1    21     3    15     7     0     0   -29.0   53.601  119.900   2933.0    609.8
     1     1    21     3    15     6     0     0   -30.0   54.163  119.887   2948.5    605.1
     1     1    21     3    15     5     0     0   -31.0   54.679  119.786   2971.6    599.3
     1     1    21     3    15     4     0     0   -32.0   55.139  119.583   3000.8    594.3
     1     1    21     3    15     3     0     0   -33.0   55.556  119.277   3036.9    590.8
     1     1    21     3    15     2     0     0   -34.0   55.947  118.865   3079.1    586.6
     1     1    21     3    15     1     0     0   -35.0   56.328  118.353   3131.0    581.5
     1     1    21     3    15     0     0     0   -36.0   56.712  117.736   3197.0    575.1
     1     1    21     3    14    23     0     0   -37.0   57.098  117.014   3287.3    567.7
     1     1    21     3    14    22     0     0   -38.0   57.480  116.182   3401.9    558.7
     1     1    21     3    14    21     0     0   -39.0   57.865  115.250   3540.7    551.1
     1     1    21     3    14    20     0     0   -40.0   58.256  114.227   3690.7    544.9
     1     1    21     3    14    19     0     0   -41.0   58.650  113.111   3843.5    540.2
     1     1    21     3    14    18     0     0   -42.0   59.050  111.901   3995.8    537.0
     1     1    21     3    14    17     0     0   -43.0   59.443  110.607   4135.2    536.1
     1     1    21     3    14    16     0     0   -44.0   59.825  109.238   4244.6    536.1
     1     1    21     3    14    15     0     0   -45.0   60.213  107.801   4326.4    531.8
     1     1    21     3    14    14     0     0   -46.0   60.629  106.302   4390.7    523.6
     1     1    21     3    14    13     0     0   -47.0   61.095  104.737   4459.0    515.4
     1     1    21     3    14    12     0     0   -48.0   61.632  103.086   4534.3    506.3
     1     1    21     3    14    11     0     0   -49.0   62.223  101.338   4606.3    497.4
     1     1    21     3    14    10     0     0   -50.0   62.837   99.507   4659.4    490.7
     1     1    21     3    14     9     0     0   -51.0   63.469   97.615   4691.8    485.9
     1     1    21     3    14     8     0     0   -52.0   64.108   95.688   4714.3    484.8
     1     1    21     3    14     7     0     0   -53.0   64.758   93.747   4736.5    485.8
     1     1    21     3    14     6     0     0   -54.0   65.413   91.802   4761.2    488.2
     1     1    21     3    14     5     0     0   -55.0   66.050   89.817   4781.8    491.9
     1     1    21     3    14     4     0     0   -56.0   66.665   87.766   4793.0    498.1
     1     1    21     3    14     3     0     0   -57.0   67.272   85.655   4791.3    503.9
     1     1    21     3    14     2     0     0   -58.0   67.877   83.482   4777.9    509.2
     1     1    21     3    14     1     0     0   -59.0   68.477   81.220   4754.5    512.5
     1     1    21     3    14     0     0     0   -60.0   69.071   78.846   4724.5    514.2
     1     1    21     3    13    23     0     0   -61.0   69.665   76.419   4688.8    515.3
     1     1    21     3    13    22     0     0   -62.0   70.274   73.992   4656.9    517.4
     1     1    21     3    13    21     0     0   -63.0   70.885   71.579   4629.9    520.2
     1     1    21     3    13    20     0     0   -64.0   71.496   69.153   4611.0    522.2
     1     1    21     3    13    19     0     0   -65.0   72.118   66.684   4606.8    522.6
     1     1    21     3    13    18     0     0   -66.0   72.762   64.171   4623.5    520.2
     1     1    21     3    13    17     0     0   -67.0   73.421   61.678   4653.7    515.3
     1     1    21     3    13    16     0     0   -68.0   74.101   59.146   4684.2    510.1
     1     1    21     3    13    15     0     0   -69.0   74.809   56.487   4708.4    505.9
     1     1    21     3    13    14     0     0   -70.0   75.540   53.692   4732.5    506.4
     1     1    21     3    13    13     0     0   -71.0   76.264   50.858   4756.1    509.3
     1     1    21     3    13    12     0     0   -72.0   76.990   47.945   4785.6    512.4
     1     1    21     3    13    11     0     0   -73.0   77.720   44.903   4823.5    513.0
     1     1    21     3    13    10     0     0   -74.0   78.426   41.766   4860.8    509.4
     1     1    21     3    13     9     0     0   -75.0   79.107   38.482   4903.4    503.2
     1     1    21     3    13     8     0     0   -76.0   79.775   34.971   4947.9    496.6
     1     1    21     3    13     7     0     0   -77.0   80.432   31.199   4998.3    492.0
     1     1    21     3    13     6     0     0   -78.0   81.059   27.208   5043.4    489.0
     1     1    21     3    13     5     0     0   -79.0   81.649   22.910   5081.4    487.6
     1     1    21     3    13     4     0     0   -80.0   82.194   18.181   5112.0    488.0
     1     1    21     3    13     3     0     0   -81.0   82.690   12.985   5132.3    488.8
     1     1    21     3    13     2     0     0   -82.0   83.119    7.418   5138.3    488.4
     1     1    21     3    13     1     0     0   -83.0   83.481    1.493   5140.6    488.6
     1     1    21     3    13     0     0     0   -84.0   83.766   -4.814   5135.0    488.3
     1     1    21     3    12    23     0     0   -85.0   83.991  -11.454   5120.4    487.4
     1     1    21     3    12    22     0     0   -86.0   84.140  -18.324   5097.3    485.7
     1     1    21     3    12    21     0     0   -87.0   84.213  -25.198   5071.6    484.2
     1     1    21     3    12    20     0     0   -88.0   84.214  -31.886   5045.5    483.7
     1     1    21     3    12    19     0     0   -89.0   84.151  -38.225   5020.2    484.4
     1     1    21     3    12    18     0     0   -90.0   84.031  -44.150   4996.3    485.7
     1     1    21     3    12    17     0     0   -91.0   83.869  -49.597   4978.9    487.3
     1     1    21     3    12    16     0     0   -92.0   83.685  -54.557   4974.7    487.8
     1     1    21     3    12    15     0     0   -93.0   83.481  -59.135   4979.8    487.1
     1     1    21     3    12    14     0     0   -94.0   83.263  -63.408   4989.5    484.3
     1     1    21     3    12    13     0     0   -95.0   83.029  -67.441   5006.6    480.5
     1     1    21     3    12    12     0     0   -96.0   82.772  -71.308   5022.9    474.6
