     2     1
    CDC1    21     1     1     0     0
    CDC1    21     2     1     0     0
     1 BACKWARD OMEGA   
  2021     2    18     0   37.500  127.000   500.0
     1 PRESSURE
     1     1    21     2    18     0     0     0     0.0   37.500  127.000    500.0    936.9
     1     1    21     2    17    23     0     0    -1.0   37.788  126.751    553.6    927.8
     1     1    21     2    17    22     0     0    -2.0   38.112  126.511    606.4    918.3
     1     1    21     2    17    21     0     0    -3.0   38.473  126.282    657.3    908.1
     1     1    21     2    17    20     0     0    -4.0   38.868  126.064    705.6    897.8
     1     1    21     2    17    19     0     0    -5.0   39.297  125.852    751.6    887.5
     1     1    21     2    17    18     0     0    -6.0   39.757  125.643    795.7    877.3
     1     1    21     2    17    17     0     0    -7.0   40.236  125.437    841.2    869.3
     1     1    21     2    17    16     0     0    -8.0   40.719  125.235    889.9    863.5
     1     1    21     2    17    15     0     0    -9.0   41.206  125.037    938.9    857.8
     1     1    21     2    17    14     0     0   -10.0   41.693  124.843    985.7    852.0
     1     1    21     2    17    13     0     0   -11.0   42.178  124.652   1028.4    846.6
     1     1    21     2    17    12     0     0   -12.0   42.656  124.465   1066.1    844.1
     1     1    21     2    17    11     0     0   -13.0   43.139  124.280   1100.2    846.6
     1     1    21     2    17    10     0     0   -14.0   43.637  124.098   1129.4    848.8
     1     1    21     2    17     9     0     0   -15.0   44.151  123.919   1154.2    850.8
     1     1    21     2    17     8     0     0   -16.0   44.681  123.742   1175.0    852.5
     1     1    21     2    17     7     0     0   -17.0   45.228  123.574   1190.7    850.2
     1     1    21     2    17     6     0     0   -18.0   45.787  123.432   1201.0    842.1
     1     1    21     2    17     5     0     0   -19.0   46.348  123.332   1204.8    834.0
     1     1    21     2    17     4     0     0   -20.0   46.902  123.278   1199.8    827.2
     1     1    21     2    17     3     0     0   -21.0   47.452  123.273   1185.0    821.8
     1     1    21     2    17     2     0     0   -22.0   47.992  123.316   1164.7    819.9
     1     1    21     2    17     1     0     0   -23.0   48.513  123.405   1142.9    818.8
     1     1    21     2    17     0     0     0   -24.0   49.016  123.545   1120.9    818.6
     1     1    21     2    16    23     0     0   -25.0   49.499  123.739   1102.4    819.2
     1     1    21     2    16    22     0     0   -26.0   49.958  123.990   1089.8    819.6
     1     1    21     2    16    21     0     0   -27.0   50.388  124.297   1085.4    824.4
     1     1    21     2    16    20     0     0   -28.0   50.786  124.660   1088.8    829.2
     1     1    21     2    16    19     0     0   -29.0   51.157  125.090   1098.9    833.3
     1     1    21     2    16    18     0     0   -30.0   51.503  125.596   1115.4    834.5
     1     1    21     2    16    17     0     0   -31.0   51.836  126.163   1140.4    835.3
     1     1    21     2    16    16     0     0   -32.0   52.166  126.780   1174.2    835.3
     1     1    21     2    16    15     0     0   -33.0   52.494  127.454   1217.8    834.6
     1     1    21     2    16    14     0     0   -34.0   52.815  128.171   1261.7    819.7
     1     1    21     2    16    13     0     0   -35.0   53.121  128.898   1307.8    804.6
     1     1    21     2    16    12     0     0   -36.0   53.401  129.632   1354.5    790.2
     1     1    21     2    16    11     0     0   -37.0   53.643  130.376   1397.1    776.5
     1     1    21     2    16    10     0     0   -38.0   53.843  131.138   1432.4    765.5
     1     1    21     2    16     9     0     0   -39.0   54.008  131.919   1460.7    756.5
     1     1    21     2    16     8     0     0   -40.0   54.145  132.719   1483.9    751.0
     1     1    21     2    16     7     0     0   -41.0   54.267  133.540   1504.3    752.3
     1     1    21     2    16     6     0     0   -42.0   54.383  134.381   1518.8    755.2
     1     1    21     2    16     5     0     0   -43.0   54.496  135.214   1533.7    761.2
     1     1    21     2    16     4     0     0   -44.0   54.611  136.008   1554.8    770.2
     1     1    21     2    16     3     0     0   -45.0   54.726  136.753   1579.9    778.5
     1     1    21     2    16     2     0     0   -46.0   54.833  137.441   1607.8    786.0
     1     1    21     2    16     1     0     0   -47.0   54.924  138.062   1637.3    791.4
     1     1    21     2    16     0     0     0   -48.0   54.995  138.607   1668.5    795.4
     1     1    21     2    15    23     0     0   -49.0   55.052  139.105   1695.0    797.4
     1     1    21     2    15    22     0     0   -50.0   55.103  139.585   1712.8    800.7
     1     1    21     2    15    21     0     0   -51.0   55.148  140.047   1722.9    804.1
     1     1    21     2    15    20     0     0   -52.0   55.185  140.488   1725.3    804.9
     1     1    21     2    15    19     0     0   -53.0   55.210  140.901   1724.2    806.0
     1     1    21     2    15    18     0     0   -54.0   55.223  141.287   1719.8    807.6
     1     1    21     2    15    17     0     0   -55.0   55.225  141.640   1715.4    809.7
     1     1    21     2    15    16     0     0   -56.0   55.219  141.953   1714.7    811.0
     1     1    21     2    15    15     0     0   -57.0   55.204  142.229   1717.3    811.9
     1     1    21     2    15    14     0     0   -58.0   55.181  142.471   1723.0    812.3
     1     1    21     2    15    13     0     0   -59.0   55.148  142.680   1731.3    811.3
     1     1    21     2    15    12     0     0   -60.0   55.106  142.858   1743.0    809.6
     1     1    21     2    15    11     0     0   -61.0   55.059  143.016   1757.4    807.2
     1     1    21     2    15    10     0     0   -62.0   55.014  143.163   1776.2    804.3
     1     1    21     2    15     9     0     0   -63.0   54.969  143.300   1798.5    800.9
     1     1    21     2    15     8     0     0   -64.0   54.925  143.428   1824.4    797.1
     1     1    21     2    15     7     0     0   -65.0   54.882  143.545   1853.9    792.9
     1     1    21     2    15     6     0     0   -66.0   54.840  143.652   1887.3    788.4
     1     1    21     2    15     5     0     0   -67.0   54.795  143.751   1919.0    784.2
     1     1    21     2    15     4     0     0   -68.0   54.745  143.842   1940.6    781.6
     1     1    21     2    15     3     0     0   -69.0   54.690  143.925   1952.8    780.1
     1     1    21     2    15     2     0     0   -70.0   54.628  143.999   1955.8    779.6
     1     1    21     2    15     1     0     0   -71.0   54.562  144.063   1949.7    780.1
     1     1    21     2    15     0     0     0   -72.0   54.490  144.114   1934.8    781.6
     1     1    21     2    14    23     0     0   -73.0   54.417  144.157   1916.3    783.8
     1     1    21     2    14    22     0     0   -74.0   54.346  144.196   1899.2    785.4
     1     1    21     2    14    21     0     0   -75.0   54.278  144.232   1883.3    786.8
     1     1    21     2    14    20     0     0   -76.0   54.213  144.266   1868.3    788.2
     1     1    21     2    14    19     0     0   -77.0   54.150  144.297   1854.1    789.4
     1     1    21     2    14    18     0     0   -78.0   54.092  144.328   1840.3    790.7
     1     1    21     2    14    17     0     0   -79.0   54.036  144.350   1827.5    792.1
     1     1    21     2    14    16     0     0   -80.0   53.984  144.356   1815.7    793.4
     1     1    21     2    14    15     0     0   -81.0   53.935  144.347   1805.0    794.6
     1     1    21     2    14    14     0     0   -82.0   53.891  144.323   1795.1    795.7
     1     1    21     2    14    13     0     0   -83.0   53.851  144.285   1785.9    796.8
     1     1    21     2    14    12     0     0   -84.0   53.814  144.232   1777.4    797.9
     1     1    21     2    14    11     0     0   -85.0   53.781  144.169   1770.0    798.9
     1     1    21     2    14    10     0     0   -86.0   53.747  144.097   1763.7    799.8
     1     1    21     2    14     9     0     0   -87.0   53.714  144.017   1758.5    800.5
     1     1    21     2    14     8     0     0   -88.0   53.682  143.929   1754.6    801.1
     1     1    21     2    14     7     0     0   -89.0   53.651  143.833   1751.8    801.6
     1     1    21     2    14     6     0     0   -90.0   53.621  143.729   1750.3    802.0
     1     1    21     2    14     5     0     0   -91.0   53.592  143.619   1746.5    802.3
     1     1    21     2    14     4     0     0   -92.0   53.563  143.506   1737.0    803.7
     1     1    21     2    14     3     0     0   -93.0   53.533  143.389   1721.5    805.8
     1     1    21     2    14     2     0     0   -94.0   53.501  143.269   1699.9    808.4
     1     1    21     2    14     1     0     0   -95.0   53.465  143.146   1672.0    811.7
     1     1    21     2    14     0     0     0   -96.0   53.425  143.021   1637.8    815.7
