     2     1
    CDC1    21     8     1     0     0
    CDC1    21     9     1     0     0
     1 BACKWARD OMEGA   
  2021     9    29     9   37.500  127.000   500.0
     1 PRESSURE
     1     1    21     9    29     9     0     0     0.0   37.500  127.000    500.0    932.8
     1     1    21     9    29     8     0     0    -1.0   37.535  126.804    487.6    934.4
     1     1    21     9    29     7     0     0    -2.0   37.545  126.605    470.9    937.1
     1     1    21     9    29     6     0     0    -3.0   37.530  126.402    449.9    940.8
     1     1    21     9    29     5     0     0    -4.0   37.507  126.207    424.2    945.1
     1     1    21     9    29     4     0     0    -5.0   37.490  126.031    395.5    949.6
     1     1    21     9    29     3     0     0    -6.0   37.479  125.871    364.7    953.7
     1     1    21     9    29     2     0     0    -7.0   37.475  125.725    332.8    957.6
     1     1    21     9    29     1     0     0    -8.0   37.479  125.590    301.1    961.5
     1     1    21     9    29     0     0     0    -9.0   37.492  125.463    270.8    965.3
     1     1    21     9    28    23     0     0   -10.0   37.500  125.341    243.9    969.4
     1     1    21     9    28    22     0     0   -11.0   37.484  125.222    221.1    973.0
     1     1    21     9    28    21     0     0   -12.0   37.441  125.104    201.7    976.4
     1     1    21     9    28    20     0     0   -13.0   37.369  124.988    184.8    978.7
     1     1    21     9    28    19     0     0   -14.0   37.265  124.874    169.9    980.7
     1     1    21     9    28    18     0     0   -15.0   37.132  124.764    156.8    982.5
     1     1    21     9    28    17     0     0   -16.0   36.991  124.681    145.4    984.1
     1     1    21     9    28    16     0     0   -17.0   36.858  124.644    135.7    985.5
     1     1    21     9    28    15     0     0   -18.0   36.733  124.650    127.3    986.6
     1     1    21     9    28    14     0     0   -19.0   36.615  124.698    120.1    987.6
     1     1    21     9    28    13     0     0   -20.0   36.503  124.789    113.7    988.4
     1     1    21     9    28    12     0     0   -21.0   36.396  124.921    107.9    989.2
     1     1    21     9    28    11     0     0   -22.0   36.300  125.071    100.5    989.8
     1     1    21     9    28    10     0     0   -23.0   36.218  125.217     89.9    991.0
     1     1    21     9    28     9     0     0   -24.0   36.149  125.357     76.9    992.6
     1     1    21     9    28     8     0     0   -25.0   36.088  125.492     62.4    993.8
     1     1    21     9    28     7     0     0   -26.0   36.023  125.619     47.7    995.0
     1     1    21     9    28     6     0     0   -27.0   35.951  125.736     33.8    996.4
     1     1    21     9    28     5     0     0   -28.0   35.868  125.855     22.8    998.1
     1     1    21     9    28     4     0     0   -29.0   35.776  125.985     15.6    999.1
     1     1    21     9    28     3     0     0   -30.0   35.682  126.128     11.2    999.7
     1     1    21     9    28     2     0     0   -31.0   35.594  126.287      8.6    999.4
     1     1    21     9    28     1     0     0   -32.0   35.518  126.460      6.9    999.1
     1     1    21     9    28     0     0     0   -33.0   35.462  126.647      5.9    998.6
     1     1    21     9    27    23     0     0   -34.0   35.424  126.845      5.4    997.9
     1     1    21     9    27    22     0     0   -35.0   35.402  127.050      5.0    997.1
     1     1    21     9    27    21     0     0   -36.0   35.398  127.264      4.7    996.2
     1     1    21     9    27    20     0     0   -37.0   35.412  127.488      4.5    995.2
     1     1    21     9    27    19     0     0   -38.0   35.440  127.716      4.5    994.8
     1     1    21     9    27    18     0     0   -39.0   35.475  127.938      4.5    994.5
     1     1    21     9    27    17     0     0   -40.0   35.519  128.150      4.6    994.3
     1     1    21     9    27    16     0     0   -41.0   35.569  128.352      4.7    994.2
     1     1    21     9    27    15     0     0   -42.0   35.627  128.544      4.8    994.3
     1     1    21     9    27    14     0     0   -43.0   35.690  128.729      4.7    994.4
     1     1    21     9    27    13     0     0   -44.0   35.758  128.909      4.3    994.6
     1     1    21     9    27    12     0     0   -45.0   35.830  129.087      3.5    994.9
     1     1    21     9    27    11     0     0   -46.0   35.906  129.265      2.5    995.2
     1     1    21     9    27    10     0     0   -47.0   35.987  129.445      1.3    995.5
     1     1    21     9    27     9     0     0   -48.0   36.073  129.626      0.0    995.9
     1     1    21     9    27     8     0     0   -49.0   36.164  129.808      0.0    996.3
     1     1    21     9    27     7     0     0   -50.0   36.259  129.991      0.0    996.9
     1     1    21     9    27     6     0     0   -51.0   36.356  130.171      0.0    998.3
     1     1    21     9    27     5     0     0   -52.0   36.452  130.345      0.0   1000.0
     1     1    21     9    27     4     0     0   -53.0   36.547  130.515      0.0   1001.8
     1     1    21     9    27     3     0     0   -54.0   36.640  130.680      0.0   1003.6
     1     1    21     9    27     2     0     0   -55.0   36.732  130.841      0.0   1005.5
     1     1    21     9    27     1     0     0   -56.0   36.822  130.999      0.0   1007.4
     1     1    21     9    27     0     0     0   -57.0   36.911  131.154      0.0   1009.3
     1     1    21     9    26    23     0     0   -58.0   37.003  131.304      0.0   1011.0
     1     1    21     9    26    22     0     0   -59.0   37.102  131.449      0.0   1012.9
     1     1    21     9    26    21     0     0   -60.0   37.209  131.589      0.0   1014.8
     1     1    21     9    26    20     0     0   -61.0   37.326  131.726      0.0   1016.8
     1     1    21     9    26    19     0     0   -62.0   37.454  131.860      0.0   1019.0
     1     1    21     9    26    18     0     0   -63.0   37.591  131.992      0.0   1020.6
     1     1    21     9    26    17     0     0   -64.0   37.733  132.125      0.0   1022.0
     1     1    21     9    26    16     0     0   -65.0   37.874  132.261      0.0   1023.7
     1     1    21     9    26    15     0     0   -66.0   38.016  132.401      0.0   1025.5
     1     1    21     9    26    14     0     0   -67.0   38.156  132.546      0.0   1026.9
     1     1    21     9    26    13     0     0   -68.0   38.291  132.693      0.0   1026.7
     1     1    21     9    26    12     0     0   -69.0   38.421  132.840      0.0   1026.7
     1     1    21     9    26    11     0     0   -70.0   38.550  132.986      0.0   1026.8
     1     1    21     9    26    10     0     0   -71.0   38.682  133.130      0.0   1027.0
     1     1    21     9    26     9     0     0   -72.0   38.818  133.275      0.0   1027.4
     1     1    21     9    26     8     0     0   -73.0   38.960  133.424      0.0   1028.0
     1     1    21     9    26     7     0     0   -74.0   39.108  133.576      0.0   1028.8
     1     1    21     9    26     6     0     0   -75.0   39.263  133.736      0.0   1029.8
     1     1    21     9    26     5     0     0   -76.0   39.422  133.899      0.0   1031.2
     1     1    21     9    26     4     0     0   -77.0   39.581  134.063      0.0   1032.8
     1     1    21     9    26     3     0     0   -78.0   39.741  134.229      0.0   1034.6
     1     1    21     9    26     2     0     0   -79.0   39.905  134.399      0.0   1036.6
     1     1    21     9    26     1     0     0   -80.0   40.070  134.571      0.0   1037.4
     1     1    21     9    26     0     0     0   -81.0   40.231  134.738      0.0   1036.4
     1     1    21     9    25    23     0     0   -82.0   40.378  134.899      0.0   1035.4
     1     1    21     9    25    22     0     0   -83.0   40.500  135.059      0.0   1034.2
     1     1    21     9    25    21     0     0   -84.0   40.594  135.222      0.0   1032.4
     1     1    21     9    25    20     0     0   -85.0   40.659  135.390      0.0   1030.9
     1     1    21     9    25    19     0     0   -86.0   40.697  135.564      0.0   1029.6
     1     1    21     9    25    18     0     0   -87.0   40.707  135.743      0.0   1028.5
     1     1    21     9    25    17     0     0   -88.0   40.701  135.930      0.0   1027.6
     1     1    21     9    25    16     0     0   -89.0   40.690  136.131      0.0   1026.6
     1     1    21     9    25    15     0     0   -90.0   40.675  136.344      0.0   1025.5
     1     1    21     9    25    14     0     0   -91.0   40.658  136.572      0.0   1024.4
     1     1    21     9    25    13     0     0   -92.0   40.642  136.816      0.1   1023.0
     1     1    21     9    25    12     0     0   -93.0   40.629  137.078      0.4   1021.6
     1     1    21     9    25    11     0     0   -94.0   40.628  137.347      0.8   1020.1
     1     1    21     9    25    10     0     0   -95.0   40.646  137.608      1.3   1019.1
     1     1    21     9    25     9     0     0   -96.0   40.682  137.855      1.8   1018.7
