     2     1
    CDC1    21     9     1     0     0
    CDC1    21    10     1     0     0
     1 BACKWARD OMEGA   
  2021    10    30     3   37.500  127.000   500.0
     1 PRESSURE
     1     1    21    10    30     3     0     0     0.0   37.500  127.000    500.0    945.2
     1     1    21    10    30     2     0     0    -1.0   37.459  127.033    487.6    946.5
     1     1    21    10    30     1     0     0    -2.0   37.421  127.084    471.4    948.3
     1     1    21    10    30     0     0     0    -3.0   37.386  127.152    451.6    950.5
     1     1    21    10    29    23     0     0    -4.0   37.350  127.226    431.9    952.8
     1     1    21    10    29    22     0     0    -5.0   37.305  127.294    416.0    954.3
     1     1    21    10    29    21     0     0    -6.0   37.254  127.355    403.8    955.3
     1     1    21    10    29    20     0     0    -7.0   37.195  127.410    395.6    956.0
     1     1    21    10    29    19     0     0    -8.0   37.130  127.460    391.4    956.2
     1     1    21    10    29    18     0     0    -9.0   37.060  127.506    391.4    955.9
     1     1    21    10    29    17     0     0   -10.0   36.993  127.555    393.1    955.7
     1     1    21    10    29    16     0     0   -11.0   36.937  127.613    393.8    956.0
     1     1    21    10    29    15     0     0   -12.0   36.892  127.680    393.4    956.5
     1     1    21    10    29    14     0     0   -13.0   36.856  127.754    391.6    957.0
     1     1    21    10    29    13     0     0   -14.0   36.832  127.837    388.4    957.8
     1     1    21    10    29    12     0     0   -15.0   36.817  127.926    383.3    958.8
     1     1    21    10    29    11     0     0   -16.0   36.810  128.021    378.7    959.8
     1     1    21    10    29    10     0     0   -17.0   36.809  128.123    377.1    960.2
     1     1    21    10    29     9     0     0   -18.0   36.814  128.230    378.3    960.3
     1     1    21    10    29     8     0     0   -19.0   36.826  128.343    382.5    960.1
     1     1    21    10    29     7     0     0   -20.0   36.844  128.461    389.5    959.5
     1     1    21    10    29     6     0     0   -21.0   36.869  128.585    399.6    958.5
     1     1    21    10    29     5     0     0   -22.0   36.896  128.718    411.1    957.6
     1     1    21    10    29     4     0     0   -23.0   36.921  128.863    422.5    956.9
     1     1    21    10    29     3     0     0   -24.0   36.943  129.020    433.6    956.4
     1     1    21    10    29     2     0     0   -25.0   36.965  129.190    444.4    955.9
     1     1    21    10    29     1     0     0   -26.0   36.987  129.373    455.0    955.5
     1     1    21    10    29     0     0     0   -27.0   37.010  129.568    465.2    955.2
     1     1    21    10    28    23     0     0   -28.0   37.044  129.772    475.4    954.6
     1     1    21    10    28    22     0     0   -29.0   37.096  129.980    485.9    954.0
     1     1    21    10    28    21     0     0   -30.0   37.166  130.188    497.0    954.3
     1     1    21    10    28    20     0     0   -31.0   37.254  130.392    508.3    954.7
     1     1    21    10    28    19     0     0   -32.0   37.359  130.590    519.7    955.3
     1     1    21    10    28    18     0     0   -33.0   37.482  130.781    531.2    956.0
     1     1    21    10    28    17     0     0   -34.0   37.622  130.960    542.5    955.5
     1     1    21    10    28    16     0     0   -35.0   37.774  131.124    554.2    954.9
     1     1    21    10    28    15     0     0   -36.0   37.938  131.273    566.6    954.4
     1     1    21    10    28    14     0     0   -37.0   38.112  131.407    580.1    953.7
     1     1    21    10    28    13     0     0   -38.0   38.296  131.526    594.9    953.0
     1     1    21    10    28    12     0     0   -39.0   38.490  131.629    611.7    952.1
     1     1    21    10    28    11     0     0   -40.0   38.692  131.713    630.9    950.5
     1     1    21    10    28    10     0     0   -41.0   38.903  131.771    652.7    947.9
     1     1    21    10    28     9     0     0   -42.0   39.123  131.802    677.4    944.6
     1     1    21    10    28     8     0     0   -43.0   39.352  131.807    705.0    940.7
     1     1    21    10    28     7     0     0   -44.0   39.593  131.785    735.6    936.0
     1     1    21    10    28     6     0     0   -45.0   39.844  131.736    769.5    930.5
     1     1    21    10    28     5     0     0   -46.0   40.104  131.659    806.9    922.7
     1     1    21    10    28     4     0     0   -47.0   40.373  131.558    850.5    912.0
     1     1    21    10    28     3     0     0   -48.0   40.652  131.438    901.7    900.1
     1     1    21    10    28     2     0     0   -49.0   40.946  131.300    961.6    886.7
     1     1    21    10    28     1     0     0   -50.0   41.256  131.144   1031.4    871.4
     1     1    21    10    28     0     0     0   -51.0   41.589  130.966   1112.3    854.8
     1     1    21    10    27    23     0     0   -52.0   41.945  130.762   1200.7    836.5
     1     1    21    10    27    22     0     0   -53.0   42.325  130.527   1290.9    817.9
     1     1    21    10    27    21     0     0   -54.0   42.725  130.264   1381.0    802.3
     1     1    21    10    27    20     0     0   -55.0   43.143  129.989   1466.3    791.2
     1     1    21    10    27    19     0     0   -56.0   43.571  129.711   1544.0    784.6
     1     1    21    10    27    18     0     0   -57.0   44.008  129.433   1613.1    780.0
     1     1    21    10    27    17     0     0   -58.0   44.445  129.159   1673.5    776.8
     1     1    21    10    27    16     0     0   -59.0   44.874  128.893   1726.7    774.7
     1     1    21    10    27    15     0     0   -60.0   45.290  128.635   1771.5    772.7
     1     1    21    10    27    14     0     0   -61.0   45.694  128.386   1809.2    771.0
     1     1    21    10    27    13     0     0   -62.0   46.089  128.153   1842.1    769.6
     1     1    21    10    27    12     0     0   -63.0   46.481  127.942   1872.6    768.3
     1     1    21    10    27    11     0     0   -64.0   46.866  127.739   1900.7    767.3
     1     1    21    10    27    10     0     0   -65.0   47.238  127.520   1925.6    766.4
     1     1    21    10    27     9     0     0   -66.0   47.596  127.279   1946.9    765.2
     1     1    21    10    27     8     0     0   -67.0   47.938  127.013   1964.7    762.7
     1     1    21    10    27     7     0     0   -68.0   48.269  126.726   1980.7    759.9
     1     1    21    10    27     6     0     0   -69.0   48.597  126.424   1995.7    756.8
     1     1    21    10    27     5     0     0   -70.0   48.925  126.118   2007.5    753.5
     1     1    21    10    27     4     0     0   -71.0   49.249  125.814   2015.1    750.3
     1     1    21    10    27     3     0     0   -72.0   49.571  125.507   2018.3    747.0
     1     1    21    10    27     2     0     0   -73.0   49.889  125.193   2017.4    743.5
     1     1    21    10    27     1     0     0   -74.0   50.203  124.870   2014.9    740.6
     1     1    21    10    27     0     0     0   -75.0   50.508  124.534   2013.3    737.1
     1     1    21    10    26    23     0     0   -76.0   50.802  124.181   2017.9    733.4
     1     1    21    10    26    22     0     0   -77.0   51.079  123.802   2030.1    728.4
     1     1    21    10    26    21     0     0   -78.0   51.342  123.393   2047.1    722.6
     1     1    21    10    26    20     0     0   -79.0   51.591  122.951   2066.3    716.3
     1     1    21    10    26    19     0     0   -80.0   51.829  122.476   2084.8    709.9
     1     1    21    10    26    18     0     0   -81.0   52.058  121.968   2102.4    706.3
     1     1    21    10    26    17     0     0   -82.0   52.296  121.446   2116.8    703.6
     1     1    21    10    26    16     0     0   -83.0   52.554  120.925   2126.6    700.5
     1     1    21    10    26    15     0     0   -84.0   52.835  120.391   2126.5    696.3
     1     1    21    10    26    14     0     0   -85.0   53.137  119.831   2116.2    693.4
     1     1    21    10    26    13     0     0   -86.0   53.457  119.230   2096.9    692.8
     1     1    21    10    26    12     0     0   -87.0   53.793  118.572   2066.9    692.1
     1     1    21    10    26    11     0     0   -88.0   54.128  117.856   2034.9    691.7
     1     1    21    10    26    10     0     0   -89.0   54.440  117.079   2004.2    688.5
     1     1    21    10    26     9     0     0   -90.0   54.724  116.229   1973.4    683.8
     1     1    21    10    26     8     0     0   -91.0   54.979  115.288   1938.5    678.9
     1     1    21    10    26     7     0     0   -92.0   55.205  114.259   1900.1    679.5
     1     1    21    10    26     6     0     0   -93.0   55.406  113.152   1851.2    682.3
     1     1    21    10    26     5     0     0   -94.0   55.594  112.016   1799.8    691.3
     1     1    21    10    26     4     0     0   -95.0   55.767  110.903   1751.9    703.5
     1     1    21    10    26     3     0     0   -96.0   55.911  109.807   1702.3    716.2
