     2     1
    CDC1    21     5     1     0     0
    CDC1    21     6     1     0     0
     1 BACKWARD OMEGA   
  2021     6     3    18   37.500  127.000   500.0
     1 PRESSURE
     1     1    21     6     3    18     0     0     0.0   37.500  127.000    500.0    925.2
     1     1    21     6     3    17     0     0    -1.0   37.703  126.681    480.7    926.6
     1     1    21     6     3    16     0     0    -2.0   37.870  126.390    469.2    927.3
     1     1    21     6     3    15     0     0    -3.0   38.014  126.128    465.1    927.3
     1     1    21     6     3    14     0     0    -4.0   38.147  125.894    468.4    926.7
     1     1    21     6     3    13     0     0    -5.0   38.277  125.688    479.5    925.1
     1     1    21     6     3    12     0     0    -6.0   38.413  125.508    498.8    922.4
     1     1    21     6     3    11     0     0    -7.0   38.544  125.335    519.3    919.2
     1     1    21     6     3    10     0     0    -8.0   38.656  125.149    533.1    917.8
     1     1    21     6     3     9     0     0    -9.0   38.751  124.950    539.6    917.6
     1     1    21     6     3     8     0     0   -10.0   38.826  124.740    538.7    918.5
     1     1    21     6     3     7     0     0   -11.0   38.882  124.519    530.6    920.7
     1     1    21     6     3     6     0     0   -12.0   38.923  124.288    516.0    924.0
     1     1    21     6     3     5     0     0   -13.0   38.953  124.064    497.9    927.9
     1     1    21     6     3     4     0     0   -14.0   38.973  123.860    479.3    931.5
     1     1    21     6     3     3     0     0   -15.0   38.982  123.679    459.9    935.2
     1     1    21     6     3     2     0     0   -16.0   38.980  123.523    439.9    938.9
     1     1    21     6     3     1     0     0   -17.0   38.966  123.392    419.2    942.6
     1     1    21     6     3     0     0     0   -18.0   38.939  123.289    397.9    946.3
     1     1    21     6     2    23     0     0   -19.0   38.899  123.195    378.4    950.2
     1     1    21     6     2    22     0     0   -20.0   38.854  123.093    363.0    953.1
     1     1    21     6     2    21     0     0   -21.0   38.804  122.985    351.3    955.7
     1     1    21     6     2    20     0     0   -22.0   38.749  122.872    342.7    958.0
     1     1    21     6     2    19     0     0   -23.0   38.688  122.757    336.9    960.1
     1     1    21     6     2    18     0     0   -24.0   38.622  122.641    333.3    961.8
     1     1    21     6     2    17     0     0   -25.0   38.538  122.534    329.2    963.1
     1     1    21     6     2    16     0     0   -26.0   38.425  122.446    321.8    964.6
     1     1    21     6     2    15     0     0   -27.0   38.282  122.377    311.2    966.4
     1     1    21     6     2    14     0     0   -28.0   38.107  122.329    297.9    968.8
     1     1    21     6     2    13     0     0   -29.0   37.901  122.302    282.1    971.6
     1     1    21     6     2    12     0     0   -30.0   37.663  122.297    263.8    974.9
     1     1    21     6     2    11     0     0   -31.0   37.409  122.311    243.9    978.4
     1     1    21     6     2    10     0     0   -32.0   37.152  122.340    223.0    981.0
     1     1    21     6     2     9     0     0   -33.0   36.897  122.384    201.3    983.9
     1     1    21     6     2     8     0     0   -34.0   36.642  122.443    178.9    986.3
     1     1    21     6     2     7     0     0   -35.0   36.390  122.515    155.9    988.8
     1     1    21     6     2     6     0     0   -36.0   36.143  122.599    132.9    991.4
     1     1    21     6     2     5     0     0   -37.0   35.900  122.699    112.0    994.1
     1     1    21     6     2     4     0     0   -38.0   35.661  122.816     94.9    996.3
     1     1    21     6     2     3     0     0   -39.0   35.429  122.947     81.6    998.1
     1     1    21     6     2     2     0     0   -40.0   35.201  123.086     72.1    999.3
     1     1    21     6     2     1     0     0   -41.0   34.978  123.229     66.5    999.9
     1     1    21     6     2     0     0     0   -42.0   34.761  123.376     63.6   1001.0
     1     1    21     6     1    23     0     0   -43.0   34.554  123.530     62.5   1001.6
     1     1    21     6     1    22     0     0   -44.0   34.356  123.687     62.8   1002.1
     1     1    21     6     1    21     0     0   -45.0   34.164  123.849     64.7   1002.3
     1     1    21     6     1    20     0     0   -46.0   33.977  124.015     68.4   1002.3
     1     1    21     6     1    19     0     0   -47.0   33.791  124.184     74.0   1002.0
     1     1    21     6     1    18     0     0   -48.0   33.605  124.355     81.8   1001.1
     1     1    21     6     1    17     0     0   -49.0   33.418  124.529     89.0   1000.2
     1     1    21     6     1    16     0     0   -50.0   33.235  124.707     92.9   1000.2
     1     1    21     6     1    15     0     0   -51.0   33.057  124.890     93.4   1000.5
     1     1    21     6     1    14     0     0   -52.0   32.888  125.077     90.8   1001.2
     1     1    21     6     1    13     0     0   -53.0   32.731  125.268     85.3   1002.3
     1     1    21     6     1    12     0     0   -54.0   32.589  125.464     76.9   1003.8
     1     1    21     6     1    11     0     0   -55.0   32.460  125.665     68.9   1004.8
     1     1    21     6     1    10     0     0   -56.0   32.338  125.874     64.0   1004.8
     1     1    21     6     1     9     0     0   -57.0   32.224  126.091     61.8   1004.7
     1     1    21     6     1     8     0     0   -58.0   32.117  126.314     62.1   1004.4
     1     1    21     6     1     7     0     0   -59.0   32.016  126.543     64.8   1003.9
     1     1    21     6     1     6     0     0   -60.0   31.922  126.778     70.4   1003.3
     1     1    21     6     1     5     0     0   -61.0   31.836  127.014     77.7   1002.5
     1     1    21     6     1     4     0     0   -62.0   31.765  127.244     85.1   1001.6
     1     1    21     6     1     3     0     0   -63.0   31.707  127.470     92.9   1000.7
     1     1    21     6     1     2     0     0   -64.0   31.662  127.691    101.2    999.3
     1     1    21     6     1     1     0     0   -65.0   31.629  127.909    110.3    997.8
     1     1    21     6     1     0     0     0   -66.0   31.608  128.122    120.7    996.2
     1     1    21     5    31    23     0     0   -67.0   31.599  128.333    133.2    993.8
     1     1    21     5    31    22     0     0   -68.0   31.600  128.544    148.2    991.2
     1     1    21     5    31    21     0     0   -69.0   31.612  128.755    165.5    988.5
     1     1    21     5    31    20     0     0   -70.0   31.634  128.966    184.9    985.6
     1     1    21     5    31    19     0     0   -71.0   31.665  129.177    206.2    982.5
     1     1    21     5    31    18     0     0   -72.0   31.704  129.388    229.6    978.5
     1     1    21     5    31    17     0     0   -73.0   31.746  129.591    253.4    974.8
     1     1    21     5    31    16     0     0   -74.0   31.787  129.778    276.1    971.7
     1     1    21     5    31    15     0     0   -75.0   31.828  129.947    297.3    968.8
     1     1    21     5    31    14     0     0   -76.0   31.869  130.096    316.8    966.3
     1     1    21     5    31    13     0     0   -77.0   31.907  130.225    334.5    964.2
     1     1    21     5    31    12     0     0   -78.0   31.942  130.332    350.1    962.4
     1     1    21     5    31    11     0     0   -79.0   31.966  130.437    364.1    960.3
     1     1    21     5    31    10     0     0   -80.0   31.971  130.561    377.2    958.3
     1     1    21     5    31     9     0     0   -81.0   31.959  130.704    389.0    956.4
     1     1    21     5    31     8     0     0   -82.0   31.929  130.867    399.4    954.6
     1     1    21     5    31     7     0     0   -83.0   31.884  131.051    408.0    953.1
     1     1    21     5    31     6     0     0   -84.0   31.824  131.256    414.4    951.9
     1     1    21     5    31     5     0     0   -85.0   31.768  131.471    420.2    951.6
     1     1    21     5    31     4     0     0   -86.0   31.734  131.683    426.8    950.9
     1     1    21     5    31     3     0     0   -87.0   31.720  131.891    434.3    950.1
     1     1    21     5    31     2     0     0   -88.0   31.726  132.095    443.0    949.1
     1     1    21     5    31     1     0     0   -89.0   31.751  132.296    453.3    947.8
     1     1    21     5    31     0     0     0   -90.0   31.795  132.493    465.6    946.2
     1     1    21     5    30    23     0     0   -91.0   31.852  132.688    480.6    944.5
     1     1    21     5    30    22     0     0   -92.0   31.919  132.880    498.4    942.5
     1     1    21     5    30    21     0     0   -93.0   31.995  133.069    519.1    940.1
     1     1    21     5    30    20     0     0   -94.0   32.079  133.256    542.9    937.5
     1     1    21     5    30    19     0     0   -95.0   32.172  133.442    569.9    934.5
     1     1    21     5    30    18     0     0   -96.0   32.274  133.629    600.1    931.2
