     2     1
    CDC1    21     3     1     0     0
    CDC1    21     4     1     0     0
     1 BACKWARD OMEGA   
  2021     4    13    21   37.500  127.000   500.0
     1 PRESSURE
     1     1    21     4    13    21     0     0     0.0   37.500  127.000    500.0    938.2
     1     1    21     4    13    20     0     0    -1.0   37.677  126.715    511.6    936.0
     1     1    21     4    13    19     0     0    -2.0   37.850  126.412    525.0    933.8
     1     1    21     4    13    18     0     0    -3.0   38.018  126.090    540.8    931.6
     1     1    21     4    13    17     0     0    -4.0   38.176  125.762    558.8    929.2
     1     1    21     4    13    16     0     0    -5.0   38.325  125.442    579.5    927.0
     1     1    21     4    13    15     0     0    -6.0   38.467  125.132    603.0    924.6
     1     1    21     4    13    14     0     0    -7.0   38.602  124.836    629.5    921.9
     1     1    21     4    13    13     0     0    -8.0   38.733  124.558    658.8    918.6
     1     1    21     4    13    12     0     0    -9.0   38.859  124.298    690.5    915.2
     1     1    21     4    13    11     0     0   -10.0   38.990  124.054    725.3    911.8
     1     1    21     4    13    10     0     0   -11.0   39.135  123.828    764.6    907.7
     1     1    21     4    13     9     0     0   -12.0   39.293  123.628    807.8    903.3
     1     1    21     4    13     8     0     0   -13.0   39.461  123.458    854.6    898.4
     1     1    21     4    13     7     0     0   -14.0   39.638  123.326    904.8    892.9
     1     1    21     4    13     6     0     0   -15.0   39.823  123.239    958.4    886.4
     1     1    21     4    13     5     0     0   -16.0   40.030  123.179   1014.0    878.8
     1     1    21     4    13     4     0     0   -17.0   40.274  123.123   1071.0    871.4
     1     1    21     4    13     3     0     0   -18.0   40.557  123.064   1129.2    863.9
     1     1    21     4    13     2     0     0   -19.0   40.877  123.003   1189.3    856.1
     1     1    21     4    13     1     0     0   -20.0   41.237  122.940   1252.1    848.0
     1     1    21     4    13     0     0     0   -21.0   41.636  122.874   1318.2    839.2
     1     1    21     4    12    23     0     0   -22.0   42.058  122.796   1390.8    829.6
     1     1    21     4    12    22     0     0   -23.0   42.486  122.696   1473.2    819.1
     1     1    21     4    12    21     0     0   -24.0   42.923  122.558   1568.8    810.8
     1     1    21     4    12    20     0     0   -25.0   43.364  122.368   1674.5    798.8
     1     1    21     4    12    19     0     0   -26.0   43.802  122.127   1790.6    783.0
     1     1    21     4    12    18     0     0   -27.0   44.232  121.838   1919.6    764.7
     1     1    21     4    12    17     0     0   -28.0   44.636  121.496   2046.7    743.9
     1     1    21     4    12    16     0     0   -29.0   45.004  121.093   2155.0    725.5
     1     1    21     4    12    15     0     0   -30.0   45.334  120.625   2246.0    705.4
     1     1    21     4    12    14     0     0   -31.0   45.627  120.092   2325.8    687.0
     1     1    21     4    12    13     0     0   -32.0   45.893  119.516   2402.1    673.2
     1     1    21     4    12    12     0     0   -33.0   46.143  118.921   2478.2    662.0
     1     1    21     4    12    11     0     0   -34.0   46.388  118.326   2556.1    652.1
     1     1    21     4    12    10     0     0   -35.0   46.630  117.740   2632.0    644.2
     1     1    21     4    12     9     0     0   -36.0   46.871  117.161   2706.7    639.5
     1     1    21     4    12     8     0     0   -37.0   47.107  116.594   2775.9    636.9
     1     1    21     4    12     7     0     0   -38.0   47.342  116.043   2838.3    634.9
     1     1    21     4    12     6     0     0   -39.0   47.580  115.512   2895.0    632.6
     1     1    21     4    12     5     0     0   -40.0   47.834  115.005   2952.0    629.6
     1     1    21     4    12     4     0     0   -41.0   48.113  114.522   3001.9    620.5
     1     1    21     4    12     3     0     0   -42.0   48.416  114.062   3056.4    611.0
     1     1    21     4    12     2     0     0   -43.0   48.746  113.635   3116.7    601.0
     1     1    21     4    12     1     0     0   -44.0   49.105  113.250   3184.2    590.7
     1     1    21     4    12     0     0     0   -45.0   49.499  112.919   3260.3    580.0
     1     1    21     4    11    23     0     0   -46.0   49.913  112.621   3335.1    569.0
     1     1    21     4    11    22     0     0   -47.0   50.323  112.324   3398.0    561.7
     1     1    21     4    11    21     0     0   -48.0   50.727  112.029   3451.6    556.9
     1     1    21     4    11    20     0     0   -49.0   51.128  111.745   3498.8    553.5
     1     1    21     4    11    19     0     0   -50.0   51.533  111.485   3544.6    551.0
     1     1    21     4    11    18     0     0   -51.0   51.949  111.263   3594.0    549.0
     1     1    21     4    11    17     0     0   -52.0   52.387  111.090   3646.2    547.1
     1     1    21     4    11    16     0     0   -53.0   52.850  110.955   3689.0    542.9
     1     1    21     4    11    15     0     0   -54.0   53.337  110.841   3725.2    538.2
     1     1    21     4    11    14     0     0   -55.0   53.854  110.749   3759.8    533.5
     1     1    21     4    11    13     0     0   -56.0   54.413  110.686   3797.3    528.5
     1     1    21     4    11    12     0     0   -57.0   55.027  110.663   3843.5    522.8
     1     1    21     4    11    11     0     0   -58.0   55.670  110.650   3913.4    523.6
     1     1    21     4    11    10     0     0   -59.0   56.320  110.634   3983.5    525.0
     1     1    21     4    11     9     0     0   -60.0   56.993  110.642   4054.7    526.4
     1     1    21     4    11     8     0     0   -61.0   57.697  110.701   4128.2    528.7
     1     1    21     4    11     7     0     0   -62.0   58.415  110.817   4201.4    533.7
     1     1    21     4    11     6     0     0   -63.0   59.133  110.996   4266.2    539.4
     1     1    21     4    11     5     0     0   -64.0   59.854  111.259   4319.7    545.0
     1     1    21     4    11     4     0     0   -65.0   60.567  111.610   4334.0    543.1
     1     1    21     4    11     3     0     0   -66.0   61.268  112.053   4335.4    539.6
     1     1    21     4    11     2     0     0   -67.0   61.963  112.606   4333.2    537.1
     1     1    21     4    11     1     0     0   -68.0   62.646  113.271   4333.5    537.9
     1     1    21     4    11     0     0     0   -69.0   63.300  114.039   4336.3    541.1
     1     1    21     4    10    23     0     0   -70.0   63.914  114.872   4352.3    544.9
     1     1    21     4    10    22     0     0   -71.0   64.489  115.742   4390.9    548.2
     1     1    21     4    10    21     0     0   -72.0   65.034  116.642   4452.3    550.1
     1     1    21     4    10    20     0     0   -73.0   65.551  117.560   4524.5    548.3
     1     1    21     4    10    19     0     0   -74.0   66.045  118.490   4596.6    542.5
     1     1    21     4    10    18     0     0   -75.0   66.525  119.444   4677.6    535.6
     1     1    21     4    10    17     0     0   -76.0   66.985  120.460   4758.8    526.4
     1     1    21     4    10    16     0     0   -77.0   67.405  121.554   4836.9    515.8
     1     1    21     4    10    15     0     0   -78.0   67.775  122.689   4917.4    506.3
     1     1    21     4    10    14     0     0   -79.0   68.091  123.820   4991.9    497.0
     1     1    21     4    10    13     0     0   -80.0   68.357  124.931   5065.9    488.4
     1     1    21     4    10    12     0     0   -81.0   68.585  126.009   5143.1    480.7
     1     1    21     4    10    11     0     0   -82.0   68.792  127.022   5223.1    473.1
     1     1    21     4    10    10     0     0   -83.0   68.999  127.955   5306.6    466.6
     1     1    21     4    10     9     0     0   -84.0   69.213  128.818   5392.2    461.1
     1     1    21     4    10     8     0     0   -85.0   69.441  129.620   5477.4    456.1
     1     1    21     4    10     7     0     0   -86.0   69.687  130.373   5564.0    452.0
     1     1    21     4    10     6     0     0   -87.0   69.955  131.089   5652.2    448.7
     1     1    21     4    10     5     0     0   -88.0   70.236  131.788   5734.9    445.5
     1     1    21     4    10     4     0     0   -89.0   70.521  132.485   5817.4    442.5
     1     1    21     4    10     3     0     0   -90.0   70.807  133.189   5901.0    439.9
     1     1    21     4    10     2     0     0   -91.0   71.094  133.913   5984.8    437.3
     1     1    21     4    10     1     0     0   -92.0   71.379  134.668   6070.1    434.4
     1     1    21     4    10     0     0     0   -93.0   71.657  135.466   6158.1    431.1
     1     1    21     4     9    23     0     0   -94.0   71.926  136.298   6245.6    427.6
     1     1    21     4     9    22     0     0   -95.0   72.186  137.144   6328.8    424.5
     1     1    21     4     9    21     0     0   -96.0   72.435  138.011   6405.9    421.6
