     3     1
    CDC1    21     3     1     0     0
    CDC1    21     4     1     0     0
    CDC1    21     5     1     0     0
     1 BACKWARD OMEGA   
  2021     4    30     3   37.500  127.000   500.0
     1 PRESSURE
     1     1    21     4    30     3     0     0     0.0   37.500  127.000    500.0    926.0
     1     1    21     4    30     2     0     0    -1.0   37.653  126.778    502.5    924.0
     1     1    21     4    30     1     0     0    -2.0   37.806  126.577    502.9    922.4
     1     1    21     4    30     0     0     0    -3.0   37.963  126.395    502.2    920.9
     1     1    21     4    29    23     0     0    -4.0   38.113  126.232    499.0    919.7
     1     1    21     4    29    22     0     0    -5.0   38.248  126.084    491.9    919.4
     1     1    21     4    29    21     0     0    -6.0   38.369  125.948    480.7    919.7
     1     1    21     4    29    20     0     0    -7.0   38.477  125.820    465.5    920.7
     1     1    21     4    29    19     0     0    -8.0   38.576  125.696    446.7    922.3
     1     1    21     4    29    18     0     0    -9.0   38.667  125.576    424.4    924.4
     1     1    21     4    29    17     0     0   -10.0   38.741  125.470    400.8    927.4
     1     1    21     4    29    16     0     0   -11.0   38.784  125.387    377.4    930.4
     1     1    21     4    29    15     0     0   -12.0   38.791  125.329    353.4    933.1
     1     1    21     4    29    14     0     0   -13.0   38.758  125.299    328.6    936.4
     1     1    21     4    29    13     0     0   -14.0   38.679  125.296    302.9    940.3
     1     1    21     4    29    12     0     0   -15.0   38.553  125.324    276.9    944.8
     1     1    21     4    29    11     0     0   -16.0   38.392  125.367    251.8    950.1
     1     1    21     4    29    10     0     0   -17.0   38.218  125.407    228.8    955.5
     1     1    21     4    29     9     0     0   -18.0   38.037  125.444    208.5    960.8
     1     1    21     4    29     8     0     0   -19.0   37.855  125.477    190.9    965.5
     1     1    21     4    29     7     0     0   -20.0   37.681  125.504    176.1    969.6
     1     1    21     4    29     6     0     0   -21.0   37.517  125.525    163.7    973.5
     1     1    21     4    29     5     0     0   -22.0   37.368  125.543    153.4    975.4
     1     1    21     4    29     4     0     0   -23.0   37.234  125.563    145.3    977.0
     1     1    21     4    29     3     0     0   -24.0   37.117  125.585    139.3    978.2
     1     1    21     4    29     2     0     0   -25.0   37.017  125.609    135.6    979.2
     1     1    21     4    29     1     0     0   -26.0   36.936  125.635    134.3    979.8
     1     1    21     4    29     0     0     0   -27.0   36.874  125.664    135.3    980.0
     1     1    21     4    28    23     0     0   -28.0   36.824  125.685    135.6    980.3
     1     1    21     4    28    22     0     0   -29.0   36.779  125.688    132.0    981.5
     1     1    21     4    28    21     0     0   -30.0   36.738  125.674    124.5    983.2
     1     1    21     4    28    20     0     0   -31.0   36.701  125.643    112.9    985.6
     1     1    21     4    28    19     0     0   -32.0   36.666  125.597     97.0    988.6
     1     1    21     4    28    18     0     0   -33.0   36.632  125.537     76.6    992.6
     1     1    21     4    28    17     0     0   -34.0   36.597  125.473     56.3    996.1
     1     1    21     4    28    16     0     0   -35.0   36.558  125.416     40.4    998.7
     1     1    21     4    28    15     0     0   -36.0   36.516  125.368     28.6   1001.0
     1     1    21     4    28    14     0     0   -37.0   36.473  125.331     20.3   1003.0
     1     1    21     4    28    13     0     0   -38.0   36.429  125.304     14.8   1004.7
     1     1    21     4    28    12     0     0   -39.0   36.384  125.286     11.4   1006.0
     1     1    21     4    28    11     0     0   -40.0   36.341  125.269      9.1   1006.5
     1     1    21     4    28    10     0     0   -41.0   36.298  125.242      7.0   1007.0
     1     1    21     4    28     9     0     0   -42.0   36.257  125.206      4.9   1007.6
     1     1    21     4    28     8     0     0   -43.0   36.217  125.159      2.8   1008.2
     1     1    21     4    28     7     0     0   -44.0   36.179  125.103      0.7   1008.9
     1     1    21     4    28     6     0     0   -45.0   36.142  125.037      0.0   1009.7
     1     1    21     4    28     5     0     0   -46.0   36.109  124.968      0.0   1010.2
     1     1    21     4    28     4     0     0   -47.0   36.081  124.900      0.0   1010.6
     1     1    21     4    28     3     0     0   -48.0   36.058  124.835      0.0   1011.0
     1     1    21     4    28     2     0     0   -49.0   36.041  124.769      0.0   1011.3
     1     1    21     4    28     1     0     0   -50.0   36.031  124.704      0.0   1011.7
     1     1    21     4    28     0     0     0   -51.0   36.028  124.637      0.0   1012.0
     1     1    21     4    27    23     0     0   -52.0   36.023  124.557      0.0   1012.0
     1     1    21     4    27    22     0     0   -53.0   36.009  124.453      0.0   1012.1
     1     1    21     4    27    21     0     0   -54.0   35.983  124.324      0.0   1012.2
     1     1    21     4    27    20     0     0   -55.0   35.947  124.168      0.0   1012.4
     1     1    21     4    27    19     0     0   -56.0   35.900  123.986      0.0   1012.6
     1     1    21     4    27    18     0     0   -57.0   35.842  123.776      0.0   1012.9
     1     1    21     4    27    17     0     0   -58.0   35.772  123.559      0.0   1012.9
     1     1    21     4    27    16     0     0   -59.0   35.691  123.361      0.0   1012.8
     1     1    21     4    27    15     0     0   -60.0   35.599  123.184      0.0   1012.6
     1     1    21     4    27    14     0     0   -61.0   35.499  123.029      0.0   1012.3
     1     1    21     4    27    13     0     0   -62.0   35.390  122.898      0.0   1012.0
     1     1    21     4    27    12     0     0   -63.0   35.275  122.791      0.0   1011.6
     1     1    21     4    27    11     0     0   -64.0   35.148  122.695      0.0   1011.5
     1     1    21     4    27    10     0     0   -65.0   35.007  122.592      0.0   1011.3
     1     1    21     4    27     9     0     0   -66.0   34.853  122.482      0.0   1011.8
     1     1    21     4    27     8     0     0   -67.0   34.693  122.367      0.0   1012.2
     1     1    21     4    27     7     0     0   -68.0   34.532  122.249      0.0   1012.5
     1     1    21     4    27     6     0     0   -69.0   34.370  122.129      0.0   1012.8
     1     1    21     4    27     5     0     0   -70.0   34.213  122.025      0.0   1013.3
     1     1    21     4    27     4     0     0   -71.0   34.063  121.949      0.0   1013.8
     1     1    21     4    27     3     0     0   -72.0   33.917  121.899      0.0   1014.2
     1     1    21     4    27     2     0     0   -73.0   33.773  121.873      0.0   1014.6
     1     1    21     4    27     1     0     0   -74.0   33.631  121.870      0.2   1015.1
     1     1    21     4    27     0     0     0   -75.0   33.490  121.888      0.6   1015.7
     1     1    21     4    26    23     0     0   -76.0   33.345  121.923      0.8   1016.6
     1     1    21     4    26    22     0     0   -77.0   33.196  121.970      0.8   1017.6
     1     1    21     4    26    21     0     0   -78.0   33.040  122.031      0.6   1018.8
     1     1    21     4    26    20     0     0   -79.0   32.878  122.108      0.2   1020.1
     1     1    21     4    26    19     0     0   -80.0   32.709  122.202      0.0   1021.5
     1     1    21     4    26    18     0     0   -81.0   32.533  122.317      0.0   1023.2
     1     1    21     4    26    17     0     0   -82.0   32.355  122.457      0.0   1023.4
     1     1    21     4    26    16     0     0   -83.0   32.187  122.624      0.0   1022.5
     1     1    21     4    26    15     0     0   -84.0   32.037  122.815      0.0   1021.5
     1     1    21     4    26    14     0     0   -85.0   31.907  123.029      0.0   1020.6
     1     1    21     4    26    13     0     0   -86.0   31.799  123.265      0.0   1019.9
     1     1    21     4    26    12     0     0   -87.0   31.716  123.523      0.1   1019.4
     1     1    21     4    26    11     0     0   -88.0   31.653  123.790      0.1   1018.9
     1     1    21     4    26    10     0     0   -89.0   31.604  124.053      0.1   1018.6
     1     1    21     4    26     9     0     0   -90.0   31.570  124.314      0.0   1018.2
     1     1    21     4    26     8     0     0   -91.0   31.551  124.577      0.0   1017.9
     1     1    21     4    26     7     0     0   -92.0   31.546  124.844      0.0   1017.6
     1     1    21     4    26     6     0     0   -93.0   31.556  125.116      0.0   1017.3
     1     1    21     4    26     5     0     0   -94.0   31.583  125.393      0.0   1017.1
     1     1    21     4    26     4     0     0   -95.0   31.629  125.673      0.0   1017.0
     1     1    21     4    26     3     0     0   -96.0   31.690  125.957      0.0   1016.9
