     2     1
    CDC1    21     3     1     0     0
    CDC1    21     4     1     0     0
     1 BACKWARD OMEGA   
  2021     4    12     6   37.500  127.000   500.0
     1 PRESSURE
     1     1    21     4    12     6     0     0     0.0   37.500  127.000    500.0    939.3
     1     1    21     4    12     5     0     0    -1.0   37.169  127.061    477.9    942.9
     1     1    21     4    12     4     0     0    -2.0   36.857  127.133    458.5    946.3
     1     1    21     4    12     3     0     0    -3.0   36.562  127.217    442.3    949.2
     1     1    21     4    12     2     0     0    -4.0   36.282  127.313    430.2    951.7
     1     1    21     4    12     1     0     0    -5.0   36.018  127.422    422.5    953.6
     1     1    21     4    12     0     0     0    -6.0   35.768  127.542    419.9    955.1
     1     1    21     4    11    23     0     0    -7.0   35.522  127.671    420.0    955.6
     1     1    21     4    11    22     0     0    -8.0   35.271  127.809    420.7    956.2
     1     1    21     4    11    21     0     0    -9.0   35.015  127.957    422.7    956.4
     1     1    21     4    11    20     0     0   -10.0   34.754  128.118    427.3    957.0
     1     1    21     4    11    19     0     0   -11.0   34.489  128.294    435.5    957.1
     1     1    21     4    11    18     0     0   -12.0   34.222  128.487    448.3    956.5
     1     1    21     4    11    17     0     0   -13.0   33.966  128.691    465.4    955.4
     1     1    21     4    11    16     0     0   -14.0   33.734  128.896    485.1    953.9
     1     1    21     4    11    15     0     0   -15.0   33.529  129.102    506.2    952.3
     1     1    21     4    11    14     0     0   -16.0   33.353  129.310    527.5    950.5
     1     1    21     4    11    13     0     0   -17.0   33.209  129.517    547.9    948.7
     1     1    21     4    11    12     0     0   -18.0   33.099  129.726    566.1    947.1
     1     1    21     4    11    11     0     0   -19.0   33.017  129.940    585.3    945.2
     1     1    21     4    11    10     0     0   -20.0   32.951  130.166    609.6    942.6
     1     1    21     4    11     9     0     0   -21.0   32.899  130.402    638.5    939.5
     1     1    21     4    11     8     0     0   -22.0   32.861  130.648    672.2    935.3
     1     1    21     4    11     7     0     0   -23.0   32.836  130.902    711.1    930.5
     1     1    21     4    11     6     0     0   -24.0   32.824  131.160    755.9    925.1
     1     1    21     4    11     5     0     0   -25.0   32.824  131.414    804.3    919.6
     1     1    21     4    11     4     0     0   -26.0   32.836  131.657    853.4    914.3
     1     1    21     4    11     3     0     0   -27.0   32.861  131.886    903.1    909.2
     1     1    21     4    11     2     0     0   -28.0   32.899  132.101    953.0    903.8
     1     1    21     4    11     1     0     0   -29.0   32.951  132.302   1002.7    898.2
     1     1    21     4    11     0     0     0   -30.0   33.019  132.489   1051.9    892.8
     1     1    21     4    10    23     0     0   -31.0   33.090  132.664   1100.1    887.4
     1     1    21     4    10    22     0     0   -32.0   33.151  132.831   1147.3    882.2
     1     1    21     4    10    21     0     0   -33.0   33.204  132.989   1193.5    877.2
     1     1    21     4    10    20     0     0   -34.0   33.251  133.134   1239.0    872.2
     1     1    21     4    10    19     0     0   -35.0   33.294  133.267   1283.9    867.4
     1     1    21     4    10    18     0     0   -36.0   33.333  133.384   1328.5    862.2
     1     1    21     4    10    17     0     0   -37.0   33.373  133.492   1370.7    857.3
     1     1    21     4    10    16     0     0   -38.0   33.415  133.596   1408.1    853.2
     1     1    21     4    10    15     0     0   -39.0   33.459  133.696   1441.1    849.6
     1     1    21     4    10    14     0     0   -40.0   33.505  133.794   1470.2    846.5
     1     1    21     4    10    13     0     0   -41.0   33.551  133.888   1495.9    843.6
     1     1    21     4    10    12     0     0   -42.0   33.599  133.981   1518.7    841.1
     1     1    21     4    10    11     0     0   -43.0   33.650  134.071   1545.3    838.5
     1     1    21     4    10    10     0     0   -44.0   33.710  134.155   1583.1    834.1
     1     1    21     4    10     9     0     0   -45.0   33.778  134.231   1631.8    828.5
     1     1    21     4    10     8     0     0   -46.0   33.854  134.297   1691.6    821.8
     1     1    21     4    10     7     0     0   -47.0   33.937  134.350   1762.7    813.7
     1     1    21     4    10     6     0     0   -48.0   34.027  134.386   1845.6    804.3
     1     1    21     4    10     5     0     0   -49.0   34.125  134.403   1933.9    794.2
     1     1    21     4    10     4     0     0   -50.0   34.232  134.401   2019.3    785.3
     1     1    21     4    10     3     0     0   -51.0   34.348  134.382   2102.2    776.8
     1     1    21     4    10     2     0     0   -52.0   34.474  134.350   2182.8    768.6
     1     1    21     4    10     1     0     0   -53.0   34.610  134.306   2261.2    760.5
     1     1    21     4    10     0     0     0   -54.0   34.759  134.252   2337.7    752.7
     1     1    21     4     9    23     0     0   -55.0   34.917  134.179   2417.5    744.7
     1     1    21     4     9    22     0     0   -56.0   35.081  134.078   2503.5    736.7
     1     1    21     4     9    21     0     0   -57.0   35.250  133.949   2596.3    729.0
     1     1    21     4     9    20     0     0   -58.0   35.422  133.792   2695.5    721.0
     1     1    21     4     9    19     0     0   -59.0   35.597  133.608   2801.9    712.4
     1     1    21     4     9    18     0     0   -60.0   35.775  133.395   2916.2    703.3
     1     1    21     4     9    17     0     0   -61.0   35.964  133.165   3033.8    694.2
     1     1    21     4     9    16     0     0   -62.0   36.170  132.928   3147.9    686.2
     1     1    21     4     9    15     0     0   -63.0   36.397  132.688   3257.9    678.9
     1     1    21     4     9    14     0     0   -64.0   36.645  132.450   3362.5    672.0
     1     1    21     4     9    13     0     0   -65.0   36.915  132.215   3458.2    664.1
     1     1    21     4     9    12     0     0   -66.0   37.205  131.982   3547.2    656.9
     1     1    21     4     9    11     0     0   -67.0   37.509  131.748   3638.3    650.0
     1     1    21     4     9    10     0     0   -68.0   37.818  131.506   3729.3    639.9
     1     1    21     4     9     9     0     0   -69.0   38.131  131.259   3825.0    629.1
     1     1    21     4     9     8     0     0   -70.0   38.454  131.010   3925.9    617.5
     1     1    21     4     9     7     0     0   -71.0   38.796  130.761   4032.7    605.1
     1     1    21     4     9     6     0     0   -72.0   39.163  130.512   4145.7    591.5
     1     1    21     4     9     5     0     0   -73.0   39.575  130.252   4267.2    576.5
     1     1    21     4     9     4     0     0   -74.0   40.049  129.968   4402.9    559.4
     1     1    21     4     9     3     0     0   -75.0   40.581  129.669   4549.9    540.5
     1     1    21     4     9     2     0     0   -76.0   41.162  129.368   4705.5    521.8
     1     1    21     4     9     1     0     0   -77.0   41.791  129.075   4869.9    503.0
     1     1    21     4     9     0     0     0   -78.0   42.476  128.798   5042.6    484.1
     1     1    21     4     8    23     0     0   -79.0   43.177  128.540   5232.1    472.9
     1     1    21     4     8    22     0     0   -80.0   43.856  128.309   5394.6    466.0
     1     1    21     4     8    21     0     0   -81.0   44.519  128.119   5533.0    461.3
     1     1    21     4     8    20     0     0   -82.0   45.167  127.975   5648.6    457.7
     1     1    21     4     8    19     0     0   -83.0   45.790  127.863   5741.3    453.8
     1     1    21     4     8    18     0     0   -84.0   46.378  127.778   5821.7    450.3
     1     1    21     4     8    17     0     0   -85.0   46.943  127.739   5893.2    447.3
     1     1    21     4     8    16     0     0   -86.0   47.501  127.766   5968.1    443.5
     1     1    21     4     8    15     0     0   -87.0   48.059  127.857   6042.6    438.3
     1     1    21     4     8    14     0     0   -88.0   48.615  128.006   6126.3    432.2
     1     1    21     4     8    13     0     0   -89.0   49.161  128.235   6218.9    425.5
     1     1    21     4     8    12     0     0   -90.0   49.687  128.568   6319.4    418.2
     1     1    21     4     8    11     0     0   -91.0   50.182  128.997   6417.4    410.4
     1     1    21     4     8    10     0     0   -92.0   50.647  129.479   6500.7    403.7
     1     1    21     4     8     9     0     0   -93.0   51.086  129.983   6564.7    397.9
     1     1    21     4     8     8     0     0   -94.0   51.486  130.498   6604.5    393.0
     1     1    21     4     8     7     0     0   -95.0   51.838  131.008   6622.3    389.1
     1     1    21     4     8     6     0     0   -96.0   52.140  131.506   6619.6    386.4
