     2     1
    CDC1    21     6     1     0     0
    CDC1    21     7     1     0     0
     1 BACKWARD OMEGA   
  2021     7     1    12   37.500  127.000   500.0
     1 PRESSURE
     1     1    21     7     1    12     0     0     0.0   37.500  127.000    500.0    932.1
     1     1    21     7     1    11     0     0    -1.0   37.554  127.030    515.0    929.5
     1     1    21     7     1    10     0     0    -2.0   37.596  127.062    530.1    927.1
     1     1    21     7     1     9     0     0    -3.0   37.628  127.097    545.3    924.8
     1     1    21     7     1     8     0     0    -4.0   37.651  127.135    560.5    922.6
     1     1    21     7     1     7     0     0    -5.0   37.667  127.177    575.8    920.5
     1     1    21     7     1     6     0     0    -6.0   37.675  127.225    591.2    918.5
     1     1    21     7     1     5     0     0    -7.0   37.678  127.278    607.4    916.6
     1     1    21     7     1     4     0     0    -8.0   37.677  127.336    625.7    914.5
     1     1    21     7     1     3     0     0    -9.0   37.672  127.400    646.0    911.8
     1     1    21     7     1     2     0     0   -10.0   37.665  127.468    668.6    908.9
     1     1    21     7     1     1     0     0   -11.0   37.655  127.539    693.7    906.2
     1     1    21     7     1     0     0     0   -12.0   37.643  127.611    721.3    903.6
     1     1    21     6    30    23     0     0   -13.0   37.626  127.677    749.0    900.8
     1     1    21     6    30    22     0     0   -14.0   37.599  127.730    774.0    898.8
     1     1    21     6    30    21     0     0   -15.0   37.561  127.770    796.6    897.1
     1     1    21     6    30    20     0     0   -16.0   37.511  127.799    816.9    895.8
     1     1    21     6    30    19     0     0   -17.0   37.448  127.816    834.4    894.3
     1     1    21     6    30    18     0     0   -18.0   37.371  127.821    848.9    892.8
     1     1    21     6    30    17     0     0   -19.0   37.288  127.820    862.0    891.8
     1     1    21     6    30    16     0     0   -20.0   37.203  127.818    874.6    890.6
     1     1    21     6    30    15     0     0   -21.0   37.117  127.816    886.8    889.5
     1     1    21     6    30    14     0     0   -22.0   37.030  127.813    898.6    888.5
     1     1    21     6    30    13     0     0   -23.0   36.942  127.810    910.1    887.5
     1     1    21     6    30    12     0     0   -24.0   36.852  127.806    921.2    886.5
     1     1    21     6    30    11     0     0   -25.0   36.763  127.807    931.1    885.7
     1     1    21     6    30    10     0     0   -26.0   36.675  127.819    938.7    885.1
     1     1    21     6    30     9     0     0   -27.0   36.589  127.843    944.2    884.8
     1     1    21     6    30     8     0     0   -28.0   36.506  127.878    947.7    884.7
     1     1    21     6    30     7     0     0   -29.0   36.424  127.926    949.3    884.7
     1     1    21     6    30     6     0     0   -30.0   36.344  127.986    949.3    885.0
     1     1    21     6    30     5     0     0   -31.0   36.270  128.054    948.5    885.2
     1     1    21     6    30     4     0     0   -32.0   36.205  128.123    947.9    885.3
     1     1    21     6    30     3     0     0   -33.0   36.148  128.194    947.6    885.3
     1     1    21     6    30     2     0     0   -34.0   36.099  128.265    947.9    885.3
     1     1    21     6    30     1     0     0   -35.0   36.058  128.335    948.9    885.2
     1     1    21     6    30     0     0     0   -36.0   36.024  128.403    950.7    885.0
     1     1    21     6    29    23     0     0   -37.0   35.997  128.464    953.1    884.6
     1     1    21     6    29    22     0     0   -38.0   35.979  128.510    955.7    884.1
     1     1    21     6    29    21     0     0   -39.0   35.968  128.544    958.5    883.7
     1     1    21     6    29    20     0     0   -40.0   35.964  128.563    961.1    883.2
     1     1    21     6    29    19     0     0   -41.0   35.968  128.569    963.6    882.8
     1     1    21     6    29    18     0     0   -42.0   35.980  128.559    965.8    882.4
     1     1    21     6    29    17     0     0   -43.0   35.992  128.539    969.0    882.1
     1     1    21     6    29    16     0     0   -44.0   35.998  128.513    974.6    881.4
     1     1    21     6    29    15     0     0   -45.0   35.999  128.481    982.6    880.4
     1     1    21     6    29    14     0     0   -46.0   35.994  128.443    993.2    879.2
     1     1    21     6    29    13     0     0   -47.0   35.984  128.400   1006.4    877.7
     1     1    21     6    29    12     0     0   -48.0   35.968  128.351   1022.3    875.9
     1     1    21     6    29    11     0     0   -49.0   35.952  128.304   1038.5    873.9
     1     1    21     6    29    10     0     0   -50.0   35.940  128.265   1052.2    872.5
     1     1    21     6    29     9     0     0   -51.0   35.932  128.236   1063.5    871.4
     1     1    21     6    29     8     0     0   -52.0   35.929  128.216   1072.2    870.5
     1     1    21     6    29     7     0     0   -53.0   35.930  128.205   1078.3    869.9
     1     1    21     6    29     6     0     0   -54.0   35.935  128.204   1081.6    869.6
     1     1    21     6    29     5     0     0   -55.0   35.946  128.210   1083.9    869.3
     1     1    21     6    29     4     0     0   -56.0   35.964  128.220   1088.4    868.6
     1     1    21     6    29     3     0     0   -57.0   35.988  128.235   1094.5    867.7
     1     1    21     6    29     2     0     0   -58.0   36.020  128.253   1102.2    866.7
     1     1    21     6    29     1     0     0   -59.0   36.060  128.276   1111.5    865.5
     1     1    21     6    29     0     0     0   -60.0   36.106  128.302   1122.4    864.2
     1     1    21     6    28    23     0     0   -61.0   36.163  128.333   1136.6    863.1
     1     1    21     6    28    22     0     0   -62.0   36.231  128.367   1154.4    861.4
     1     1    21     6    28    21     0     0   -63.0   36.310  128.403   1176.2    859.4
     1     1    21     6    28    20     0     0   -64.0   36.399  128.441   1202.3    857.0
     1     1    21     6    28    19     0     0   -65.0   36.496  128.479   1232.6    854.2
     1     1    21     6    28    18     0     0   -66.0   36.599  128.516   1267.2    851.0
     1     1    21     6    28    17     0     0   -67.0   36.698  128.551   1302.0    847.1
     1     1    21     6    28    16     0     0   -68.0   36.784  128.587   1333.3    843.8
     1     1    21     6    28    15     0     0   -69.0   36.856  128.625   1360.8    840.9
     1     1    21     6    28    14     0     0   -70.0   36.916  128.665   1384.7    838.4
     1     1    21     6    28    13     0     0   -71.0   36.962  128.708   1405.1    836.4
     1     1    21     6    28    12     0     0   -72.0   36.997  128.758   1421.9    834.7
     1     1    21     6    28    11     0     0   -73.0   37.026  128.814   1435.3    833.7
     1     1    21     6    28    10     0     0   -74.0   37.054  128.879   1446.0    832.9
     1     1    21     6    28     9     0     0   -75.0   37.083  128.953   1454.1    832.4
     1     1    21     6    28     8     0     0   -76.0   37.112  129.036   1459.5    832.2
     1     1    21     6    28     7     0     0   -77.0   37.142  129.129   1462.7    832.3
     1     1    21     6    28     6     0     0   -78.0   37.174  129.232   1463.7    832.7
     1     1    21     6    28     5     0     0   -79.0   37.206  129.340   1467.0    833.4
     1     1    21     6    28     4     0     0   -80.0   37.236  129.447   1475.8    833.0
     1     1    21     6    28     3     0     0   -81.0   37.265  129.553   1490.5    832.1
     1     1    21     6    28     2     0     0   -82.0   37.292  129.656   1510.9    830.7
     1     1    21     6    28     1     0     0   -83.0   37.317  129.756   1537.1    828.6
     1     1    21     6    28     0     0     0   -84.0   37.340  129.852   1569.0    826.1
     1     1    21     6    27    23     0     0   -85.0   37.363  129.942   1600.7    822.9
     1     1    21     6    27    22     0     0   -86.0   37.387  130.026   1626.6    820.9
     1     1    21     6    27    21     0     0   -87.0   37.412  130.104   1646.5    819.6
     1     1    21     6    27    20     0     0   -88.0   37.439  130.175   1660.3    819.0
     1     1    21     6    27    19     0     0   -89.0   37.468  130.240   1668.5    818.8
     1     1    21     6    27    18     0     0   -90.0   37.498  130.299   1671.2    819.1
     1     1    21     6    27    17     0     0   -91.0   37.523  130.355   1672.4    819.5
     1     1    21     6    27    16     0     0   -92.0   37.535  130.409   1678.7    819.1
     1     1    21     6    27    15     0     0   -93.0   37.535  130.463   1689.1    818.4
     1     1    21     6    27    14     0     0   -94.0   37.523  130.516   1703.9    817.4
     1     1    21     6    27    13     0     0   -95.0   37.499  130.570   1723.1    816.0
     1     1    21     6    27    12     0     0   -96.0   37.464  130.623   1746.5    813.8
