     2     1
    CDC1    21     6     1     0     0
    CDC1    21     7     1     0     0
     1 BACKWARD OMEGA   
  2021     7    24     9   37.500  127.000   500.0
     1 PRESSURE
     1     1    21     7    24     9     0     0     0.0   37.500  127.000    500.0    934.5
     1     1    21     7    24     8     0     0    -1.0   37.462  127.032    511.5    933.2
     1     1    21     7    24     7     0     0    -2.0   37.419  127.077    525.7    931.5
     1     1    21     7    24     6     0     0    -3.0   37.371  127.135    542.8    929.5
     1     1    21     7    24     5     0     0    -4.0   37.320  127.203    561.4    927.4
     1     1    21     7    24     4     0     0    -5.0   37.267  127.278    579.3    925.5
     1     1    21     7    24     3     0     0    -6.0   37.211  127.357    596.7    923.7
     1     1    21     7    24     2     0     0    -7.0   37.153  127.441    613.6    921.9
     1     1    21     7    24     1     0     0    -8.0   37.092  127.530    630.2    920.3
     1     1    21     7    24     0     0     0    -9.0   37.029  127.621    646.2    919.0
     1     1    21     7    23    23     0     0   -10.0   36.967  127.717    662.5    917.5
     1     1    21     7    23    22     0     0   -11.0   36.908  127.817    680.6    915.5
     1     1    21     7    23    21     0     0   -12.0   36.853  127.922    700.4    913.5
     1     1    21     7    23    20     0     0   -13.0   36.800  128.031    721.7    911.3
     1     1    21     7    23    19     0     0   -14.0   36.750  128.143    744.3    908.9
     1     1    21     7    23    18     0     0   -15.0   36.703  128.258    768.2    906.5
     1     1    21     7    23    17     0     0   -16.0   36.657  128.373    789.9    904.0
     1     1    21     7    23    16     0     0   -17.0   36.612  128.488    806.0    902.4
     1     1    21     7    23    15     0     0   -18.0   36.567  128.602    816.8    901.4
     1     1    21     7    23    14     0     0   -19.0   36.522  128.716    822.1    900.9
     1     1    21     7    23    13     0     0   -20.0   36.477  128.830    822.1    900.9
     1     1    21     7    23    12     0     0   -21.0   36.431  128.943    816.9    901.4
     1     1    21     7    23    11     0     0   -22.0   36.383  129.057    812.3    902.7
     1     1    21     7    23    10     0     0   -23.0   36.331  129.174    814.2    902.8
     1     1    21     7    23     9     0     0   -24.0   36.275  129.294    822.9    902.2
     1     1    21     7    23     8     0     0   -25.0   36.215  129.418    838.8    900.8
     1     1    21     7    23     7     0     0   -26.0   36.151  129.545    862.6    898.6
     1     1    21     7    23     6     0     0   -27.0   36.084  129.676    894.8    895.6
     1     1    21     7    23     5     0     0   -28.0   36.017  129.816    931.1    891.5
     1     1    21     7    23     4     0     0   -29.0   35.953  129.971    966.8    887.5
     1     1    21     7    23     3     0     0   -30.0   35.894  130.140   1001.3    884.1
     1     1    21     7    23     2     0     0   -31.0   35.841  130.321   1033.4    881.3
     1     1    21     7    23     1     0     0   -32.0   35.793  130.512   1062.6    878.8
     1     1    21     7    23     0     0     0   -33.0   35.753  130.713   1088.4    876.8
     1     1    21     7    22    23     0     0   -34.0   35.715  130.915   1111.7    875.1
     1     1    21     7    22    22     0     0   -35.0   35.679  131.107   1133.0    873.4
     1     1    21     7    22    21     0     0   -36.0   35.643  131.290   1152.5    871.8
     1     1    21     7    22    20     0     0   -37.0   35.607  131.463   1170.1    870.3
     1     1    21     7    22    19     0     0   -38.0   35.572  131.627   1185.8    869.0
     1     1    21     7    22    18     0     0   -39.0   35.537  131.782   1199.7    867.7
     1     1    21     7    22    17     0     0   -40.0   35.500  131.932   1214.4    867.0
     1     1    21     7    22    16     0     0   -41.0   35.457  132.083   1232.8    865.7
     1     1    21     7    22    15     0     0   -42.0   35.408  132.237   1255.4    863.9
     1     1    21     7    22    14     0     0   -43.0   35.350  132.393   1282.9    861.6
     1     1    21     7    22    13     0     0   -44.0   35.285  132.552   1315.7    858.2
     1     1    21     7    22    12     0     0   -45.0   35.211  132.717   1354.0    853.4
     1     1    21     7    22    11     0     0   -46.0   35.139  132.894   1394.7    847.7
     1     1    21     7    22    10     0     0   -47.0   35.074  133.086   1432.9    842.6
     1     1    21     7    22     9     0     0   -48.0   35.018  133.294   1468.0    837.9
     1     1    21     7    22     8     0     0   -49.0   34.970  133.514   1499.3    833.8
     1     1    21     7    22     7     0     0   -50.0   34.929  133.745   1525.6    830.4
     1     1    21     7    22     6     0     0   -51.0   34.895  133.987   1545.9    827.6
     1     1    21     7    22     5     0     0   -52.0   34.864  134.231   1559.5    825.7
     1     1    21     7    22     4     0     0   -53.0   34.832  134.471   1566.0    824.7
     1     1    21     7    22     3     0     0   -54.0   34.797  134.709   1565.3    824.5
     1     1    21     7    22     2     0     0   -55.0   34.758  134.945   1557.3    825.1
     1     1    21     7    22     1     0     0   -56.0   34.716  135.180   1542.4    826.2
     1     1    21     7    22     0     0     0   -57.0   34.670  135.414   1521.5    827.7
     1     1    21     7    21    23     0     0   -58.0   34.624  135.650   1501.8    829.7
     1     1    21     7    21    22     0     0   -59.0   34.579  135.889   1489.5    830.2
     1     1    21     7    21    21     0     0   -60.0   34.536  136.129   1485.3    829.9
     1     1    21     7    21    20     0     0   -61.0   34.494  136.371   1489.6    828.7
     1     1    21     7    21    19     0     0   -62.0   34.454  136.613   1502.8    826.7
     1     1    21     7    21    18     0     0   -63.0   34.415  136.857   1525.3    823.8
     1     1    21     7    21    17     0     0   -64.0   34.376  137.105   1552.8    820.3
     1     1    21     7    21    16     0     0   -65.0   34.335  137.357   1580.9    817.4
     1     1    21     7    21    15     0     0   -66.0   34.293  137.615   1610.2    815.4
     1     1    21     7    21    14     0     0   -67.0   34.249  137.876   1640.4    814.5
     1     1    21     7    21    13     0     0   -68.0   34.204  138.139   1670.5    813.6
     1     1    21     7    21    12     0     0   -69.0   34.158  138.404   1700.4    812.7
     1     1    21     7    21    11     0     0   -70.0   34.114  138.666   1729.7    811.3
     1     1    21     7    21    10     0     0   -71.0   34.076  138.919   1758.2    809.8
     1     1    21     7    21     9     0     0   -72.0   34.043  139.164   1786.2    808.3
     1     1    21     7    21     8     0     0   -73.0   34.016  139.401   1813.9    806.7
     1     1    21     7    21     7     0     0   -74.0   33.994  139.630   1841.4    805.0
     1     1    21     7    21     6     0     0   -75.0   33.980  139.852   1868.9    803.2
     1     1    21     7    21     5     0     0   -76.0   33.969  140.068   1897.8    801.8
     1     1    21     7    21     4     0     0   -77.0   33.960  140.283   1928.6    800.3
     1     1    21     7    21     3     0     0   -78.0   33.954  140.495   1960.9    798.6
     1     1    21     7    21     2     0     0   -79.0   33.951  140.704   1994.4    796.7
     1     1    21     7    21     1     0     0   -80.0   33.951  140.910   2028.5    794.8
     1     1    21     7    21     0     0     0   -81.0   33.956  141.113   2062.8    792.8
     1     1    21     7    20    23     0     0   -82.0   33.962  141.309   2097.1    790.5
     1     1    21     7    20    22     0     0   -83.0   33.963  141.494   2131.4    788.2
     1     1    21     7    20    21     0     0   -84.0   33.959  141.671   2165.9    785.9
     1     1    21     7    20    20     0     0   -85.0   33.947  141.838   2200.9    783.5
     1     1    21     7    20    19     0     0   -86.0   33.925  141.998   2236.7    780.9
     1     1    21     7    20    18     0     0   -87.0   33.893  142.149   2273.4    778.2
     1     1    21     7    20    17     0     0   -88.0   33.856  142.303   2310.6    775.7
     1     1    21     7    20    16     0     0   -89.0   33.820  142.469   2346.8    773.3
     1     1    21     7    20    15     0     0   -90.0   33.786  142.647   2381.3    770.4
     1     1    21     7    20    14     0     0   -91.0   33.754  142.837   2414.5    767.5
     1     1    21     7    20    13     0     0   -92.0   33.722  143.040   2446.3    764.8
     1     1    21     7    20    12     0     0   -93.0   33.691  143.254   2476.4    762.1
     1     1    21     7    20    11     0     0   -94.0   33.661  143.472   2504.5    759.1
     1     1    21     7    20    10     0     0   -95.0   33.633  143.687   2532.2    756.3
     1     1    21     7    20     9     0     0   -96.0   33.607  143.900   2559.5    753.4
