     2     1
    CDC1    20    12     1     0     0
    CDC1    21     1     1     0     0
     1 BACKWARD OMEGA   
  2021     1     9    12   37.500  127.000   500.0
     1 PRESSURE
     1     1    21     1     9    12     0     0     0.0   37.500  127.000    500.0    939.5
     1     1    21     1     9    11     0     0    -1.0   37.665  126.745    545.5    932.5
     1     1    21     1     9    10     0     0    -2.0   37.837  126.473    587.7    926.4
     1     1    21     1     9     9     0     0    -3.0   38.014  126.186    625.8    921.0
     1     1    21     1     9     8     0     0    -4.0   38.196  125.887    659.5    915.8
     1     1    21     1     9     7     0     0    -5.0   38.385  125.578    688.8    911.4
     1     1    21     1     9     6     0     0    -6.0   38.581  125.262    714.0    907.8
     1     1    21     1     9     5     0     0    -7.0   38.785  124.954    738.3    904.7
     1     1    21     1     9     4     0     0    -8.0   38.995  124.669    764.8    900.8
     1     1    21     1     9     3     0     0    -9.0   39.214  124.405    794.2    896.7
     1     1    21     1     9     2     0     0   -10.0   39.443  124.159    826.3    892.5
     1     1    21     1     9     1     0     0   -11.0   39.684  123.927    861.2    888.2
     1     1    21     1     9     0     0     0   -12.0   39.939  123.709    898.9    883.7
     1     1    21     1     8    23     0     0   -13.0   40.201  123.484    938.4    879.8
     1     1    21     1     8    22     0     0   -14.0   40.465  123.235    978.7    875.8
     1     1    21     1     8    21     0     0   -15.0   40.732  122.962   1019.7    871.9
     1     1    21     1     8    20     0     0   -16.0   41.003  122.668   1061.3    867.9
     1     1    21     1     8    19     0     0   -17.0   41.279  122.353   1103.0    861.2
     1     1    21     1     8    18     0     0   -18.0   41.566  122.020   1145.1    850.3
     1     1    21     1     8    17     0     0   -19.0   41.872  121.676   1189.3    838.3
     1     1    21     1     8    16     0     0   -20.0   42.198  121.329   1234.1    824.6
     1     1    21     1     8    15     0     0   -21.0   42.545  120.977   1277.9    809.8
     1     1    21     1     8    14     0     0   -22.0   42.911  120.620   1319.5    797.8
     1     1    21     1     8    13     0     0   -23.0   43.291  120.263   1354.5    786.0
     1     1    21     1     8    12     0     0   -24.0   43.686  119.906   1381.7    774.2
     1     1    21     1     8    11     0     0   -25.0   44.101  119.551   1401.1    763.4
     1     1    21     1     8    10     0     0   -26.0   44.546  119.203   1413.9    754.3
     1     1    21     1     8     9     0     0   -27.0   45.015  118.862   1419.9    746.9
     1     1    21     1     8     8     0     0   -28.0   45.505  118.539   1423.0    744.2
     1     1    21     1     8     7     0     0   -29.0   46.006  118.238   1424.3    743.7
     1     1    21     1     8     6     0     0   -30.0   46.515  117.951   1423.2    745.5
     1     1    21     1     8     5     0     0   -31.0   47.020  117.673   1421.6    749.5
     1     1    21     1     8     4     0     0   -32.0   47.511  117.401   1421.0    754.9
     1     1    21     1     8     3     0     0   -33.0   47.989  117.144   1420.5    758.0
     1     1    21     1     8     2     0     0   -34.0   48.456  116.917   1424.1    759.8
     1     1    21     1     8     1     0     0   -35.0   48.913  116.721   1431.1    760.8
     1     1    21     1     8     0     0     0   -36.0   49.361  116.557   1441.0    761.2
     1     1    21     1     7    23     0     0   -37.0   49.805  116.422   1452.7    761.5
     1     1    21     1     7    22     0     0   -38.0   50.253  116.313   1462.5    760.2
     1     1    21     1     7    21     0     0   -39.0   50.703  116.230   1471.7    757.4
     1     1    21     1     7    20     0     0   -40.0   51.158  116.175   1481.7    754.2
     1     1    21     1     7    19     0     0   -41.0   51.620  116.152   1492.2    750.7
     1     1    21     1     7    18     0     0   -42.0   52.090  116.164   1503.3    747.1
     1     1    21     1     7    17     0     0   -43.0   52.560  116.206   1517.4    743.4
     1     1    21     1     7    16     0     0   -44.0   53.027  116.258   1532.4    736.1
     1     1    21     1     7    15     0     0   -45.0   53.491  116.312   1548.5    728.8
     1     1    21     1     7    14     0     0   -46.0   53.958  116.367   1564.1    721.6
     1     1    21     1     7    13     0     0   -47.0   54.428  116.423   1577.5    714.4
     1     1    21     1     7    12     0     0   -48.0   54.905  116.477   1587.0    707.5
     1     1    21     1     7    11     0     0   -49.0   55.380  116.530   1596.6    707.9
     1     1    21     1     7    10     0     0   -50.0   55.842  116.577   1602.2    710.4
     1     1    21     1     7     9     0     0   -51.0   56.292  116.610   1605.4    713.0
     1     1    21     1     7     8     0     0   -52.0   56.735  116.629   1608.9    715.4
     1     1    21     1     7     7     0     0   -53.0   57.174  116.632   1615.6    717.5
     1     1    21     1     7     6     0     0   -54.0   57.612  116.614   1629.1    720.4
     1     1    21     1     7     5     0     0   -55.0   58.037  116.554   1645.0    726.1
     1     1    21     1     7     4     0     0   -56.0   58.435  116.437   1652.1    732.9
     1     1    21     1     7     3     0     0   -57.0   58.806  116.266   1649.4    740.1
     1     1    21     1     7     2     0     0   -58.0   59.147  116.046   1635.8    747.9
     1     1    21     1     7     1     0     0   -59.0   59.457  115.783   1610.9    756.3
     1     1    21     1     7     0     0     0   -60.0   59.734  115.480   1574.0    765.2
     1     1    21     1     6    23     0     0   -61.0   59.989  115.147   1533.5    775.4
     1     1    21     1     6    22     0     0   -62.0   60.243  114.802   1496.7    782.0
     1     1    21     1     6    21     0     0   -63.0   60.499  114.455   1467.1    787.6
     1     1    21     1     6    20     0     0   -64.0   60.756  114.102   1443.9    791.9
     1     1    21     1     6    19     0     0   -65.0   61.012  113.741   1426.1    795.1
     1     1    21     1     6    18     0     0   -66.0   61.263  113.367   1413.2    797.1
     1     1    21     1     6    17     0     0   -67.0   61.512  112.988   1398.9    797.9
     1     1    21     1     6    16     0     0   -68.0   61.762  112.611   1377.6    799.4
     1     1    21     1     6    15     0     0   -69.0   62.014  112.240   1350.2    802.1
     1     1    21     1     6    14     0     0   -70.0   62.272  111.877   1316.9    805.6
     1     1    21     1     6    13     0     0   -71.0   62.540  111.522   1277.9    809.5
     1     1    21     1     6    12     0     0   -72.0   62.820  111.175   1235.3    813.9
     1     1    21     1     6    11     0     0   -73.0   63.106  110.833   1195.7    818.0
     1     1    21     1     6    10     0     0   -74.0   63.394  110.497   1163.8    820.5
     1     1    21     1     6     9     0     0   -75.0   63.686  110.176   1138.0    821.9
     1     1    21     1     6     8     0     0   -76.0   63.981  109.873   1117.4    823.1
     1     1    21     1     6     7     0     0   -77.0   64.281  109.591   1100.9    824.6
     1     1    21     1     6     6     0     0   -78.0   64.585  109.334   1087.0    825.6
     1     1    21     1     6     5     0     0   -79.0   64.893  109.102   1075.7    826.6
     1     1    21     1     6     4     0     0   -80.0   65.207  108.887   1066.4    829.1
     1     1    21     1     6     3     0     0   -81.0   65.524  108.667   1058.6    832.2
     1     1    21     1     6     2     0     0   -82.0   65.845  108.429   1051.8    835.1
     1     1    21     1     6     1     0     0   -83.0   66.171  108.169   1046.0    837.8
     1     1    21     1     6     0     0     0   -84.0   66.504  107.880   1041.1    840.4
     1     1    21     1     5    23     0     0   -85.0   66.854  107.552   1036.8    842.8
     1     1    21     1     5    22     0     0   -86.0   67.231  107.171   1033.0    845.3
     1     1    21     1     5    21     0     0   -87.0   67.632  106.708   1028.6    848.1
     1     1    21     1     5    20     0     0   -88.0   68.049  106.110   1021.7    851.6
     1     1    21     1     5    19     0     0   -89.0   68.477  105.337   1010.4    855.4
     1     1    21     1     5    18     0     0   -90.0   68.912  104.365    993.1    857.7
     1     1    21     1     5    17     0     0   -91.0   69.340  103.199    970.8    859.9
     1     1    21     1     5    16     0     0   -92.0   69.744  101.859    944.3    861.5
     1     1    21     1     5    15     0     0   -93.0   70.119  100.350    914.0    862.8
     1     1    21     1     5    14     0     0   -94.0   70.447   98.684    879.9    867.2
     1     1    21     1     5    13     0     0   -95.0   70.710   96.879    839.9    873.5
     1     1    21     1     5    12     0     0   -96.0   70.896   94.962    792.1    883.1
