     2     1
    CDC1    21     8     1     0     0
    CDC1    21     9     1     0     0
     1 BACKWARD OMEGA   
  2021     9     7    21   37.500  127.000   500.0
     1 PRESSURE
     1     1    21     9     7    21     0     0     0.0   37.500  127.000    500.0    933.5
     1     1    21     9     7    20     0     0    -1.0   37.721  126.817    503.4    930.6
     1     1    21     9     7    19     0     0    -2.0   37.942  126.624    504.1    928.3
     1     1    21     9     7    18     0     0    -3.0   38.166  126.422    502.5    926.5
     1     1    21     9     7    17     0     0    -4.0   38.384  126.224    498.5    925.0
     1     1    21     9     7    16     0     0    -5.0   38.589  126.045    492.6    923.9
     1     1    21     9     7    15     0     0    -6.0   38.783  125.886    484.6    923.2
     1     1    21     9     7    14     0     0    -7.0   38.970  125.750    474.6    922.7
     1     1    21     9     7    13     0     0    -8.0   39.153  125.638    462.5    922.4
     1     1    21     9     7    12     0     0    -9.0   39.333  125.554    448.3    922.2
     1     1    21     9     7    11     0     0   -10.0   39.496  125.502    431.2    922.1
     1     1    21     9     7    10     0     0   -11.0   39.629  125.486    411.4    922.6
     1     1    21     9     7     9     0     0   -12.0   39.731  125.506    388.6    923.6
     1     1    21     9     7     8     0     0   -13.0   39.802  125.561    362.8    924.8
     1     1    21     9     7     7     0     0   -14.0   39.843  125.650    334.7    926.0
     1     1    21     9     7     6     0     0   -15.0   39.856  125.773    304.6    927.7
     1     1    21     9     7     5     0     0   -16.0   39.855  125.920    274.1    930.2
     1     1    21     9     7     4     0     0   -17.0   39.853  126.086    245.1    932.4
     1     1    21     9     7     3     0     0   -18.0   39.848  126.271    217.6    934.5
     1     1    21     9     7     2     0     0   -19.0   39.836  126.477    192.2    936.3
     1     1    21     9     7     1     0     0   -20.0   39.813  126.705    169.3    937.4
     1     1    21     9     7     0     0     0   -21.0   39.771  126.954    149.6    938.4
     1     1    21     9     6    23     0     0   -22.0   39.697  127.228    130.9    939.9
     1     1    21     9     6    22     0     0   -23.0   39.580  127.531    111.8    942.9
     1     1    21     9     6    21     0     0   -24.0   39.436  127.852     94.9    951.4
     1     1    21     9     6    20     0     0   -25.0   39.283  128.185     81.1    959.4
     1     1    21     9     6    19     0     0   -26.0   39.125  128.528     69.2    966.5
     1     1    21     9     6    18     0     0   -27.0   38.968  128.880     58.1    972.8
     1     1    21     9     6    17     0     0   -28.0   38.820  129.228     47.9    979.0
     1     1    21     9     6    16     0     0   -29.0   38.688  129.562     38.6    984.5
     1     1    21     9     6    15     0     0   -30.0   38.576  129.878     30.0    989.5
     1     1    21     9     6    14     0     0   -31.0   38.486  130.177     22.6    995.0
     1     1    21     9     6    13     0     0   -32.0   38.424  130.462     17.0   1000.4
     1     1    21     9     6    12     0     0   -33.0   38.387  130.739     13.1   1005.1
     1     1    21     9     6    11     0     0   -34.0   38.375  131.020     10.4   1009.1
     1     1    21     9     6    10     0     0   -35.0   38.384  131.311      8.1   1012.6
     1     1    21     9     6     9     0     0   -36.0   38.414  131.611      6.0   1016.3
     1     1    21     9     6     8     0     0   -37.0   38.463  131.916      4.2   1020.0
     1     1    21     9     6     7     0     0   -38.0   38.530  132.221      2.6   1024.0
     1     1    21     9     6     6     0     0   -39.0   38.616  132.521      1.2   1027.7
     1     1    21     9     6     5     0     0   -40.0   38.722  132.815      0.0   1027.5
     1     1    21     9     6     4     0     0   -41.0   38.850  133.105      0.0   1027.6
     1     1    21     9     6     3     0     0   -42.0   39.002  133.389      0.0   1028.0
     1     1    21     9     6     2     0     0   -43.0   39.177  133.670      0.0   1029.0
     1     1    21     9     6     1     0     0   -44.0   39.377  133.950      0.0   1030.4
     1     1    21     9     6     0     0     0   -45.0   39.604  134.232      0.0   1032.6
     1     1    21     9     5    23     0     0   -46.0   39.846  134.519      0.0   1035.0
     1     1    21     9     5    22     0     0   -47.0   40.090  134.811      0.0   1036.1
     1     1    21     9     5    21     0     0   -48.0   40.325  135.093      0.0   1033.4
     1     1    21     9     5    20     0     0   -49.0   40.538  135.355      0.0   1029.5
     1     1    21     9     5    19     0     0   -50.0   40.726  135.597      0.0   1026.3
     1     1    21     9     5    18     0     0   -51.0   40.894  135.824      0.0   1023.7
     1     1    21     9     5    17     0     0   -52.0   41.043  136.043      0.0   1021.5
     1     1    21     9     5    16     0     0   -53.0   41.178  136.265      0.0   1019.5
     1     1    21     9     5    15     0     0   -54.0   41.301  136.491      0.1   1017.8
     1     1    21     9     5    14     0     0   -55.0   41.411  136.724      0.3   1016.3
     1     1    21     9     5    13     0     0   -56.0   41.512  136.966      0.7   1014.9
     1     1    21     9     5    12     0     0   -57.0   41.604  137.219      1.3   1013.7
     1     1    21     9     5    11     0     0   -58.0   41.692  137.477      1.8   1012.3
     1     1    21     9     5    10     0     0   -59.0   41.782  137.730      2.2   1011.8
     1     1    21     9     5     9     0     0   -60.0   41.873  137.975      2.3   1011.4
     1     1    21     9     5     8     0     0   -61.0   41.966  138.216      2.4   1011.1
     1     1    21     9     5     7     0     0   -62.0   42.061  138.457      2.3   1010.9
     1     1    21     9     5     6     0     0   -63.0   42.160  138.703      2.2   1010.8
     1     1    21     9     5     5     0     0   -64.0   42.253  138.953      2.0   1011.2
     1     1    21     9     5     4     0     0   -65.0   42.331  139.202      1.8   1011.5
     1     1    21     9     5     3     0     0   -66.0   42.392  139.448      1.3   1011.8
     1     1    21     9     5     2     0     0   -67.0   42.434  139.691      0.7   1012.0
     1     1    21     9     5     1     0     0   -68.0   42.457  139.929      0.0   1012.1
     1     1    21     9     5     0     0     0   -69.0   42.462  140.160      0.0   1011.7
     1     1    21     9     4    23     0     0   -70.0   42.462  140.384      0.0   1011.0
     1     1    21     9     4    22     0     0   -71.0   42.463  140.599      0.0   1010.4
     1     1    21     9     4    21     0     0   -72.0   42.465  140.804      0.0   1009.7
     1     1    21     9     4    20     0     0   -73.0   42.467  140.999      0.0   1009.0
     1     1    21     9     4    19     0     0   -74.0   42.469  141.185      0.0   1008.4
     1     1    21     9     4    18     0     0   -75.0   42.470  141.361      0.0   1007.8
     1     1    21     9     4    17     0     0   -76.0   42.466  141.528      0.0   1007.4
     1     1    21     9     4    16     0     0   -77.0   42.455  141.687      0.0   1007.0
     1     1    21     9     4    15     0     0   -78.0   42.434  141.838      0.0   1006.6
     1     1    21     9     4    14     0     0   -79.0   42.404  141.979      0.0   1006.3
     1     1    21     9     4    13     0     0   -80.0   42.365  142.110      0.0   1006.0
     1     1    21     9     4    12     0     0   -81.0   42.315  142.231      0.0   1005.8
     1     1    21     9     4    11     0     0   -82.0   42.260  142.354      0.0   1005.2
     1     1    21     9     4    10     0     0   -83.0   42.205  142.491      0.0   1004.6
     1     1    21     9     4     9     0     0   -84.0   42.154  142.646      0.0   1004.2
     1     1    21     9     4     8     0     0   -85.0   42.111  142.821      0.0   1003.8
     1     1    21     9     4     7     0     0   -86.0   42.079  143.017      0.0   1003.4
     1     1    21     9     4     6     0     0   -87.0   42.057  143.236      0.0   1003.0
     1     1    21     9     4     5     0     0   -88.0   42.044  143.471      0.0   1003.1
     1     1    21     9     4     4     0     0   -89.0   42.039  143.713      0.0   1003.2
     1     1    21     9     4     3     0     0   -90.0   42.041  143.961      0.0   1003.3
     1     1    21     9     4     2     0     0   -91.0   42.047  144.210      0.0   1003.4
     1     1    21     9     4     1     0     0   -92.0   42.058  144.455      0.0   1003.5
     1     1    21     9     4     0     0     0   -93.0   42.071  144.695      0.0   1003.5
     1     1    21     9     3    23     0     0   -94.0   42.090  144.919      0.0   1003.0
     1     1    21     9     3    22     0     0   -95.0   42.115  145.117      0.0   1003.2
     1     1    21     9     3    21     0     0   -96.0   42.145  145.291      0.0   1003.8
