     2     1
    CDC1    21     3     1     0     0
    CDC1    21     4     1     0     0
     1 BACKWARD OMEGA   
  2021     4    27    21   37.500  127.000   500.0
     1 PRESSURE
     1     1    21     4    27    21     0     0     0.0   37.500  127.000    500.0    938.2
     1     1    21     4    27    20     0     0    -1.0   37.499  126.646    491.9    941.1
     1     1    21     4    27    19     0     0    -2.0   37.487  126.271    484.9    944.0
     1     1    21     4    27    18     0     0    -3.0   37.468  125.875    479.5    946.9
     1     1    21     4    27    17     0     0    -4.0   37.443  125.480    474.3    949.7
     1     1    21     4    27    16     0     0    -5.0   37.407  125.106    467.8    952.9
     1     1    21     4    27    15     0     0    -6.0   37.359  124.750    461.4    955.1
     1     1    21     4    27    14     0     0    -7.0   37.300  124.413    456.7    956.5
     1     1    21     4    27    13     0     0    -8.0   37.229  124.093    454.6    957.5
     1     1    21     4    27    12     0     0    -9.0   37.148  123.788    455.1    957.9
     1     1    21     4    27    11     0     0   -10.0   37.061  123.503    455.5    958.1
     1     1    21     4    27    10     0     0   -11.0   36.969  123.239    453.5    958.8
     1     1    21     4    27     9     0     0   -12.0   36.871  122.994    449.1    959.7
     1     1    21     4    27     8     0     0   -13.0   36.768  122.765    442.6    960.8
     1     1    21     4    27     7     0     0   -14.0   36.659  122.548    434.0    962.1
     1     1    21     4    27     6     0     0   -15.0   36.546  122.344    424.3    963.2
     1     1    21     4    27     5     0     0   -16.0   36.434  122.155    415.1    964.3
     1     1    21     4    27     4     0     0   -17.0   36.325  121.984    407.2    965.1
     1     1    21     4    27     3     0     0   -18.0   36.220  121.829    400.5    965.8
     1     1    21     4    27     2     0     0   -19.0   36.116  121.688    394.7    966.2
     1     1    21     4    27     1     0     0   -20.0   36.015  121.559    389.7    966.6
     1     1    21     4    27     0     0     0   -21.0   35.914  121.441    385.5    966.8
     1     1    21     4    26    23     0     0   -22.0   35.805  121.330    380.7    967.0
     1     1    21     4    26    22     0     0   -23.0   35.677  121.227    373.8    967.5
     1     1    21     4    26    21     0     0   -24.0   35.529  121.135    364.3    968.3
     1     1    21     4    26    20     0     0   -25.0   35.359  121.055    352.0    969.2
     1     1    21     4    26    19     0     0   -26.0   35.167  120.993    336.3    970.6
     1     1    21     4    26    18     0     0   -27.0   34.953  120.951    316.8    972.5
     1     1    21     4    26    17     0     0   -28.0   34.731  120.940    296.5    975.5
     1     1    21     4    26    16     0     0   -29.0   34.515  120.967    278.3    978.1
     1     1    21     4    26    15     0     0   -30.0   34.308  121.029    261.9    980.6
     1     1    21     4    26    14     0     0   -31.0   34.111  121.127    247.0    983.2
     1     1    21     4    26    13     0     0   -32.0   33.927  121.258    233.7    985.7
     1     1    21     4    26    12     0     0   -33.0   33.756  121.421    221.9    988.3
     1     1    21     4    26    11     0     0   -34.0   33.597  121.598    210.6    991.1
     1     1    21     4    26    10     0     0   -35.0   33.445  121.771    199.0    994.1
     1     1    21     4    26     9     0     0   -36.0   33.299  121.942    187.2    996.8
     1     1    21     4    26     8     0     0   -37.0   33.157  122.110    175.4    999.5
     1     1    21     4    26     7     0     0   -38.0   33.016  122.275    163.4   1002.3
     1     1    21     4    26     6     0     0   -39.0   32.878  122.438    151.4   1005.3
     1     1    21     4    26     5     0     0   -40.0   32.746  122.605    139.4   1007.3
     1     1    21     4    26     4     0     0   -41.0   32.631  122.780    127.7   1008.8
     1     1    21     4    26     3     0     0   -42.0   32.533  122.963    116.6   1010.1
     1     1    21     4    26     2     0     0   -43.0   32.455  123.154    106.0   1011.0
     1     1    21     4    26     1     0     0   -44.0   32.396  123.350     96.0   1011.7
     1     1    21     4    26     0     0     0   -45.0   32.359  123.551     86.6   1012.4
     1     1    21     4    25    23     0     0   -46.0   32.341  123.755     78.8   1013.5
     1     1    21     4    25    22     0     0   -47.0   32.342  123.959     73.2   1013.9
     1     1    21     4    25    21     0     0   -48.0   32.358  124.164     69.4   1014.0
     1     1    21     4    25    20     0     0   -49.0   32.388  124.371     67.3   1014.0
     1     1    21     4    25    19     0     0   -50.0   32.429  124.581     66.7   1013.9
     1     1    21     4    25    18     0     0   -51.0   32.479  124.796     67.8   1013.6
     1     1    21     4    25    17     0     0   -52.0   32.535  125.016     69.3   1012.6
     1     1    21     4    25    16     0     0   -53.0   32.598  125.237     70.5   1011.7
     1     1    21     4    25    15     0     0   -54.0   32.671  125.453     71.5   1010.6
     1     1    21     4    25    14     0     0   -55.0   32.752  125.662     72.4   1009.6
     1     1    21     4    25    13     0     0   -56.0   32.840  125.861     73.2   1008.6
     1     1    21     4    25    12     0     0   -57.0   32.934  126.049     73.9   1007.6
     1     1    21     4    25    11     0     0   -58.0   33.037  126.227     75.9   1006.6
     1     1    21     4    25    10     0     0   -59.0   33.149  126.399     80.7   1004.8
     1     1    21     4    25     9     0     0   -60.0   33.271  126.567     88.4   1002.4
     1     1    21     4    25     8     0     0   -61.0   33.400  126.733     99.1    999.7
     1     1    21     4    25     7     0     0   -62.0   33.535  126.901    112.9    996.4
     1     1    21     4    25     6     0     0   -63.0   33.677  127.074    129.7    992.9
     1     1    21     4    25     5     0     0   -64.0   33.823  127.244    148.6    989.6
     1     1    21     4    25     4     0     0   -65.0   33.975  127.401    168.4    986.4
     1     1    21     4    25     3     0     0   -66.0   34.134  127.544    188.9    983.3
     1     1    21     4    25     2     0     0   -67.0   34.302  127.675    209.3    979.9
     1     1    21     4    25     1     0     0   -68.0   34.480  127.798    229.2    976.3
     1     1    21     4    25     0     0     0   -69.0   34.670  127.913    248.2    972.9
     1     1    21     4    24    23     0     0   -70.0   34.857  128.017    264.3    969.2
     1     1    21     4    24    22     0     0   -71.0   35.027  128.102    275.8    966.6
     1     1    21     4    24    21     0     0   -72.0   35.179  128.168    282.5    965.3
     1     1    21     4    24    20     0     0   -73.0   35.315  128.213    284.8    964.6
     1     1    21     4    24    19     0     0   -74.0   35.436  128.236    282.8    964.4
     1     1    21     4    24    18     0     0   -75.0   35.544  128.238    276.7    964.6
     1     1    21     4    24    17     0     0   -76.0   35.643  128.228    269.9    966.0
     1     1    21     4    24    16     0     0   -77.0   35.735  128.213    265.3    966.8
     1     1    21     4    24    15     0     0   -78.0   35.818  128.193    263.0    967.2
     1     1    21     4    24    14     0     0   -79.0   35.894  128.164    263.1    967.4
     1     1    21     4    24    13     0     0   -80.0   35.960  128.125    265.5    967.2
     1     1    21     4    24    12     0     0   -81.0   36.016  128.076    270.3    966.8
     1     1    21     4    24    11     0     0   -82.0   36.066  128.027    276.8    966.1
     1     1    21     4    24    10     0     0   -83.0   36.110  127.990    283.8    965.5
     1     1    21     4    24     9     0     0   -84.0   36.151  127.966    291.2    964.9
     1     1    21     4    24     8     0     0   -85.0   36.187  127.955    298.8    964.3
     1     1    21     4    24     7     0     0   -86.0   36.220  127.957    306.7    963.7
     1     1    21     4    24     6     0     0   -87.0   36.249  127.972    314.5    963.2
     1     1    21     4    24     5     0     0   -88.0   36.273  127.999    322.1    962.6
     1     1    21     4    24     4     0     0   -89.0   36.291  128.034    329.2    962.0
     1     1    21     4    24     3     0     0   -90.0   36.304  128.077    335.7    961.6
     1     1    21     4    24     2     0     0   -91.0   36.310  128.129    341.8    961.3
     1     1    21     4    24     1     0     0   -92.0   36.311  128.187    347.3    961.0
     1     1    21     4    24     0     0     0   -93.0   36.306  128.252    352.4    960.7
     1     1    21     4    23    23     0     0   -94.0   36.297  128.329    357.9    960.2
     1     1    21     4    23    22     0     0   -95.0   36.284  128.420    364.6    959.5
     1     1    21     4    23    21     0     0   -96.0   36.268  128.525    372.5    958.6
