     3     1
    CDC1    21     4     1     0     0
    CDC1    21     5     1     0     0
    CDC1    21     6     1     0     0
     1 BACKWARD OMEGA   
  2021     5    31     3   37.500  127.000   500.0
     1 PRESSURE
     1     1    21     5    31     3     0     0     0.0   37.500  127.000    500.0    934.1
     1     1    21     5    31     2     0     0    -1.0   37.426  126.980    484.0    936.0
     1     1    21     5    31     1     0     0    -2.0   37.351  126.956    468.3    937.9
     1     1    21     5    31     0     0     0    -3.0   37.273  126.929    453.2    939.9
     1     1    21     5    30    23     0     0    -4.0   37.184  126.895    439.7    941.9
     1     1    21     5    30    22     0     0    -5.0   37.075  126.852    428.4    943.6
     1     1    21     5    30    21     0     0    -6.0   36.947  126.800    419.2    945.0
     1     1    21     5    30    20     0     0    -7.0   36.803  126.740    412.1    946.3
     1     1    21     5    30    19     0     0    -8.0   36.645  126.672    407.1    947.3
     1     1    21     5    30    18     0     0    -9.0   36.474  126.597    404.0    948.2
     1     1    21     5    30    17     0     0   -10.0   36.301  126.524    402.7    948.8
     1     1    21     5    30    16     0     0   -11.0   36.136  126.465    403.6    949.1
     1     1    21     5    30    15     0     0   -12.0   35.975  126.418    406.8    949.1
     1     1    21     5    30    14     0     0   -13.0   35.817  126.382    412.2    948.8
     1     1    21     5    30    13     0     0   -14.0   35.659  126.355    420.1    948.2
     1     1    21     5    30    12     0     0   -15.0   35.500  126.338    430.6    947.3
     1     1    21     5    30    11     0     0   -16.0   35.344  126.329    441.8    946.0
     1     1    21     5    30    10     0     0   -17.0   35.196  126.330    451.6    945.2
     1     1    21     5    30     9     0     0   -18.0   35.057  126.342    459.6    944.5
     1     1    21     5    30     8     0     0   -19.0   34.929  126.367    465.3    944.0
     1     1    21     5    30     7     0     0   -20.0   34.815  126.409    468.8    943.8
     1     1    21     5    30     6     0     0   -21.0   34.716  126.467    470.1    943.7
     1     1    21     5    30     5     0     0   -22.0   34.630  126.529    470.8    944.1
     1     1    21     5    30     4     0     0   -23.0   34.554  126.582    472.6    944.1
     1     1    21     5    30     3     0     0   -24.0   34.487  126.626    475.0    944.1
     1     1    21     5    30     2     0     0   -25.0   34.428  126.659    477.9    944.1
     1     1    21     5    30     1     0     0   -26.0   34.378  126.682    481.1    944.0
     1     1    21     5    30     0     0     0   -27.0   34.335  126.692    484.3    944.0
     1     1    21     5    29    23     0     0   -28.0   34.296  126.682    487.3    943.5
     1     1    21     5    29    22     0     0   -29.0   34.254  126.644    489.8    943.2
     1     1    21     5    29    21     0     0   -30.0   34.209  126.577    491.5    943.1
     1     1    21     5    29    20     0     0   -31.0   34.160  126.481    492.3    943.2
     1     1    21     5    29    19     0     0   -32.0   34.106  126.357    491.7    943.7
     1     1    21     5    29    18     0     0   -33.0   34.045  126.204    489.6    944.4
     1     1    21     5    29    17     0     0   -34.0   33.974  126.044    487.9    945.6
     1     1    21     5    29    16     0     0   -35.0   33.890  125.894    489.0    946.3
     1     1    21     5    29    15     0     0   -36.0   33.793  125.755    492.9    946.6
     1     1    21     5    29    14     0     0   -37.0   33.683  125.626    499.8    946.5
     1     1    21     5    29    13     0     0   -38.0   33.559  125.509    509.6    946.1
     1     1    21     5    29    12     0     0   -39.0   33.422  125.403    522.6    945.4
     1     1    21     5    29    11     0     0   -40.0   33.278  125.302    536.1    944.4
     1     1    21     5    29    10     0     0   -41.0   33.134  125.200    547.4    944.0
     1     1    21     5    29     9     0     0   -42.0   32.991  125.097    556.5    943.8
     1     1    21     5    29     8     0     0   -43.0   32.851  124.995    563.8    943.9
     1     1    21     5    29     7     0     0   -44.0   32.713  124.894    569.1    944.0
     1     1    21     5    29     6     0     0   -45.0   32.581  124.794    572.8    944.3
     1     1    21     5    29     5     0     0   -46.0   32.464  124.695    576.2    944.3
     1     1    21     5    29     4     0     0   -47.0   32.372  124.595    582.4    943.5
     1     1    21     5    29     3     0     0   -48.0   32.306  124.494    590.9    942.7
     1     1    21     5    29     2     0     0   -49.0   32.264  124.391    602.3    941.6
     1     1    21     5    29     1     0     0   -50.0   32.245  124.284    616.8    940.3
     1     1    21     5    29     0     0     0   -51.0   32.248  124.171    634.8    938.7
     1     1    21     5    28    23     0     0   -52.0   32.277  124.051    656.2    936.4
     1     1    21     5    28    22     0     0   -53.0   32.340  123.921    681.0    933.8
     1     1    21     5    28    21     0     0   -54.0   32.433  123.783    709.4    931.1
     1     1    21     5    28    20     0     0   -55.0   32.559  123.636    741.5    927.7
     1     1    21     5    28    19     0     0   -56.0   32.716  123.481    776.5    923.5
     1     1    21     5    28    18     0     0   -57.0   32.902  123.319    814.1    919.1
     1     1    21     5    28    17     0     0   -58.0   33.100  123.139    850.4    914.5
     1     1    21     5    28    16     0     0   -59.0   33.293  122.938    881.0    911.0
     1     1    21     5    28    15     0     0   -60.0   33.485  122.719    907.7    908.0
     1     1    21     5    28    14     0     0   -61.0   33.683  122.486    932.1    905.1
     1     1    21     5    28    13     0     0   -62.0   33.892  122.239    956.0    900.7
     1     1    21     5    28    12     0     0   -63.0   34.114  121.981    981.2    896.1
     1     1    21     5    28    11     0     0   -64.0   34.352  121.704   1006.2    891.0
     1     1    21     5    28    10     0     0   -65.0   34.604  121.403   1028.7    886.9
     1     1    21     5    28     9     0     0   -66.0   34.880  121.087   1052.4    882.9
     1     1    21     5    28     8     0     0   -67.0   35.184  120.764   1081.5    879.4
     1     1    21     5    28     7     0     0   -68.0   35.524  120.446   1120.0    876.0
     1     1    21     5    28     6     0     0   -69.0   35.908  120.139   1172.4    871.7
     1     1    21     5    28     5     0     0   -70.0   36.323  119.840   1238.3    865.6
     1     1    21     5    28     4     0     0   -71.0   36.754  119.542   1314.1    858.9
     1     1    21     5    28     3     0     0   -72.0   37.202  119.244   1401.1    850.5
     1     1    21     5    28     2     0     0   -73.0   37.673  118.948   1500.2    838.5
     1     1    21     5    28     1     0     0   -74.0   38.164  118.662   1609.3    820.4
     1     1    21     5    28     0     0     0   -75.0   38.669  118.395   1732.2    800.2
     1     1    21     5    27    23     0     0   -76.0   39.160  118.131   1862.5    776.7
     1     1    21     5    27    22     0     0   -77.0   39.617  117.850   1994.8    753.9
     1     1    21     5    27    21     0     0   -78.0   40.048  117.550   2129.8    730.2
     1     1    21     5    27    20     0     0   -79.0   40.460  117.235   2256.1    702.5
     1     1    21     5    27    19     0     0   -80.0   40.860  116.912   2369.6    678.1
     1     1    21     5    27    18     0     0   -81.0   41.257  116.593   2470.7    656.3
     1     1    21     5    27    17     0     0   -82.0   41.660  116.288   2552.8    637.4
     1     1    21     5    27    16     0     0   -83.0   42.074  116.001   2613.6    622.1
     1     1    21     5    27    15     0     0   -84.0   42.497  115.741   2657.5    608.8
     1     1    21     5    27    14     0     0   -85.0   42.920  115.502   2703.4    607.3
     1     1    21     5    27    13     0     0   -86.0   43.336  115.279   2739.4    607.3
     1     1    21     5    27    12     0     0   -87.0   43.744  115.085   2768.7    608.4
     1     1    21     5    27    11     0     0   -88.0   44.121  114.925   2780.1    609.8
     1     1    21     5    27    10     0     0   -89.0   44.446  114.796   2766.9    614.1
     1     1    21     5    27     9     0     0   -90.0   44.720  114.699   2725.7    620.0
     1     1    21     5    27     8     0     0   -91.0   44.944  114.636   2656.9    627.4
     1     1    21     5    27     7     0     0   -92.0   45.121  114.591   2562.0    636.4
     1     1    21     5    27     6     0     0   -93.0   45.258  114.551   2444.5    646.9
     1     1    21     5    27     5     0     0   -94.0   45.376  114.496   2324.0    659.5
     1     1    21     5    27     4     0     0   -95.0   45.496  114.412   2218.8    669.4
     1     1    21     5    27     3     0     0   -96.0   45.617  114.309   2127.6    678.2
