     2     1
    CDC1    21     6     1     0     0
    CDC1    21     7     1     0     0
     1 BACKWARD OMEGA   
  2021     7    14     9   37.500  127.000   500.0
     1 PRESSURE
     1     1    21     7    14     9     0     0     0.0   37.500  127.000    500.0    936.9
     1     1    21     7    14     8     0     0    -1.0   37.273  126.983    489.9    938.2
     1     1    21     7    14     7     0     0    -2.0   37.045  126.958    480.0    939.5
     1     1    21     7    14     6     0     0    -3.0   36.816  126.924    469.7    941.0
     1     1    21     7    14     5     0     0    -4.0   36.584  126.883    458.6    943.1
     1     1    21     7    14     4     0     0    -5.0   36.349  126.837    446.2    945.3
     1     1    21     7    14     3     0     0    -6.0   36.111  126.784    432.8    947.8
     1     1    21     7    14     2     0     0    -7.0   35.871  126.722    418.6    950.3
     1     1    21     7    14     1     0     0    -8.0   35.627  126.652    404.0    953.1
     1     1    21     7    14     0     0     0    -9.0   35.380  126.571    389.1    955.9
     1     1    21     7    13    23     0     0   -10.0   35.125  126.482    373.9    958.2
     1     1    21     7    13    22     0     0   -11.0   34.856  126.389    357.5    960.8
     1     1    21     7    13    21     0     0   -12.0   34.573  126.297    339.8    963.9
     1     1    21     7    13    20     0     0   -13.0   34.276  126.209    320.5    967.1
     1     1    21     7    13    19     0     0   -14.0   33.964  126.124    299.7    970.5
     1     1    21     7    13    18     0     0   -15.0   33.634  126.041    277.6    974.1
     1     1    21     7    13    17     0     0   -16.0   33.296  125.966    256.8    978.0
     1     1    21     7    13    16     0     0   -17.0   32.961  125.905    239.9    981.1
     1     1    21     7    13    15     0     0   -18.0   32.631  125.854    227.0    983.7
     1     1    21     7    13    14     0     0   -19.0   32.308  125.817    218.0    985.2
     1     1    21     7    13    13     0     0   -20.0   31.999  125.796    212.7    985.9
     1     1    21     7    13    12     0     0   -21.0   31.705  125.790    210.8    986.2
     1     1    21     7    13    11     0     0   -22.0   31.421  125.787    210.7    985.9
     1     1    21     7    13    10     0     0   -23.0   31.141  125.779    210.9    985.8
     1     1    21     7    13     9     0     0   -24.0   30.862  125.762    211.4    985.5
     1     1    21     7    13     8     0     0   -25.0   30.585  125.736    212.4    985.2
     1     1    21     7    13     7     0     0   -26.0   30.305  125.699    213.7    984.8
     1     1    21     7    13     6     0     0   -27.0   30.023  125.650    215.6    984.3
     1     1    21     7    13     5     0     0   -28.0   29.748  125.597    217.3    984.3
     1     1    21     7    13     4     0     0   -29.0   29.490  125.548    218.1    984.6
     1     1    21     7    13     3     0     0   -30.0   29.249  125.504    218.7    984.8
     1     1    21     7    13     2     0     0   -31.0   29.022  125.462    219.4    985.0
     1     1    21     7    13     1     0     0   -32.0   28.808  125.423    220.7    985.1
     1     1    21     7    13     0     0     0   -33.0   28.608  125.386    222.9    985.1
     1     1    21     7    12    23     0     0   -34.0   28.406  125.348    225.1    984.8
     1     1    21     7    12    22     0     0   -35.0   28.192  125.311    225.8    984.8
     1     1    21     7    12    21     0     0   -36.0   27.966  125.275    224.5    985.2
     1     1    21     7    12    20     0     0   -37.0   27.730  125.242    220.4    985.9
     1     1    21     7    12    19     0     0   -38.0   27.484  125.215    212.8    987.1
     1     1    21     7    12    18     0     0   -39.0   27.231  125.197    201.4    988.6
     1     1    21     7    12    17     0     0   -40.0   26.984  125.193    190.4    990.3
     1     1    21     7    12    16     0     0   -41.0   26.751  125.204    183.8    991.1
     1     1    21     7    12    15     0     0   -42.0   26.529  125.226    181.3    991.5
     1     1    21     7    12    14     0     0   -43.0   26.317  125.260    182.8    991.6
     1     1    21     7    12    13     0     0   -44.0   26.115  125.303    188.2    991.4
     1     1    21     7    12    12     0     0   -45.0   25.921  125.353    197.6    990.9
     1     1    21     7    12    11     0     0   -46.0   25.737  125.406    207.6    989.6
     1     1    21     7    12    10     0     0   -47.0   25.566  125.457    214.5    988.9
     1     1    21     7    12     9     0     0   -48.0   25.408  125.505    218.3    988.6
     1     1    21     7    12     8     0     0   -49.0   25.263  125.551    218.8    988.7
     1     1    21     7    12     7     0     0   -50.0   25.131  125.595    215.8    989.3
     1     1    21     7    12     6     0     0   -51.0   25.012  125.637    209.3    990.3
     1     1    21     7    12     5     0     0   -52.0   24.899  125.681    202.3    991.3
     1     1    21     7    12     4     0     0   -53.0   24.786  125.733    198.5    991.4
     1     1    21     7    12     3     0     0   -54.0   24.673  125.793    197.6    991.2
     1     1    21     7    12     2     0     0   -55.0   24.559  125.859    199.7    990.8
     1     1    21     7    12     1     0     0   -56.0   24.444  125.934    204.6    990.0
     1     1    21     7    12     0     0     0   -57.0   24.327  126.016    212.3    988.9
     1     1    21     7    11    23     0     0   -58.0   24.210  126.105    221.7    987.4
     1     1    21     7    11    22     0     0   -59.0   24.094  126.200    232.0    985.9
     1     1    21     7    11    21     0     0   -60.0   23.980  126.302    243.5    984.3
     1     1    21     7    11    20     0     0   -61.0   23.869  126.411    256.5    982.6
     1     1    21     7    11    19     0     0   -62.0   23.762  126.527    271.4    980.8
     1     1    21     7    11    18     0     0   -63.0   23.660  126.650    288.4    978.8
     1     1    21     7    11    17     0     0   -64.0   23.565  126.781    306.8    976.8
     1     1    21     7    11    16     0     0   -65.0   23.479  126.917    325.3    975.1
     1     1    21     7    11    15     0     0   -66.0   23.403  127.060    343.8    973.4
     1     1    21     7    11    14     0     0   -67.0   23.335  127.210    362.0    971.9
     1     1    21     7    11    13     0     0   -68.0   23.275  127.365    379.7    970.4
     1     1    21     7    11    12     0     0   -69.0   23.223  127.526    396.8    968.8
     1     1    21     7    11    11     0     0   -70.0   23.172  127.691    412.7    967.0
     1     1    21     7    11    10     0     0   -71.0   23.116  127.855    426.9    965.5
     1     1    21     7    11     9     0     0   -72.0   23.053  128.019    439.6    964.2
     1     1    21     7    11     8     0     0   -73.0   22.985  128.184    450.7    963.1
     1     1    21     7    11     7     0     0   -74.0   22.911  128.349    460.6    962.2
     1     1    21     7    11     6     0     0   -75.0   22.830  128.515    469.3    961.4
     1     1    21     7    11     5     0     0   -76.0   22.751  128.687    477.7    961.0
     1     1    21     7    11     4     0     0   -77.0   22.680  128.868    486.4    960.5
     1     1    21     7    11     3     0     0   -78.0   22.620  129.060    495.2    960.1
     1     1    21     7    11     2     0     0   -79.0   22.572  129.261    504.1    959.7
     1     1    21     7    11     1     0     0   -80.0   22.535  129.472    512.7    959.5
     1     1    21     7    11     0     0     0   -81.0   22.512  129.693    521.0    959.4
     1     1    21     7    10    23     0     0   -82.0   22.497  129.920    528.8    958.7
     1     1    21     7    10    22     0     0   -83.0   22.481  130.145    537.3    957.4
     1     1    21     7    10    21     0     0   -84.0   22.464  130.367    546.3    955.8
     1     1    21     7    10    20     0     0   -85.0   22.444  130.585    555.7    954.2
     1     1    21     7    10    19     0     0   -86.0   22.420  130.797    565.3    952.6
     1     1    21     7    10    18     0     0   -87.0   22.392  131.002    575.0    951.1
     1     1    21     7    10    17     0     0   -88.0   22.362  131.204    585.1    949.9
     1     1    21     7    10    16     0     0   -89.0   22.333  131.403    596.5    948.5
     1     1    21     7    10    15     0     0   -90.0   22.306  131.599    609.6    946.9
     1     1    21     7    10    14     0     0   -91.0   22.278  131.790    624.7    945.1
     1     1    21     7    10    13     0     0   -92.0   22.252  131.978    642.2    942.8
     1     1    21     7    10    12     0     0   -93.0   22.225  132.160    662.5    940.1
     1     1    21     7    10    11     0     0   -94.0   22.195  132.336    683.5    937.1
     1     1    21     7    10    10     0     0   -95.0   22.159  132.508    702.1    934.8
     1     1    21     7    10     9     0     0   -96.0   22.118  132.678    718.0    933.1
