     2     1
    CDC1    21     4     1     0     0
    CDC1    21     5     1     0     0
     1 BACKWARD OMEGA   
  2021     5    15    15   37.500  127.000   500.0
     1 PRESSURE
     1     1    21     5    15    15     0     0     0.0   37.500  127.000    500.0    927.6
     1     1    21     5    15    14     0     0    -1.0   37.407  126.952    487.7    929.7
     1     1    21     5    15    13     0     0    -2.0   37.300  126.901    477.3    931.7
     1     1    21     5    15    12     0     0    -3.0   37.181  126.847    468.6    933.5
     1     1    21     5    15    11     0     0    -4.0   37.054  126.792    459.6    935.2
     1     1    21     5    15    10     0     0    -5.0   36.925  126.738    448.4    937.3
     1     1    21     5    15     9     0     0    -6.0   36.794  126.685    435.2    939.6
     1     1    21     5    15     8     0     0    -7.0   36.663  126.632    420.3    942.2
     1     1    21     5    15     7     0     0    -8.0   36.530  126.580    403.7    944.9
     1     1    21     5    15     6     0     0    -9.0   36.396  126.528    385.8    947.8
     1     1    21     5    15     5     0     0   -10.0   36.258  126.482    367.2    950.5
     1     1    21     5    15     4     0     0   -11.0   36.113  126.448    349.2    952.9
     1     1    21     5    15     3     0     0   -12.0   35.960  126.427    331.9    955.2
     1     1    21     5    15     2     0     0   -13.0   35.801  126.420    315.9    957.3
     1     1    21     5    15     1     0     0   -14.0   35.638  126.426    301.3    959.2
     1     1    21     5    15     0     0     0   -15.0   35.469  126.447    288.7    960.9
     1     1    21     5    14    23     0     0   -16.0   35.297  126.478    277.5    962.5
     1     1    21     5    14    22     0     0   -17.0   35.122  126.517    266.8    964.2
     1     1    21     5    14    21     0     0   -18.0   34.947  126.565    256.7    965.9
     1     1    21     5    14    20     0     0   -19.0   34.773  126.620    247.1    967.9
     1     1    21     5    14    19     0     0   -20.0   34.599  126.680    238.0    969.9
     1     1    21     5    14    18     0     0   -21.0   34.424  126.745    229.6    971.7
     1     1    21     5    14    17     0     0   -22.0   34.253  126.815    222.3    973.3
     1     1    21     5    14    16     0     0   -23.0   34.090  126.893    216.6    974.5
     1     1    21     5    14    15     0     0   -24.0   33.935  126.976    212.2    975.6
     1     1    21     5    14    14     0     0   -25.0   33.789  127.066    208.9    976.4
     1     1    21     5    14    13     0     0   -26.0   33.652  127.162    206.4    977.2
     1     1    21     5    14    12     0     0   -27.0   33.524  127.263    204.7    977.7
     1     1    21     5    14    11     0     0   -28.0   33.402  127.364    203.5    978.3
     1     1    21     5    14    10     0     0   -29.0   33.282  127.459    202.6    979.0
     1     1    21     5    14     9     0     0   -30.0   33.163  127.551    202.1    979.6
     1     1    21     5    14     8     0     0   -31.0   33.046  127.641    202.0    980.1
     1     1    21     5    14     7     0     0   -32.0   32.931  127.731    202.3    980.6
     1     1    21     5    14     6     0     0   -33.0   32.818  127.825    203.0    981.0
     1     1    21     5    14     5     0     0   -34.0   32.712  127.918    203.9    981.1
     1     1    21     5    14     4     0     0   -35.0   32.620  128.008    205.0    981.1
     1     1    21     5    14     3     0     0   -36.0   32.544  128.095    206.3    981.0
     1     1    21     5    14     2     0     0   -37.0   32.483  128.178    207.7    980.8
     1     1    21     5    14     1     0     0   -38.0   32.438  128.255    209.0    980.6
     1     1    21     5    14     0     0     0   -39.0   32.409  128.326    210.2    980.4
     1     1    21     5    13    23     0     0   -40.0   32.383  128.385    211.2    980.2
     1     1    21     5    13    22     0     0   -41.0   32.346  128.424    211.4    980.2
     1     1    21     5    13    21     0     0   -42.0   32.299  128.441    210.9    980.4
     1     1    21     5    13    20     0     0   -43.0   32.240  128.437    209.6    980.8
     1     1    21     5    13    19     0     0   -44.0   32.168  128.410    207.7    981.4
     1     1    21     5    13    18     0     0   -45.0   32.085  128.362    204.9    982.2
     1     1    21     5    13    17     0     0   -46.0   31.997  128.310    200.8    983.1
     1     1    21     5    13    16     0     0   -47.0   31.913  128.274    195.0    984.1
     1     1    21     5    13    15     0     0   -48.0   31.832  128.255    187.5    985.1
     1     1    21     5    13    14     0     0   -49.0   31.754  128.253    178.4    986.2
     1     1    21     5    13    13     0     0   -50.0   31.680  128.268    167.9    987.5
     1     1    21     5    13    12     0     0   -51.0   31.608  128.300    156.2    988.8
     1     1    21     5    13    11     0     0   -52.0   31.542  128.336    144.1    990.1
     1     1    21     5    13    10     0     0   -53.0   31.487  128.360    132.8    991.3
     1     1    21     5    13     9     0     0   -54.0   31.443  128.374    122.0    992.4
     1     1    21     5    13     8     0     0   -55.0   31.412  128.378    111.8    993.6
     1     1    21     5    13     7     0     0   -56.0   31.393  128.372    102.1    994.6
     1     1    21     5    13     6     0     0   -57.0   31.388  128.357     93.1    995.7
     1     1    21     5    13     5     0     0   -58.0   31.392  128.343     86.4    997.0
     1     1    21     5    13     4     0     0   -59.0   31.401  128.341     83.7    997.4
     1     1    21     5    13     3     0     0   -60.0   31.415  128.350     84.8    997.3
     1     1    21     5    13     2     0     0   -61.0   31.434  128.370     89.7    996.6
     1     1    21     5    13     1     0     0   -62.0   31.457  128.399     98.4    995.4
     1     1    21     5    13     0     0     0   -63.0   31.484  128.438    110.9    993.7
     1     1    21     5    12    23     0     0   -64.0   31.511  128.471    124.5    991.3
     1     1    21     5    12    22     0     0   -65.0   31.535  128.488    136.0    989.7
     1     1    21     5    12    21     0     0   -66.0   31.555  128.488    145.5    988.4
     1     1    21     5    12    20     0     0   -67.0   31.571  128.474    152.9    987.4
     1     1    21     5    12    19     0     0   -68.0   31.584  128.444    158.2    986.7
     1     1    21     5    12    18     0     0   -69.0   31.593  128.400    161.3    986.4
     1     1    21     5    12    17     0     0   -70.0   31.603  128.360    163.8    986.2
     1     1    21     5    12    16     0     0   -71.0   31.616  128.340    166.9    985.7
     1     1    21     5    12    15     0     0   -72.0   31.633  128.341    170.6    985.1
     1     1    21     5    12    14     0     0   -73.0   31.653  128.363    174.8    984.4
     1     1    21     5    12    13     0     0   -74.0   31.676  128.406    179.4    983.6
     1     1    21     5    12    12     0     0   -75.0   31.701  128.473    184.2    982.6
     1     1    21     5    12    11     0     0   -76.0   31.723  128.542    187.0    981.6
     1     1    21     5    12    10     0     0   -77.0   31.736  128.593    185.5    981.3
     1     1    21     5    12     9     0     0   -78.0   31.740  128.627    179.9    981.5
     1     1    21     5    12     8     0     0   -79.0   31.736  128.641    170.4    982.2
     1     1    21     5    12     7     0     0   -80.0   31.724  128.637    157.4    983.3
     1     1    21     5    12     6     0     0   -81.0   31.706  128.614    141.0    984.9
     1     1    21     5    12     5     0     0   -82.0   31.687  128.591    123.9    987.2
     1     1    21     5    12     4     0     0   -83.0   31.672  128.589    108.3    989.2
     1     1    21     5    12     3     0     0   -84.0   31.658  128.607     94.5    991.0
     1     1    21     5    12     2     0     0   -85.0   31.647  128.647     82.6    992.6
     1     1    21     5    12     1     0     0   -86.0   31.638  128.709     72.5    993.7
     1     1    21     5    12     0     0     0   -87.0   31.630  128.794     64.2    994.2
     1     1    21     5    11    23     0     0   -88.0   31.616  128.902     56.9    994.8
     1     1    21     5    11    22     0     0   -89.0   31.585  129.027     50.0    995.4
     1     1    21     5    11    21     0     0   -90.0   31.536  129.169     43.8    996.1
     1     1    21     5    11    20     0     0   -91.0   31.468  129.325     38.1    996.9
     1     1    21     5    11    19     0     0   -92.0   31.377  129.490     33.0    997.8
     1     1    21     5    11    18     0     0   -93.0   31.259  129.659     28.5    998.8
     1     1    21     5    11    17     0     0   -94.0   31.126  129.816     24.8   1000.2
     1     1    21     5    11    16     0     0   -95.0   30.994  129.948     22.0   1001.5
     1     1    21     5    11    15     0     0   -96.0   30.869  130.059     20.1   1002.8
