     2     1
    CDC1    21     4     1     0     0
    CDC1    21     5     1     0     0
     1 BACKWARD OMEGA   
  2021     5    18    15   37.500  127.000   500.0
     1 PRESSURE
     1     1    21     5    18    15     0     0     0.0   37.500  127.000    500.0    933.5
     1     1    21     5    18    14     0     0    -1.0   37.507  126.855    503.6    933.7
     1     1    21     5    18    13     0     0    -2.0   37.504  126.717    510.5    933.6
     1     1    21     5    18    12     0     0    -3.0   37.493  126.588    520.9    933.1
     1     1    21     5    18    11     0     0    -4.0   37.480  126.460    531.0    932.6
     1     1    21     5    18    10     0     0    -5.0   37.466  126.326    536.4    933.1
     1     1    21     5    18     9     0     0    -6.0   37.451  126.184    537.2    934.1
     1     1    21     5    18     8     0     0    -7.0   37.434  126.036    533.6    935.7
     1     1    21     5    18     7     0     0    -8.0   37.414  125.881    525.7    937.7
     1     1    21     5    18     6     0     0    -9.0   37.391  125.720    513.8    940.2
     1     1    21     5    18     5     0     0   -10.0   37.369  125.564    502.7    942.8
     1     1    21     5    18     4     0     0   -11.0   37.355  125.422    497.9    944.0
     1     1    21     5    18     3     0     0   -12.0   37.351  125.294    499.1    944.5
     1     1    21     5    18     2     0     0   -13.0   37.357  125.178    506.2    944.2
     1     1    21     5    18     1     0     0   -14.0   37.376  125.075    519.2    943.1
     1     1    21     5    18     0     0     0   -15.0   37.408  124.985    538.0    941.2
     1     1    21     5    17    23     0     0   -16.0   37.450  124.899    558.5    939.0
     1     1    21     5    17    22     0     0   -17.0   37.494  124.811    575.3    937.6
     1     1    21     5    17    21     0     0   -18.0   37.541  124.719    588.7    936.1
     1     1    21     5    17    20     0     0   -19.0   37.590  124.623    598.8    934.9
     1     1    21     5    17    19     0     0   -20.0   37.641  124.522    605.8    934.0
     1     1    21     5    17    18     0     0   -21.0   37.694  124.416    609.8    933.4
     1     1    21     5    17    17     0     0   -22.0   37.750  124.302    613.4    932.8
     1     1    21     5    17    16     0     0   -23.0   37.810  124.179    619.5    931.8
     1     1    21     5    17    15     0     0   -24.0   37.876  124.048    627.9    930.7
     1     1    21     5    17    14     0     0   -25.0   37.946  123.912    638.9    929.1
     1     1    21     5    17    13     0     0   -26.0   38.021  123.774    652.5    927.2
     1     1    21     5    17    12     0     0   -27.0   38.103  123.635    668.7    925.0
     1     1    21     5    17    11     0     0   -28.0   38.190  123.504    687.2    922.7
     1     1    21     5    17    10     0     0   -29.0   38.283  123.391    707.2    920.3
     1     1    21     5    17     9     0     0   -30.0   38.383  123.295    728.7    917.8
     1     1    21     5    17     8     0     0   -31.0   38.490  123.217    751.5    915.0
     1     1    21     5    17     7     0     0   -32.0   38.605  123.158    775.7    912.1
     1     1    21     5    17     6     0     0   -33.0   38.728  123.119    801.1    908.9
     1     1    21     5    17     5     0     0   -34.0   38.858  123.090    826.0    905.4
     1     1    21     5    17     4     0     0   -35.0   38.997  123.066    848.3    902.2
     1     1    21     5    17     3     0     0   -36.0   39.142  123.045    867.8    899.4
     1     1    21     5    17     2     0     0   -37.0   39.293  123.027    884.2    896.9
     1     1    21     5    17     1     0     0   -38.0   39.448  123.012    897.1    894.7
     1     1    21     5    17     0     0     0   -39.0   39.608  122.999    906.3    893.0
     1     1    21     5    16    23     0     0   -40.0   39.768  122.992    915.8    891.2
     1     1    21     5    16    22     0     0   -41.0   39.930  122.996    930.9    888.4
     1     1    21     5    16    21     0     0   -42.0   40.096  123.011    951.4    884.6
     1     1    21     5    16    20     0     0   -43.0   40.267  123.032    977.2    880.2
     1     1    21     5    16    19     0     0   -44.0   40.446  123.056   1008.5    875.2
     1     1    21     5    16    18     0     0   -45.0   40.634  123.078   1045.1    869.7
     1     1    21     5    16    17     0     0   -46.0   40.831  123.107   1082.7    863.8
     1     1    21     5    16    16     0     0   -47.0   41.033  123.153   1116.1    858.7
     1     1    21     5    16    15     0     0   -48.0   41.241  123.216   1146.1    853.8
     1     1    21     5    16    14     0     0   -49.0   41.454  123.294   1173.6    849.1
     1     1    21     5    16    13     0     0   -50.0   41.672  123.387   1199.6    844.4
     1     1    21     5    16    12     0     0   -51.0   41.895  123.493   1225.3    839.7
     1     1    21     5    16    11     0     0   -52.0   42.123  123.608   1255.0    835.0
     1     1    21     5    16    10     0     0   -53.0   42.355  123.724   1291.3    829.6
     1     1    21     5    16     9     0     0   -54.0   42.587  123.836   1334.2    824.3
     1     1    21     5    16     8     0     0   -55.0   42.814  123.934   1382.4    820.4
     1     1    21     5    16     7     0     0   -56.0   43.034  124.013   1433.8    816.7
     1     1    21     5    16     6     0     0   -57.0   43.245  124.071   1488.3    812.9
     1     1    21     5    16     5     0     0   -58.0   43.449  124.105   1538.9    809.0
     1     1    21     5    16     4     0     0   -59.0   43.646  124.111   1578.7    807.0
     1     1    21     5    16     3     0     0   -60.0   43.838  124.092   1608.5    806.1
     1     1    21     5    16     2     0     0   -61.0   44.027  124.048   1629.4    806.0
     1     1    21     5    16     1     0     0   -62.0   44.214  123.982   1642.2    806.7
     1     1    21     5    16     0     0     0   -63.0   44.400  123.893   1648.0    807.9
     1     1    21     5    15    23     0     0   -64.0   44.588  123.785   1654.0    809.3
     1     1    21     5    15    22     0     0   -65.0   44.779  123.659   1667.6    809.1
     1     1    21     5    15    21     0     0   -66.0   44.974  123.513   1687.3    808.0
     1     1    21     5    15    20     0     0   -67.0   45.170  123.345   1710.4    803.4
     1     1    21     5    15    19     0     0   -68.0   45.365  123.153   1737.8    797.7
     1     1    21     5    15    18     0     0   -69.0   45.557  122.936   1769.6    791.2
     1     1    21     5    15    17     0     0   -70.0   45.753  122.683   1804.5    784.1
     1     1    21     5    15    16     0     0   -71.0   45.959  122.389   1838.0    775.4
     1     1    21     5    15    15     0     0   -72.0   46.178  122.058   1870.6    764.4
     1     1    21     5    15    14     0     0   -73.0   46.413  121.695   1904.6    753.1
     1     1    21     5    15    13     0     0   -74.0   46.667  121.307   1940.3    741.8
     1     1    21     5    15    12     0     0   -75.0   46.942  120.899   1977.8    730.7
     1     1    21     5    15    11     0     0   -76.0   47.235  120.470   2020.1    719.8
     1     1    21     5    15    10     0     0   -77.0   47.548  120.025   2072.4    708.6
     1     1    21     5    15     9     0     0   -78.0   47.878  119.577   2138.4    702.3
     1     1    21     5    15     8     0     0   -79.0   48.219  119.122   2210.0    696.1
     1     1    21     5    15     7     0     0   -80.0   48.566  118.656   2284.5    690.5
     1     1    21     5    15     6     0     0   -81.0   48.917  118.178   2358.6    685.8
     1     1    21     5    15     5     0     0   -82.0   49.275  117.697   2432.1    682.1
     1     1    21     5    15     4     0     0   -83.0   49.649  117.223   2509.4    677.3
     1     1    21     5    15     3     0     0   -84.0   50.041  116.764   2591.3    670.9
     1     1    21     5    15     2     0     0   -85.0   50.440  116.336   2675.4    661.7
     1     1    21     5    15     1     0     0   -86.0   50.839  115.948   2762.9    652.2
     1     1    21     5    15     0     0     0   -87.0   51.234  115.599   2854.2    642.4
     1     1    21     5    14    23     0     0   -88.0   51.614  115.287   2941.6    632.0
     1     1    21     5    14    22     0     0   -89.0   51.973  115.022   3021.3    623.1
     1     1    21     5    14    21     0     0   -90.0   52.324  114.825   3092.7    614.0
     1     1    21     5    14    20     0     0   -91.0   52.673  114.715   3156.6    605.2
     1     1    21     5    14    19     0     0   -92.0   53.022  114.700   3212.4    596.7
     1     1    21     5    14    18     0     0   -93.0   53.374  114.785   3260.8    589.3
     1     1    21     5    14    17     0     0   -94.0   53.730  114.949   3299.0    583.2
     1     1    21     5    14    16     0     0   -95.0   54.084  115.167   3325.0    578.2
     1     1    21     5    14    15     0     0   -96.0   54.436  115.441   3341.1    574.3
