     2     1
    CDC1    21     1     1     0     0
    CDC1    21     2     1     0     0
     1 BACKWARD OMEGA   
  2021     2    21    15   37.500  127.000   500.0
     1 PRESSURE
     1     1    21     2    21    15     0     0     0.0   37.500  127.000    500.0    932.1
     1     1    21     2    21    14     0     0    -1.0   37.457  126.669    469.3    937.1
     1     1    21     2    21    13     0     0    -2.0   37.377  126.346    434.0    943.2
     1     1    21     2    21    12     0     0    -3.0   37.258  126.029    394.3    950.1
     1     1    21     2    21    11     0     0    -4.0   37.111  125.724    354.1    956.5
     1     1    21     2    21    10     0     0    -5.0   36.947  125.432    317.4    962.1
     1     1    21     2    21     9     0     0    -6.0   36.765  125.146    285.6    967.4
     1     1    21     2    21     8     0     0    -7.0   36.564  124.859    259.7    971.6
     1     1    21     2    21     7     0     0    -8.0   36.348  124.564    240.7    974.5
     1     1    21     2    21     6     0     0    -9.0   36.118  124.255    229.0    976.5
     1     1    21     2    21     5     0     0   -10.0   35.883  123.938    220.2    977.9
     1     1    21     2    21     4     0     0   -11.0   35.651  123.626    209.7    979.9
     1     1    21     2    21     3     0     0   -12.0   35.420  123.319    196.6    982.2
     1     1    21     2    21     2     0     0   -13.0   35.190  123.017    180.3    984.4
     1     1    21     2    21     1     0     0   -14.0   34.959  122.722    160.6    987.1
     1     1    21     2    21     0     0     0   -15.0   34.729  122.438    138.1    990.9
     1     1    21     2    20    23     0     0   -16.0   34.494  122.163    118.5    994.2
     1     1    21     2    20    22     0     0   -17.0   34.248  121.886    105.8    996.0
     1     1    21     2    20    21     0     0   -18.0   33.993  121.608     99.2    997.0
     1     1    21     2    20    20     0     0   -19.0   33.728  121.329     98.1    997.3
     1     1    21     2    20    19     0     0   -20.0   33.453  121.049    102.5    996.7
     1     1    21     2    20    18     0     0   -21.0   33.167  120.769    112.9    995.3
     1     1    21     2    20    17     0     0   -22.0   32.878  120.498    127.8    992.8
     1     1    21     2    20    16     0     0   -23.0   32.596  120.242    144.9    990.5
     1     1    21     2    20    15     0     0   -24.0   32.322  119.999    162.5    986.1
     1     1    21     2    20    14     0     0   -25.0   32.065  119.765    178.2    981.3
     1     1    21     2    20    13     0     0   -26.0   31.823  119.539    191.2    977.2
     1     1    21     2    20    12     0     0   -27.0   31.593  119.320    202.4    973.3
     1     1    21     2    20    11     0     0   -28.0   31.383  119.105    212.2    969.5
     1     1    21     2    20    10     0     0   -29.0   31.201  118.893    221.1    966.1
     1     1    21     2    20     9     0     0   -30.0   31.046  118.683    229.0    963.0
     1     1    21     2    20     8     0     0   -31.0   30.917  118.474    235.9    960.2
     1     1    21     2    20     7     0     0   -32.0   30.813  118.265    241.7    957.8
     1     1    21     2    20     6     0     0   -33.0   30.731  118.056    246.2    955.8
     1     1    21     2    20     5     0     0   -34.0   30.657  117.842    249.5    954.2
     1     1    21     2    20     4     0     0   -35.0   30.573  117.617    252.1    952.5
     1     1    21     2    20     3     0     0   -36.0   30.479  117.385    253.8    952.7
     1     1    21     2    20     2     0     0   -37.0   30.375  117.148    254.8    954.9
     1     1    21     2    20     1     0     0   -38.0   30.260  116.907    254.9    957.4
     1     1    21     2    20     0     0     0   -39.0   30.133  116.662    254.2    960.2
     1     1    21     2    19    23     0     0   -40.0   30.002  116.415    252.9    962.8
     1     1    21     2    19    22     0     0   -41.0   29.876  116.172    251.5    965.1
     1     1    21     2    19    21     0     0   -42.0   29.759  115.933    250.0    967.2
     1     1    21     2    19    20     0     0   -43.0   29.648  115.700    248.1    969.2
     1     1    21     2    19    19     0     0   -44.0   29.544  115.472    245.7    971.2
     1     1    21     2    19    18     0     0   -45.0   29.447  115.249    242.6    973.2
     1     1    21     2    19    17     0     0   -46.0   29.351  115.038    238.3    975.1
     1     1    21     2    19    16     0     0   -47.0   29.253  114.847    232.5    974.6
     1     1    21     2    19    15     0     0   -48.0   29.155  114.674    226.2    973.7
     1     1    21     2    19    14     0     0   -49.0   29.059  114.520    219.6    973.1
     1     1    21     2    19    13     0     0   -50.0   28.963  114.385    212.8    972.7
     1     1    21     2    19    12     0     0   -51.0   28.870  114.270    206.0    972.5
     1     1    21     2    19    11     0     0   -52.0   28.785  114.161    200.3    973.0
     1     1    21     2    19    10     0     0   -53.0   28.714  114.042    196.6    973.1
     1     1    21     2    19     9     0     0   -54.0   28.657  113.911    194.7    973.2
     1     1    21     2    19     8     0     0   -55.0   28.613  113.767    194.5    973.3
     1     1    21     2    19     7     0     0   -56.0   28.581  113.610    195.7    973.3
     1     1    21     2    19     6     0     0   -57.0   28.561  113.439    198.2    973.3
     1     1    21     2    19     5     0     0   -58.0   28.544  113.271    200.4    972.6
     1     1    21     2    19     4     0     0   -59.0   28.521  113.123    200.7    972.4
     1     1    21     2    19     3     0     0   -60.0   28.492  112.995    199.1    972.5
     1     1    21     2    19     2     0     0   -61.0   28.457  112.888    195.7    972.8
     1     1    21     2    19     1     0     0   -62.0   28.417  112.800    190.6    973.2
     1     1    21     2    19     0     0     0   -63.0   28.370  112.734    183.8    973.9
     1     1    21     2    18    23     0     0   -64.0   28.324  112.680    176.7    975.0
     1     1    21     2    18    22     0     0   -65.0   28.288  112.630    170.3    975.9
     1     1    21     2    18    21     0     0   -66.0   28.261  112.584    164.8    976.9
     1     1    21     2    18    20     0     0   -67.0   28.243  112.541    159.9    977.8
     1     1    21     2    18    19     0     0   -68.0   28.236  112.501    155.7    978.6
     1     1    21     2    18    18     0     0   -69.0   28.239  112.464    152.0    978.5
     1     1    21     2    18    17     0     0   -70.0   28.247  112.434    149.1    978.2
     1     1    21     2    18    16     0     0   -71.0   28.253  112.417    147.2    978.1
     1     1    21     2    18    15     0     0   -72.0   28.260  112.413    146.4    978.1
     1     1    21     2    18    14     0     0   -73.0   28.266  112.422    146.7    978.2
     1     1    21     2    18    13     0     0   -74.0   28.272  112.444    148.1    978.5
     1     1    21     2    18    12     0     0   -75.0   28.277  112.479    150.6    979.0
     1     1    21     2    18    11     0     0   -76.0   28.284  112.519    153.0    979.5
     1     1    21     2    18    10     0     0   -77.0   28.293  112.556    154.1    979.8
     1     1    21     2    18     9     0     0   -78.0   28.303  112.590    154.0    980.3
     1     1    21     2    18     8     0     0   -79.0   28.316  112.621    152.6    980.9
     1     1    21     2    18     7     0     0   -80.0   28.331  112.649    150.0    981.6
     1     1    21     2    18     6     0     0   -81.0   28.347  112.674    146.2    982.5
     1     1    21     2    18     5     0     0   -82.0   28.363  112.701    141.5    983.0
     1     1    21     2    18     4     0     0   -83.0   28.377  112.738    136.0    983.6
     1     1    21     2    18     3     0     0   -84.0   28.388  112.782    130.0    984.3
     1     1    21     2    18     2     0     0   -85.0   28.395  112.833    123.5    985.1
     1     1    21     2    18     1     0     0   -86.0   28.400  112.892    116.7    986.0
     1     1    21     2    18     0     0     0   -87.0   28.400  112.957    109.7    986.9
     1     1    21     2    17    23     0     0   -88.0   28.401  113.031    103.6    987.7
     1     1    21     2    17    22     0     0   -89.0   28.406  113.116     99.2    988.2
     1     1    21     2    17    21     0     0   -90.0   28.415  113.213     96.2    988.5
     1     1    21     2    17    20     0     0   -91.0   28.428  113.320     94.6    988.6
     1     1    21     2    17    19     0     0   -92.0   28.447  113.439     94.3    988.7
     1     1    21     2    17    18     0     0   -93.0   28.471  113.569     95.2    988.6
     1     1    21     2    17    17     0     0   -94.0   28.503  113.698     96.4    988.4
     1     1    21     2    17    16     0     0   -95.0   28.545  113.811     96.6    988.6
     1     1    21     2    17    15     0     0   -96.0   28.598  113.909     95.9    988.9
