     2     1
    CDC1    21    10     1     0     0
    CDC1    21    11     1     0     0
     1 BACKWARD OMEGA   
  2021    11    14    12   37.500  127.000   500.0
     1 PRESSURE
     1     1    21    11    14    12     0     0     0.0   37.500  127.000    500.0    939.9
     1     1    21    11    14    11     0     0    -1.0   37.481  126.708    502.9    940.9
     1     1    21    11    14    10     0     0    -2.0   37.462  126.423    502.9    942.4
     1     1    21    11    14     9     0     0    -3.0   37.441  126.142    500.4    944.2
     1     1    21    11    14     8     0     0    -4.0   37.419  125.864    495.6    946.4
     1     1    21    11    14     7     0     0    -5.0   37.394  125.585    488.8    948.8
     1     1    21    11    14     6     0     0    -6.0   37.366  125.304    480.3    951.6
     1     1    21    11    14     5     0     0    -7.0   37.342  125.030    471.5    954.4
     1     1    21    11    14     4     0     0    -8.0   37.325  124.777    464.6    956.1
     1     1    21    11    14     3     0     0    -9.0   37.314  124.543    460.2    957.2
     1     1    21    11    14     2     0     0   -10.0   37.310  124.327    458.1    957.9
     1     1    21    11    14     1     0     0   -11.0   37.312  124.129    458.2    958.3
     1     1    21    11    14     0     0     0   -12.0   37.319  123.946    460.3    958.3
     1     1    21    11    13    23     0     0   -13.0   37.331  123.767    462.9    958.0
     1     1    21    11    13    22     0     0   -14.0   37.347  123.581    464.2    958.1
     1     1    21    11    13    21     0     0   -15.0   37.367  123.389    464.3    958.3
     1     1    21    11    13    20     0     0   -16.0   37.392  123.194    463.2    958.6
     1     1    21    11    13    19     0     0   -17.0   37.420  122.999    461.0    959.1
     1     1    21    11    13    18     0     0   -18.0   37.453  122.805    457.7    959.7
     1     1    21    11    13    17     0     0   -19.0   37.484  122.612    452.2    960.8
     1     1    21    11    13    16     0     0   -20.0   37.504  122.416    442.9    962.4
     1     1    21    11    13    15     0     0   -21.0   37.515  122.217    430.8    964.3
     1     1    21    11    13    14     0     0   -22.0   37.519  122.011    416.5    966.4
     1     1    21    11    13    13     0     0   -23.0   37.515  121.797    400.2    968.8
     1     1    21    11    13    12     0     0   -24.0   37.504  121.572    382.0    971.4
     1     1    21    11    13    11     0     0   -25.0   37.486  121.345    363.9    973.5
     1     1    21    11    13    10     0     0   -26.0   37.461  121.124    347.8    975.2
     1     1    21    11    13     9     0     0   -27.0   37.427  120.908    334.0    976.6
     1     1    21    11    13     8     0     0   -28.0   37.385  120.699    322.7    977.7
     1     1    21    11    13     7     0     0   -29.0   37.332  120.498    314.1    978.5
     1     1    21    11    13     6     0     0   -30.0   37.268  120.303    308.4    978.8
     1     1    21    11    13     5     0     0   -31.0   37.199  120.113    306.1    979.2
     1     1    21    11    13     4     0     0   -32.0   37.135  119.922    307.4    979.0
     1     1    21    11    13     3     0     0   -33.0   37.078  119.729    312.3    978.3
     1     1    21    11    13     2     0     0   -34.0   37.029  119.534    320.4    977.2
     1     1    21    11    13     1     0     0   -35.0   36.987  119.334    331.4    975.8
     1     1    21    11    13     0     0     0   -36.0   36.954  119.130    344.7    974.1
     1     1    21    11    12    23     0     0   -37.0   36.930  118.918    360.4    972.4
     1     1    21    11    12    22     0     0   -38.0   36.919  118.696    378.8    970.5
     1     1    21    11    12    21     0     0   -39.0   36.919  118.466    400.1    968.0
     1     1    21    11    12    20     0     0   -40.0   36.930  118.228    424.8    965.0
     1     1    21    11    12    19     0     0   -41.0   36.951  117.984    453.4    961.6
     1     1    21    11    12    18     0     0   -42.0   36.982  117.734    486.2    958.0
     1     1    21    11    12    17     0     0   -43.0   37.024  117.491    521.2    953.7
     1     1    21    11    12    16     0     0   -44.0   37.077  117.263    554.2    947.1
     1     1    21    11    12    15     0     0   -45.0   37.140  117.051    585.2    941.0
     1     1    21    11    12    14     0     0   -46.0   37.213  116.855    613.8    935.3
     1     1    21    11    12    13     0     0   -47.0   37.294  116.677    639.8    929.9
     1     1    21    11    12    12     0     0   -48.0   37.384  116.517    662.9    924.7
     1     1    21    11    12    11     0     0   -49.0   37.486  116.368    687.1    919.8
     1     1    21    11    12    10     0     0   -50.0   37.601  116.215    716.1    911.7
     1     1    21    11    12     9     0     0   -51.0   37.728  116.055    750.7    902.3
     1     1    21    11    12     8     0     0   -52.0   37.865  115.886    791.3    892.0
     1     1    21    11    12     7     0     0   -53.0   38.011  115.706    838.1    880.7
     1     1    21    11    12     6     0     0   -54.0   38.166  115.514    891.3    868.6
     1     1    21    11    12     5     0     0   -55.0   38.330  115.309    948.3    854.9
     1     1    21    11    12     4     0     0   -56.0   38.509  115.094   1006.5    840.6
     1     1    21    11    12     3     0     0   -57.0   38.702  114.872   1065.1    825.5
     1     1    21    11    12     2     0     0   -58.0   38.913  114.647   1123.7    810.2
     1     1    21    11    12     1     0     0   -59.0   39.140  114.422   1182.7    795.2
     1     1    21    11    12     0     0     0   -60.0   39.385  114.204   1243.0    780.5
     1     1    21    11    11    23     0     0   -61.0   39.640  113.985   1299.9    765.3
     1     1    21    11    11    22     0     0   -62.0   39.900  113.751   1347.1    751.9
     1     1    21    11    11    21     0     0   -63.0   40.163  113.496   1384.1    741.9
     1     1    21    11    11    20     0     0   -64.0   40.427  113.218   1410.3    735.2
     1     1    21    11    11    19     0     0   -65.0   40.690  112.913   1425.7    730.5
     1     1    21    11    11    18     0     0   -66.0   40.951  112.581   1431.4    727.9
     1     1    21    11    11    17     0     0   -67.0   41.209  112.238   1441.4    728.4
     1     1    21    11    11    16     0     0   -68.0   41.465  111.904   1466.4    727.3
     1     1    21    11    11    15     0     0   -69.0   41.721  111.579   1503.5    725.9
     1     1    21    11    11    14     0     0   -70.0   41.974  111.266   1550.8    724.2
     1     1    21    11    11    13     0     0   -71.0   42.226  110.965   1606.6    722.4
     1     1    21    11    11    12     0     0   -72.0   42.477  110.678   1669.9    720.2
     1     1    21    11    11    11     0     0   -73.0   42.725  110.399   1730.5    716.0
     1     1    21    11    11    10     0     0   -74.0   42.970  110.120   1783.4    712.9
     1     1    21    11    11     9     0     0   -75.0   43.211  109.839   1829.0    708.9
     1     1    21    11    11     8     0     0   -76.0   43.453  109.556   1869.5    704.2
     1     1    21    11    11     7     0     0   -77.0   43.695  109.270   1907.6    699.7
     1     1    21    11    11     6     0     0   -78.0   43.938  108.981   1944.6    695.1
     1     1    21    11    11     5     0     0   -79.0   44.181  108.695   1980.3    690.2
     1     1    21    11    11     4     0     0   -80.0   44.425  108.422   2016.3    685.3
     1     1    21    11    11     3     0     0   -81.0   44.667  108.157   2050.4    680.4
     1     1    21    11    11     2     0     0   -82.0   44.907  107.898   2081.2    675.7
     1     1    21    11    11     1     0     0   -83.0   45.142  107.646   2106.7    670.5
     1     1    21    11    11     0     0     0   -84.0   45.374  107.404   2126.9    665.8
     1     1    21    11    10    23     0     0   -85.0   45.607  107.170   2144.9    662.6
     1     1    21    11    10    22     0     0   -86.0   45.839  106.938   2161.6    659.7
     1     1    21    11    10    21     0     0   -87.0   46.070  106.705   2177.5    657.1
     1     1    21    11    10    20     0     0   -88.0   46.298  106.471   2192.3    655.0
     1     1    21    11    10    19     0     0   -89.0   46.520  106.233   2205.8    653.4
     1     1    21    11    10    18     0     0   -90.0   46.734  105.988   2217.4    652.2
     1     1    21    11    10    17     0     0   -91.0   46.946  105.748   2229.0    651.6
     1     1    21    11    10    16     0     0   -92.0   47.160  105.525   2241.7    651.2
     1     1    21    11    10    15     0     0   -93.0   47.381  105.318   2256.5    650.8
     1     1    21    11    10    14     0     0   -94.0   47.608  105.128   2274.7    651.1
     1     1    21    11    10    13     0     0   -95.0   47.845  104.957   2295.6    651.3
     1     1    21    11    10    12     0     0   -96.0   48.093  104.802   2317.1    649.7
