     2     1
    CDC1    21     3     1     0     0
    CDC1    21     4     1     0     0
     1 BACKWARD OMEGA   
  2021     4     6     9   37.500  127.000   500.0
     1 PRESSURE
     1     1    21     4     6     9     0     0     0.0   37.500  127.000    500.0    939.5
     1     1    21     4     6     8     0     0    -1.0   37.677  126.706    520.1    936.4
     1     1    21     4     6     7     0     0    -2.0   37.853  126.419    540.0    933.5
     1     1    21     4     6     6     0     0    -3.0   38.027  126.135    560.0    930.8
     1     1    21     4     6     5     0     0    -4.0   38.198  125.854    579.2    928.5
     1     1    21     4     6     4     0     0    -5.0   38.359  125.579    595.5    926.7
     1     1    21     4     6     3     0     0    -6.0   38.511  125.309    608.2    925.5
     1     1    21     4     6     2     0     0    -7.0   38.652  125.042    616.3    924.8
     1     1    21     4     6     1     0     0    -8.0   38.782  124.783    618.7    924.8
     1     1    21     4     6     0     0     0    -9.0   38.900  124.532    615.0    925.8
     1     1    21     4     5    23     0     0   -10.0   39.006  124.287    605.8    927.5
     1     1    21     4     5    22     0     0   -11.0   39.099  124.041    591.9    929.9
     1     1    21     4     5    21     0     0   -12.0   39.179  123.791    574.1    933.0
     1     1    21     4     5    20     0     0   -13.0   39.245  123.537    552.8    936.8
     1     1    21     4     5    19     0     0   -14.0   39.296  123.277    528.8    941.2
     1     1    21     4     5    18     0     0   -15.0   39.332  123.009    502.7    946.1
     1     1    21     4     5    17     0     0   -16.0   39.348  122.742    476.7    951.7
     1     1    21     4     5    16     0     0   -17.0   39.343  122.484    452.2    956.9
     1     1    21     4     5    15     0     0   -18.0   39.316  122.235    430.2    959.5
     1     1    21     4     5    14     0     0   -19.0   39.268  121.996    411.8    961.7
     1     1    21     4     5    13     0     0   -20.0   39.200  121.767    396.8    963.6
     1     1    21     4     5    12     0     0   -21.0   39.111  121.548    385.3    965.3
     1     1    21     4     5    11     0     0   -22.0   39.008  121.340    376.8    966.9
     1     1    21     4     5    10     0     0   -23.0   38.898  121.147    370.4    968.4
     1     1    21     4     5     9     0     0   -24.0   38.782  120.970    365.3    969.9
     1     1    21     4     5     8     0     0   -25.0   38.658  120.810    361.0    971.5
     1     1    21     4     5     7     0     0   -26.0   38.529  120.670    356.7    973.1
     1     1    21     4     5     6     0     0   -27.0   38.395  120.550    352.0    975.0
     1     1    21     4     5     5     0     0   -28.0   38.272  120.447    347.0    977.0
     1     1    21     4     5     4     0     0   -29.0   38.177  120.350    342.2    978.7
     1     1    21     4     5     3     0     0   -30.0   38.109  120.260    337.3    980.3
     1     1    21     4     5     2     0     0   -31.0   38.068  120.173    332.4    981.6
     1     1    21     4     5     1     0     0   -32.0   38.054  120.087    327.6    982.8
     1     1    21     4     5     0     0     0   -33.0   38.065  120.001    322.9    983.8
     1     1    21     4     4    23     0     0   -34.0   38.097  119.907    319.8    983.2
     1     1    21     4     4    22     0     0   -35.0   38.144  119.800    320.0    981.9
     1     1    21     4     4    21     0     0   -36.0   38.204  119.677    323.8    980.0
     1     1    21     4     4    20     0     0   -37.0   38.275  119.539    331.4    977.4
     1     1    21     4     4    19     0     0   -38.0   38.355  119.383    343.2    974.1
     1     1    21     4     4    18     0     0   -39.0   38.442  119.211    359.7    970.1
     1     1    21     4     4    17     0     0   -40.0   38.529  119.029    380.4    965.6
     1     1    21     4     4    16     0     0   -41.0   38.607  118.847    404.0    960.4
     1     1    21     4     4    15     0     0   -42.0   38.682  118.666    430.5    954.6
     1     1    21     4     4    14     0     0   -43.0   38.755  118.488    459.8    948.5
     1     1    21     4     4    13     0     0   -44.0   38.830  118.313    491.7    942.0
     1     1    21     4     4    12     0     0   -45.0   38.909  118.140    526.1    935.3
     1     1    21     4     4    11     0     0   -46.0   38.996  117.981    561.4    928.5
     1     1    21     4     4    10     0     0   -47.0   39.091  117.843    596.0    922.0
     1     1    21     4     4     9     0     0   -48.0   39.193  117.728    630.1    915.6
     1     1    21     4     4     8     0     0   -49.0   39.301  117.635    663.6    908.7
     1     1    21     4     4     7     0     0   -50.0   39.414  117.562    697.0    902.0
     1     1    21     4     4     6     0     0   -51.0   39.531  117.509    730.4    895.5
     1     1    21     4     4     5     0     0   -52.0   39.666  117.471    765.5    888.5
     1     1    21     4     4     4     0     0   -53.0   39.838  117.441    804.2    880.3
     1     1    21     4     4     3     0     0   -54.0   40.048  117.416    846.4    870.7
     1     1    21     4     4     2     0     0   -55.0   40.298  117.389    890.9    858.3
     1     1    21     4     4     1     0     0   -56.0   40.589  117.350    938.6    844.1
     1     1    21     4     4     0     0     0   -57.0   40.916  117.291    990.5    828.1
     1     1    21     4     3    23     0     0   -58.0   41.252  117.203   1045.4    811.2
     1     1    21     4     3    22     0     0   -59.0   41.574  117.077   1100.2    794.9
     1     1    21     4     3    21     0     0   -60.0   41.880  116.910   1153.9    779.3
     1     1    21     4     3    20     0     0   -61.0   42.170  116.695   1205.6    764.6
     1     1    21     4     3    19     0     0   -62.0   42.445  116.428   1254.8    750.6
     1     1    21     4     3    18     0     0   -63.0   42.702  116.111   1303.0    743.2
     1     1    21     4     3    17     0     0   -64.0   42.939  115.769   1348.1    738.4
     1     1    21     4     3    16     0     0   -65.0   43.152  115.429   1392.8    734.0
     1     1    21     4     3    15     0     0   -66.0   43.342  115.095   1436.6    730.3
     1     1    21     4     3    14     0     0   -67.0   43.506  114.775   1480.8    729.0
     1     1    21     4     3    13     0     0   -68.0   43.644  114.475   1523.9    728.5
     1     1    21     4     3    12     0     0   -69.0   43.757  114.198   1565.1    727.8
     1     1    21     4     3    11     0     0   -70.0   43.862  113.939   1605.2    727.0
     1     1    21     4     3    10     0     0   -71.0   43.974  113.690   1645.4    726.1
     1     1    21     4     3     9     0     0   -72.0   44.093  113.449   1685.2    725.0
     1     1    21     4     3     8     0     0   -73.0   44.215  113.214   1724.5    724.0
     1     1    21     4     3     7     0     0   -74.0   44.340  112.983   1763.1    723.1
     1     1    21     4     3     6     0     0   -75.0   44.465  112.755   1800.8    722.4
     1     1    21     4     3     5     0     0   -76.0   44.591  112.534   1834.3    721.3
     1     1    21     4     3     4     0     0   -77.0   44.723  112.325   1864.7    719.4
     1     1    21     4     3     3     0     0   -78.0   44.865  112.126   1891.3    717.5
     1     1    21     4     3     2     0     0   -79.0   45.018  111.936   1913.8    715.6
     1     1    21     4     3     1     0     0   -80.0   45.183  111.750   1930.8    712.0
     1     1    21     4     3     0     0     0   -81.0   45.361  111.568   1944.0    708.4
     1     1    21     4     2    23     0     0   -82.0   45.544  111.361   1958.3    705.0
     1     1    21     4     2    22     0     0   -83.0   45.721  111.104   1978.9    700.0
     1     1    21     4     2    21     0     0   -84.0   45.890  110.796   2003.4    694.2
     1     1    21     4     2    20     0     0   -85.0   46.047  110.440   2029.8    687.6
     1     1    21     4     2    19     0     0   -86.0   46.187  110.040   2056.2    680.7
     1     1    21     4     2    18     0     0   -87.0   46.304  109.604   2082.2    675.3
     1     1    21     4     2    17     0     0   -88.0   46.403  109.163   2107.1    670.5
     1     1    21     4     2    16     0     0   -89.0   46.488  108.741   2133.5    665.9
     1     1    21     4     2    15     0     0   -90.0   46.560  108.336   2161.5    661.6
     1     1    21     4     2    14     0     0   -91.0   46.621  107.947   2191.5    657.4
     1     1    21     4     2    13     0     0   -92.0   46.671  107.574   2224.0    653.3
     1     1    21     4     2    12     0     0   -93.0   46.715  107.214   2259.7    649.6
     1     1    21     4     2    11     0     0   -94.0   46.757  106.855   2297.1    645.9
     1     1    21     4     2    10     0     0   -95.0   46.800  106.484   2334.4    642.4
     1     1    21     4     2     9     0     0   -96.0   46.844  106.104   2370.9    639.1
