     2     1
    CDC1    21     3     1     0     0
    CDC1    21     4     1     0     0
     1 BACKWARD OMEGA   
  2021     4    28     6   37.500  127.000   500.0
     1 PRESSURE
     1     1    21     4    28     6     0     0     0.0   37.500  127.000    500.0    937.8
     1     1    21     4    28     5     0     0    -1.0   37.467  126.803    495.6    939.5
     1     1    21     4    28     4     0     0    -2.0   37.449  126.609    487.0    941.9
     1     1    21     4    28     3     0     0    -3.0   37.448  126.419    473.8    944.8
     1     1    21     4    28     2     0     0    -4.0   37.461  126.235    455.9    948.1
     1     1    21     4    28     1     0     0    -5.0   37.488  126.057    432.8    952.1
     1     1    21     4    28     0     0     0    -6.0   37.528  125.889    404.1    956.4
     1     1    21     4    27    23     0     0    -7.0   37.565  125.711    373.7    960.7
     1     1    21     4    27    22     0     0    -8.0   37.587  125.507    345.4    964.3
     1     1    21     4    27    21     0     0    -9.0   37.594  125.277    319.2    968.2
     1     1    21     4    27    20     0     0   -10.0   37.591  125.022    295.3    972.3
     1     1    21     4    27    19     0     0   -11.0   37.576  124.745    275.5    975.7
     1     1    21     4    27    18     0     0   -12.0   37.551  124.444    261.8    978.5
     1     1    21     4    27    17     0     0   -13.0   37.515  124.140    252.3    980.7
     1     1    21     4    27    16     0     0   -14.0   37.466  123.853    244.6    982.6
     1     1    21     4    27    15     0     0   -15.0   37.408  123.583    239.3    983.8
     1     1    21     4    27    14     0     0   -16.0   37.340  123.329    236.5    984.7
     1     1    21     4    27    13     0     0   -17.0   37.265  123.090    236.3    985.0
     1     1    21     4    27    12     0     0   -18.0   37.184  122.867    238.8    984.9
     1     1    21     4    27    11     0     0   -19.0   37.099  122.657    241.9    984.5
     1     1    21     4    27    10     0     0   -20.0   37.010  122.458    243.2    984.5
     1     1    21     4    27     9     0     0   -21.0   36.919  122.269    243.3    984.4
     1     1    21     4    27     8     0     0   -22.0   36.825  122.086    242.7    984.2
     1     1    21     4    27     7     0     0   -23.0   36.730  121.910    241.6    984.1
     1     1    21     4    27     6     0     0   -24.0   36.634  121.739    240.3    983.9
     1     1    21     4    27     5     0     0   -25.0   36.538  121.578    239.5    983.9
     1     1    21     4    27     4     0     0   -26.0   36.443  121.431    239.8    983.6
     1     1    21     4    27     3     0     0   -27.0   36.350  121.297    241.0    983.2
     1     1    21     4    27     2     0     0   -28.0   36.256  121.174    243.1    982.6
     1     1    21     4    27     1     0     0   -29.0   36.163  121.061    245.9    981.9
     1     1    21     4    27     0     0     0   -30.0   36.070  120.954    249.4    981.0
     1     1    21     4    26    23     0     0   -31.0   35.968  120.854    252.1    980.4
     1     1    21     4    26    22     0     0   -32.0   35.847  120.763    252.0    980.3
     1     1    21     4    26    21     0     0   -33.0   35.707  120.682    248.9    980.4
     1     1    21     4    26    20     0     0   -34.0   35.545  120.614    242.3    981.0
     1     1    21     4    26    19     0     0   -35.0   35.362  120.565    231.9    982.0
     1     1    21     4    26    18     0     0   -36.0   35.155  120.536    217.2    983.5
     1     1    21     4    26    17     0     0   -37.0   34.939  120.540    200.1    985.7
     1     1    21     4    26    16     0     0   -38.0   34.728  120.581    183.7    987.8
     1     1    21     4    26    15     0     0   -39.0   34.524  120.655    168.2    989.9
     1     1    21     4    26    14     0     0   -40.0   34.329  120.761    153.8    992.1
     1     1    21     4    26    13     0     0   -41.0   34.144  120.898    140.6    994.3
     1     1    21     4    26    12     0     0   -42.0   33.971  121.064    128.5    996.7
     1     1    21     4    26    11     0     0   -43.0   33.807  121.242    117.5    999.3
     1     1    21     4    26    10     0     0   -44.0   33.650  121.413    107.3   1002.0
     1     1    21     4    26     9     0     0   -45.0   33.497  121.577     97.8   1004.7
     1     1    21     4    26     8     0     0   -46.0   33.347  121.737     89.0   1007.3
     1     1    21     4    26     7     0     0   -47.0   33.200  121.893     80.9   1010.0
     1     1    21     4    26     6     0     0   -48.0   33.054  122.045     73.5   1012.4
     1     1    21     4    26     5     0     0   -49.0   32.914  122.197     66.6   1014.4
     1     1    21     4    26     4     0     0   -50.0   32.784  122.356     60.0   1016.4
     1     1    21     4    26     3     0     0   -51.0   32.665  122.520     53.9   1018.3
     1     1    21     4    26     2     0     0   -52.0   32.564  122.692     48.2   1018.9
     1     1    21     4    26     1     0     0   -53.0   32.484  122.871     42.8   1019.2
     1     1    21     4    26     0     0     0   -54.0   32.426  123.055     37.7   1019.1
     1     1    21     4    25    23     0     0   -55.0   32.390  123.238     33.4   1019.4
     1     1    21     4    25    22     0     0   -56.0   32.375  123.417     30.2   1019.5
     1     1    21     4    25    21     0     0   -57.0   32.377  123.595     28.0   1019.6
     1     1    21     4    25    20     0     0   -58.0   32.394  123.771     26.6   1019.7
     1     1    21     4    25    19     0     0   -59.0   32.422  123.947     25.9   1019.7
     1     1    21     4    25    18     0     0   -60.0   32.460  124.124     26.0   1019.6
     1     1    21     4    25    17     0     0   -61.0   32.502  124.308     26.2   1019.0
     1     1    21     4    25    16     0     0   -62.0   32.547  124.500     26.1   1018.2
     1     1    21     4    25    15     0     0   -63.0   32.595  124.696     25.7   1017.5
     1     1    21     4    25    14     0     0   -64.0   32.645  124.892     25.0   1016.8
     1     1    21     4    25    13     0     0   -65.0   32.698  125.086     24.0   1016.2
     1     1    21     4    25    12     0     0   -66.0   32.757  125.276     23.0   1015.5
     1     1    21     4    25    11     0     0   -67.0   32.828  125.457     22.4   1014.9
     1     1    21     4    25    10     0     0   -68.0   32.915  125.626     22.9   1014.0
     1     1    21     4    25     9     0     0   -69.0   33.015  125.784     24.5   1012.9
     1     1    21     4    25     8     0     0   -70.0   33.127  125.935     27.6   1011.5
     1     1    21     4    25     7     0     0   -71.0   33.248  126.080     32.4   1009.9
     1     1    21     4    25     6     0     0   -72.0   33.378  126.223     39.5   1007.9
     1     1    21     4    25     5     0     0   -73.0   33.514  126.359     48.7   1006.1
     1     1    21     4    25     4     0     0   -74.0   33.655  126.484     59.5   1004.3
     1     1    21     4    25     3     0     0   -75.0   33.802  126.598     71.9   1002.5
     1     1    21     4    25     2     0     0   -76.0   33.955  126.703     85.7    999.8
     1     1    21     4    25     1     0     0   -77.0   34.116  126.799    100.5    996.9
     1     1    21     4    25     0     0     0   -78.0   34.287  126.889    116.0    994.0
     1     1    21     4    24    23     0     0   -79.0   34.454  126.971    131.4    990.6
     1     1    21     4    24    22     0     0   -80.0   34.605  127.041    145.3    987.7
     1     1    21     4    24    21     0     0   -81.0   34.739  127.093    157.0    985.1
     1     1    21     4    24    20     0     0   -82.0   34.856  127.126    165.6    983.1
     1     1    21     4    24    19     0     0   -83.0   34.957  127.136    170.8    981.7
     1     1    21     4    24    18     0     0   -84.0   35.042  127.123    172.5    980.9
     1     1    21     4    24    17     0     0   -85.0   35.118  127.103    173.0    981.3
     1     1    21     4    24    16     0     0   -86.0   35.190  127.089    173.7    981.4
     1     1    21     4    24    15     0     0   -87.0   35.259  127.080    174.7    981.4
     1     1    21     4    24    14     0     0   -88.0   35.324  127.074    176.1    981.4
     1     1    21     4    24    13     0     0   -89.0   35.383  127.070    178.0    981.3
     1     1    21     4    24    12     0     0   -90.0   35.435  127.068    180.3    981.1
     1     1    21     4    24    11     0     0   -91.0   35.481  127.071    183.8    980.9
     1     1    21     4    24    10     0     0   -92.0   35.517  127.083    189.1    980.4
     1     1    21     4    24     9     0     0   -93.0   35.546  127.104    196.0    979.8
     1     1    21     4    24     8     0     0   -94.0   35.566  127.135    204.4    978.8
     1     1    21     4    24     7     0     0   -95.0   35.578  127.176    214.0    977.5
     1     1    21     4    24     6     0     0   -96.0   35.581  127.225    224.7    976.0
