     2     1
    CDC1    21     3     1     0     0
    CDC1    21     4     1     0     0
     1 BACKWARD OMEGA   
  2021     4    29    12   37.500  127.000   500.0
     1 PRESSURE
     1     1    21     4    29    12     0     0     0.0   37.500  127.000    500.0    925.5
     1     1    21     4    29    11     0     0    -1.0   37.297  126.930    462.3    931.2
     1     1    21     4    29    10     0     0    -2.0   37.098  126.857    431.5    935.9
     1     1    21     4    29     9     0     0    -3.0   36.905  126.779    407.0    939.9
     1     1    21     4    29     8     0     0    -4.0   36.721  126.697    388.3    943.4
     1     1    21     4    29     7     0     0    -5.0   36.547  126.610    374.8    946.0
     1     1    21     4    29     6     0     0    -6.0   36.383  126.518    366.1    948.1
     1     1    21     4    29     5     0     0    -7.0   36.235  126.430    360.8    949.7
     1     1    21     4    29     4     0     0    -8.0   36.110  126.353    358.1    951.1
     1     1    21     4    29     3     0     0    -9.0   36.010  126.286    358.2    952.1
     1     1    21     4    29     2     0     0   -10.0   35.933  126.229    361.4    952.6
     1     1    21     4    29     1     0     0   -11.0   35.882  126.182    367.9    952.7
     1     1    21     4    29     0     0     0   -12.0   35.857  126.146    377.9    952.3
     1     1    21     4    28    23     0     0   -13.0   35.845  126.108    386.9    951.6
     1     1    21     4    28    22     0     0   -14.0   35.836  126.053    390.4    952.0
     1     1    21     4    28    21     0     0   -15.0   35.827  125.984    388.2    953.2
     1     1    21     4    28    20     0     0   -16.0   35.821  125.900    380.3    955.3
     1     1    21     4    28    19     0     0   -17.0   35.817  125.802    366.5    957.8
     1     1    21     4    28    18     0     0   -18.0   35.815  125.691    346.9    960.9
     1     1    21     4    28    17     0     0   -19.0   35.812  125.575    325.2    964.7
     1     1    21     4    28    16     0     0   -20.0   35.802  125.463    304.6    968.1
     1     1    21     4    28    15     0     0   -21.0   35.787  125.355    285.1    971.4
     1     1    21     4    28    14     0     0   -22.0   35.766  125.252    266.8    974.7
     1     1    21     4    28    13     0     0   -23.0   35.739  125.155    249.7    977.9
     1     1    21     4    28    12     0     0   -24.0   35.705  125.066    233.6    981.0
     1     1    21     4    28    11     0     0   -25.0   35.667  124.988    218.0    983.7
     1     1    21     4    28    10     0     0   -26.0   35.628  124.921    201.9    986.4
     1     1    21     4    28     9     0     0   -27.0   35.588  124.866    185.7    988.5
     1     1    21     4    28     8     0     0   -28.0   35.550  124.822    169.5    990.6
     1     1    21     4    28     7     0     0   -29.0   35.512  124.789    153.4    992.8
     1     1    21     4    28     6     0     0   -30.0   35.477  124.766    137.6    995.0
     1     1    21     4    28     5     0     0   -31.0   35.447  124.746    120.0    997.2
     1     1    21     4    28     4     0     0   -32.0   35.426  124.724     98.9   1000.2
     1     1    21     4    28     3     0     0   -33.0   35.413  124.697     75.4   1004.0
     1     1    21     4    28     2     0     0   -34.0   35.406  124.664     52.7   1006.6
     1     1    21     4    28     1     0     0   -35.0   35.403  124.623     33.9   1009.1
     1     1    21     4    28     0     0     0   -36.0   35.402  124.574     20.5   1011.5
     1     1    21     4    27    23     0     0   -37.0   35.398  124.509     12.5   1012.9
     1     1    21     4    27    22     0     0   -38.0   35.382  124.421      8.0   1012.9
     1     1    21     4    27    21     0     0   -39.0   35.357  124.311      4.9   1013.0
     1     1    21     4    27    20     0     0   -40.0   35.323  124.180      2.5   1013.1
     1     1    21     4    27    19     0     0   -41.0   35.279  124.025      0.6   1013.2
     1     1    21     4    27    18     0     0   -42.0   35.225  123.847      0.0   1013.4
     1     1    21     4    27    17     0     0   -43.0   35.160  123.666      0.0   1013.1
     1     1    21     4    27    16     0     0   -44.0   35.080  123.503      0.0   1012.9
     1     1    21     4    27    15     0     0   -45.0   34.989  123.361      0.0   1012.6
     1     1    21     4    27    14     0     0   -46.0   34.889  123.241      0.0   1012.6
     1     1    21     4    27    13     0     0   -47.0   34.782  123.143      0.0   1012.6
     1     1    21     4    27    12     0     0   -48.0   34.670  123.067      0.0   1012.7
     1     1    21     4    27    11     0     0   -49.0   34.551  122.999      0.0   1013.1
     1     1    21     4    27    10     0     0   -50.0   34.424  122.928      0.0   1013.6
     1     1    21     4    27     9     0     0   -51.0   34.288  122.853      0.0   1014.2
     1     1    21     4    27     8     0     0   -52.0   34.144  122.777      0.0   1014.8
     1     1    21     4    27     7     0     0   -53.0   33.993  122.701      0.0   1015.6
     1     1    21     4    27     6     0     0   -54.0   33.835  122.626      0.0   1016.4
     1     1    21     4    27     5     0     0   -55.0   33.675  122.565      0.0   1017.4
     1     1    21     4    27     4     0     0   -56.0   33.518  122.532      0.0   1018.1
     1     1    21     4    27     3     0     0   -57.0   33.365  122.525      0.0   1018.8
     1     1    21     4    27     2     0     0   -58.0   33.215  122.542      0.0   1019.3
     1     1    21     4    27     1     0     0   -59.0   33.069  122.582      0.0   1019.7
     1     1    21     4    27     0     0     0   -60.0   32.927  122.642      0.0   1020.0
     1     1    21     4    26    23     0     0   -61.0   32.785  122.720      0.1   1020.8
     1     1    21     4    26    22     0     0   -62.0   32.640  122.812      0.0   1021.5
     1     1    21     4    26    21     0     0   -63.0   32.493  122.921      0.0   1022.1
     1     1    21     4    26    20     0     0   -64.0   32.341  123.043      0.0   1021.7
     1     1    21     4    26    19     0     0   -65.0   32.183  123.174      0.0   1021.2
     1     1    21     4    26    18     0     0   -66.0   32.020  123.317      0.0   1020.6
     1     1    21     4    26    17     0     0   -67.0   31.864  123.476      0.1   1019.8
     1     1    21     4    26    16     0     0   -68.0   31.726  123.657      0.3   1019.1
     1     1    21     4    26    15     0     0   -69.0   31.609  123.858      0.5   1018.6
     1     1    21     4    26    14     0     0   -70.0   31.514  124.079      0.8   1018.1
     1     1    21     4    26    13     0     0   -71.0   31.443  124.321      1.2   1017.8
     1     1    21     4    26    12     0     0   -72.0   31.397  124.582      1.5   1017.6
     1     1    21     4    26    11     0     0   -73.0   31.372  124.852      1.8   1017.3
     1     1    21     4    26    10     0     0   -74.0   31.361  125.122      2.0   1017.2
     1     1    21     4    26     9     0     0   -75.0   31.363  125.392      2.1   1017.1
     1     1    21     4    26     8     0     0   -76.0   31.376  125.662      2.1   1016.9
     1     1    21     4    26     7     0     0   -77.0   31.403  125.937      2.2   1016.7
     1     1    21     4    26     6     0     0   -78.0   31.442  126.221      2.3   1016.3
     1     1    21     4    26     5     0     0   -79.0   31.497  126.513      2.4   1016.2
     1     1    21     4    26     4     0     0   -80.0   31.566  126.812      2.6   1016.1
     1     1    21     4    26     3     0     0   -81.0   31.648  127.119      2.9   1016.0
     1     1    21     4    26     2     0     0   -82.0   31.741  127.436      3.2   1015.8
     1     1    21     4    26     1     0     0   -83.0   31.841  127.759      3.7   1015.0
     1     1    21     4    26     0     0     0   -84.0   31.943  128.077      4.5   1014.0
     1     1    21     4    25    23     0     0   -85.0   32.059  128.394      5.9   1012.5
     1     1    21     4    25    22     0     0   -86.0   32.202  128.715      8.0   1010.8
     1     1    21     4    25    21     0     0   -87.0   32.379  129.041     11.3   1008.8
     1     1    21     4    25    20     0     0   -88.0   32.595  129.367     17.3   1005.8
     1     1    21     4    25    19     0     0   -89.0   32.842  129.674     28.3   1002.2
     1     1    21     4    25    18     0     0   -90.0   33.109  129.951     45.8    998.4
     1     1    21     4    25    17     0     0   -91.0   33.367  130.191     67.4    994.9
     1     1    21     4    25    16     0     0   -92.0   33.601  130.404     88.7    991.3
     1     1    21     4    25    15     0     0   -93.0   33.818  130.604    108.2    988.1
     1     1    21     4    25    14     0     0   -94.0   34.018  130.796    125.9    985.6
     1     1    21     4    25    13     0     0   -95.0   34.201  130.982    141.9    983.6
     1     1    21     4    25    12     0     0   -96.0   34.366  131.165    155.7    982.0
