     2     1
    CDC1    20    12     1     0     0
    CDC1    21     1     1     0     0
     1 BACKWARD OMEGA   
  2021     1     1    15   37.500  127.000   500.0
     1 PRESSURE
     1     1    21     1     1    15     0     0     0.0   37.500  127.000    500.0    942.3
     1     1    21     1     1    14     0     0    -1.0   37.608  126.753    508.3    940.8
     1     1    21     1     1    13     0     0    -2.0   37.689  126.515    513.6    940.2
     1     1    21     1     1    12     0     0    -3.0   37.744  126.285    515.6    940.4
     1     1    21     1     1    11     0     0    -4.0   37.783  126.058    515.8    941.4
     1     1    21     1     1    10     0     0    -5.0   37.815  125.831    515.9    942.4
     1     1    21     1     1     9     0     0    -6.0   37.838  125.605    515.7    943.5
     1     1    21     1     1     8     0     0    -7.0   37.852  125.379    514.6    944.9
     1     1    21     1     1     7     0     0    -8.0   37.854  125.154    512.4    946.6
     1     1    21     1     1     6     0     0    -9.0   37.844  124.929    508.8    948.4
     1     1    21     1     1     5     0     0   -10.0   37.833  124.711    503.4    950.3
     1     1    21     1     1     4     0     0   -11.0   37.834  124.509    495.5    952.2
     1     1    21     1     1     3     0     0   -12.0   37.846  124.320    485.4    954.3
     1     1    21     1     1     2     0     0   -13.0   37.868  124.146    472.8    956.5
     1     1    21     1     1     1     0     0   -14.0   37.900  123.985    457.8    958.9
     1     1    21     1     1     0     0     0   -15.0   37.940  123.838    440.4    961.6
     1     1    20    12    31    23     0     0   -16.0   37.990  123.685    421.5    964.6
     1     1    20    12    31    22     0     0   -17.0   38.052  123.508    402.2    967.6
     1     1    20    12    31    21     0     0   -18.0   38.125  123.309    382.6    970.8
     1     1    20    12    31    20     0     0   -19.0   38.207  123.087    363.0    973.6
     1     1    20    12    31    19     0     0   -20.0   38.299  122.841    343.8    976.7
     1     1    20    12    31    18     0     0   -21.0   38.399  122.573    325.3    980.0
     1     1    20    12    31    17     0     0   -22.0   38.501  122.299    308.8    981.9
     1     1    20    12    31    16     0     0   -23.0   38.598  122.036    295.4    983.0
     1     1    20    12    31    15     0     0   -24.0   38.689  121.783    285.3    983.6
     1     1    20    12    31    14     0     0   -25.0   38.776  121.539    278.3    983.9
     1     1    20    12    31    13     0     0   -26.0   38.857  121.302    274.2    983.8
     1     1    20    12    31    12     0     0   -27.0   38.933  121.070    272.6    983.3
     1     1    20    12    31    11     0     0   -28.0   39.015  120.839    275.8    982.5
     1     1    20    12    31    10     0     0   -29.0   39.116  120.602    286.4    980.3
     1     1    20    12    31     9     0     0   -30.0   39.240  120.359    305.5    976.9
     1     1    20    12    31     8     0     0   -31.0   39.390  120.110    334.4    972.2
     1     1    20    12    31     7     0     0   -32.0   39.570  119.853    374.4    964.2
     1     1    20    12    31     6     0     0   -33.0   39.782  119.585    427.7    951.7
     1     1    20    12    31     5     0     0   -34.0   40.018  119.305    489.6    936.2
     1     1    20    12    31     4     0     0   -35.0   40.269  119.000    551.1    917.3
     1     1    20    12    31     3     0     0   -36.0   40.541  118.656    611.0    897.4
     1     1    20    12    31     2     0     0   -37.0   40.841  118.267    669.1    874.6
     1     1    20    12    31     1     0     0   -38.0   41.177  117.827    725.6    849.4
     1     1    20    12    31     0     0     0   -39.0   41.553  117.339    781.6    822.4
     1     1    20    12    30    23     0     0   -40.0   41.957  116.808    839.3    797.6
     1     1    20    12    30    22     0     0   -41.0   42.375  116.238    897.7    774.4
     1     1    20    12    30    21     0     0   -42.0   42.802  115.640    957.4    762.3
     1     1    20    12    30    20     0     0   -43.0   43.236  115.024   1013.3    757.1
     1     1    20    12    30    19     0     0   -44.0   43.662  114.393   1062.6    761.0
     1     1    20    12    30    18     0     0   -45.0   44.067  113.743   1099.3    766.3
     1     1    20    12    30    17     0     0   -46.0   44.445  113.084   1124.2    772.2
     1     1    20    12    30    16     0     0   -47.0   44.792  112.429   1138.9    777.8
     1     1    20    12    30    15     0     0   -48.0   45.114  111.793   1141.6    777.1
     1     1    20    12    30    14     0     0   -49.0   45.418  111.194   1136.5    772.9
     1     1    20    12    30    13     0     0   -50.0   45.713  110.638   1127.7    767.9
     1     1    20    12    30    12     0     0   -51.0   46.004  110.126   1116.1    762.3
     1     1    20    12    30    11     0     0   -52.0   46.288  109.639   1104.5    757.3
     1     1    20    12    30    10     0     0   -53.0   46.558  109.160   1095.1    753.4
     1     1    20    12    30     9     0     0   -54.0   46.815  108.688   1088.3    750.2
     1     1    20    12    30     8     0     0   -55.0   47.063  108.222   1084.2    747.8
     1     1    20    12    30     7     0     0   -56.0   47.304  107.762   1083.1    745.9
     1     1    20    12    30     6     0     0   -57.0   47.544  107.310   1086.1    745.8
     1     1    20    12    30     5     0     0   -58.0   47.773  106.888   1095.1    749.1
     1     1    20    12    30     4     0     0   -59.0   47.986  106.514   1109.8    751.3
     1     1    20    12    30     3     0     0   -60.0   48.182  106.183   1128.6    752.9
     1     1    20    12    30     2     0     0   -61.0   48.362  105.891   1150.6    753.8
     1     1    20    12    30     1     0     0   -62.0   48.525  105.633   1175.1    754.2
     1     1    20    12    30     0     0     0   -63.0   48.671  105.405   1201.6    754.2
     1     1    20    12    29    23     0     0   -64.0   48.813  105.202   1229.8    753.7
     1     1    20    12    29    22     0     0   -65.0   48.961  105.017   1259.9    752.8
     1     1    20    12    29    21     0     0   -66.0   49.120  104.849   1289.8    748.9
     1     1    20    12    29    20     0     0   -67.0   49.291  104.698   1320.3    745.0
     1     1    20    12    29    19     0     0   -68.0   49.475  104.566   1350.9    741.5
     1     1    20    12    29    18     0     0   -69.0   49.670  104.453   1380.7    738.6
     1     1    20    12    29    17     0     0   -70.0   49.866  104.362   1409.2    735.9
     1     1    20    12    29    16     0     0   -71.0   50.053  104.298   1437.3    734.1
     1     1    20    12    29    15     0     0   -72.0   50.231  104.260   1466.5    733.7
     1     1    20    12    29    14     0     0   -73.0   50.400  104.250   1497.1    733.6
     1     1    20    12    29    13     0     0   -74.0   50.563  104.267   1529.6    733.7
     1     1    20    12    29    12     0     0   -75.0   50.721  104.311   1564.9    734.0
     1     1    20    12    29    11     0     0   -76.0   50.886  104.364   1601.6    734.5
     1     1    20    12    29    10     0     0   -77.0   51.067  104.410   1635.3    735.6
     1     1    20    12    29     9     0     0   -78.0   51.263  104.451   1666.5    737.0
     1     1    20    12    29     8     0     0   -79.0   51.472  104.487   1694.8    738.7
     1     1    20    12    29     7     0     0   -80.0   51.691  104.519   1719.5    741.0
     1     1    20    12    29     6     0     0   -81.0   51.921  104.549   1740.2    743.8
     1     1    20    12    29     5     0     0   -82.0   52.152  104.584   1755.7    746.7
     1     1    20    12    29     4     0     0   -83.0   52.377  104.627   1767.6    750.2
     1     1    20    12    29     3     0     0   -84.0   52.598  104.679   1774.8    753.7
     1     1    20    12    29     2     0     0   -85.0   52.816  104.743   1778.2    756.5
     1     1    20    12    29     1     0     0   -86.0   53.032  104.821   1779.1    759.6
     1     1    20    12    29     0     0     0   -87.0   53.248  104.909   1777.2    762.8
     1     1    20    12    28    23     0     0   -88.0   53.466  105.009   1774.5    766.1
     1     1    20    12    28    22     0     0   -89.0   53.692  105.127   1772.2    766.9
     1     1    20    12    28    21     0     0   -90.0   53.927  105.266   1771.6    767.0
     1     1    20    12    28    20     0     0   -91.0   54.171  105.431   1772.6    766.5
     1     1    20    12    28    19     0     0   -92.0   54.425  105.624   1775.1    765.2
     1     1    20    12    28    18     0     0   -93.0   54.689  105.851   1778.8    763.0
     1     1    20    12    28    17     0     0   -94.0   54.963  106.098   1783.6    759.8
     1     1    20    12    28    16     0     0   -95.0   55.245  106.346   1789.1    755.6
     1     1    20    12    28    15     0     0   -96.0   55.534  106.587   1795.0    751.8
