     2     1
    CDC1    21     1     1     0     0
    CDC1    21     2     1     0     0
     1 BACKWARD OMEGA   
  2021     2    24    12   37.500  127.000   500.0
     1 PRESSURE
     1     1    21     2    24    12     0     0     0.0   37.500  127.000    500.0    942.4
     1     1    21     2    24    11     0     0    -1.0   37.453  127.013    506.1    942.2
     1     1    21     2    24    10     0     0    -2.0   37.420  127.043    516.0    941.2
     1     1    21     2    24     9     0     0    -3.0   37.399  127.087    529.8    939.6
     1     1    21     2    24     8     0     0    -4.0   37.392  127.147    547.6    937.5
     1     1    21     2    24     7     0     0    -5.0   37.401  127.221    569.6    934.8
     1     1    21     2    24     6     0     0    -6.0   37.425  127.308    596.2    931.6
     1     1    21     2    24     5     0     0    -7.0   37.462  127.404    623.6    927.8
     1     1    21     2    24     4     0     0    -8.0   37.512  127.501    647.7    924.1
     1     1    21     2    24     3     0     0    -9.0   37.574  127.591    668.1    920.9
     1     1    21     2    24     2     0     0   -10.0   37.648  127.676    684.7    918.1
     1     1    21     2    24     1     0     0   -11.0   37.734  127.755    697.4    915.6
     1     1    21     2    24     0     0     0   -12.0   37.832  127.830    706.3    913.4
     1     1    21     2    23    23     0     0   -13.0   37.941  127.892    717.0    910.9
     1     1    21     2    23    22     0     0   -14.0   38.060  127.927    735.4    906.7
     1     1    21     2    23    21     0     0   -15.0   38.191  127.931    761.3    901.3
     1     1    21     2    23    20     0     0   -16.0   38.336  127.902    794.9    894.7
     1     1    21     2    23    19     0     0   -17.0   38.496  127.836    836.4    886.8
     1     1    21     2    23    18     0     0   -18.0   38.673  127.731    886.0    877.7
     1     1    21     2    23    17     0     0   -19.0   38.867  127.592    942.7    867.1
     1     1    21     2    23    16     0     0   -20.0   39.072  127.422   1006.2    856.2
     1     1    21     2    23    15     0     0   -21.0   39.291  127.221   1077.0    846.3
     1     1    21     2    23    14     0     0   -22.0   39.522  126.988   1155.1    836.1
     1     1    21     2    23    13     0     0   -23.0   39.767  126.723   1241.3    825.6
     1     1    21     2    23    12     0     0   -24.0   40.026  126.424   1336.5    814.4
     1     1    21     2    23    11     0     0   -25.0   40.308  126.089   1437.4    804.2
     1     1    21     2    23    10     0     0   -26.0   40.618  125.720   1538.2    795.4
     1     1    21     2    23     9     0     0   -27.0   40.954  125.324   1638.8    787.4
     1     1    21     2    23     8     0     0   -28.0   41.313  124.902   1739.0    779.9
     1     1    21     2    23     7     0     0   -29.0   41.690  124.454   1836.6    772.1
     1     1    21     2    23     6     0     0   -30.0   42.079  123.980   1930.3    764.9
     1     1    21     2    23     5     0     0   -31.0   42.474  123.486   2019.8    757.9
     1     1    21     2    23     4     0     0   -32.0   42.868  122.976   2106.9    753.9
     1     1    21     2    23     3     0     0   -33.0   43.260  122.456   2184.9    748.8
     1     1    21     2    23     2     0     0   -34.0   43.655  121.921   2245.9    733.7
     1     1    21     2    23     1     0     0   -35.0   44.058  121.373   2299.0    718.2
     1     1    21     2    23     0     0     0   -36.0   44.478  120.824   2344.1    702.6
     1     1    21     2    22    23     0     0   -37.0   44.915  120.274   2385.4    686.9
     1     1    21     2    22    22     0     0   -38.0   45.362  119.698   2427.0    671.8
     1     1    21     2    22    21     0     0   -39.0   45.811  119.083   2468.7    660.7
     1     1    21     2    22    20     0     0   -40.0   46.260  118.437   2507.6    653.1
     1     1    21     2    22    19     0     0   -41.0   46.712  117.769   2542.9    649.1
     1     1    21     2    22    18     0     0   -42.0   47.165  117.096   2577.0    650.1
     1     1    21     2    22    17     0     0   -43.0   47.612  116.439   2609.6    652.3
     1     1    21     2    22    16     0     0   -44.0   48.054  115.795   2642.1    651.7
     1     1    21     2    22    15     0     0   -45.0   48.494  115.151   2681.2    649.9
     1     1    21     2    22    14     0     0   -46.0   48.936  114.500   2721.9    640.9
     1     1    21     2    22    13     0     0   -47.0   49.382  113.835   2770.4    628.1
     1     1    21     2    22    12     0     0   -48.0   49.839  113.157   2826.4    613.7
     1     1    21     2    22    11     0     0   -49.0   50.302  112.475   2881.4    598.8
     1     1    21     2    22    10     0     0   -50.0   50.755  111.800   2938.3    591.0
     1     1    21     2    22     9     0     0   -51.0   51.197  111.137   2989.4    586.1
     1     1    21     2    22     8     0     0   -52.0   51.635  110.484   3037.3    583.8
     1     1    21     2    22     7     0     0   -53.0   52.075  109.841   3088.8    585.2
     1     1    21     2    22     6     0     0   -54.0   52.514  109.215   3152.7    592.3
     1     1    21     2    22     5     0     0   -55.0   52.935  108.579   3209.8    593.6
     1     1    21     2    22     4     0     0   -56.0   53.326  107.902   3269.0    595.4
     1     1    21     2    22     3     0     0   -57.0   53.696  107.193   3323.7    595.9
     1     1    21     2    22     2     0     0   -58.0   54.048  106.458   3371.6    595.7
     1     1    21     2    22     1     0     0   -59.0   54.390  105.702   3417.1    597.9
     1     1    21     2    22     0     0     0   -60.0   54.730  104.930   3460.4    601.4
     1     1    21     2    21    23     0     0   -61.0   55.051  104.131   3492.5    599.9
     1     1    21     2    21    22     0     0   -62.0   55.332  103.292   3521.9    597.4
     1     1    21     2    21    21     0     0   -63.0   55.575  102.423   3554.0    595.4
     1     1    21     2    21    20     0     0   -64.0   55.780  101.531   3581.7    590.3
     1     1    21     2    21    19     0     0   -65.0   55.949  100.623   3612.8    586.4
     1     1    21     2    21    18     0     0   -66.0   56.089   99.709   3647.2    583.4
     1     1    21     2    21    17     0     0   -67.0   56.208   98.783   3681.6    580.9
     1     1    21     2    21    16     0     0   -68.0   56.313   97.838   3707.9    579.5
     1     1    21     2    21    15     0     0   -69.0   56.405   96.873   3727.3    579.5
     1     1    21     2    21    14     0     0   -70.0   56.482   95.891   3736.5    580.4
     1     1    21     2    21    13     0     0   -71.0   56.547   94.892   3734.5    582.0
     1     1    21     2    21    12     0     0   -72.0   56.596   93.879   3723.7    585.1
     1     1    21     2    21    11     0     0   -73.0   56.603   92.864   3706.6    588.6
     1     1    21     2    21    10     0     0   -74.0   56.556   91.861   3690.7    592.2
     1     1    21     2    21     9     0     0   -75.0   56.456   90.882   3676.5    596.1
     1     1    21     2    21     8     0     0   -76.0   56.310   89.931   3662.3    600.0
     1     1    21     2    21     7     0     0   -77.0   56.125   89.017   3646.0    604.1
     1     1    21     2    21     6     0     0   -78.0   55.905   88.144   3623.8    608.6
     1     1    21     2    21     5     0     0   -79.0   55.670   87.289   3594.3    613.1
     1     1    21     2    21     4     0     0   -80.0   55.433   86.425   3556.9    616.3
     1     1    21     2    21     3     0     0   -81.0   55.193   85.550   3515.5    619.9
     1     1    21     2    21     2     0     0   -82.0   54.951   84.666   3468.5    622.9
     1     1    21     2    21     1     0     0   -83.0   54.705   83.780   3417.5    625.9
     1     1    21     2    21     0     0     0   -84.0   54.451   82.901   3366.6    631.7
     1     1    21     2    20    23     0     0   -85.0   54.190   82.030   3317.3    639.8
     1     1    21     2    20    22     0     0   -86.0   53.924   81.158   3274.6    647.5
     1     1    21     2    20    21     0     0   -87.0   53.653   80.283   3235.0    656.0
     1     1    21     2    20    20     0     0   -88.0   53.379   79.408   3193.2    663.5
     1     1    21     2    20    19     0     0   -89.0   53.099   78.532   3145.9    669.4
     1     1    21     2    20    18     0     0   -90.0   52.807   77.656   3090.8    674.9
     1     1    21     2    20    17     0     0   -91.0   52.510   76.764   3027.0    678.4
     1     1    21     2    20    16     0     0   -92.0   52.217   75.843   2953.0    676.3
     1     1    21     2    20    15     0     0   -93.0   51.924   74.901   2880.2    674.7
     1     1    21     2    20    14     0     0   -94.0   51.635   73.945   2811.6    675.8
     1     1    21     2    20    13     0     0   -95.0   51.349   72.980   2744.2    678.2
     1     1    21     2    20    12     0     0   -96.0   51.062   72.013   2676.8    683.4
