     2     1
    CDC1    21     8     1     0     0
    CDC1    21     9     1     0     0
     1 BACKWARD OMEGA   
  2021     9     9     3   37.500  127.000   500.0
     1 PRESSURE
     1     1    21     9     9     3     0     0     0.0   37.500  127.000    500.0    938.2
     1     1    21     9     9     2     0     0    -1.0   37.426  127.019    498.7    938.7
     1     1    21     9     9     1     0     0    -2.0   37.371  127.057    500.6    938.5
     1     1    21     9     9     0     0     0    -3.0   37.335  127.112    505.6    937.9
     1     1    21     9     8    23     0     0    -4.0   37.318  127.161    512.4    936.7
     1     1    21     9     8    22     0     0    -5.0   37.313  127.180    519.5    935.8
     1     1    21     9     8    21     0     0    -6.0   37.319  127.167    526.7    935.0
     1     1    21     9     8    20     0     0    -7.0   37.334  127.122    533.9    934.3
     1     1    21     9     8    19     0     0    -8.0   37.357  127.044    540.8    933.9
     1     1    21     9     8    18     0     0    -9.0   37.386  126.931    547.2    933.7
     1     1    21     9     8    17     0     0   -10.0   37.417  126.798    553.9    933.4
     1     1    21     9     8    16     0     0   -11.0   37.449  126.661    562.3    932.9
     1     1    21     9     8    15     0     0   -12.0   37.481  126.520    572.5    932.2
     1     1    21     9     8    14     0     0   -13.0   37.514  126.375    584.5    931.2
     1     1    21     9     8    13     0     0   -14.0   37.548  126.226    598.5    929.8
     1     1    21     9     8    12     0     0   -15.0   37.582  126.073    614.6    928.3
     1     1    21     9     8    11     0     0   -16.0   37.617  125.915    630.9    926.6
     1     1    21     9     8    10     0     0   -17.0   37.654  125.751    645.9    925.2
     1     1    21     9     8     9     0     0   -18.0   37.690  125.581    659.5    924.0
     1     1    21     9     8     8     0     0   -19.0   37.724  125.404    672.1    923.0
     1     1    21     9     8     7     0     0   -20.0   37.756  125.219    683.7    922.3
     1     1    21     9     8     6     0     0   -21.0   37.783  125.025    694.6    921.9
     1     1    21     9     8     5     0     0   -22.0   37.811  124.830    705.7    921.2
     1     1    21     9     8     4     0     0   -23.0   37.842  124.643    718.0    920.1
     1     1    21     9     8     3     0     0   -24.0   37.878  124.465    731.1    918.9
     1     1    21     9     8     2     0     0   -25.0   37.918  124.295    744.9    917.6
     1     1    21     9     8     1     0     0   -26.0   37.962  124.133    758.9    916.3
     1     1    21     9     8     0     0     0   -27.0   38.011  123.980    773.0    914.8
     1     1    21     9     7    23     0     0   -28.0   38.069  123.821    786.3    913.3
     1     1    21     9     7    22     0     0   -29.0   38.138  123.642    798.3    912.1
     1     1    21     9     7    21     0     0   -30.0   38.217  123.442    809.0    911.2
     1     1    21     9     7    20     0     0   -31.0   38.303  123.220    818.8    910.6
     1     1    21     9     7    19     0     0   -32.0   38.394  122.976    828.0    910.2
     1     1    21     9     7    18     0     0   -33.0   38.490  122.708    837.1    910.2
     1     1    21     9     7    17     0     0   -34.0   38.584  122.434    848.1    910.2
     1     1    21     9     7    16     0     0   -35.0   38.674  122.175    861.3    908.5
     1     1    21     9     7    15     0     0   -36.0   38.761  121.933    878.3    906.5
     1     1    21     9     7    14     0     0   -37.0   38.848  121.711    899.6    904.0
     1     1    21     9     7    13     0     0   -38.0   38.937  121.514    925.5    901.0
     1     1    21     9     7    12     0     0   -39.0   39.033  121.343    956.7    897.2
     1     1    21     9     7    11     0     0   -40.0   39.134  121.194    990.7    892.5
     1     1    21     9     7    10     0     0   -41.0   39.238  121.057   1025.0    888.0
     1     1    21     9     7     9     0     0   -42.0   39.350  120.933   1060.0    883.5
     1     1    21     9     7     8     0     0   -43.0   39.471  120.820   1095.8    879.0
     1     1    21     9     7     7     0     0   -44.0   39.604  120.721   1132.8    874.3
     1     1    21     9     7     6     0     0   -45.0   39.748  120.634   1171.2    869.4
     1     1    21     9     7     5     0     0   -46.0   39.910  120.556   1211.6    864.5
     1     1    21     9     7     4     0     0   -47.0   40.092  120.483   1253.5    858.4
     1     1    21     9     7     3     0     0   -48.0   40.294  120.407   1297.6    850.8
     1     1    21     9     7     2     0     0   -49.0   40.514  120.322   1345.7    841.9
     1     1    21     9     7     1     0     0   -50.0   40.748  120.227   1399.5    832.1
     1     1    21     9     7     0     0     0   -51.0   40.993  120.119   1461.1    821.1
     1     1    21     9     6    23     0     0   -52.0   41.225  120.002   1525.4    809.2
     1     1    21     9     6    22     0     0   -53.0   41.421  119.882   1586.3    797.6
     1     1    21     9     6    21     0     0   -54.0   41.584  119.759   1641.7    787.1
     1     1    21     9     6    20     0     0   -55.0   41.720  119.637   1690.8    777.8
     1     1    21     9     6    19     0     0   -56.0   41.833  119.514   1733.0    769.2
     1     1    21     9     6    18     0     0   -57.0   41.926  119.394   1767.8    761.8
     1     1    21     9     6    17     0     0   -58.0   42.013  119.277   1799.4    755.6
     1     1    21     9     6    16     0     0   -59.0   42.105  119.161   1830.3    748.9
     1     1    21     9     6    15     0     0   -60.0   42.201  119.045   1861.9    742.0
     1     1    21     9     6    14     0     0   -61.0   42.302  118.925   1895.0    734.8
     1     1    21     9     6    13     0     0   -62.0   42.408  118.799   1930.7    727.1
     1     1    21     9     6    12     0     0   -63.0   42.518  118.664   1970.5    719.1
     1     1    21     9     6    11     0     0   -64.0   42.616  118.516   2007.4    712.1
     1     1    21     9     6    10     0     0   -65.0   42.689  118.361   2033.4    706.8
     1     1    21     9     6     9     0     0   -66.0   42.736  118.202   2047.3    702.5
     1     1    21     9     6     8     0     0   -67.0   42.759  118.041   2048.7    699.2
     1     1    21     9     6     7     0     0   -68.0   42.758  117.881   2037.2    697.1
     1     1    21     9     6     6     0     0   -69.0   42.735  117.725   2012.6    696.1
     1     1    21     9     6     5     0     0   -70.0   42.704  117.576   1979.0    696.4
     1     1    21     9     6     4     0     0   -71.0   42.676  117.438   1942.0    697.7
     1     1    21     9     6     3     0     0   -72.0   42.652  117.312   1901.6    700.4
     1     1    21     9     6     2     0     0   -73.0   42.631  117.203   1856.8    703.5
     1     1    21     9     6     1     0     0   -74.0   42.614  117.111   1807.1    707.3
     1     1    21     9     6     0     0     0   -75.0   42.600  117.038   1752.4    711.7
     1     1    21     9     5    23     0     0   -76.0   42.576  116.975   1698.4    717.0
     1     1    21     9     5    22     0     0   -77.0   42.526  116.910   1649.4    721.1
     1     1    21     9     5    21     0     0   -78.0   42.453  116.844   1605.5    725.8
     1     1    21     9     5    20     0     0   -79.0   42.357  116.777   1566.0    731.3
     1     1    21     9     5    19     0     0   -80.0   42.240  116.710   1529.8    737.0
     1     1    21     9     5    18     0     0   -81.0   42.103  116.647   1495.8    743.0
     1     1    21     9     5    17     0     0   -82.0   41.967  116.593   1462.7    748.4
     1     1    21     9     5    16     0     0   -83.0   41.856  116.550   1431.3    753.4
     1     1    21     9     5    15     0     0   -84.0   41.766  116.520   1401.9    757.7
     1     1    21     9     5    14     0     0   -85.0   41.695  116.500   1375.1    761.6
     1     1    21     9     5    13     0     0   -86.0   41.642  116.490   1351.0    764.8
     1     1    21     9     5    12     0     0   -87.0   41.605  116.490   1329.8    767.6
     1     1    21     9     5    11     0     0   -88.0   41.572  116.488   1310.9    770.1
     1     1    21     9     5    10     0     0   -89.0   41.532  116.475   1293.6    772.4
     1     1    21     9     5     9     0     0   -90.0   41.487  116.451   1278.2    774.7
     1     1    21     9     5     8     0     0   -91.0   41.436  116.417   1264.8    776.7
     1     1    21     9     5     7     0     0   -92.0   41.380  116.371   1253.7    778.5
     1     1    21     9     5     6     0     0   -93.0   41.320  116.313   1244.9    779.9
     1     1    21     9     5     5     0     0   -94.0   41.259  116.248   1236.1    780.7
     1     1    21     9     5     4     0     0   -95.0   41.202  116.182   1225.4    781.6
     1     1    21     9     5     3     0     0   -96.0   41.149  116.113   1212.1    782.6
