     2     1
    CDC1    21     5     1     0     0
    CDC1    21     6     1     0     0
     1 BACKWARD OMEGA   
  2021     6    13     9   37.500  127.000   500.0
     1 PRESSURE
     1     1    21     6    13     9     0     0     0.0   37.500  127.000    500.0    932.3
     1     1    21     6    13     8     0     0    -1.0   37.465  126.965    506.2    932.2
     1     1    21     6    13     7     0     0    -2.0   37.425  126.933    515.8    931.5
     1     1    21     6    13     6     0     0    -3.0   37.383  126.903    529.0    930.5
     1     1    21     6    13     5     0     0    -4.0   37.344  126.875    543.4    929.3
     1     1    21     6    13     4     0     0    -5.0   37.317  126.851    556.5    928.4
     1     1    21     6    13     3     0     0    -6.0   37.300  126.829    568.2    927.7
     1     1    21     6    13     2     0     0    -7.0   37.295  126.807    578.5    927.1
     1     1    21     6    13     1     0     0    -8.0   37.301  126.787    587.3    926.6
     1     1    21     6    13     0     0     0    -9.0   37.319  126.766    594.5    926.3
     1     1    21     6    12    23     0     0   -10.0   37.334  126.741    601.3    926.0
     1     1    21     6    12    22     0     0   -11.0   37.335  126.707    608.8    925.5
     1     1    21     6    12    21     0     0   -12.0   37.321  126.664    617.1    925.1
     1     1    21     6    12    20     0     0   -13.0   37.292  126.612    626.0    924.7
     1     1    21     6    12    19     0     0   -14.0   37.248  126.550    635.5    924.1
     1     1    21     6    12    18     0     0   -15.0   37.191  126.479    645.6    923.5
     1     1    21     6    12    17     0     0   -16.0   37.134  126.410    656.1    922.7
     1     1    21     6    12    16     0     0   -17.0   37.095  126.354    667.4    921.8
     1     1    21     6    12    15     0     0   -18.0   37.071  126.312    679.6    920.7
     1     1    21     6    12    14     0     0   -19.0   37.063  126.285    692.8    919.3
     1     1    21     6    12    13     0     0   -20.0   37.070  126.273    707.1    917.8
     1     1    21     6    12    12     0     0   -21.0   37.093  126.275    722.7    916.0
     1     1    21     6    12    11     0     0   -22.0   37.121  126.283    739.9    914.2
     1     1    21     6    12    10     0     0   -23.0   37.146  126.289    758.4    912.2
     1     1    21     6    12     9     0     0   -24.0   37.169  126.291    778.3    910.2
     1     1    21     6    12     8     0     0   -25.0   37.189  126.291    799.5    908.0
     1     1    21     6    12     7     0     0   -26.0   37.208  126.290    822.0    905.8
     1     1    21     6    12     6     0     0   -27.0   37.226  126.287    845.9    903.5
     1     1    21     6    12     5     0     0   -28.0   37.247  126.289    872.0    901.2
     1     1    21     6    12     4     0     0   -29.0   37.277  126.298    899.8    898.8
     1     1    21     6    12     3     0     0   -30.0   37.316  126.316    929.7    896.0
     1     1    21     6    12     2     0     0   -31.0   37.363  126.340    961.5    892.7
     1     1    21     6    12     1     0     0   -32.0   37.420  126.370    995.1    889.2
     1     1    21     6    12     0     0     0   -33.0   37.488  126.406   1030.5    885.5
     1     1    21     6    11    23     0     0   -34.0   37.562  126.433   1064.2    880.3
     1     1    21     6    11    22     0     0   -35.0   37.640  126.438   1094.8    875.8
     1     1    21     6    11    21     0     0   -36.0   37.723  126.420   1122.3    871.7
     1     1    21     6    11    20     0     0   -37.0   37.810  126.379   1146.9    868.1
     1     1    21     6    11    19     0     0   -38.0   37.901  126.315   1169.0    864.8
     1     1    21     6    11    18     0     0   -39.0   37.997  126.231   1189.2    861.8
     1     1    21     6    11    17     0     0   -40.0   38.097  126.131   1210.0    859.1
     1     1    21     6    11    16     0     0   -41.0   38.201  126.025   1233.7    856.0
     1     1    21     6    11    15     0     0   -42.0   38.310  125.913   1260.5    852.5
     1     1    21     6    11    14     0     0   -43.0   38.425  125.799   1290.9    848.7
     1     1    21     6    11    13     0     0   -44.0   38.547  125.682   1325.1    844.1
     1     1    21     6    11    12     0     0   -45.0   38.679  125.565   1363.5    839.0
     1     1    21     6    11    11     0     0   -46.0   38.820  125.435   1404.4    833.5
     1     1    21     6    11    10     0     0   -47.0   38.971  125.283   1445.6    828.3
     1     1    21     6    11     9     0     0   -48.0   39.135  125.109   1487.1    823.2
     1     1    21     6    11     8     0     0   -49.0   39.317  124.912   1528.5    818.3
     1     1    21     6    11     7     0     0   -50.0   39.513  124.694   1568.7    813.8
     1     1    21     6    11     6     0     0   -51.0   39.724  124.455   1607.1    809.9
     1     1    21     6    11     5     0     0   -52.0   39.943  124.214   1642.5    806.1
     1     1    21     6    11     4     0     0   -53.0   40.163  123.993   1676.6    803.3
     1     1    21     6    11     3     0     0   -54.0   40.382  123.794   1709.9    800.7
     1     1    21     6    11     2     0     0   -55.0   40.603  123.620   1743.9    797.5
     1     1    21     6    11     1     0     0   -56.0   40.826  123.472   1780.5    793.8
     1     1    21     6    11     0     0     0   -57.0   41.052  123.351   1821.4    789.4
     1     1    21     6    10    23     0     0   -58.0   41.265  123.247   1862.8    784.9
     1     1    21     6    10    22     0     0   -59.0   41.453  123.147   1898.3    781.5
     1     1    21     6    10    21     0     0   -60.0   41.618  123.051   1928.5    778.8
     1     1    21     6    10    20     0     0   -61.0   41.759  122.961   1953.3    776.6
     1     1    21     6    10    19     0     0   -62.0   41.878  122.877   1972.7    774.9
     1     1    21     6    10    18     0     0   -63.0   41.975  122.800   1986.9    773.8
     1     1    21     6    10    17     0     0   -64.0   42.057  122.726   1994.3    773.1
     1     1    21     6    10    16     0     0   -65.0   42.134  122.649   1994.1    773.2
     1     1    21     6    10    15     0     0   -66.0   42.205  122.567   1985.3    774.0
     1     1    21     6    10    14     0     0   -67.0   42.271  122.481   1967.1    775.4
     1     1    21     6    10    13     0     0   -68.0   42.333  122.388   1938.3    776.5
     1     1    21     6    10    12     0     0   -69.0   42.390  122.290   1900.1    778.3
     1     1    21     6    10    11     0     0   -70.0   42.432  122.189   1859.8    781.6
     1     1    21     6    10    10     0     0   -71.0   42.447  122.088   1823.1    784.0
     1     1    21     6    10     9     0     0   -72.0   42.436  121.987   1790.1    786.4
     1     1    21     6    10     8     0     0   -73.0   42.399  121.885   1760.8    788.7
     1     1    21     6    10     7     0     0   -74.0   42.336  121.784   1735.4    790.8
     1     1    21     6    10     6     0     0   -75.0   42.249  121.683   1714.0    792.9
     1     1    21     6    10     5     0     0   -76.0   42.152  121.588   1695.3    794.2
     1     1    21     6    10     4     0     0   -77.0   42.059  121.500   1679.1    795.4
     1     1    21     6    10     3     0     0   -78.0   41.969  121.420   1664.2    796.6
     1     1    21     6    10     2     0     0   -79.0   41.883  121.346   1650.2    797.8
     1     1    21     6    10     1     0     0   -80.0   41.801  121.277   1636.4    799.0
     1     1    21     6    10     0     0     0   -81.0   41.722  121.213   1622.6    800.4
     1     1    21     6     9    23     0     0   -82.0   41.636  121.139   1610.5    802.4
     1     1    21     6     9    22     0     0   -83.0   41.534  121.041   1601.4    803.9
     1     1    21     6     9    21     0     0   -84.0   41.417  120.922   1595.4    805.3
     1     1    21     6     9    20     0     0   -85.0   41.284  120.788   1592.4    806.7
     1     1    21     6     9    19     0     0   -86.0   41.135  120.643   1592.1    808.1
     1     1    21     6     9    18     0     0   -87.0   40.969  120.493   1594.1    809.7
     1     1    21     6     9    17     0     0   -88.0   40.792  120.348   1595.0    811.4
     1     1    21     6     9    16     0     0   -89.0   40.608  120.215   1590.7    814.3
     1     1    21     6     9    15     0     0   -90.0   40.417  120.095   1581.8    818.1
     1     1    21     6     9    14     0     0   -91.0   40.218  119.989   1569.1    822.7
     1     1    21     6     9    13     0     0   -92.0   40.010  119.897   1552.9    827.2
     1     1    21     6     9    12     0     0   -93.0   39.792  119.818   1534.2    829.8
     1     1    21     6     9    11     0     0   -94.0   39.575  119.754   1517.6    832.7
     1     1    21     6     9    10     0     0   -95.0   39.367  119.714   1503.7    835.4
     1     1    21     6     9     9     0     0   -96.0   39.169  119.697   1492.1    838.3
