     2     1
    CDC1    21     6     1     0     0
    CDC1    21     7     1     0     0
     1 BACKWARD OMEGA   
  2021     7    10     6   37.500  127.000   500.0
     1 PRESSURE
     1     1    21     7    10     6     0     0     0.0   37.500  127.000    500.0    932.5
     1     1    21     7    10     5     0     0    -1.0   37.328  126.846    487.1    935.0
     1     1    21     7    10     4     0     0    -2.0   37.180  126.714    473.6    937.5
     1     1    21     7    10     3     0     0    -3.0   37.054  126.603    459.4    939.8
     1     1    21     7    10     2     0     0    -4.0   36.949  126.511    444.5    942.1
     1     1    21     7    10     1     0     0    -5.0   36.864  126.437    428.9    944.4
     1     1    21     7    10     0     0     0    -6.0   36.799  126.382    412.9    946.5
     1     1    21     7     9    23     0     0    -7.0   36.736  126.331    396.8    948.7
     1     1    21     7     9    22     0     0    -8.0   36.660  126.266    381.3    950.9
     1     1    21     7     9    21     0     0    -9.0   36.571  126.187    366.2    952.8
     1     1    21     7     9    20     0     0   -10.0   36.470  126.096    351.4    954.8
     1     1    21     7     9    19     0     0   -11.0   36.358  125.990    336.7    956.9
     1     1    21     7     9    18     0     0   -12.0   36.233  125.872    322.0    959.1
     1     1    21     7     9    17     0     0   -13.0   36.104  125.750    308.0    961.4
     1     1    21     7     9    16     0     0   -14.0   35.976  125.636    295.5    963.4
     1     1    21     7     9    15     0     0   -15.0   35.848  125.530    284.4    965.2
     1     1    21     7     9    14     0     0   -16.0   35.722  125.432    274.7    966.9
     1     1    21     7     9    13     0     0   -17.0   35.597  125.344    266.3    968.3
     1     1    21     7     9    12     0     0   -18.0   35.472  125.265    259.1    969.6
     1     1    21     7     9    11     0     0   -19.0   35.351  125.191    253.1    970.9
     1     1    21     7     9    10     0     0   -20.0   35.237  125.113    247.9    972.2
     1     1    21     7     9     9     0     0   -21.0   35.130  125.032    243.6    973.5
     1     1    21     7     9     8     0     0   -22.0   35.031  124.946    240.5    974.3
     1     1    21     7     9     7     0     0   -23.0   34.941  124.856    238.8    974.8
     1     1    21     7     9     6     0     0   -24.0   34.860  124.761    238.4    975.2
     1     1    21     7     9     5     0     0   -25.0   34.787  124.664    238.3    975.1
     1     1    21     7     9     4     0     0   -26.0   34.720  124.569    237.7    975.2
     1     1    21     7     9     3     0     0   -27.0   34.660  124.475    236.5    975.4
     1     1    21     7     9     2     0     0   -28.0   34.605  124.381    234.6    975.7
     1     1    21     7     9     1     0     0   -29.0   34.555  124.286    232.2    976.0
     1     1    21     7     9     0     0     0   -30.0   34.509  124.189    229.3    976.5
     1     1    21     7     8    23     0     0   -31.0   34.460  124.085    225.8    977.1
     1     1    21     7     8    22     0     0   -32.0   34.399  123.969    221.7    977.8
     1     1    21     7     8    21     0     0   -33.0   34.329  123.840    217.0    978.6
     1     1    21     7     8    20     0     0   -34.0   34.247  123.697    211.6    979.6
     1     1    21     7     8    19     0     0   -35.0   34.156  123.541    205.3    980.8
     1     1    21     7     8    18     0     0   -36.0   34.055  123.370    198.1    982.1
     1     1    21     7     8    17     0     0   -37.0   33.948  123.200    191.4    983.4
     1     1    21     7     8    16     0     0   -38.0   33.841  123.043    186.8    984.4
     1     1    21     7     8    15     0     0   -39.0   33.733  122.902    184.6    985.0
     1     1    21     7     8    14     0     0   -40.0   33.625  122.776    184.9    985.5
     1     1    21     7     8    13     0     0   -41.0   33.516  122.666    188.2    985.6
     1     1    21     7     8    12     0     0   -42.0   33.407  122.572    194.8    985.3
     1     1    21     7     8    11     0     0   -43.0   33.300  122.481    203.2    984.9
     1     1    21     7     8    10     0     0   -44.0   33.195  122.375    211.6    984.0
     1     1    21     7     8     9     0     0   -45.0   33.093  122.254    219.3    983.1
     1     1    21     7     8     8     0     0   -46.0   32.994  122.117    226.2    982.2
     1     1    21     7     8     7     0     0   -47.0   32.900  121.966    231.9    981.4
     1     1    21     7     8     6     0     0   -48.0   32.810  121.800    236.3    980.6
     1     1    21     7     8     5     0     0   -49.0   32.727  121.634    239.7    979.8
     1     1    21     7     8     4     0     0   -50.0   32.648  121.478    242.7    979.0
     1     1    21     7     8     3     0     0   -51.0   32.573  121.330    245.2    978.3
     1     1    21     7     8     2     0     0   -52.0   32.500  121.190    246.9    977.7
     1     1    21     7     8     1     0     0   -53.0   32.427  121.056    247.7    976.5
     1     1    21     7     8     0     0     0   -54.0   32.355  120.926    247.7    975.5
     1     1    21     7     7    23     0     0   -55.0   32.281  120.788    246.8    974.4
     1     1    21     7     7    22     0     0   -56.0   32.206  120.630    245.1    973.3
     1     1    21     7     7    21     0     0   -57.0   32.132  120.453    242.6    972.0
     1     1    21     7     7    20     0     0   -58.0   32.060  120.260    239.6    970.7
     1     1    21     7     7    19     0     0   -59.0   31.992  120.053    236.3    969.4
     1     1    21     7     7    18     0     0   -60.0   31.928  119.835    233.1    968.3
     1     1    21     7     7    17     0     0   -61.0   31.863  119.623    230.8    967.3
     1     1    21     7     7    16     0     0   -62.0   31.794  119.432    230.2    966.1
     1     1    21     7     7    15     0     0   -63.0   31.721  119.260    231.3    964.7
     1     1    21     7     7    14     0     0   -64.0   31.642  119.106    234.2    963.0
     1     1    21     7     7    13     0     0   -65.0   31.558  118.968    239.1    961.2
     1     1    21     7     7    12     0     0   -66.0   31.468  118.847    246.0    959.1
     1     1    21     7     7    11     0     0   -67.0   31.379  118.732    253.0    956.8
     1     1    21     7     7    10     0     0   -68.0   31.298  118.615    257.6    955.2
     1     1    21     7     7     9     0     0   -69.0   31.229  118.498    259.4    954.0
     1     1    21     7     7     8     0     0   -70.0   31.172  118.382    258.3    953.2
     1     1    21     7     7     7     0     0   -71.0   31.129  118.268    253.9    952.9
     1     1    21     7     7     6     0     0   -72.0   31.103  118.157    246.4    953.2
     1     1    21     7     7     5     0     0   -73.0   31.082  118.048    238.6    953.7
     1     1    21     7     7     4     0     0   -74.0   31.051  117.933    233.0    953.6
     1     1    21     7     7     3     0     0   -75.0   31.011  117.811    229.6    953.0
     1     1    21     7     7     2     0     0   -76.0   30.959  117.680    228.4    952.1
     1     1    21     7     7     1     0     0   -77.0   30.895  117.539    229.4    950.7
     1     1    21     7     7     0     0     0   -78.0   30.817  117.388    233.2    950.5
     1     1    21     7     6    23     0     0   -79.0   30.726  117.240    238.1    950.3
     1     1    21     7     6    22     0     0   -80.0   30.627  117.108    242.6    950.1
     1     1    21     7     6    21     0     0   -81.0   30.519  116.990    246.3    949.8
     1     1    21     7     6    20     0     0   -82.0   30.403  116.883    249.2    949.5
     1     1    21     7     6    19     0     0   -83.0   30.280  116.788    251.3    949.1
     1     1    21     7     6    18     0     0   -84.0   30.150  116.702    252.4    948.7
     1     1    21     7     6    17     0     0   -85.0   30.026  116.630    253.2    948.7
     1     1    21     7     6    16     0     0   -86.0   29.921  116.578    254.0    948.5
     1     1    21     7     6    15     0     0   -87.0   29.833  116.546    255.1    948.1
     1     1    21     7     6    14     0     0   -88.0   29.765  116.535    256.4    947.5
     1     1    21     7     6    13     0     0   -89.0   29.715  116.543    257.9    946.8
     1     1    21     7     6    12     0     0   -90.0   29.684  116.572    259.8    946.0
     1     1    21     7     6    11     0     0   -91.0   29.663  116.613    260.8    944.9
     1     1    21     7     6    10     0     0   -92.0   29.645  116.655    260.0    944.1
     1     1    21     7     6     9     0     0   -93.0   29.629  116.699    257.1    943.5
     1     1    21     7     6     8     0     0   -94.0   29.614  116.744    252.1    943.2
     1     1    21     7     6     7     0     0   -95.0   29.601  116.792    245.0    943.1
     1     1    21     7     6     6     0     0   -96.0   29.590  116.843    235.9    943.2
