     2     1
    CDC1    20    12     1     0     0
    CDC1    21     1     1     0     0
     1 BACKWARD OMEGA   
  2021     1     5    21   37.500  127.000   500.0
     1 PRESSURE
     1     1    21     1     5    21     0     0     0.0   37.500  127.000    500.0    943.5
     1     1    21     1     5    20     0     0    -1.0   37.648  126.764    490.8    944.1
     1     1    21     1     5    19     0     0    -2.0   37.805  126.521    482.1    944.7
     1     1    21     1     5    18     0     0    -3.0   37.969  126.270    474.7    945.2
     1     1    21     1     5    17     0     0    -4.0   38.135  126.021    472.0    945.0
     1     1    21     1     5    16     0     0    -5.0   38.293  125.786    477.3    943.6
     1     1    21     1     5    15     0     0    -6.0   38.444  125.567    489.6    941.4
     1     1    21     1     5    14     0     0    -7.0   38.591  125.361    508.5    938.5
     1     1    21     1     5    13     0     0    -8.0   38.733  125.171    533.5    935.0
     1     1    21     1     5    12     0     0    -9.0   38.870  124.996    564.4    930.9
     1     1    21     1     5    11     0     0   -10.0   39.011  124.824    599.4    926.2
     1     1    21     1     5    10     0     0   -11.0   39.163  124.644    636.4    921.5
     1     1    21     1     5     9     0     0   -12.0   39.329  124.458    674.9    916.1
     1     1    21     1     5     8     0     0   -13.0   39.512  124.266    714.5    910.9
     1     1    21     1     5     7     0     0   -14.0   39.714  124.071    754.7    905.9
     1     1    21     1     5     6     0     0   -15.0   39.936  123.873    795.1    901.1
     1     1    21     1     5     5     0     0   -16.0   40.166  123.676    838.0    897.4
     1     1    21     1     5     4     0     0   -17.0   40.387  123.481    885.0    893.3
     1     1    21     1     5     3     0     0   -18.0   40.603  123.286    936.1    888.6
     1     1    21     1     5     2     0     0   -19.0   40.814  123.086    991.2    882.8
     1     1    21     1     5     1     0     0   -20.0   41.026  122.878   1050.0    876.6
     1     1    21     1     5     0     0     0   -21.0   41.241  122.660   1112.0    870.1
     1     1    21     1     4    23     0     0   -22.0   41.469  122.424   1174.4    861.8
     1     1    21     1     4    22     0     0   -23.0   41.715  122.160   1234.4    849.9
     1     1    21     1     4    21     0     0   -24.0   41.979  121.862   1293.9    836.9
     1     1    21     1     4    20     0     0   -25.0   42.258  121.526   1353.6    821.8
     1     1    21     1     4    19     0     0   -26.0   42.552  121.146   1415.1    805.3
     1     1    21     1     4    18     0     0   -27.0   42.857  120.724   1479.7    790.0
     1     1    21     1     4    17     0     0   -28.0   43.155  120.268   1544.2    773.7
     1     1    21     1     4    16     0     0   -29.0   43.433  119.787   1606.2    756.7
     1     1    21     1     4    15     0     0   -30.0   43.692  119.286   1667.6    739.6
     1     1    21     1     4    14     0     0   -31.0   43.940  118.774   1730.1    722.7
     1     1    21     1     4    13     0     0   -32.0   44.187  118.262   1794.6    706.5
     1     1    21     1     4    12     0     0   -33.0   44.444  117.757   1861.5    691.1
     1     1    21     1     4    11     0     0   -34.0   44.707  117.262   1932.1    680.2
     1     1    21     1     4    10     0     0   -35.0   44.962  116.772   2004.1    674.4
     1     1    21     1     4     9     0     0   -36.0   45.207  116.279   2073.9    671.2
     1     1    21     1     4     8     0     0   -37.0   45.444  115.773   2140.0    668.4
     1     1    21     1     4     7     0     0   -38.0   45.674  115.251   2201.7    665.9
     1     1    21     1     4     6     0     0   -39.0   45.895  114.715   2257.7    663.1
     1     1    21     1     4     5     0     0   -40.0   46.109  114.182   2304.5    659.0
     1     1    21     1     4     4     0     0   -41.0   46.324  113.672   2341.5    654.8
     1     1    21     1     4     3     0     0   -42.0   46.541  113.190   2370.3    650.1
     1     1    21     1     4     2     0     0   -43.0   46.762  112.739   2392.3    644.9
     1     1    21     1     4     1     0     0   -44.0   46.988  112.325   2408.3    638.9
     1     1    21     1     4     0     0     0   -45.0   47.219  111.951   2420.0    632.4
     1     1    21     1     3    23     0     0   -46.0   47.449  111.604   2427.0    626.1
     1     1    21     1     3    22     0     0   -47.0   47.671  111.258   2433.1    621.3
     1     1    21     1     3    21     0     0   -48.0   47.890  110.907   2439.1    617.0
     1     1    21     1     3    20     0     0   -49.0   48.109  110.552   2444.4    612.9
     1     1    21     1     3    19     0     0   -50.0   48.330  110.198   2448.7    609.2
     1     1    21     1     3    18     0     0   -51.0   48.557  109.848   2453.7    607.7
     1     1    21     1     3    17     0     0   -52.0   48.791  109.503   2465.2    609.5
     1     1    21     1     3    16     0     0   -53.0   49.035  109.163   2482.1    610.7
     1     1    21     1     3    15     0     0   -54.0   49.288  108.830   2503.5    611.9
     1     1    21     1     3    14     0     0   -55.0   49.550  108.506   2528.1    613.2
     1     1    21     1     3    13     0     0   -56.0   49.823  108.196   2554.7    614.7
     1     1    21     1     3    12     0     0   -57.0   50.103  107.895   2583.4    617.2
     1     1    21     1     3    11     0     0   -58.0   50.386  107.596   2611.4    621.4
     1     1    21     1     3    10     0     0   -59.0   50.670  107.297   2630.4    625.9
     1     1    21     1     3     9     0     0   -60.0   50.954  107.006   2641.9    630.6
     1     1    21     1     3     8     0     0   -61.0   51.240  106.727   2647.4    635.7
     1     1    21     1     3     7     0     0   -62.0   51.530  106.466   2647.8    641.2
     1     1    21     1     3     6     0     0   -63.0   51.823  106.230   2643.9    647.1
     1     1    21     1     3     5     0     0   -64.0   52.120  106.009   2636.6    653.2
     1     1    21     1     3     4     0     0   -65.0   52.419  105.791   2627.8    659.5
     1     1    21     1     3     3     0     0   -66.0   52.717  105.570   2612.8    663.5
     1     1    21     1     3     2     0     0   -67.0   53.011  105.333   2594.2    667.5
     1     1    21     1     3     1     0     0   -68.0   53.298  105.077   2572.9    672.3
     1     1    21     1     3     0     0     0   -69.0   53.577  104.802   2544.1    675.0
     1     1    21     1     2    23     0     0   -70.0   53.848  104.511   2511.9    677.9
     1     1    21     1     2    22     0     0   -71.0   54.112  104.210   2477.5    682.1
     1     1    21     1     2    21     0     0   -72.0   54.369  103.898   2441.8    687.5
     1     1    21     1     2    20     0     0   -73.0   54.619  103.575   2405.0    694.2
     1     1    21     1     2    19     0     0   -74.0   54.862  103.240   2367.5    702.2
     1     1    21     1     2    18     0     0   -75.0   55.096  102.893   2328.1    709.7
     1     1    21     1     2    17     0     0   -76.0   55.327  102.540   2289.9    714.6
     1     1    21     1     2    16     0     0   -77.0   55.561  102.193   2259.0    717.1
     1     1    21     1     2    15     0     0   -78.0   55.800  101.860   2236.4    719.7
     1     1    21     1     2    14     0     0   -79.0   56.044  101.545   2221.7    722.5
     1     1    21     1     2    13     0     0   -80.0   56.295  101.248   2214.4    725.8
     1     1    21     1     2    12     0     0   -81.0   56.552  100.973   2213.7    729.4
     1     1    21     1     2    11     0     0   -82.0   56.815  100.710   2215.4    732.8
     1     1    21     1     2    10     0     0   -83.0   57.082  100.450   2219.0    737.2
     1     1    21     1     2     9     0     0   -84.0   57.352  100.194   2223.5    742.4
     1     1    21     1     2     8     0     0   -85.0   57.624   99.950   2225.4    744.7
     1     1    21     1     2     7     0     0   -86.0   57.897   99.729   2222.3    742.5
     1     1    21     1     2     6     0     0   -87.0   58.174   99.540   2218.0    740.6
     1     1    21     1     2     5     0     0   -88.0   58.457   99.383   2213.7    738.9
     1     1    21     1     2     4     0     0   -89.0   58.750   99.261   2211.6    736.6
     1     1    21     1     2     3     0     0   -90.0   59.053   99.176   2212.2    733.8
     1     1    21     1     2     2     0     0   -91.0   59.365   99.132   2216.3    730.4
     1     1    21     1     2     1     0     0   -92.0   59.687   99.131   2224.3    726.3
     1     1    21     1     2     0     0     0   -93.0   60.019   99.176   2236.9    721.5
     1     1    21     1     1    23     0     0   -94.0   60.350   99.245   2255.4    718.9
     1     1    21     1     1    22     0     0   -95.0   60.671   99.316   2274.5    716.5
     1     1    21     1     1    21     0     0   -96.0   60.982   99.391   2294.4    714.1
