     2     1
    CDC1    21     3     1     0     0
    CDC1    21     4     1     0     0
     1 BACKWARD OMEGA   
  2021     4     1     6   37.500  127.000   500.0
     1 PRESSURE
     1     1    21     4     1     6     0     0     0.0   37.500  127.000    500.0    941.4
     1     1    21     4     1     5     0     0    -1.0   37.386  127.300    531.2    936.9
     1     1    21     4     1     4     0     0    -2.0   37.262  127.616    565.1    932.8
     1     1    21     4     1     3     0     0    -3.0   37.135  127.947    601.3    930.2
     1     1    21     4     1     2     0     0    -4.0   37.011  128.292    639.0    927.1
     1     1    21     4     1     1     0     0    -5.0   36.893  128.650    677.8    923.2
     1     1    21     4     1     0     0     0    -6.0   36.787  129.021    717.8    919.3
     1     1    21     3    31    23     0     0    -7.0   36.702  129.381    759.2    914.7
     1     1    21     3    31    22     0     0    -8.0   36.641  129.705    802.3    910.0
     1     1    21     3    31    21     0     0    -9.0   36.604  129.990    847.7    905.1
     1     1    21     3    31    20     0     0   -10.0   36.590  130.230    895.1    900.8
     1     1    21     3    31    19     0     0   -11.0   36.599  130.423    943.7    896.3
     1     1    21     3    31    18     0     0   -12.0   36.630  130.564    993.4    891.1
     1     1    21     3    31    17     0     0   -13.0   36.680  130.670   1042.2    886.2
     1     1    21     3    31    16     0     0   -14.0   36.745  130.760   1087.0    882.2
     1     1    21     3    31    15     0     0   -15.0   36.822  130.834   1127.9    878.7
     1     1    21     3    31    14     0     0   -16.0   36.908  130.896   1164.8    875.7
     1     1    21     3    31    13     0     0   -17.0   37.002  130.948   1197.3    873.2
     1     1    21     3    31    12     0     0   -18.0   37.102  130.992   1225.6    871.2
     1     1    21     3    31    11     0     0   -19.0   37.199  131.022   1252.6    869.2
     1     1    21     3    31    10     0     0   -20.0   37.284  131.032   1282.7    866.3
     1     1    21     3    31     9     0     0   -21.0   37.358  131.021   1315.6    862.8
     1     1    21     3    31     8     0     0   -22.0   37.418  130.986   1351.8    858.5
     1     1    21     3    31     7     0     0   -23.0   37.467  130.926   1391.7    853.5
     1     1    21     3    31     6     0     0   -24.0   37.503  130.839   1435.7    847.9
     1     1    21     3    31     5     0     0   -25.0   37.541  130.736   1475.5    841.7
     1     1    21     3    31     4     0     0   -26.0   37.593  130.631   1503.2    837.7
     1     1    21     3    31     3     0     0   -27.0   37.659  130.526   1517.9    834.8
     1     1    21     3    31     2     0     0   -28.0   37.738  130.420   1519.6    833.2
     1     1    21     3    31     1     0     0   -29.0   37.828  130.316   1508.4    832.8
     1     1    21     3    31     0     0     0   -30.0   37.928  130.216   1484.8    833.6
     1     1    21     3    30    23     0     0   -31.0   38.029  130.111   1460.0    835.5
     1     1    21     3    30    22     0     0   -32.0   38.124  129.986   1443.4    835.2
     1     1    21     3    30    21     0     0   -33.0   38.210  129.840   1434.8    834.5
     1     1    21     3    30    20     0     0   -34.0   38.287  129.668   1433.4    832.9
     1     1    21     3    30    19     0     0   -35.0   38.354  129.469   1437.9    830.5
     1     1    21     3    30    18     0     0   -36.0   38.411  129.239   1447.3    827.5
     1     1    21     3    30    17     0     0   -37.0   38.466  128.994   1458.8    823.9
     1     1    21     3    30    16     0     0   -38.0   38.532  128.754   1470.3    820.4
     1     1    21     3    30    15     0     0   -39.0   38.607  128.521   1482.8    816.6
     1     1    21     3    30    14     0     0   -40.0   38.692  128.297   1497.1    812.4
     1     1    21     3    30    13     0     0   -41.0   38.788  128.082   1514.0    807.7
     1     1    21     3    30    12     0     0   -42.0   38.896  127.879   1534.1    802.5
     1     1    21     3    30    11     0     0   -43.0   39.022  127.675   1564.4    796.5
     1     1    21     3    30    10     0     0   -44.0   39.173  127.458   1611.2    788.4
     1     1    21     3    30     9     0     0   -45.0   39.348  127.228   1676.1    780.9
     1     1    21     3    30     8     0     0   -46.0   39.544  126.986   1757.0    771.7
     1     1    21     3    30     7     0     0   -47.0   39.763  126.733   1854.9    760.7
     1     1    21     3    30     6     0     0   -48.0   40.002  126.474   1971.2    748.2
     1     1    21     3    30     5     0     0   -49.0   40.256  126.198   2099.1    736.2
     1     1    21     3    30     4     0     0   -50.0   40.522  125.897   2226.7    725.4
     1     1    21     3    30     3     0     0   -51.0   40.806  125.573   2354.7    714.8
     1     1    21     3    30     2     0     0   -52.0   41.115  125.231   2483.3    704.7
     1     1    21     3    30     1     0     0   -53.0   41.457  124.872   2611.0    695.0
     1     1    21     3    30     0     0     0   -54.0   41.832  124.498   2733.4    685.5
     1     1    21     3    29    23     0     0   -55.0   42.218  124.102   2844.3    676.3
     1     1    21     3    29    22     0     0   -56.0   42.598  123.684   2942.9    669.7
     1     1    21     3    29    21     0     0   -57.0   42.976  123.249   3036.1    665.6
     1     1    21     3    29    20     0     0   -58.0   43.354  122.798   3124.3    660.9
     1     1    21     3    29    19     0     0   -59.0   43.734  122.331   3207.3    652.7
     1     1    21     3    29    18     0     0   -60.0   44.114  121.849   3283.4    639.1
     1     1    21     3    29    17     0     0   -61.0   44.489  121.364   3350.3    624.9
     1     1    21     3    29    16     0     0   -62.0   44.860  120.892   3396.5    612.9
     1     1    21     3    29    15     0     0   -63.0   45.233  120.437   3423.9    601.7
     1     1    21     3    29    14     0     0   -64.0   45.610  119.994   3437.6    592.1
     1     1    21     3    29    13     0     0   -65.0   45.992  119.560   3445.0    586.7
     1     1    21     3    29    12     0     0   -66.0   46.377  119.126   3445.2    583.6
     1     1    21     3    29    11     0     0   -67.0   46.767  118.674   3448.3    582.3
     1     1    21     3    29    10     0     0   -68.0   47.162  118.190   3461.9    581.4
     1     1    21     3    29     9     0     0   -69.0   47.563  117.681   3486.8    581.6
     1     1    21     3    29     8     0     0   -70.0   47.962  117.156   3521.8    580.6
     1     1    21     3    29     7     0     0   -71.0   48.349  116.626   3568.9    578.1
     1     1    21     3    29     6     0     0   -72.0   48.722  116.086   3626.1    574.5
     1     1    21     3    29     5     0     0   -73.0   49.086  115.528   3688.2    570.0
     1     1    21     3    29     4     0     0   -74.0   49.447  114.945   3746.8    565.2
     1     1    21     3    29     3     0     0   -75.0   49.808  114.335   3787.6    554.9
     1     1    21     3    29     2     0     0   -76.0   50.169  113.698   3821.5    544.3
     1     1    21     3    29     1     0     0   -77.0   50.531  113.031   3852.3    533.9
     1     1    21     3    29     0     0     0   -78.0   50.897  112.332   3885.1    525.2
     1     1    21     3    28    23     0     0   -79.0   51.255  111.600   3930.3    520.9
     1     1    21     3    28    22     0     0   -80.0   51.599  110.839   3980.7    517.5
     1     1    21     3    28    21     0     0   -81.0   51.933  110.045   4038.2    515.3
     1     1    21     3    28    20     0     0   -82.0   52.256  109.223   4117.0    519.9
     1     1    21     3    28    19     0     0   -83.0   52.561  108.385   4194.8    525.3
     1     1    21     3    28    18     0     0   -84.0   52.848  107.525   4262.6    528.5
     1     1    21     3    28    17     0     0   -85.0   53.117  106.657   4310.7    527.3
     1     1    21     3    28    16     0     0   -86.0   53.366  105.788   4349.3    528.3
     1     1    21     3    28    15     0     0   -87.0   53.593  104.913   4378.3    530.1
     1     1    21     3    28    14     0     0   -88.0   53.801  104.019   4376.2    524.7
     1     1    21     3    28    13     0     0   -89.0   53.989  103.095   4372.4    521.3
     1     1    21     3    28    12     0     0   -90.0   54.156  102.135   4362.5    518.4
     1     1    21     3    28    11     0     0   -91.0   54.297  101.144   4342.4    513.8
     1     1    21     3    28    10     0     0   -92.0   54.409  100.133   4325.4    508.8
     1     1    21     3    28     9     0     0   -93.0   54.489   99.106   4319.7    507.7
     1     1    21     3    28     8     0     0   -94.0   54.537   98.072   4310.4    506.5
     1     1    21     3    28     7     0     0   -95.0   54.556   97.036   4300.7    507.9
     1     1    21     3    28     6     0     0   -96.0   54.548   96.012   4291.4    512.7
