     2     1
    CDC1    21     7     1     0     0
    CDC1    21     8     1     0     0
     1 BACKWARD OMEGA   
  2021     8    20    18   37.500  127.000   500.0
     1 PRESSURE
     1     1    21     8    20    18     0     0     0.0   37.500  127.000    500.0    933.9
     1     1    21     8    20    17     0     0    -1.0   37.148  127.039    463.9    938.8
     1     1    21     8    20    16     0     0    -2.0   36.816  127.071    434.9    942.8
     1     1    21     8    20    15     0     0    -3.0   36.506  127.098    412.1    946.1
     1     1    21     8    20    14     0     0    -4.0   36.215  127.123    394.7    948.9
     1     1    21     8    20    13     0     0    -5.0   35.944  127.149    382.3    951.1
     1     1    21     8    20    12     0     0    -6.0   35.691  127.176    374.3    952.6
     1     1    21     8    20    11     0     0    -7.0   35.450  127.206    368.1    953.6
     1     1    21     8    20    10     0     0    -8.0   35.217  127.242    361.3    954.9
     1     1    21     8    20     9     0     0    -9.0   34.992  127.285    353.9    956.2
     1     1    21     8    20     8     0     0   -10.0   34.774  127.336    346.0    957.9
     1     1    21     8    20     7     0     0   -11.0   34.564  127.393    338.0    959.7
     1     1    21     8    20     6     0     0   -12.0   34.361  127.457    330.2    961.4
     1     1    21     8    20     5     0     0   -13.0   34.166  127.530    323.0    963.0
     1     1    21     8    20     4     0     0   -14.0   33.981  127.610    316.6    964.4
     1     1    21     8    20     3     0     0   -15.0   33.807  127.696    310.8    965.8
     1     1    21     8    20     2     0     0   -16.0   33.647  127.786    305.8    967.0
     1     1    21     8    20     1     0     0   -17.0   33.501  127.878    301.3    968.0
     1     1    21     8    20     0     0     0   -18.0   33.371  127.971    297.5    968.9
     1     1    21     8    19    23     0     0   -19.0   33.249  128.061    293.7    969.5
     1     1    21     8    19    22     0     0   -20.0   33.120  128.144    289.2    970.3
     1     1    21     8    19    21     0     0   -21.0   32.984  128.221    284.0    971.2
     1     1    21     8    19    20     0     0   -22.0   32.839  128.293    277.7    972.4
     1     1    21     8    19    19     0     0   -23.0   32.682  128.362    270.4    973.7
     1     1    21     8    19    18     0     0   -24.0   32.510  128.432    261.7    975.4
     1     1    21     8    19    17     0     0   -25.0   32.338  128.501    253.4    976.8
     1     1    21     8    19    16     0     0   -26.0   32.178  128.570    247.6    977.7
     1     1    21     8    19    15     0     0   -27.0   32.032  128.639    244.3    978.2
     1     1    21     8    19    14     0     0   -28.0   31.898  128.708    243.5    978.5
     1     1    21     8    19    13     0     0   -29.0   31.777  128.779    245.4    978.4
     1     1    21     8    19    12     0     0   -30.0   31.668  128.850    250.1    977.9
     1     1    21     8    19    11     0     0   -31.0   31.560  128.919    255.2    977.1
     1     1    21     8    19    10     0     0   -32.0   31.442  128.982    258.5    977.0
     1     1    21     8    19     9     0     0   -33.0   31.313  129.041    260.1    977.1
     1     1    21     8    19     8     0     0   -34.0   31.174  129.096    259.8    977.5
     1     1    21     8    19     7     0     0   -35.0   31.024  129.148    257.8    978.1
     1     1    21     8    19     6     0     0   -36.0   30.865  129.199    253.7    979.1
     1     1    21     8    19     5     0     0   -37.0   30.710  129.246    249.1    980.4
     1     1    21     8    19     4     0     0   -38.0   30.569  129.287    245.2    981.3
     1     1    21     8    19     3     0     0   -39.0   30.443  129.319    242.3    982.0
     1     1    21     8    19     2     0     0   -40.0   30.331  129.343    240.2    982.6
     1     1    21     8    19     1     0     0   -41.0   30.233  129.356    239.0    983.0
     1     1    21     8    19     0     0     0   -42.0   30.149  129.357    238.8    983.2
     1     1    21     8    18    23     0     0   -43.0   30.068  129.349    237.2    983.2
     1     1    21     8    18    22     0     0   -44.0   29.983  129.332    231.8    983.8
     1     1    21     8    18    21     0     0   -45.0   29.892  129.307    222.8    984.5
     1     1    21     8    18    20     0     0   -46.0   29.799  129.274    210.2    985.7
     1     1    21     8    18    19     0     0   -47.0   29.702  129.234    194.2    987.2
     1     1    21     8    18    18     0     0   -48.0   29.605  129.186    175.0    988.7
     1     1    21     8    18    17     0     0   -49.0   29.509  129.136    156.3    990.8
     1     1    21     8    18    16     0     0   -50.0   29.416  129.089    141.4    992.3
     1     1    21     8    18    15     0     0   -51.0   29.323  129.045    130.2    993.5
     1     1    21     8    18    14     0     0   -52.0   29.232  129.004    122.7    994.3
     1     1    21     8    18    13     0     0   -53.0   29.142  128.964    118.7    994.8
     1     1    21     8    18    12     0     0   -54.0   29.051  128.925    118.2    994.8
     1     1    21     8    18    11     0     0   -55.0   28.962  128.886    117.2    994.2
     1     1    21     8    18    10     0     0   -56.0   28.878  128.847    111.9    994.5
     1     1    21     8    18     9     0     0   -57.0   28.802  128.808    102.4    995.4
     1     1    21     8    18     8     0     0   -58.0   28.732  128.767     88.9    996.9
     1     1    21     8    18     7     0     0   -59.0   28.670  128.724     71.7    999.0
     1     1    21     8    18     6     0     0   -60.0   28.616  128.673     53.1   1000.5
     1     1    21     8    18     5     0     0   -61.0   28.570  128.609     38.6   1002.5
     1     1    21     8    18     4     0     0   -62.0   28.533  128.535     29.7   1003.6
     1     1    21     8    18     3     0     0   -63.0   28.503  128.455     24.6   1004.3
     1     1    21     8    18     2     0     0   -64.0   28.480  128.372     22.1   1004.7
     1     1    21     8    18     1     0     0   -65.0   28.465  128.286     21.6   1004.8
     1     1    21     8    18     0     0     0   -66.0   28.457  128.199     23.0   1004.8
     1     1    21     8    17    23     0     0   -67.0   28.435  128.102     24.9   1004.2
     1     1    21     8    17    22     0     0   -68.0   28.374  127.984     25.5   1003.9
     1     1    21     8    17    21     0     0   -69.0   28.270  127.841     24.7   1003.9
     1     1    21     8    17    20     0     0   -70.0   28.122  127.672     22.7   1004.0
     1     1    21     8    17    19     0     0   -71.0   27.926  127.475     19.7   1004.3
     1     1    21     8    17    18     0     0   -72.0   27.682  127.251     16.2   1004.8
     1     1    21     8    17    17     0     0   -73.0   27.426  127.023     13.2   1006.0
     1     1    21     8    17    16     0     0   -74.0   27.192  126.822     11.1   1007.1
     1     1    21     8    17    15     0     0   -75.0   26.980  126.652      9.8   1007.8
     1     1    21     8    17    14     0     0   -76.0   26.783  126.512      8.9   1008.3
     1     1    21     8    17    13     0     0   -77.0   26.596  126.397      8.2   1008.8
     1     1    21     8    17    12     0     0   -78.0   26.415  126.306      7.8   1009.1
     1     1    21     8    17    11     0     0   -79.0   26.236  126.227      7.5   1009.4
     1     1    21     8    17    10     0     0   -80.0   26.056  126.151      7.3   1009.8
     1     1    21     8    17     9     0     0   -81.0   25.879  126.081      7.3   1010.2
     1     1    21     8    17     8     0     0   -82.0   25.704  126.018      7.3   1010.6
     1     1    21     8    17     7     0     0   -83.0   25.535  125.964      7.5   1011.0
     1     1    21     8    17     6     0     0   -84.0   25.372  125.920      7.7   1011.4
     1     1    21     8    17     5     0     0   -85.0   25.217  125.883      8.0   1011.8
     1     1    21     8    17     4     0     0   -86.0   25.071  125.849      8.3   1012.2
     1     1    21     8    17     3     0     0   -87.0   24.935  125.817      8.7   1012.3
     1     1    21     8    17     2     0     0   -88.0   24.810  125.786      9.0   1012.3
     1     1    21     8    17     1     0     0   -89.0   24.696  125.756      9.4   1012.2
     1     1    21     8    17     0     0     0   -90.0   24.591  125.727      9.8   1012.2
     1     1    21     8    16    23     0     0   -91.0   24.487  125.704     10.2   1011.8
     1     1    21     8    16    22     0     0   -92.0   24.376  125.694     10.8   1011.4
     1     1    21     8    16    21     0     0   -93.0   24.260  125.694     11.6   1011.0
     1     1    21     8    16    20     0     0   -94.0   24.139  125.705     12.6   1010.5
     1     1    21     8    16    19     0     0   -95.0   24.014  125.727     13.8   1010.0
     1     1    21     8    16    18     0     0   -96.0   23.886  125.759     15.1   1009.5
