     2     1
    CDC1    21     2     1     0     0
    CDC1    21     3     1     0     0
     1 BACKWARD OMEGA   
  2021     3     6     9   37.500  127.000   500.0
     1 PRESSURE
     1     1    21     3     6     9     0     0     0.0   37.500  127.000    500.0    947.1
     1     1    21     3     6     8     0     0    -1.0   37.588  127.222    517.7    942.5
     1     1    21     3     6     7     0     0    -2.0   37.676  127.464    539.2    937.0
     1     1    21     3     6     6     0     0    -3.0   37.769  127.726    564.8    933.4
     1     1    21     3     6     5     0     0    -4.0   37.876  127.993    591.4    929.8
     1     1    21     3     6     4     0     0    -5.0   38.000  128.252    616.9    926.5
     1     1    21     3     6     3     0     0    -6.0   38.143  128.500    641.3    922.8
     1     1    21     3     6     2     0     0    -7.0   38.305  128.735    664.6    919.2
     1     1    21     3     6     1     0     0    -8.0   38.485  128.957    687.3    915.6
     1     1    21     3     6     0     0     0    -9.0   38.685  129.169    709.8    912.0
     1     1    21     3     5    23     0     0   -10.0   38.903  129.351    734.0    907.8
     1     1    21     3     5    22     0     0   -11.0   39.137  129.481    761.8    902.5
     1     1    21     3     5    21     0     0   -12.0   39.386  129.554    793.9    896.3
     1     1    21     3     5    20     0     0   -13.0   39.648  129.566    830.9    888.9
     1     1    21     3     5    19     0     0   -14.0   39.924  129.515    873.7    880.3
     1     1    21     3     5    18     0     0   -15.0   40.215  129.401    923.2    869.8
     1     1    21     3     5    17     0     0   -16.0   40.515  129.231    976.5    857.8
     1     1    21     3     5    16     0     0   -17.0   40.814  129.016   1031.0    846.1
     1     1    21     3     5    15     0     0   -18.0   41.111  128.754   1087.3    834.5
     1     1    21     3     5    14     0     0   -19.0   41.405  128.448   1146.2    822.8
     1     1    21     3     5    13     0     0   -20.0   41.693  128.098   1208.6    811.2
     1     1    21     3     5    12     0     0   -21.0   41.973  127.704   1275.4    799.5
     1     1    21     3     5    11     0     0   -22.0   42.243  127.269   1346.2    790.6
     1     1    21     3     5    10     0     0   -23.0   42.506  126.806   1420.1    786.6
     1     1    21     3     5     9     0     0   -24.0   42.770  126.334   1495.7    788.0
     1     1    21     3     5     8     0     0   -25.0   43.044  125.864   1571.1    789.8
     1     1    21     3     5     7     0     0   -26.0   43.337  125.395   1649.5    791.5
     1     1    21     3     5     6     0     0   -27.0   43.654  124.923   1734.3    791.8
     1     1    21     3     5     5     0     0   -28.0   43.981  124.442   1815.3    786.4
     1     1    21     3     5     4     0     0   -29.0   44.309  123.954   1887.5    781.6
     1     1    21     3     5     3     0     0   -30.0   44.644  123.458   1949.9    776.6
     1     1    21     3     5     2     0     0   -31.0   44.993  122.954   2002.5    771.4
     1     1    21     3     5     1     0     0   -32.0   45.357  122.428   2040.3    759.3
     1     1    21     3     5     0     0     0   -33.0   45.731  121.851   2065.1    740.6
     1     1    21     3     4    23     0     0   -34.0   46.095  121.206   2088.5    723.0
     1     1    21     3     4    22     0     0   -35.0   46.433  120.499   2112.2    706.6
     1     1    21     3     4    21     0     0   -36.0   46.745  119.744   2138.0    694.0
     1     1    21     3     4    20     0     0   -37.0   47.037  118.966   2170.1    688.1
     1     1    21     3     4    19     0     0   -38.0   47.319  118.184   2207.0    684.5
     1     1    21     3     4    18     0     0   -39.0   47.602  117.407   2251.4    682.2
     1     1    21     3     4    17     0     0   -40.0   47.895  116.654   2302.8    679.0
     1     1    21     3     4    16     0     0   -41.0   48.203  115.936   2359.5    674.9
     1     1    21     3     4    15     0     0   -42.0   48.532  115.241   2423.3    669.7
     1     1    21     3     4    14     0     0   -43.0   48.885  114.549   2488.0    658.1
     1     1    21     3     4    13     0     0   -44.0   49.269  113.842   2556.4    642.6
     1     1    21     3     4    12     0     0   -45.0   49.697  113.111   2635.1    625.3
     1     1    21     3     4    11     0     0   -46.0   50.173  112.352   2726.8    607.2
     1     1    21     3     4    10     0     0   -47.0   50.676  111.582   2830.8    594.7
     1     1    21     3     4     9     0     0   -48.0   51.200  110.818   2940.8    585.3
     1     1    21     3     4     8     0     0   -49.0   51.761  110.057   3061.9    578.3
     1     1    21     3     4     7     0     0   -50.0   52.364  109.310   3207.8    579.8
     1     1    21     3     4     6     0     0   -51.0   53.000  108.586   3347.8    576.3
     1     1    21     3     4     5     0     0   -52.0   53.653  107.877   3472.5    571.1
     1     1    21     3     4     4     0     0   -53.0   54.312  107.165   3575.0    567.3
     1     1    21     3     4     3     0     0   -54.0   54.978  106.441   3662.3    565.9
     1     1    21     3     4     2     0     0   -55.0   55.632  105.725   3737.3    566.1
     1     1    21     3     4     1     0     0   -56.0   56.271  105.033   3797.6    565.1
     1     1    21     3     4     0     0     0   -57.0   56.899  104.348   3841.7    561.9
     1     1    21     3     3    23     0     0   -58.0   57.513  103.661   3885.9    561.6
     1     1    21     3     3    22     0     0   -59.0   58.102  102.989   3927.5    560.1
     1     1    21     3     3    21     0     0   -60.0   58.663  102.347   3964.5    556.7
     1     1    21     3     3    20     0     0   -61.0   59.204  101.727   4000.8    552.2
     1     1    21     3     3    19     0     0   -62.0   59.732  101.117   4037.6    546.6
     1     1    21     3     3    18     0     0   -63.0   60.253  100.506   4078.7    541.2
     1     1    21     3     3    17     0     0   -64.0   60.760   99.904   4123.8    537.1
     1     1    21     3     3    16     0     0   -65.0   61.246   99.326   4166.6    534.1
     1     1    21     3     3    15     0     0   -66.0   61.713   98.770   4206.7    530.8
     1     1    21     3     3    14     0     0   -67.0   62.167   98.228   4245.5    527.2
     1     1    21     3     3    13     0     0   -68.0   62.613   97.695   4284.1    523.4
     1     1    21     3     3    12     0     0   -69.0   63.048   97.178   4325.2    519.7
     1     1    21     3     3    11     0     0   -70.0   63.467   96.716   4366.7    515.7
     1     1    21     3     3    10     0     0   -71.0   63.868   96.344   4403.8    511.9
     1     1    21     3     3     9     0     0   -72.0   64.252   96.067   4436.2    508.2
     1     1    21     3     3     8     0     0   -73.0   64.620   95.888   4462.8    504.8
     1     1    21     3     3     7     0     0   -74.0   64.971   95.813   4482.8    501.7
     1     1    21     3     3     6     0     0   -75.0   65.303   95.845   4494.0    498.6
     1     1    21     3     3     5     0     0   -76.0   65.617   95.958   4502.8    496.0
     1     1    21     3     3     4     0     0   -77.0   65.913   96.123   4513.1    493.2
     1     1    21     3     3     3     0     0   -78.0   66.189   96.341   4526.7    490.3
     1     1    21     3     3     2     0     0   -79.0   66.446   96.618   4544.8    487.3
     1     1    21     3     3     1     0     0   -80.0   66.682   96.959   4568.2    484.1
     1     1    21     3     3     0     0     0   -81.0   66.899   97.373   4598.0    480.7
     1     1    21     3     2    23     0     0   -82.0   67.090   97.882   4636.1    478.3
     1     1    21     3     2    22     0     0   -83.0   67.252   98.508   4675.7    476.9
     1     1    21     3     2    21     0     0   -84.0   67.386   99.253   4717.1    476.1
     1     1    21     3     2    20     0     0   -85.0   67.492  100.118   4760.6    475.7
     1     1    21     3     2    19     0     0   -86.0   67.574  101.090   4809.1    476.6
     1     1    21     3     2    18     0     0   -87.0   67.635  102.156   4858.1    477.8
     1     1    21     3     2    17     0     0   -88.0   67.682  103.295   4899.8    477.3
     1     1    21     3     2    16     0     0   -89.0   67.718  104.487   4937.4    476.8
     1     1    21     3     2    15     0     0   -90.0   67.751  105.720   4966.0    475.3
     1     1    21     3     2    14     0     0   -91.0   67.786  106.978   4987.1    473.0
     1     1    21     3     2    13     0     0   -92.0   67.828  108.249   5005.1    471.2
     1     1    21     3     2    12     0     0   -93.0   67.879  109.523   5019.9    469.7
     1     1    21     3     2    11     0     0   -94.0   67.925  110.792   5037.0    469.3
     1     1    21     3     2    10     0     0   -95.0   67.950  112.048   5055.5    469.2
     1     1    21     3     2     9     0     0   -96.0   67.953  113.291   5076.8    470.1
