     2     1
    CDC1    21     5     1     0     0
    CDC1    21     6     1     0     0
     1 BACKWARD OMEGA   
  2021     6    17    21   37.500  127.000   500.0
     1 PRESSURE
     1     1    21     6    17    21     0     0     0.0   37.500  127.000    500.0    926.8
     1     1    21     6    17    20     0     0    -1.0   37.441  126.840    478.7    930.1
     1     1    21     6    17    19     0     0    -2.0   37.366  126.667    454.8    934.1
     1     1    21     6    17    18     0     0    -3.0   37.274  126.483    429.1    938.5
     1     1    21     6    17    17     0     0    -4.0   37.171  126.306    405.5    943.1
     1     1    21     6    17    16     0     0    -5.0   37.066  126.151    386.6    946.7
     1     1    21     6    17    15     0     0    -6.0   36.958  126.016    371.7    949.3
     1     1    21     6    17    14     0     0    -7.0   36.848  125.903    360.5    951.4
     1     1    21     6    17    13     0     0    -8.0   36.737  125.808    352.6    953.1
     1     1    21     6    17    12     0     0    -9.0   36.625  125.733    347.9    954.4
     1     1    21     6    17    11     0     0   -10.0   36.515  125.675    344.1    955.2
     1     1    21     6    17    10     0     0   -11.0   36.410  125.630    339.4    956.2
     1     1    21     6    17     9     0     0   -12.0   36.309  125.600    333.6    957.3
     1     1    21     6    17     8     0     0   -13.0   36.211  125.583    326.5    958.4
     1     1    21     6    17     7     0     0   -14.0   36.117  125.580    318.2    959.5
     1     1    21     6    17     6     0     0   -15.0   36.025  125.590    308.5    960.7
     1     1    21     6    17     5     0     0   -16.0   35.936  125.615    299.7    962.1
     1     1    21     6    17     4     0     0   -17.0   35.848  125.655    293.8    962.8
     1     1    21     6    17     3     0     0   -18.0   35.762  125.708    291.0    963.1
     1     1    21     6    17     2     0     0   -19.0   35.680  125.775    291.4    963.0
     1     1    21     6    17     1     0     0   -20.0   35.601  125.854    294.9    962.4
     1     1    21     6    17     0     0     0   -21.0   35.526  125.946    301.6    961.3
     1     1    21     6    16    23     0     0   -22.0   35.457  126.050    310.4    959.7
     1     1    21     6    16    22     0     0   -23.0   35.394  126.169    320.7    958.0
     1     1    21     6    16    21     0     0   -24.0   35.337  126.306    332.8    956.1
     1     1    21     6    16    20     0     0   -25.0   35.287  126.465    347.0    953.9
     1     1    21     6    16    19     0     0   -26.0   35.245  126.650    364.2    951.3
     1     1    21     6    16    18     0     0   -27.0   35.210  126.868    385.0    948.2
     1     1    21     6    16    17     0     0   -28.0   35.196  127.115    407.5    943.8
     1     1    21     6    16    16     0     0   -29.0   35.214  127.383    427.9    939.8
     1     1    21     6    16    15     0     0   -30.0   35.262  127.666    444.9    936.6
     1     1    21     6    16    14     0     0   -31.0   35.337  127.959    456.5    934.6
     1     1    21     6    16    13     0     0   -32.0   35.436  128.260    461.4    933.5
     1     1    21     6    16    12     0     0   -33.0   35.559  128.568    458.9    933.4
     1     1    21     6    16    11     0     0   -34.0   35.694  128.887    453.2    934.4
     1     1    21     6    16    10     0     0   -35.0   35.828  129.221    448.1    935.1
     1     1    21     6    16     9     0     0   -36.0   35.962  129.572    443.6    936.0
     1     1    21     6    16     8     0     0   -37.0   36.093  129.940    439.7    937.1
     1     1    21     6    16     7     0     0   -38.0   36.219  130.320    436.6    939.6
     1     1    21     6    16     6     0     0   -39.0   36.335  130.705    433.7    942.4
     1     1    21     6    16     5     0     0   -40.0   36.443  131.090    428.2    945.6
     1     1    21     6    16     4     0     0   -41.0   36.546  131.469    418.3    949.9
     1     1    21     6    16     3     0     0   -42.0   36.647  131.840    404.1    954.8
     1     1    21     6    16     2     0     0   -43.0   36.747  132.201    386.0    960.5
     1     1    21     6    16     1     0     0   -44.0   36.849  132.551    364.5    965.7
     1     1    21     6    16     0     0     0   -45.0   36.952  132.883    341.3    967.3
     1     1    21     6    15    23     0     0   -46.0   37.048  133.188    319.3    968.5
     1     1    21     6    15    22     0     0   -47.0   37.135  133.465    299.7    969.4
     1     1    21     6    15    21     0     0   -48.0   37.217  133.717    282.6    970.1
     1     1    21     6    15    20     0     0   -49.0   37.297  133.945    267.9    970.7
     1     1    21     6    15    19     0     0   -50.0   37.379  134.155    255.4    971.1
     1     1    21     6    15    18     0     0   -51.0   37.466  134.348    245.1    971.3
     1     1    21     6    15    17     0     0   -52.0   37.557  134.532    236.2    972.0
     1     1    21     6    15    16     0     0   -53.0   37.652  134.712    228.0    973.0
     1     1    21     6    15    15     0     0   -54.0   37.748  134.893    220.8    974.2
     1     1    21     6    15    14     0     0   -55.0   37.845  135.075    214.2    974.8
     1     1    21     6    15    13     0     0   -56.0   37.938  135.257    207.5    974.8
     1     1    21     6    15    12     0     0   -57.0   38.025  135.438    200.3    974.9
     1     1    21     6    15    11     0     0   -58.0   38.109  135.613    193.2    974.3
     1     1    21     6    15    10     0     0   -59.0   38.194  135.775    186.7    973.7
     1     1    21     6    15     9     0     0   -60.0   38.279  135.927    180.9    973.3
     1     1    21     6    15     8     0     0   -61.0   38.367  136.071    175.9    972.9
     1     1    21     6    15     7     0     0   -62.0   38.457  136.211    171.8    972.7
     1     1    21     6    15     6     0     0   -63.0   38.550  136.348    168.5    972.6
     1     1    21     6    15     5     0     0   -64.0   38.641  136.484    166.5    972.8
     1     1    21     6    15     4     0     0   -65.0   38.722  136.619    165.8    972.8
     1     1    21     6    15     3     0     0   -66.0   38.795  136.751    166.5    972.5
     1     1    21     6    15     2     0     0   -67.0   38.860  136.881    168.7    972.0
     1     1    21     6    15     1     0     0   -68.0   38.917  137.007    172.4    971.3
     1     1    21     6    15     0     0     0   -69.0   38.966  137.129    177.6    970.3
     1     1    21     6    14    23     0     0   -70.0   39.010  137.244    184.5    969.0
     1     1    21     6    14    22     0     0   -71.0   39.051  137.352    193.1    967.5
     1     1    21     6    14    21     0     0   -72.0   39.090  137.453    203.5    965.8
     1     1    21     6    14    20     0     0   -73.0   39.127  137.544    215.9    964.1
     1     1    21     6    14    19     0     0   -74.0   39.163  137.627    230.0    962.7
     1     1    21     6    14    18     0     0   -75.0   39.198  137.702    245.9    961.1
     1     1    21     6    14    17     0     0   -76.0   39.231  137.770    262.7    959.6
     1     1    21     6    14    16     0     0   -77.0   39.261  137.834    279.4    958.2
     1     1    21     6    14    15     0     0   -78.0   39.285  137.896    295.9    956.8
     1     1    21     6    14    14     0     0   -79.0   39.305  137.954    312.0    955.4
     1     1    21     6    14    13     0     0   -80.0   39.320  138.010    327.8    954.0
     1     1    21     6    14    12     0     0   -81.0   39.329  138.064    343.2    952.6
     1     1    21     6    14    11     0     0   -82.0   39.340  138.117    358.5    951.2
     1     1    21     6    14    10     0     0   -83.0   39.357  138.167    374.0    949.8
     1     1    21     6    14     9     0     0   -84.0   39.382  138.214    389.7    948.4
     1     1    21     6    14     8     0     0   -85.0   39.415  138.259    405.6    946.8
     1     1    21     6    14     7     0     0   -86.0   39.456  138.303    421.7    945.3
     1     1    21     6    14     6     0     0   -87.0   39.504  138.346    438.0    944.0
     1     1    21     6    14     5     0     0   -88.0   39.549  138.389    455.3    942.7
     1     1    21     6    14     4     0     0   -89.0   39.579  138.436    474.3    940.9
     1     1    21     6    14     3     0     0   -90.0   39.592  138.487    494.8    938.8
     1     1    21     6    14     2     0     0   -91.0   39.588  138.541    516.7    936.4
     1     1    21     6    14     1     0     0   -92.0   39.568  138.601    540.1    933.7
     1     1    21     6    14     0     0     0   -93.0   39.532  138.665    564.8    930.7
     1     1    21     6    13    23     0     0   -94.0   39.488  138.727    589.8    927.5
     1     1    21     6    13    22     0     0   -95.0   39.445  138.781    613.1    924.8
     1     1    21     6    13    21     0     0   -96.0   39.403  138.826    635.0    922.0
