     2     1
    CDC1    21     7     1     0     0
    CDC1    21     8     1     0     0
     1 BACKWARD OMEGA   
  2021     8    10    21   37.500  127.000   500.0
     1 PRESSURE
     1     1    21     8    10    21     0     0     0.0   37.500  127.000    500.0    935.7
     1     1    21     8    10    20     0     0    -1.0   37.440  126.957    478.2    938.1
     1     1    21     8    10    19     0     0    -2.0   37.364  126.885    456.4    940.8
     1     1    21     8    10    18     0     0    -3.0   37.272  126.788    435.0    943.7
     1     1    21     8    10    17     0     0    -4.0   37.172  126.688    415.4    946.8
     1     1    21     8    10    16     0     0    -5.0   37.067  126.605    399.1    949.2
     1     1    21     8    10    15     0     0    -6.0   36.957  126.539    385.8    951.3
     1     1    21     8    10    14     0     0    -7.0   36.842  126.488    375.3    952.7
     1     1    21     8    10    13     0     0    -8.0   36.721  126.451    367.7    953.8
     1     1    21     8    10    12     0     0    -9.0   36.594  126.428    363.0    954.6
     1     1    21     8    10    11     0     0   -10.0   36.464  126.407    360.5    954.9
     1     1    21     8    10    10     0     0   -11.0   36.334  126.381    360.1    955.1
     1     1    21     8    10     9     0     0   -12.0   36.204  126.351    361.5    955.1
     1     1    21     8    10     8     0     0   -13.0   36.075  126.316    364.9    955.1
     1     1    21     8    10     7     0     0   -14.0   35.949  126.277    370.4    954.8
     1     1    21     8    10     6     0     0   -15.0   35.826  126.234    377.9    954.4
     1     1    21     8    10     5     0     0   -16.0   35.709  126.193    385.3    953.7
     1     1    21     8    10     4     0     0   -17.0   35.601  126.158    390.2    953.4
     1     1    21     8    10     3     0     0   -18.0   35.503  126.127    392.1    953.4
     1     1    21     8    10     2     0     0   -19.0   35.415  126.101    390.9    953.8
     1     1    21     8    10     1     0     0   -20.0   35.336  126.080    386.4    954.5
     1     1    21     8    10     0     0     0   -21.0   35.267  126.064    378.3    955.5
     1     1    21     8     9    23     0     0   -22.0   35.205  126.053    367.5    956.5
     1     1    21     8     9    22     0     0   -23.0   35.147  126.047    355.5    957.4
     1     1    21     8     9    21     0     0   -24.0   35.095  126.049    342.1    958.5
     1     1    21     8     9    20     0     0   -25.0   35.047  126.057    327.4    959.7
     1     1    21     8     9    19     0     0   -26.0   35.004  126.072    311.8    961.0
     1     1    21     8     9    18     0     0   -27.0   34.964  126.096    295.4    962.4
     1     1    21     8     9    17     0     0   -28.0   34.934  126.116    281.3    964.1
     1     1    21     8     9    16     0     0   -29.0   34.917  126.124    271.3    965.1
     1     1    21     8     9    15     0     0   -30.0   34.914  126.116    265.2    965.7
     1     1    21     8     9    14     0     0   -31.0   34.925  126.092    262.5    965.9
     1     1    21     8     9    13     0     0   -32.0   34.950  126.052    263.1    965.8
     1     1    21     8     9    12     0     0   -33.0   34.989  125.993    267.1    965.4
     1     1    21     8     9    11     0     0   -34.0   35.038  125.923    272.2    964.6
     1     1    21     8     9    10     0     0   -35.0   35.094  125.849    276.2    964.2
     1     1    21     8     9     9     0     0   -36.0   35.156  125.772    279.1    963.9
     1     1    21     8     9     8     0     0   -37.0   35.223  125.694    280.9    963.8
     1     1    21     8     9     7     0     0   -38.0   35.295  125.616    281.5    963.8
     1     1    21     8     9     6     0     0   -39.0   35.372  125.541    281.1    963.9
     1     1    21     8     9     5     0     0   -40.0   35.458  125.472    281.4    964.3
     1     1    21     8     9     4     0     0   -41.0   35.557  125.415    284.0    964.1
     1     1    21     8     9     3     0     0   -42.0   35.670  125.371    288.9    963.7
     1     1    21     8     9     2     0     0   -43.0   35.796  125.341    296.2    962.9
     1     1    21     8     9     1     0     0   -44.0   35.936  125.327    306.0    961.8
     1     1    21     8     9     0     0     0   -45.0   36.089  125.331    318.2    960.3
     1     1    21     8     8    23     0     0   -46.0   36.254  125.351    331.1    958.5
     1     1    21     8     8    22     0     0   -47.0   36.426  125.385    342.6    956.9
     1     1    21     8     8    21     0     0   -48.0   36.607  125.434    352.4    955.5
     1     1    21     8     8    20     0     0   -49.0   36.796  125.501    360.6    954.1
     1     1    21     8     8    19     0     0   -50.0   36.994  125.588    366.9    952.8
     1     1    21     8     8    18     0     0   -51.0   37.200  125.699    371.5    951.5
     1     1    21     8     8    17     0     0   -52.0   37.407  125.837    374.7    950.1
     1     1    21     8     8    16     0     0   -53.0   37.608  126.003    377.5    947.3
     1     1    21     8     8    15     0     0   -54.0   37.800  126.190    380.0    943.4
     1     1    21     8     8    14     0     0   -55.0   37.983  126.393    382.5    939.5
     1     1    21     8     8    13     0     0   -56.0   38.156  126.611    385.5    935.5
     1     1    21     8     8    12     0     0   -57.0   38.321  126.841    389.3    931.4
     1     1    21     8     8    11     0     0   -58.0   38.469  127.080    392.6    927.2
     1     1    21     8     8    10     0     0   -59.0   38.590  127.322    394.1    923.6
     1     1    21     8     8     9     0     0   -60.0   38.682  127.568    393.4    921.4
     1     1    21     8     8     8     0     0   -61.0   38.745  127.812    390.6    922.4
     1     1    21     8     8     7     0     0   -62.0   38.778  128.052    385.4    924.2
     1     1    21     8     8     6     0     0   -63.0   38.781  128.290    378.1    926.7
     1     1    21     8     8     5     0     0   -64.0   38.776  128.520    370.0    929.5
     1     1    21     8     8     4     0     0   -65.0   38.783  128.736    362.8    931.9
     1     1    21     8     8     3     0     0   -66.0   38.806  128.935    356.4    933.9
     1     1    21     8     8     2     0     0   -67.0   38.845  129.116    351.2    935.5
     1     1    21     8     8     1     0     0   -68.0   38.904  129.275    347.2    936.7
     1     1    21     8     8     0     0     0   -69.0   38.983  129.414    344.5    937.4
     1     1    21     8     7    23     0     0   -70.0   39.070  129.535    342.1    937.5
     1     1    21     8     7    22     0     0   -71.0   39.147  129.645    339.3    937.7
     1     1    21     8     7    21     0     0   -72.0   39.216  129.742    335.9    937.9
     1     1    21     8     7    20     0     0   -73.0   39.273  129.828    331.8    938.2
     1     1    21     8     7    19     0     0   -74.0   39.319  129.903    327.0    938.6
     1     1    21     8     7    18     0     0   -75.0   39.352  129.967    321.6    939.1
     1     1    21     8     7    17     0     0   -76.0   39.377  130.024    316.9    940.3
     1     1    21     8     7    16     0     0   -77.0   39.397  130.081    313.7    941.4
     1     1    21     8     7    15     0     0   -78.0   39.414  130.137    312.4    942.4
     1     1    21     8     7    14     0     0   -79.0   39.426  130.194    312.8    943.2
     1     1    21     8     7    13     0     0   -80.0   39.434  130.251    315.2    943.9
     1     1    21     8     7    12     0     0   -81.0   39.435  130.309    319.7    944.4
     1     1    21     8     7    11     0     0   -82.0   39.435  130.365    323.7    944.4
     1     1    21     8     7    10     0     0   -83.0   39.436  130.413    324.3    944.8
     1     1    21     8     7     9     0     0   -84.0   39.440  130.454    321.6    945.5
     1     1    21     8     7     8     0     0   -85.0   39.445  130.489    315.5    946.4
     1     1    21     8     7     7     0     0   -86.0   39.453  130.519    306.1    947.6
     1     1    21     8     7     6     0     0   -87.0   39.465  130.544    293.8    949.0
     1     1    21     8     7     5     0     0   -88.0   39.475  130.567    280.8    951.1
     1     1    21     8     7     4     0     0   -89.0   39.480  130.593    269.4    952.8
     1     1    21     8     7     3     0     0   -90.0   39.481  130.620    259.5    954.5
     1     1    21     8     7     2     0     0   -91.0   39.477  130.648    251.1    956.1
     1     1    21     8     7     1     0     0   -92.0   39.469  130.675    243.9    957.5
     1     1    21     8     7     0     0     0   -93.0   39.456  130.701    238.0    958.8
     1     1    21     8     6    23     0     0   -94.0   39.437  130.729    234.4    959.8
     1     1    21     8     6    22     0     0   -95.0   39.412  130.762    233.9    960.3
     1     1    21     8     6    21     0     0   -96.0   39.378  130.802    236.7    960.6
