     2     1
    CDC1    21     6     1     0     0
    CDC1    21     7     1     0     0
     1 BACKWARD OMEGA   
  2021     7    23     3   37.500  127.000   500.0
     1 PRESSURE
     1     1    21     7    23     3     0     0     0.0   37.500  127.000    500.0    935.7
     1     1    21     7    23     2     0     0    -1.0   37.441  127.093    504.8    935.1
     1     1    21     7    23     1     0     0    -2.0   37.384  127.197    510.2    934.2
     1     1    21     7    23     0     0     0    -3.0   37.330  127.315    516.1    933.3
     1     1    21     7    22    23     0     0    -4.0   37.278  127.438    521.7    931.8
     1     1    21     7    22    22     0     0    -5.0   37.228  127.559    526.6    931.0
     1     1    21     7    22    21     0     0    -6.0   37.179  127.678    530.7    930.7
     1     1    21     7    22    20     0     0    -7.0   37.132  127.793    533.8    930.6
     1     1    21     7    22    19     0     0    -8.0   37.087  127.905    535.6    930.5
     1     1    21     7    22    18     0     0    -9.0   37.044  128.013    536.3    930.5
     1     1    21     7    22    17     0     0   -10.0   37.006  128.119    537.8    931.2
     1     1    21     7    22    16     0     0   -11.0   36.978  128.223    541.3    931.4
     1     1    21     7    22    15     0     0   -12.0   36.959  128.326    546.9    931.4
     1     1    21     7    22    14     0     0   -13.0   36.948  128.426    554.8    931.1
     1     1    21     7    22    13     0     0   -14.0   36.947  128.524    564.8    930.6
     1     1    21     7    22    12     0     0   -15.0   36.953  128.619    577.1    929.9
     1     1    21     7    22    11     0     0   -16.0   36.962  128.718    591.5    928.8
     1     1    21     7    22    10     0     0   -17.0   36.964  128.826    608.0    927.4
     1     1    21     7    22     9     0     0   -18.0   36.962  128.943    626.6    926.0
     1     1    21     7    22     8     0     0   -19.0   36.955  129.072    647.1    923.9
     1     1    21     7    22     7     0     0   -20.0   36.942  129.212    669.4    921.7
     1     1    21     7    22     6     0     0   -21.0   36.927  129.366    693.2    919.4
     1     1    21     7    22     5     0     0   -22.0   36.910  129.527    717.5    917.0
     1     1    21     7    22     4     0     0   -23.0   36.892  129.686    741.6    914.8
     1     1    21     7    22     3     0     0   -24.0   36.876  129.844    765.3    912.6
     1     1    21     7    22     2     0     0   -25.0   36.860  129.998    788.6    910.4
     1     1    21     7    22     1     0     0   -26.0   36.845  130.149    810.9    909.0
     1     1    21     7    22     0     0     0   -27.0   36.832  130.293    831.5    907.8
     1     1    21     7    21    23     0     0   -28.0   36.816  130.437    849.4    906.8
     1     1    21     7    21    22     0     0   -29.0   36.795  130.585    863.6    906.3
     1     1    21     7    21    21     0     0   -30.0   36.768  130.738    874.6    906.0
     1     1    21     7    21    20     0     0   -31.0   36.733  130.894    882.7    906.0
     1     1    21     7    21    19     0     0   -32.0   36.693  131.055    888.1    906.2
     1     1    21     7    21    18     0     0   -33.0   36.644  131.223    891.3    906.6
     1     1    21     7    21    17     0     0   -34.0   36.595  131.396    893.9    907.2
     1     1    21     7    21    16     0     0   -35.0   36.551  131.577    896.6    907.7
     1     1    21     7    21    15     0     0   -36.0   36.511  131.765    899.7    908.3
     1     1    21     7    21    14     0     0   -37.0   36.477  131.961    903.0    908.9
     1     1    21     7    21    13     0     0   -38.0   36.449  132.165    906.6    909.6
     1     1    21     7    21    12     0     0   -39.0   36.425  132.379    910.5    910.5
     1     1    21     7    21    11     0     0   -40.0   36.408  132.594    913.4    910.0
     1     1    21     7    21    10     0     0   -41.0   36.395  132.803    915.1    908.6
     1     1    21     7    21     9     0     0   -42.0   36.388  133.005    915.8    907.4
     1     1    21     7    21     8     0     0   -43.0   36.387  133.200    915.3    906.3
     1     1    21     7    21     7     0     0   -44.0   36.391  133.387    913.5    905.5
     1     1    21     7    21     6     0     0   -45.0   36.402  133.566    910.2    904.9
     1     1    21     7    21     5     0     0   -46.0   36.412  133.743    906.3    904.8
     1     1    21     7    21     4     0     0   -47.0   36.411  133.927    902.7    904.5
     1     1    21     7    21     3     0     0   -48.0   36.400  134.116    899.7    904.1
     1     1    21     7    21     2     0     0   -49.0   36.377  134.313    897.7    903.4
     1     1    21     7    21     1     0     0   -50.0   36.342  134.517    897.0    902.4
     1     1    21     7    21     0     0     0   -51.0   36.294  134.729    897.9    901.2
     1     1    21     7    20    23     0     0   -52.0   36.238  134.943    900.5    899.3
     1     1    21     7    20    22     0     0   -53.0   36.181  135.152    905.3    896.7
     1     1    21     7    20    21     0     0   -54.0   36.126  135.358    912.3    893.8
     1     1    21     7    20    20     0     0   -55.0   36.074  135.558    921.4    890.9
     1     1    21     7    20    19     0     0   -56.0   36.027  135.755    932.5    887.8
     1     1    21     7    20    18     0     0   -57.0   35.984  135.947    945.6    884.6
     1     1    21     7    20    17     0     0   -58.0   35.946  136.139    960.9    881.5
     1     1    21     7    20    16     0     0   -59.0   35.914  136.334    977.7    878.3
     1     1    21     7    20    15     0     0   -60.0   35.888  136.533    996.6    874.8
     1     1    21     7    20    14     0     0   -61.0   35.867  136.737   1017.6    871.1
     1     1    21     7    20    13     0     0   -62.0   35.850  136.946   1040.9    867.1
     1     1    21     7    20    12     0     0   -63.0   35.838  137.161   1066.5    862.8
     1     1    21     7    20    11     0     0   -64.0   35.832  137.375   1091.0    858.2
     1     1    21     7    20    10     0     0   -65.0   35.835  137.581   1110.3    855.5
     1     1    21     7    20     9     0     0   -66.0   35.844  137.778   1123.9    855.0
     1     1    21     7    20     8     0     0   -67.0   35.859  137.964   1131.0    855.0
     1     1    21     7    20     7     0     0   -68.0   35.879  138.141   1131.3    855.7
     1     1    21     7    20     6     0     0   -69.0   35.903  138.307   1124.7    857.0
     1     1    21     7    20     5     0     0   -70.0   35.929  138.465   1118.1    859.2
     1     1    21     7    20     4     0     0   -71.0   35.956  138.619   1118.6    860.1
     1     1    21     7    20     3     0     0   -72.0   35.987  138.769   1125.9    860.3
     1     1    21     7    20     2     0     0   -73.0   36.020  138.913   1140.1    859.7
     1     1    21     7    20     1     0     0   -74.0   36.058  139.052   1161.4    858.4
     1     1    21     7    20     0     0     0   -75.0   36.101  139.185   1189.9    856.5
     1     1    21     7    19    23     0     0   -76.0   36.145  139.311   1221.1    853.2
     1     1    21     7    19    22     0     0   -77.0   36.183  139.428   1250.1    850.6
     1     1    21     7    19    21     0     0   -78.0   36.215  139.538   1276.7    848.3
     1     1    21     7    19    20     0     0   -79.0   36.243  139.642   1301.0    845.9
     1     1    21     7    19    19     0     0   -80.0   36.264  139.738   1322.7    843.8
     1     1    21     7    19    18     0     0   -81.0   36.280  139.828   1341.9    841.9
     1     1    21     7    19    17     0     0   -82.0   36.295  139.916   1357.8    840.6
     1     1    21     7    19    16     0     0   -83.0   36.316  140.005   1370.0    839.8
     1     1    21     7    19    15     0     0   -84.0   36.341  140.096   1378.4    839.8
     1     1    21     7    19    14     0     0   -85.0   36.371  140.187   1382.6    840.2
     1     1    21     7    19    13     0     0   -86.0   36.405  140.278   1382.5    841.1
     1     1    21     7    19    12     0     0   -87.0   36.445  140.368   1378.0    842.4
     1     1    21     7    19    11     0     0   -88.0   36.485  140.454   1374.0    843.7
     1     1    21     7    19    10     0     0   -89.0   36.519  140.532   1376.7    843.8
     1     1    21     7    19     9     0     0   -90.0   36.550  140.602   1385.9    843.1
     1     1    21     7    19     8     0     0   -91.0   36.576  140.665   1401.5    841.8
     1     1    21     7    19     7     0     0   -92.0   36.598  140.721   1423.7    839.8
     1     1    21     7    19     6     0     0   -93.0   36.617  140.769   1452.5    837.0
     1     1    21     7    19     5     0     0   -94.0   36.637  140.813   1484.6    834.1
     1     1    21     7    19     4     0     0   -95.0   36.664  140.856   1515.6    831.7
     1     1    21     7    19     3     0     0   -96.0   36.695  140.898   1545.8    829.4
