     2     1
    CDC1    21     2     1     0     0
    CDC1    21     3     1     0     0
     1 BACKWARD OMEGA   
  2021     3    11     3   37.500  127.000   500.0
     1 PRESSURE
     1     1    21     3    11     3     0     0     0.0   37.500  127.000    500.0    948.0
     1     1    21     3    11     2     0     0    -1.0   37.437  126.847    506.0    948.7
     1     1    21     3    11     1     0     0    -2.0   37.371  126.694    509.2    950.0
     1     1    21     3    11     0     0     0    -3.0   37.304  126.543    509.8    951.4
     1     1    21     3    10    23     0     0    -4.0   37.224  126.401    509.4    952.1
     1     1    21     3    10    22     0     0    -5.0   37.123  126.270    510.7    952.4
     1     1    21     3    10    21     0     0    -6.0   37.003  126.152    513.7    952.6
     1     1    21     3    10    20     0     0    -7.0   36.866  126.045    518.9    952.5
     1     1    21     3    10    19     0     0    -8.0   36.716  125.949    526.5    952.2
     1     1    21     3    10    18     0     0    -9.0   36.554  125.866    537.0    951.5
     1     1    21     3    10    17     0     0   -10.0   36.394  125.803    549.6    950.7
     1     1    21     3    10    16     0     0   -11.0   36.248  125.770    564.0    949.6
     1     1    21     3    10    15     0     0   -12.0   36.116  125.762    579.9    948.2
     1     1    21     3    10    14     0     0   -13.0   35.999  125.777    597.4    946.5
     1     1    21     3    10    13     0     0   -14.0   35.895  125.813    616.6    944.5
     1     1    21     3    10    12     0     0   -15.0   35.806  125.867    637.3    942.0
     1     1    21     3    10    11     0     0   -16.0   35.733  125.938    659.5    939.0
     1     1    21     3    10    10     0     0   -17.0   35.674  126.026    682.6    935.9
     1     1    21     3    10     9     0     0   -18.0   35.632  126.130    706.9    932.6
     1     1    21     3    10     8     0     0   -19.0   35.604  126.247    732.6    929.0
     1     1    21     3    10     7     0     0   -20.0   35.593  126.377    759.8    925.3
     1     1    21     3    10     6     0     0   -21.0   35.597  126.519    788.8    921.3
     1     1    21     3    10     5     0     0   -22.0   35.622  126.665    819.5    917.1
     1     1    21     3    10     4     0     0   -23.0   35.676  126.807    851.0    912.9
     1     1    21     3    10     3     0     0   -24.0   35.756  126.947    882.7    908.6
     1     1    21     3    10     2     0     0   -25.0   35.863  127.086    914.1    904.5
     1     1    21     3    10     1     0     0   -26.0   35.995  127.226    944.6    900.1
     1     1    21     3    10     0     0     0   -27.0   36.154  127.368    973.5    895.8
     1     1    21     3     9    23     0     0   -28.0   36.336  127.506   1003.7    891.3
     1     1    21     3     9    22     0     0   -29.0   36.542  127.628   1038.5    886.7
     1     1    21     3     9    21     0     0   -30.0   36.772  127.733   1078.0    881.8
     1     1    21     3     9    20     0     0   -31.0   37.028  127.819   1122.4    876.5
     1     1    21     3     9    19     0     0   -32.0   37.310  127.884   1172.3    870.8
     1     1    21     3     9    18     0     0   -33.0   37.620  127.926   1228.6    862.9
     1     1    21     3     9    17     0     0   -34.0   37.956  127.921   1292.0    851.2
     1     1    21     3     9    16     0     0   -35.0   38.316  127.847   1363.7    837.3
     1     1    21     3     9    15     0     0   -36.0   38.702  127.699   1444.0    821.8
     1     1    21     3     9    14     0     0   -37.0   39.121  127.477   1534.2    804.7
     1     1    21     3     9    13     0     0   -38.0   39.570  127.182   1636.8    789.7
     1     1    21     3     9    12     0     0   -39.0   40.045  126.817   1750.9    774.5
     1     1    21     3     9    11     0     0   -40.0   40.526  126.403   1874.0    761.7
     1     1    21     3     9    10     0     0   -41.0   40.992  125.954   1993.1    751.4
     1     1    21     3     9     9     0     0   -42.0   41.451  125.462   2105.2    743.1
     1     1    21     3     9     8     0     0   -43.0   41.914  124.923   2207.9    736.7
     1     1    21     3     9     7     0     0   -44.0   42.381  124.334   2296.6    730.6
     1     1    21     3     9     6     0     0   -45.0   42.858  123.722   2376.5    729.5
     1     1    21     3     9     5     0     0   -46.0   43.343  123.122   2449.3    728.0
     1     1    21     3     9     4     0     0   -47.0   43.829  122.530   2521.7    723.9
     1     1    21     3     9     3     0     0   -48.0   44.319  121.915   2582.3    708.0
     1     1    21     3     9     2     0     0   -49.0   44.815  121.254   2642.7    689.8
     1     1    21     3     9     1     0     0   -50.0   45.338  120.553   2707.9    668.2
     1     1    21     3     9     0     0     0   -51.0   45.915  119.833   2792.8    646.6
     1     1    21     3     8    23     0     0   -52.0   46.527  119.088   2899.0    630.7
     1     1    21     3     8    22     0     0   -53.0   47.140  118.297   3010.4    620.1
     1     1    21     3     8    21     0     0   -54.0   47.763  117.449   3126.7    613.1
     1     1    21     3     8    20     0     0   -55.0   48.384  116.560   3239.0    606.1
     1     1    21     3     8    19     0     0   -56.0   49.004  115.646   3346.0    599.1
     1     1    21     3     8    18     0     0   -57.0   49.660  114.698   3451.1    587.6
     1     1    21     3     8    17     0     0   -58.0   50.339  113.707   3544.8    566.8
     1     1    21     3     8    16     0     0   -59.0   51.017  112.663   3644.1    547.2
     1     1    21     3     8    15     0     0   -60.0   51.699  111.558   3771.8    535.2
     1     1    21     3     8    14     0     0   -61.0   52.396  110.378   3925.2    528.0
     1     1    21     3     8    13     0     0   -62.0   53.110  109.143   4097.3    522.9
     1     1    21     3     8    12     0     0   -63.0   53.827  107.875   4277.9    521.0
     1     1    21     3     8    11     0     0   -64.0   54.517  106.552   4441.0    517.3
     1     1    21     3     8    10     0     0   -65.0   55.150  105.166   4597.8    518.2
     1     1    21     3     8     9     0     0   -66.0   55.739  103.723   4712.6    510.4
     1     1    21     3     8     8     0     0   -67.0   56.300  102.225   4822.1    504.6
     1     1    21     3     8     7     0     0   -68.0   56.841  100.657   4927.8    500.3
     1     1    21     3     8     6     0     0   -69.0   57.358   99.015   5032.1    500.9
     1     1    21     3     8     5     0     0   -70.0   57.820   97.311   5096.5    497.6
     1     1    21     3     8     4     0     0   -71.0   58.197   95.560   5122.7    492.0
     1     1    21     3     8     3     0     0   -72.0   58.497   93.767   5138.2    488.5
     1     1    21     3     8     2     0     0   -73.0   58.735   91.932   5151.6    487.0
     1     1    21     3     8     1     0     0   -74.0   58.926   90.059   5171.1    487.1
     1     1    21     3     8     0     0     0   -75.0   59.080   88.163   5199.1    489.2
     1     1    21     3     7    23     0     0   -76.0   59.154   86.301   5209.7    492.3
     1     1    21     3     7    22     0     0   -77.0   59.112   84.538   5193.9    496.4
     1     1    21     3     7    21     0     0   -78.0   58.979   82.865   5156.9    500.6
     1     1    21     3     7    20     0     0   -79.0   58.777   81.260   5101.8    503.8
     1     1    21     3     7    19     0     0   -80.0   58.522   79.698   5028.9    507.8
     1     1    21     3     7    18     0     0   -81.0   58.221   78.167   4931.2    514.6
     1     1    21     3     7    17     0     0   -82.0   57.881   76.683   4805.6    524.7
     1     1    21     3     7    16     0     0   -83.0   57.511   75.249   4671.9    536.7
     1     1    21     3     7    15     0     0   -84.0   57.129   73.859   4542.4    547.5
     1     1    21     3     7    14     0     0   -85.0   56.740   72.497   4433.9    555.6
     1     1    21     3     7    13     0     0   -86.0   56.332   71.137   4341.1    560.4
     1     1    21     3     7    12     0     0   -87.0   55.888   69.759   4260.1    563.5
     1     1    21     3     7    11     0     0   -88.0   55.411   68.373   4186.1    567.1
     1     1    21     3     7    10     0     0   -89.0   54.930   67.010   4105.6    572.5
     1     1    21     3     7     9     0     0   -90.0   54.468   65.701   4024.6    579.5
     1     1    21     3     7     8     0     0   -91.0   54.039   64.461   3941.7    584.9
     1     1    21     3     7     7     0     0   -92.0   53.638   63.267   3852.8    588.7
     1     1    21     3     7     6     0     0   -93.0   53.255   62.094   3757.0    592.4
     1     1    21     3     7     5     0     0   -94.0   52.876   60.919   3655.7    596.2
     1     1    21     3     7     4     0     0   -95.0   52.494   59.729   3554.5    601.0
     1     1    21     3     7     3     0     0   -96.0   52.122   58.547   3471.3    610.5
