     2     1
    CDC1    21     1     1     0     0
    CDC1    21     2     1     0     0
     1 BACKWARD OMEGA   
  2021     2     1     9   37.500  127.000   500.0
     1 PRESSURE
     1     1    21     2     1     9     0     0     0.0   37.500  127.000    500.0    934.1
     1     1    21     2     1     8     0     0    -1.0   37.691  126.642    533.7    929.6
     1     1    21     2     1     7     0     0    -2.0   37.893  126.284    566.3    925.1
     1     1    21     2     1     6     0     0    -3.0   38.109  125.927    597.3    920.8
     1     1    21     2     1     5     0     0    -4.0   38.336  125.582    627.9    916.8
     1     1    21     2     1     4     0     0    -5.0   38.563  125.253    658.4    912.1
     1     1    21     2     1     3     0     0    -6.0   38.788  124.932    688.3    907.7
     1     1    21     2     1     2     0     0    -7.0   39.007  124.615    717.5    904.0
     1     1    21     2     1     1     0     0    -8.0   39.218  124.300    746.1    900.9
     1     1    21     2     1     0     0     0    -9.0   39.425  123.982    774.6    898.3
     1     1    21     1    31    23     0     0   -10.0   39.617  123.643    801.0    896.8
     1     1    21     1    31    22     0     0   -11.0   39.786  123.266    822.3    897.3
     1     1    21     1    31    21     0     0   -12.0   39.935  122.849    840.2    899.1
     1     1    21     1    31    20     0     0   -13.0   40.070  122.390    855.6    900.5
     1     1    21     1    31    19     0     0   -14.0   40.190  121.884    869.9    897.0
     1     1    21     1    31    18     0     0   -15.0   40.299  121.329    887.9    892.2
     1     1    21     1    31    17     0     0   -16.0   40.391  120.750    911.4    886.1
     1     1    21     1    31    16     0     0   -17.0   40.453  120.171    937.3    879.5
     1     1    21     1    31    15     0     0   -18.0   40.480  119.584    961.6    868.4
     1     1    21     1    31    14     0     0   -19.0   40.473  118.984    984.5    856.1
     1     1    21     1    31    13     0     0   -20.0   40.440  118.365   1007.3    844.3
     1     1    21     1    31    12     0     0   -21.0   40.393  117.725   1031.4    832.7
     1     1    21     1    31    11     0     0   -22.0   40.345  117.068   1058.6    819.9
     1     1    21     1    31    10     0     0   -23.0   40.307  116.397   1090.3    805.1
     1     1    21     1    31     9     0     0   -24.0   40.283  115.697   1126.0    789.2
     1     1    21     1    31     8     0     0   -25.0   40.280  114.951   1166.3    771.8
     1     1    21     1    31     7     0     0   -26.0   40.307  114.143   1208.5    757.2
     1     1    21     1    31     6     0     0   -27.0   40.378  113.261   1247.1    742.6
     1     1    21     1    31     5     0     0   -28.0   40.497  112.328   1279.2    730.2
     1     1    21     1    31     4     0     0   -29.0   40.642  111.389   1301.9    726.7
     1     1    21     1    31     3     0     0   -30.0   40.793  110.458   1314.0    725.6
     1     1    21     1    31     2     0     0   -31.0   40.944  109.535   1320.3    726.2
     1     1    21     1    31     1     0     0   -32.0   41.093  108.619   1322.5    727.0
     1     1    21     1    31     0     0     0   -33.0   41.246  107.708   1321.9    727.4
     1     1    21     1    30    23     0     0   -34.0   41.411  106.812   1321.0    728.7
     1     1    21     1    30    22     0     0   -35.0   41.594  105.940   1320.8    729.7
     1     1    21     1    30    21     0     0   -36.0   41.794  105.084   1323.4    729.5
     1     1    21     1    30    20     0     0   -37.0   42.006  104.236   1332.1    731.5
     1     1    21     1    30    19     0     0   -38.0   42.217  103.393   1348.0    734.8
     1     1    21     1    30    18     0     0   -39.0   42.427  102.548   1372.8    738.9
     1     1    21     1    30    17     0     0   -40.0   42.634  101.710   1398.7    734.9
     1     1    21     1    30    16     0     0   -41.0   42.841  100.888   1427.0    727.2
     1     1    21     1    30    15     0     0   -42.0   43.048  100.074   1461.8    717.4
     1     1    21     1    30    14     0     0   -43.0   43.257   99.269   1503.1    704.0
     1     1    21     1    30    13     0     0   -44.0   43.466   98.478   1552.9    690.4
     1     1    21     1    30    12     0     0   -45.0   43.677   97.704   1614.2    676.2
     1     1    21     1    30    11     0     0   -46.0   43.896   96.972   1681.8    665.7
     1     1    21     1    30    10     0     0   -47.0   44.125   96.301   1742.1    659.2
     1     1    21     1    30     9     0     0   -48.0   44.358   95.682   1791.8    654.3
     1     1    21     1    30     8     0     0   -49.0   44.591   95.104   1829.9    650.8
     1     1    21     1    30     7     0     0   -50.0   44.821   94.563   1858.7    651.8
     1     1    21     1    30     6     0     0   -51.0   45.042   94.055   1876.6    655.4
     1     1    21     1    30     5     0     0   -52.0   45.263   93.566   1887.5    660.1
     1     1    21     1    30     4     0     0   -53.0   45.492   93.083   1897.0    663.6
     1     1    21     1    30     3     0     0   -54.0   45.728   92.607   1905.9    665.9
     1     1    21     1    30     2     0     0   -55.0   45.972   92.137   1914.1    665.5
     1     1    21     1    30     1     0     0   -56.0   46.224   91.676   1924.7    663.3
     1     1    21     1    30     0     0     0   -57.0   46.482   91.225   1939.1    659.8
     1     1    21     1    29    23     0     0   -58.0   46.742   90.793   1954.5    655.2
     1     1    21     1    29    22     0     0   -59.0   47.002   90.389   1964.5    650.5
     1     1    21     1    29    21     0     0   -60.0   47.264   90.009   1968.5    645.5
     1     1    21     1    29    20     0     0   -61.0   47.529   89.650   1969.7    643.4
     1     1    21     1    29    19     0     0   -62.0   47.800   89.294   1965.4    643.1
     1     1    21     1    29    18     0     0   -63.0   48.077   88.922   1951.1    643.0
     1     1    21     1    29    17     0     0   -64.0   48.365   88.529   1932.9    642.7
     1     1    21     1    29    16     0     0   -65.0   48.666   88.105   1917.1    640.4
     1     1    21     1    29    15     0     0   -66.0   48.975   87.644   1901.8    636.9
     1     1    21     1    29    14     0     0   -67.0   49.284   87.146   1892.6    638.6
     1     1    21     1    29    13     0     0   -68.0   49.581   86.610   1886.8    644.6
     1     1    21     1    29    12     0     0   -69.0   49.857   86.039   1879.2    653.4
     1     1    21     1    29    11     0     0   -70.0   50.112   85.444   1874.0    670.3
     1     1    21     1    29    10     0     0   -71.0   50.353   84.837   1871.5    694.2
     1     1    21     1    29     9     0     0   -72.0   50.582   84.215   1865.9    717.0
     1     1    21     1    29     8     0     0   -73.0   50.797   83.579   1858.7    738.9
     1     1    21     1    29     7     0     0   -74.0   50.996   82.924   1849.8    760.1
     1     1    21     1    29     6     0     0   -75.0   51.175   82.249   1835.7    777.1
     1     1    21     1    29     5     0     0   -76.0   51.338   81.560   1815.9    787.6
     1     1    21     1    29     4     0     0   -77.0   51.489   80.867   1796.9    797.5
     1     1    21     1    29     3     0     0   -78.0   51.633   80.165   1776.8    807.4
     1     1    21     1    29     2     0     0   -79.0   51.772   79.448   1750.5    812.6
     1     1    21     1    29     1     0     0   -80.0   51.909   78.713   1719.1    816.7
     1     1    21     1    29     0     0     0   -81.0   52.046   77.953   1682.5    821.2
     1     1    21     1    28    23     0     0   -82.0   52.178   77.169   1641.8    825.8
     1     1    21     1    28    22     0     0   -83.0   52.299   76.370   1600.2    829.2
     1     1    21     1    28    21     0     0   -84.0   52.406   75.556   1559.1    831.9
     1     1    21     1    28    20     0     0   -85.0   52.501   74.724   1519.0    834.0
     1     1    21     1    28    19     0     0   -86.0   52.583   73.880   1480.9    834.9
     1     1    21     1    28    18     0     0   -87.0   52.653   73.025   1445.3    835.3
     1     1    21     1    28    17     0     0   -88.0   52.719   72.160   1415.6    836.8
     1     1    21     1    28    16     0     0   -89.0   52.784   71.290   1395.5    838.9
     1     1    21     1    28    15     0     0   -90.0   52.838   70.419   1384.4    839.8
     1     1    21     1    28    14     0     0   -91.0   52.875   69.552   1383.0    840.9
     1     1    21     1    28    13     0     0   -92.0   52.885   68.696   1390.2    842.4
     1     1    21     1    28    12     0     0   -93.0   52.862   67.857   1403.8    843.0
     1     1    21     1    28    11     0     0   -94.0   52.809   67.059   1420.1    842.4
     1     1    21     1    28    10     0     0   -95.0   52.733   66.323   1436.7    841.6
     1     1    21     1    28     9     0     0   -96.0   52.635   65.651   1454.1    840.7
