     3     1
    CDC1    20    12     1     0     0
    CDC1    21     1     1     0     0
    CDC1    21     2     1     0     0
     1 BACKWARD OMEGA   
  2021     1    31     0   37.500  127.000   500.0
     1 PRESSURE
     1     1    21     1    31     0     0     0     0.0   37.500  127.000    500.0    946.3
     1     1    21     1    30    23     0     0    -1.0   37.315  126.947    506.9    946.5
     1     1    21     1    30    22     0     0    -2.0   37.156  126.889    517.9    945.9
     1     1    21     1    30    21     0     0    -3.0   37.021  126.827    532.7    944.9
     1     1    21     1    30    20     0     0    -4.0   36.910  126.759    551.0    943.4
     1     1    21     1    30    19     0     0    -5.0   36.820  126.686    572.5    941.6
     1     1    21     1    30    18     0     0    -6.0   36.753  126.608    597.0    939.5
     1     1    21     1    30    17     0     0    -7.0   36.703  126.516    624.3    937.1
     1     1    21     1    30    16     0     0    -8.0   36.665  126.403    653.5    934.0
     1     1    21     1    30    15     0     0    -9.0   36.642  126.269    685.2    930.8
     1     1    21     1    30    14     0     0   -10.0   36.634  126.116    719.7    927.3
     1     1    21     1    30    13     0     0   -11.0   36.642  125.946    757.8    923.6
     1     1    21     1    30    12     0     0   -12.0   36.665  125.760    800.4    919.6
     1     1    21     1    30    11     0     0   -13.0   36.702  125.554    844.2    915.1
     1     1    21     1    30    10     0     0   -14.0   36.748  125.326    885.3    911.6
     1     1    21     1    30     9     0     0   -15.0   36.806  125.077    923.6    908.7
     1     1    21     1    30     8     0     0   -16.0   36.877  124.812    957.8    905.1
     1     1    21     1    30     7     0     0   -17.0   36.961  124.533    987.2    902.0
     1     1    21     1    30     6     0     0   -18.0   37.058  124.248   1011.5    899.6
     1     1    21     1    30     5     0     0   -19.0   37.158  123.957   1030.9    897.5
     1     1    21     1    30     4     0     0   -20.0   37.252  123.658   1047.4    895.8
     1     1    21     1    30     3     0     0   -21.0   37.347  123.348   1061.5    894.6
     1     1    21     1    30     2     0     0   -22.0   37.449  123.026   1074.8    893.6
     1     1    21     1    30     1     0     0   -23.0   37.565  122.688   1088.9    892.3
     1     1    21     1    30     0     0     0   -24.0   37.703  122.336   1105.9    890.1
     1     1    21     1    29    23     0     0   -25.0   37.843  121.959   1120.2    887.1
     1     1    21     1    29    22     0     0   -26.0   37.967  121.551   1126.3    885.9
     1     1    21     1    29    21     0     0   -27.0   38.080  121.111   1127.4    885.2
     1     1    21     1    29    20     0     0   -28.0   38.189  120.637   1127.0    884.6
     1     1    21     1    29    19     0     0   -29.0   38.303  120.129   1129.7    883.5
     1     1    21     1    29    18     0     0   -30.0   38.430  119.587   1139.9    879.1
     1     1    21     1    29    17     0     0   -31.0   38.565  119.044   1160.4    871.8
     1     1    21     1    29    16     0     0   -32.0   38.700  118.520   1188.6    863.0
     1     1    21     1    29    15     0     0   -33.0   38.842  117.998   1221.9    853.0
     1     1    21     1    29    14     0     0   -34.0   38.994  117.464   1258.1    841.2
     1     1    21     1    29    13     0     0   -35.0   39.160  116.904   1292.7    823.5
     1     1    21     1    29    12     0     0   -36.0   39.348  116.308   1328.0    804.5
     1     1    21     1    29    11     0     0   -37.0   39.557  115.677   1366.5    784.2
     1     1    21     1    29    10     0     0   -38.0   39.781  115.008   1408.7    761.9
     1     1    21     1    29     9     0     0   -39.0   40.014  114.296   1450.3    741.5
     1     1    21     1    29     8     0     0   -40.0   40.252  113.545   1488.6    725.4
     1     1    21     1    29     7     0     0   -41.0   40.501  112.754   1523.7    712.6
     1     1    21     1    29     6     0     0   -42.0   40.761  111.939   1560.7    706.9
     1     1    21     1    29     5     0     0   -43.0   41.029  111.138   1595.1    705.1
     1     1    21     1    29     4     0     0   -44.0   41.304  110.375   1621.7    705.6
     1     1    21     1    29     3     0     0   -45.0   41.579  109.648   1638.2    706.9
     1     1    21     1    29     2     0     0   -46.0   41.853  108.957   1644.2    707.6
     1     1    21     1    29     1     0     0   -47.0   42.132  108.302   1643.6    708.0
     1     1    21     1    29     0     0     0   -48.0   42.422  107.681   1641.1    707.9
     1     1    21     1    28    23     0     0   -49.0   42.718  107.068   1642.8    706.3
     1     1    21     1    28    22     0     0   -50.0   43.010  106.436   1657.5    702.6
     1     1    21     1    28    21     0     0   -51.0   43.296  105.787   1683.5    697.1
     1     1    21     1    28    20     0     0   -52.0   43.571  105.127   1719.9    690.2
     1     1    21     1    28    19     0     0   -53.0   43.834  104.466   1764.3    683.2
     1     1    21     1    28    18     0     0   -54.0   44.088  103.818   1811.9    674.9
     1     1    21     1    28    17     0     0   -55.0   44.353  103.193   1861.2    665.1
     1     1    21     1    28    16     0     0   -56.0   44.642  102.595   1911.1    653.4
     1     1    21     1    28    15     0     0   -57.0   44.948  102.011   1959.3    638.2
     1     1    21     1    28    14     0     0   -58.0   45.272  101.423   2009.1    625.0
     1     1    21     1    28    13     0     0   -59.0   45.621  100.815   2057.2    611.4
     1     1    21     1    28    12     0     0   -60.0   45.999  100.184   2103.9    596.1
     1     1    21     1    28    11     0     0   -61.0   46.395   99.544   2156.1    584.1
     1     1    21     1    28    10     0     0   -62.0   46.787   98.915   2208.6    574.2
     1     1    21     1    28     9     0     0   -63.0   47.162   98.302   2259.7    564.8
     1     1    21     1    28     8     0     0   -64.0   47.512   97.708   2306.9    556.5
     1     1    21     1    28     7     0     0   -65.0   47.834   97.112   2361.1    561.0
     1     1    21     1    28     6     0     0   -66.0   48.129   96.496   2404.7    569.8
     1     1    21     1    28     5     0     0   -67.0   48.411   95.863   2442.5    580.0
     1     1    21     1    28     4     0     0   -68.0   48.692   95.216   2483.6    590.0
     1     1    21     1    28     3     0     0   -69.0   48.970   94.557   2517.4    595.0
     1     1    21     1    28     2     0     0   -70.0   49.245   93.889   2542.7    596.0
     1     1    21     1    28     1     0     0   -71.0   49.518   93.223   2561.5    595.2
     1     1    21     1    28     0     0     0   -72.0   49.788   92.569   2573.4    592.9
     1     1    21     1    27    23     0     0   -73.0   50.055   91.917   2570.8    585.0
     1     1    21     1    27    22     0     0   -74.0   50.316   91.235   2562.5    580.5
     1     1    21     1    27    21     0     0   -75.0   50.568   90.509   2547.1    578.1
     1     1    21     1    27    20     0     0   -76.0   50.804   89.742   2531.2    580.8
     1     1    21     1    27    19     0     0   -77.0   51.025   88.943   2522.0    591.3
     1     1    21     1    27    18     0     0   -78.0   51.231   88.122   2512.7    601.9
     1     1    21     1    27    17     0     0   -79.0   51.429   87.299   2508.9    615.7
     1     1    21     1    27    16     0     0   -80.0   51.622   86.481   2514.6    638.8
     1     1    21     1    27    15     0     0   -81.0   51.805   85.655   2516.4    661.2
     1     1    21     1    27    14     0     0   -82.0   51.974   84.814   2514.8    682.5
     1     1    21     1    27    13     0     0   -83.0   52.128   83.959   2506.8    702.8
     1     1    21     1    27    12     0     0   -84.0   52.267   83.098   2491.7    722.9
     1     1    21     1    27    11     0     0   -85.0   52.391   82.250   2467.1    739.5
     1     1    21     1    27    10     0     0   -86.0   52.512   81.421   2426.1    749.9
     1     1    21     1    27     9     0     0   -87.0   52.639   80.599   2376.5    757.4
     1     1    21     1    27     8     0     0   -88.0   52.775   79.777   2323.5    763.1
     1     1    21     1    27     7     0     0   -89.0   52.924   78.951   2267.4    765.2
     1     1    21     1    27     6     0     0   -90.0   53.091   78.120   2215.0    767.4
     1     1    21     1    27     5     0     0   -91.0   53.270   77.289   2168.4    769.9
     1     1    21     1    27     4     0     0   -92.0   53.454   76.462   2124.7    772.3
     1     1    21     1    27     3     0     0   -93.0   53.642   75.635   2084.6    775.5
     1     1    21     1    27     2     0     0   -94.0   53.833   74.807   2046.8    779.2
     1     1    21     1    27     1     0     0   -95.0   54.032   73.968   2008.8    782.2
     1     1    21     1    27     0     0     0   -96.0   54.243   73.115   1970.3    785.8
