     2     1
    CDC1    21     9     1     0     0
    CDC1    21    10     1     0     0
     1 BACKWARD OMEGA   
  2021    10    24    15   37.500  127.000   500.0
     1 PRESSURE
     1     1    21    10    24    15     0     0     0.0   37.500  127.000    500.0    946.1
     1     1    21    10    24    14     0     0    -1.0   37.503  126.896    508.0    945.7
     1     1    21    10    24    13     0     0    -2.0   37.508  126.803    516.2    945.2
     1     1    21    10    24    12     0     0    -3.0   37.514  126.720    524.7    944.6
     1     1    21    10    24    11     0     0    -4.0   37.522  126.644    533.7    944.0
     1     1    21    10    24    10     0     0    -5.0   37.531  126.569    542.8    943.3
     1     1    21    10    24     9     0     0    -6.0   37.541  126.494    552.0    942.7
     1     1    21    10    24     8     0     0    -7.0   37.553  126.420    561.5    942.0
     1     1    21    10    24     7     0     0    -8.0   37.567  126.347    571.0    941.4
     1     1    21    10    24     6     0     0    -9.0   37.583  126.273    580.6    940.7
     1     1    21    10    24     5     0     0   -10.0   37.599  126.199    589.8    940.2
     1     1    21    10    24     4     0     0   -11.0   37.611  126.126    598.8    939.8
     1     1    21    10    24     3     0     0   -12.0   37.619  126.053    607.3    939.6
     1     1    21    10    24     2     0     0   -13.0   37.623  125.980    615.4    939.4
     1     1    21    10    24     1     0     0   -14.0   37.624  125.908    622.9    939.3
     1     1    21    10    24     0     0     0   -15.0   37.622  125.837    629.8    939.2
     1     1    21    10    23    23     0     0   -16.0   37.619  125.764    636.2    938.8
     1     1    21    10    23    22     0     0   -17.0   37.620  125.684    641.7    938.5
     1     1    21    10    23    21     0     0   -18.0   37.623  125.599    646.5    938.3
     1     1    21    10    23    20     0     0   -19.0   37.629  125.508    650.4    938.2
     1     1    21    10    23    19     0     0   -20.0   37.637  125.410    653.5    938.3
     1     1    21    10    23    18     0     0   -21.0   37.647  125.306    655.7    938.4
     1     1    21    10    23    17     0     0   -22.0   37.659  125.199    658.6    938.7
     1     1    21    10    23    16     0     0   -23.0   37.675  125.092    663.5    938.6
     1     1    21    10    23    15     0     0   -24.0   37.694  124.986    670.8    938.1
     1     1    21    10    23    14     0     0   -25.0   37.715  124.881    680.6    937.1
     1     1    21    10    23    13     0     0   -26.0   37.738  124.778    693.4    935.7
     1     1    21    10    23    12     0     0   -27.0   37.762  124.677    709.3    934.0
     1     1    21    10    23    11     0     0   -28.0   37.788  124.575    727.7    932.1
     1     1    21    10    23    10     0     0   -29.0   37.814  124.465    748.0    930.0
     1     1    21    10    23     9     0     0   -30.0   37.842  124.346    770.0    927.8
     1     1    21    10    23     8     0     0   -31.0   37.874  124.219    793.6    925.5
     1     1    21    10    23     7     0     0   -32.0   37.910  124.083    818.8    923.1
     1     1    21    10    23     6     0     0   -33.0   37.951  123.937    845.2    920.6
     1     1    21    10    23     5     0     0   -34.0   37.993  123.793    870.8    917.9
     1     1    21    10    23     4     0     0   -35.0   38.026  123.666    893.6    915.8
     1     1    21    10    23     3     0     0   -36.0   38.051  123.557    913.4    914.0
     1     1    21    10    23     2     0     0   -37.0   38.066  123.464    929.8    912.7
     1     1    21    10    23     1     0     0   -38.0   38.072  123.388    942.8    911.4
     1     1    21    10    23     0     0     0   -39.0   38.068  123.330    952.1    910.6
     1     1    21    10    22    23     0     0   -40.0   38.065  123.281    959.7    910.0
     1     1    21    10    22    22     0     0   -41.0   38.071  123.235    967.6    909.0
     1     1    21    10    22    21     0     0   -42.0   38.086  123.190    975.9    908.0
     1     1    21    10    22    20     0     0   -43.0   38.110  123.146    984.4    906.9
     1     1    21    10    22    19     0     0   -44.0   38.142  123.102    993.1    905.7
     1     1    21    10    22    18     0     0   -45.0   38.183  123.057   1002.0    904.5
     1     1    21    10    22    17     0     0   -46.0   38.241  123.018   1013.6    903.2
     1     1    21    10    22    16     0     0   -47.0   38.324  122.988   1030.5    900.9
     1     1    21    10    22    15     0     0   -48.0   38.431  122.968   1053.0    897.8
     1     1    21    10    22    14     0     0   -49.0   38.559  122.959   1082.0    893.8
     1     1    21    10    22    13     0     0   -50.0   38.707  122.961   1118.3    889.0
     1     1    21    10    22    12     0     0   -51.0   38.870  122.973   1163.1    883.1
     1     1    21    10    22    11     0     0   -52.0   39.041  122.987   1213.3    876.2
     1     1    21    10    22    10     0     0   -53.0   39.215  122.992   1264.3    869.7
     1     1    21    10    22     9     0     0   -54.0   39.392  122.991   1316.4    862.9
     1     1    21    10    22     8     0     0   -55.0   39.575  122.986   1369.7    855.7
     1     1    21    10    22     7     0     0   -56.0   39.763  122.979   1424.4    848.4
     1     1    21    10    22     6     0     0   -57.0   39.957  122.973   1480.7    841.0
     1     1    21    10    22     5     0     0   -58.0   40.156  122.970   1537.1    833.5
     1     1    21    10    22     4     0     0   -59.0   40.357  122.967   1592.1    826.4
     1     1    21    10    22     3     0     0   -60.0   40.561  122.964   1645.0    819.7
     1     1    21    10    22     2     0     0   -61.0   40.771  122.962   1695.2    813.2
     1     1    21    10    22     1     0     0   -62.0   40.988  122.964   1742.3    806.7
     1     1    21    10    22     0     0     0   -63.0   41.212  122.969   1786.1    800.5
     1     1    21    10    21    23     0     0   -64.0   41.441  122.967   1826.9    795.0
     1     1    21    10    21    22     0     0   -65.0   41.670  122.949   1865.9    789.8
     1     1    21    10    21    21     0     0   -66.0   41.898  122.915   1903.7    784.8
     1     1    21    10    21    20     0     0   -67.0   42.126  122.866   1940.9    780.1
     1     1    21    10    21    19     0     0   -68.0   42.353  122.805   1978.1    775.4
     1     1    21    10    21    18     0     0   -69.0   42.580  122.731   2016.4    771.4
     1     1    21    10    21    17     0     0   -70.0   42.807  122.644   2056.1    768.5
     1     1    21    10    21    16     0     0   -71.0   43.036  122.548   2092.7    765.8
     1     1    21    10    21    15     0     0   -72.0   43.267  122.444   2126.4    762.1
     1     1    21    10    21    14     0     0   -73.0   43.500  122.334   2157.1    757.5
     1     1    21    10    21    13     0     0   -74.0   43.735  122.219   2186.0    752.9
     1     1    21    10    21    12     0     0   -75.0   43.971  122.103   2213.0    748.1
     1     1    21    10    21    11     0     0   -76.0   44.207  121.985   2239.8    743.5
     1     1    21    10    21    10     0     0   -77.0   44.438  121.865   2266.1    738.8
     1     1    21    10    21     9     0     0   -78.0   44.665  121.743   2292.4    733.9
     1     1    21    10    21     8     0     0   -79.0   44.887  121.618   2318.5    729.0
     1     1    21    10    21     7     0     0   -80.0   45.104  121.490   2343.7    723.1
     1     1    21    10    21     6     0     0   -81.0   45.314  121.360   2368.3    716.4
     1     1    21    10    21     5     0     0   -82.0   45.522  121.225   2392.5    709.6
     1     1    21    10    21     4     0     0   -83.0   45.729  121.086   2417.9    703.0
     1     1    21    10    21     3     0     0   -84.0   45.936  120.943   2443.5    696.5
     1     1    21    10    21     2     0     0   -85.0   46.143  120.794   2469.6    690.2
     1     1    21    10    21     1     0     0   -86.0   46.350  120.639   2496.1    684.1
     1     1    21    10    21     0     0     0   -87.0   46.558  120.478   2523.2    678.0
     1     1    21    10    20    23     0     0   -88.0   46.765  120.312   2549.5    672.4
     1     1    21    10    20    22     0     0   -89.0   46.970  120.140   2570.9    667.5
     1     1    21    10    20    21     0     0   -90.0   47.171  119.962   2588.7    663.4
     1     1    21    10    20    20     0     0   -91.0   47.369  119.775   2603.8    661.4
     1     1    21    10    20    19     0     0   -92.0   47.562  119.578   2615.2    660.1
     1     1    21    10    20    18     0     0   -93.0   47.749  119.371   2624.0    659.5
     1     1    21    10    20    17     0     0   -94.0   47.933  119.157   2631.5    659.3
     1     1    21    10    20    16     0     0   -95.0   48.116  118.938   2640.8    659.0
     1     1    21    10    20    15     0     0   -96.0   48.297  118.715   2649.9    658.9
