     2     1
    CDC1    21     6     1     0     0
    CDC1    21     7     1     0     0
     1 BACKWARD OMEGA   
  2021     7    20     9   37.500  127.000   500.0
     1 PRESSURE
     1     1    21     7    20     9     0     0     0.0   37.500  127.000    500.0    939.7
     1     1    21     7    20     8     0     0    -1.0   37.479  127.008    503.8    939.1
     1     1    21     7    20     7     0     0    -2.0   37.458  127.015    502.1    939.4
     1     1    21     7    20     6     0     0    -3.0   37.437  127.023    495.2    940.2
     1     1    21     7    20     5     0     0    -4.0   37.413  127.030    487.2    941.6
     1     1    21     7    20     4     0     0    -5.0   37.383  127.040    482.4    942.3
     1     1    21     7    20     3     0     0    -6.0   37.347  127.051    480.9    942.6
     1     1    21     7    20     2     0     0    -7.0   37.305  127.063    482.5    942.6
     1     1    21     7    20     1     0     0    -8.0   37.256  127.077    487.5    942.2
     1     1    21     7    20     0     0     0    -9.0   37.200  127.092    495.8    941.4
     1     1    21     7    19    23     0     0   -10.0   37.134  127.112    505.8    940.0
     1     1    21     7    19    22     0     0   -11.0   37.058  127.140    515.7    938.8
     1     1    21     7    19    21     0     0   -12.0   36.972  127.176    525.7    937.5
     1     1    21     7    19    20     0     0   -13.0   36.874  127.223    535.9    936.2
     1     1    21     7    19    19     0     0   -14.0   36.765  127.279    546.5    934.8
     1     1    21     7    19    18     0     0   -15.0   36.645  127.345    557.7    933.3
     1     1    21     7    19    17     0     0   -16.0   36.519  127.416    569.1    931.8
     1     1    21     7    19    16     0     0   -17.0   36.393  127.487    579.9    930.4
     1     1    21     7    19    15     0     0   -18.0   36.266  127.557    589.3    929.5
     1     1    21     7    19    14     0     0   -19.0   36.139  127.625    596.6    928.9
     1     1    21     7    19    13     0     0   -20.0   36.010  127.692    601.2    928.5
     1     1    21     7    19    12     0     0   -21.0   35.879  127.757    602.3    928.5
     1     1    21     7    19    11     0     0   -22.0   35.744  127.827    602.3    928.7
     1     1    21     7    19    10     0     0   -23.0   35.601  127.908    604.1    928.4
     1     1    21     7    19     9     0     0   -24.0   35.449  128.000    608.2    927.9
     1     1    21     7    19     8     0     0   -25.0   35.288  128.103    615.1    926.9
     1     1    21     7    19     7     0     0   -26.0   35.116  128.218    625.6    925.6
     1     1    21     7    19     6     0     0   -27.0   34.934  128.346    640.1    923.8
     1     1    21     7    19     5     0     0   -28.0   34.754  128.487    656.4    922.4
     1     1    21     7    19     4     0     0   -29.0   34.582  128.638    671.3    921.3
     1     1    21     7    19     3     0     0   -30.0   34.419  128.797    684.9    920.3
     1     1    21     7    19     2     0     0   -31.0   34.263  128.964    697.3    919.3
     1     1    21     7    19     1     0     0   -32.0   34.115  129.137    708.6    918.4
     1     1    21     7    19     0     0     0   -33.0   33.973  129.315    718.5    917.6
     1     1    21     7    18    23     0     0   -34.0   33.830  129.500    728.8    916.5
     1     1    21     7    18    22     0     0   -35.0   33.678  129.697    741.0    915.0
     1     1    21     7    18    21     0     0   -36.0   33.516  129.905    754.8    913.3
     1     1    21     7    18    20     0     0   -37.0   33.343  130.120    770.3    911.8
     1     1    21     7    18    19     0     0   -38.0   33.160  130.343    787.3    910.3
     1     1    21     7    18    18     0     0   -39.0   32.966  130.569    805.5    908.7
     1     1    21     7    18    17     0     0   -40.0   32.767  130.800    822.7    907.0
     1     1    21     7    18    16     0     0   -41.0   32.572  131.036    837.0    905.7
     1     1    21     7    18    15     0     0   -42.0   32.382  131.280    848.2    904.9
     1     1    21     7    18    14     0     0   -43.0   32.200  131.536    856.2    904.6
     1     1    21     7    18    13     0     0   -44.0   32.027  131.806    861.1    904.6
     1     1    21     7    18    12     0     0   -45.0   31.861  132.091    863.3    904.8
     1     1    21     7    18    11     0     0   -46.0   31.695  132.387    862.9    905.2
     1     1    21     7    18    10     0     0   -47.0   31.522  132.691    860.3    906.7
     1     1    21     7    18     9     0     0   -48.0   31.341  132.997    856.3    909.0
     1     1    21     7    18     8     0     0   -49.0   31.151  133.305    851.4    911.3
     1     1    21     7    18     7     0     0   -50.0   30.949  133.612    845.8    913.8
     1     1    21     7    18     6     0     0   -51.0   30.735  133.920    840.0    916.4
     1     1    21     7    18     5     0     0   -52.0   30.516  134.230    833.9    918.9
     1     1    21     7    18     4     0     0   -53.0   30.299  134.542    827.1    921.4
     1     1    21     7    18     3     0     0   -54.0   30.085  134.853    819.0    924.0
     1     1    21     7    18     2     0     0   -55.0   29.875  135.164    809.1    925.7
     1     1    21     7    18     1     0     0   -56.0   29.670  135.474    797.5    926.7
     1     1    21     7    18     0     0     0   -57.0   29.473  135.785    784.4    927.8
     1     1    21     7    17    23     0     0   -58.0   29.281  136.102    772.7    928.7
     1     1    21     7    17    22     0     0   -59.0   29.091  136.429    764.7    928.9
     1     1    21     7    17    21     0     0   -60.0   28.900  136.763    760.3    928.6
     1     1    21     7    17    20     0     0   -61.0   28.708  137.098    759.0    927.9
     1     1    21     7    17    19     0     0   -62.0   28.511  137.431    760.4    926.7
     1     1    21     7    17    18     0     0   -63.0   28.310  137.759    763.9    925.3
     1     1    21     7    17    17     0     0   -64.0   28.111  138.078    767.3    924.5
     1     1    21     7    17    16     0     0   -65.0   27.917  138.386    769.5    924.0
     1     1    21     7    17    15     0     0   -66.0   27.729  138.681    770.6    923.7
     1     1    21     7    17    14     0     0   -67.0   27.547  138.961    770.6    923.6
     1     1    21     7    17    13     0     0   -68.0   27.370  139.225    769.8    924.0
     1     1    21     7    17    12     0     0   -69.0   27.197  139.472    768.1    924.7
     1     1    21     7    17    11     0     0   -70.0   27.027  139.712    765.2    925.3
     1     1    21     7    17    10     0     0   -71.0   26.858  139.955    760.4    926.2
     1     1    21     7    17     9     0     0   -72.0   26.689  140.203    753.5    927.3
     1     1    21     7    17     8     0     0   -73.0   26.520  140.459    744.1    928.6
     1     1    21     7    17     7     0     0   -74.0   26.349  140.723    732.3    930.1
     1     1    21     7    17     6     0     0   -75.0   26.172  140.995    718.0    931.7
     1     1    21     7    17     5     0     0   -76.0   25.995  141.266    702.9    933.9
     1     1    21     7    17     4     0     0   -77.0   25.823  141.526    688.1    935.9
     1     1    21     7    17     3     0     0   -78.0   25.657  141.776    674.0    937.8
     1     1    21     7    17     2     0     0   -79.0   25.496  142.015    660.3    939.7
     1     1    21     7    17     1     0     0   -80.0   25.341  142.244    647.3    941.5
     1     1    21     7    17     0     0     0   -81.0   25.191  142.463    635.0    943.3
     1     1    21     7    16    23     0     0   -82.0   25.046  142.670    625.1    944.2
     1     1    21     7    16    22     0     0   -83.0   24.904  142.867    619.4    944.2
     1     1    21     7    16    21     0     0   -84.0   24.766  143.054    617.8    943.8
     1     1    21     7    16    20     0     0   -85.0   24.632  143.231    620.2    943.0
     1     1    21     7    16    19     0     0   -86.0   24.503  143.399    626.2    941.8
     1     1    21     7    16    18     0     0   -87.0   24.376  143.558    635.9    940.3
     1     1    21     7    16    17     0     0   -88.0   24.254  143.710    645.4    938.8
     1     1    21     7    16    16     0     0   -89.0   24.136  143.860    651.2    938.4
     1     1    21     7    16    15     0     0   -90.0   24.021  144.007    653.2    938.4
     1     1    21     7    16    14     0     0   -91.0   23.908  144.151    651.5    938.9
     1     1    21     7    16    13     0     0   -92.0   23.798  144.292    646.1    939.9
     1     1    21     7    16    12     0     0   -93.0   23.689  144.429    637.2    941.3
     1     1    21     7    16    11     0     0   -94.0   23.581  144.562    627.2    942.3
     1     1    21     7    16    10     0     0   -95.0   23.475  144.691    619.5    942.6
     1     1    21     7    16     9     0     0   -96.0   23.371  144.814    613.8    942.7
