     2     1
    CDC1    21     3     1     0     0
    CDC1    21     4     1     0     0
     1 BACKWARD OMEGA   
  2021     4    17     3   37.500  127.000   500.0
     1 PRESSURE
     1     1    21     4    17     3     0     0     0.0   37.500  127.000    500.0    935.2
     1     1    21     4    17     2     0     0    -1.0   37.560  126.769    488.5    937.5
     1     1    21     4    17     1     0     0    -2.0   37.610  126.542    480.9    939.2
     1     1    21     4    17     0     0     0    -3.0   37.649  126.316    477.4    940.6
     1     1    21     4    16    23     0     0    -4.0   37.688  126.081    475.2    941.6
     1     1    21     4    16    22     0     0    -5.0   37.742  125.824    471.3    943.0
     1     1    21     4    16    21     0     0    -6.0   37.806  125.547    464.9    944.6
     1     1    21     4    16    20     0     0    -7.0   37.880  125.251    455.6    946.6
     1     1    21     4    16    19     0     0    -8.0   37.959  124.940    442.9    948.9
     1     1    21     4    16    18     0     0    -9.0   38.041  124.617    427.3    951.7
     1     1    21     4    16    17     0     0   -10.0   38.110  124.293    414.0    954.5
     1     1    21     4    16    16     0     0   -11.0   38.151  123.980    407.0    956.5
     1     1    21     4    16    15     0     0   -12.0   38.168  123.679    405.8    958.0
     1     1    21     4    16    14     0     0   -13.0   38.162  123.390    409.8    959.0
     1     1    21     4    16    13     0     0   -14.0   38.133  123.117    418.5    959.5
     1     1    21     4    16    12     0     0   -15.0   38.080  122.860    431.2    959.5
     1     1    21     4    16    11     0     0   -16.0   38.021  122.614    444.8    959.0
     1     1    21     4    16    10     0     0   -17.0   37.973  122.370    457.4    958.3
     1     1    21     4    16     9     0     0   -18.0   37.939  122.125    470.4    956.9
     1     1    21     4    16     8     0     0   -19.0   37.916  121.878    485.0    955.2
     1     1    21     4    16     7     0     0   -20.0   37.904  121.629    501.8    953.3
     1     1    21     4    16     6     0     0   -21.0   37.899  121.381    521.5    951.0
     1     1    21     4    16     5     0     0   -22.0   37.907  121.123    544.0    948.3
     1     1    21     4    16     4     0     0   -23.0   37.937  120.844    568.9    945.4
     1     1    21     4    16     3     0     0   -24.0   37.991  120.542    597.8    942.1
     1     1    21     4    16     2     0     0   -25.0   38.073  120.215    632.3    938.2
     1     1    21     4    16     1     0     0   -26.0   38.187  119.859    674.5    931.7
     1     1    21     4    16     0     0     0   -27.0   38.333  119.468    726.0    922.2
     1     1    21     4    15    23     0     0   -28.0   38.499  119.041    786.2    910.2
     1     1    21     4    15    22     0     0   -29.0   38.683  118.584    856.3    896.8
     1     1    21     4    15    21     0     0   -30.0   38.900  118.096    940.4    880.8
     1     1    21     4    15    20     0     0   -31.0   39.162  117.570   1043.8    859.6
     1     1    21     4    15    19     0     0   -32.0   39.453  116.994   1164.5    830.3
     1     1    21     4    15    18     0     0   -33.0   39.750  116.353   1299.3    798.4
     1     1    21     4    15    17     0     0   -34.0   40.046  115.626   1433.9    763.3
     1     1    21     4    15    16     0     0   -35.0   40.362  114.831   1557.0    732.8
     1     1    21     4    15    15     0     0   -36.0   40.712  114.007   1672.9    710.0
     1     1    21     4    15    14     0     0   -37.0   41.094  113.183   1787.8    692.2
     1     1    21     4    15    13     0     0   -38.0   41.510  112.374   1908.8    679.5
     1     1    21     4    15    12     0     0   -39.0   41.944  111.583   2026.9    671.8
     1     1    21     4    15    11     0     0   -40.0   42.362  110.813   2117.6    667.9
     1     1    21     4    15    10     0     0   -41.0   42.762  110.083   2176.1    667.9
     1     1    21     4    15     9     0     0   -42.0   43.167  109.414   2210.5    663.1
     1     1    21     4    15     8     0     0   -43.0   43.588  108.814   2239.5    657.8
     1     1    21     4    15     7     0     0   -44.0   44.037  108.283   2273.3    652.0
     1     1    21     4    15     6     0     0   -45.0   44.521  107.822   2317.6    645.1
     1     1    21     4    15     5     0     0   -46.0   45.013  107.414   2363.4    636.4
     1     1    21     4    15     4     0     0   -47.0   45.478  107.029   2408.5    627.9
     1     1    21     4    15     3     0     0   -48.0   45.923  106.661   2457.8    620.6
     1     1    21     4    15     2     0     0   -49.0   46.359  106.322   2514.8    613.9
     1     1    21     4    15     1     0     0   -50.0   46.797  106.020   2582.4    607.3
     1     1    21     4    15     0     0     0   -51.0   47.248  105.767   2662.4    600.3
     1     1    21     4    14    23     0     0   -52.0   47.686  105.558   2741.4    594.8
     1     1    21     4    14    22     0     0   -53.0   48.086  105.368   2805.7    593.7
     1     1    21     4    14    21     0     0   -54.0   48.448  105.184   2855.3    593.5
     1     1    21     4    14    20     0     0   -55.0   48.776  105.014   2893.9    593.7
     1     1    21     4    14    19     0     0   -56.0   49.072  104.859   2920.7    592.2
     1     1    21     4    14    18     0     0   -57.0   49.336  104.720   2941.8    590.8
     1     1    21     4    14    17     0     0   -58.0   49.581  104.575   2952.7    589.4
     1     1    21     4    14    16     0     0   -59.0   49.820  104.400   2942.4    589.7
     1     1    21     4    14    15     0     0   -60.0   50.060  104.203   2915.1    591.4
     1     1    21     4    14    14     0     0   -61.0   50.302  103.984   2874.1    595.1
     1     1    21     4    14    13     0     0   -62.0   50.552  103.743   2820.3    599.6
     1     1    21     4    14    12     0     0   -63.0   50.818  103.490   2757.3    604.7
     1     1    21     4    14    11     0     0   -64.0   51.086  103.215   2690.3    609.7
     1     1    21     4    14    10     0     0   -65.0   51.336  102.907   2623.1    613.5
     1     1    21     4    14     9     0     0   -66.0   51.565  102.573   2553.6    616.3
     1     1    21     4    14     8     0     0   -67.0   51.777  102.221   2482.7    619.2
     1     1    21     4    14     7     0     0   -68.0   51.975  101.863   2412.0    621.5
     1     1    21     4    14     6     0     0   -69.0   52.159  101.506   2341.8    623.4
     1     1    21     4    14     5     0     0   -70.0   52.344  101.141   2269.8    624.8
     1     1    21     4    14     4     0     0   -71.0   52.540  100.755   2193.9    626.9
     1     1    21     4    14     3     0     0   -72.0   52.742  100.340   2113.8    632.7
     1     1    21     4    14     2     0     0   -73.0   52.947   99.895   2026.1    641.4
     1     1    21     4    14     1     0     0   -74.0   53.157   99.438   1936.5    657.0
     1     1    21     4    14     0     0     0   -75.0   53.374   98.987   1838.9    673.1
     1     1    21     4    13    23     0     0   -76.0   53.591   98.556   1742.6    690.1
     1     1    21     4    13    22     0     0   -77.0   53.801   98.150   1657.1    704.8
     1     1    21     4    13    21     0     0   -78.0   53.998   97.768   1580.3    717.6
     1     1    21     4    13    20     0     0   -79.0   54.178   97.411   1512.0    729.8
     1     1    21     4    13    19     0     0   -80.0   54.341   97.081   1452.8    743.0
     1     1    21     4    13    18     0     0   -81.0   54.485   96.779   1399.9    754.5
     1     1    21     4    13    17     0     0   -82.0   54.630   96.472   1348.8    765.1
     1     1    21     4    13    16     0     0   -83.0   54.797   96.129   1293.2    777.1
     1     1    21     4    13    15     0     0   -84.0   54.983   95.754   1235.1    789.3
     1     1    21     4    13    14     0     0   -85.0   55.187   95.348   1176.9    801.6
     1     1    21     4    13    13     0     0   -86.0   55.405   94.914   1121.3    814.2
     1     1    21     4    13    12     0     0   -87.0   55.632   94.460   1070.2    827.5
     1     1    21     4    13    11     0     0   -88.0   55.857   93.994   1025.4    839.2
     1     1    21     4    13    10     0     0   -89.0   56.073   93.527    986.8    849.6
     1     1    21     4    13     9     0     0   -90.0   56.286   93.065    954.3    858.8
     1     1    21     4    13     8     0     0   -91.0   56.506   92.614    927.6    867.0
     1     1    21     4    13     7     0     0   -92.0   56.736   92.173    907.4    874.7
     1     1    21     4    13     6     0     0   -93.0   56.983   91.744    894.0    881.6
     1     1    21     4    13     5     0     0   -94.0   57.249   91.312    885.1    886.8
     1     1    21     4    13     4     0     0   -95.0   57.534   90.868    879.9    891.1
     1     1    21     4    13     3     0     0   -96.0   57.838   90.411    877.5    890.5
