     2     1
    CDC1    21     5     1     0     0
    CDC1    21     6     1     0     0
     1 BACKWARD OMEGA   
  2021     6    16    18   37.500  127.000   500.0
     1 PRESSURE
     1     1    21     6    16    18     0     0     0.0   37.500  127.000    500.0    930.8
     1     1    21     6    16    17     0     0    -1.0   37.410  127.185    507.1    929.3
     1     1    21     6    16    16     0     0    -2.0   37.357  127.384    514.3    927.5
     1     1    21     6    16    15     0     0    -3.0   37.341  127.594    520.6    926.6
     1     1    21     6    16    14     0     0    -4.0   37.361  127.814    524.9    926.9
     1     1    21     6    16    13     0     0    -5.0   37.416  128.042    526.2    927.7
     1     1    21     6    16    12     0     0    -6.0   37.504  128.275    523.9    928.9
     1     1    21     6    16    11     0     0    -7.0   37.610  128.521    521.3    928.9
     1     1    21     6    16    10     0     0    -8.0   37.717  128.787    522.8    928.3
     1     1    21     6    16     9     0     0    -9.0   37.824  129.074    527.6    927.8
     1     1    21     6    16     8     0     0   -10.0   37.930  129.383    535.4    927.3
     1     1    21     6    16     7     0     0   -11.0   38.033  129.715    545.7    927.0
     1     1    21     6    16     6     0     0   -12.0   38.133  130.072    558.5    927.1
     1     1    21     6    16     5     0     0   -13.0   38.231  130.441    570.6    928.6
     1     1    21     6    16     4     0     0   -14.0   38.335  130.807    579.4    931.1
     1     1    21     6    16     3     0     0   -15.0   38.444  131.169    584.8    934.2
     1     1    21     6    16     2     0     0   -16.0   38.562  131.523    587.3    937.9
     1     1    21     6    16     1     0     0   -17.0   38.691  131.867    587.0    942.1
     1     1    21     6    16     0     0     0   -18.0   38.832  132.198    584.4    946.8
     1     1    21     6    15    23     0     0   -19.0   38.976  132.507    581.5    951.7
     1     1    21     6    15    22     0     0   -20.0   39.109  132.787    579.6    951.9
     1     1    21     6    15    21     0     0   -21.0   39.230  133.038    580.4    952.0
     1     1    21     6    15    20     0     0   -22.0   39.340  133.261    583.8    952.0
     1     1    21     6    15    19     0     0   -23.0   39.442  133.457    589.4    951.9
     1     1    21     6    15    18     0     0   -24.0   39.537  133.630    597.0    951.6
     1     1    21     6    15    17     0     0   -25.0   39.625  133.783    605.0    951.4
     1     1    21     6    15    16     0     0   -26.0   39.704  133.923    611.8    951.5
     1     1    21     6    15    15     0     0   -27.0   39.775  134.053    617.4    951.8
     1     1    21     6    15    14     0     0   -28.0   39.836  134.174    621.6    952.2
     1     1    21     6    15    13     0     0   -29.0   39.886  134.288    624.4    952.7
     1     1    21     6    15    12     0     0   -30.0   39.926  134.397    625.8    953.4
     1     1    21     6    15    11     0     0   -31.0   39.965  134.511    626.2    953.7
     1     1    21     6    15    10     0     0   -32.0   40.016  134.637    626.4    953.8
     1     1    21     6    15     9     0     0   -33.0   40.076  134.777    626.5    953.3
     1     1    21     6    15     8     0     0   -34.0   40.146  134.930    626.7    952.6
     1     1    21     6    15     7     0     0   -35.0   40.226  135.098    626.9    951.0
     1     1    21     6    15     6     0     0   -36.0   40.314  135.281    627.2    948.6
     1     1    21     6    15     5     0     0   -37.0   40.400  135.469    628.4    946.7
     1     1    21     6    15     4     0     0   -38.0   40.476  135.646    630.8    944.8
     1     1    21     6    15     3     0     0   -39.0   40.541  135.812    634.6    942.9
     1     1    21     6    15     2     0     0   -40.0   40.597  135.965    639.7    941.1
     1     1    21     6    15     1     0     0   -41.0   40.645  136.103    646.1    939.2
     1     1    21     6    15     0     0     0   -42.0   40.686  136.227    653.6    937.4
     1     1    21     6    14    23     0     0   -43.0   40.720  136.337    662.7    935.3
     1     1    21     6    14    22     0     0   -44.0   40.748  136.435    674.3    933.0
     1     1    21     6    14    21     0     0   -45.0   40.769  136.521    688.3    930.6
     1     1    21     6    14    20     0     0   -46.0   40.785  136.595    705.0    928.0
     1     1    21     6    14    19     0     0   -47.0   40.795  136.656    724.4    925.2
     1     1    21     6    14    18     0     0   -48.0   40.799  136.706    746.7    922.3
     1     1    21     6    14    17     0     0   -49.0   40.803  136.749    770.0    919.4
     1     1    21     6    14    16     0     0   -50.0   40.811  136.788    792.2    916.8
     1     1    21     6    14    15     0     0   -51.0   40.823  136.825    813.2    914.5
     1     1    21     6    14    14     0     0   -52.0   40.839  136.858    832.8    912.3
     1     1    21     6    14    13     0     0   -53.0   40.859  136.890    850.9    910.3
     1     1    21     6    14    12     0     0   -54.0   40.883  136.919    867.3    908.5
     1     1    21     6    14    11     0     0   -55.0   40.912  136.948    883.7    906.8
     1     1    21     6    14    10     0     0   -56.0   40.947  136.982    901.3    904.8
     1     1    21     6    14     9     0     0   -57.0   40.988  137.018    920.5    902.6
     1     1    21     6    14     8     0     0   -58.0   41.034  137.059    941.5    900.2
     1     1    21     6    14     7     0     0   -59.0   41.084  137.102    964.4    897.4
     1     1    21     6    14     6     0     0   -60.0   41.140  137.149    989.6    894.4
     1     1    21     6    14     5     0     0   -61.0   41.191  137.201   1016.1    891.1
     1     1    21     6    14     4     0     0   -62.0   41.229  137.261   1043.8    887.8
     1     1    21     6    14     3     0     0   -63.0   41.255  137.331   1072.1    884.5
     1     1    21     6    14     2     0     0   -64.0   41.268  137.411   1101.0    881.2
     1     1    21     6    14     1     0     0   -65.0   41.269  137.502   1130.4    877.9
     1     1    21     6    14     0     0     0   -66.0   41.257  137.604   1160.4    874.7
     1     1    21     6    13    23     0     0   -67.0   41.238  137.701   1189.6    871.7
     1     1    21     6    13    22     0     0   -68.0   41.219  137.776   1216.8    869.0
     1     1    21     6    13    21     0     0   -69.0   41.200  137.830   1242.1    866.6
     1     1    21     6    13    20     0     0   -70.0   41.182  137.864   1265.5    864.4
     1     1    21     6    13    19     0     0   -71.0   41.163  137.879   1286.8    862.5
     1     1    21     6    13    18     0     0   -72.0   41.145  137.874   1306.1    860.6
     1     1    21     6    13    17     0     0   -73.0   41.130  137.856   1323.0    859.0
     1     1    21     6    13    16     0     0   -74.0   41.121  137.831   1337.2    857.6
     1     1    21     6    13    15     0     0   -75.0   41.118  137.800   1348.6    856.5
     1     1    21     6    13    14     0     0   -76.0   41.120  137.763   1357.3    855.7
     1     1    21     6    13    13     0     0   -77.0   41.127  137.722   1363.1    855.2
     1     1    21     6    13    12     0     0   -78.0   41.138  137.675   1366.3    855.0
     1     1    21     6    13    11     0     0   -79.0   41.145  137.614   1371.7    855.3
     1     1    21     6    13    10     0     0   -80.0   41.139  137.532   1382.4    854.6
     1     1    21     6    13     9     0     0   -81.0   41.119  137.428   1399.1    853.5
     1     1    21     6    13     8     0     0   -82.0   41.087  137.303   1421.9    852.0
     1     1    21     6    13     7     0     0   -83.0   41.042  137.160   1450.9    850.0
     1     1    21     6    13     6     0     0   -84.0   40.986  136.998   1486.3    847.5
     1     1    21     6    13     5     0     0   -85.0   40.935  136.835   1522.3    844.2
     1     1    21     6    13     4     0     0   -86.0   40.903  136.685   1553.6    842.0
     1     1    21     6    13     3     0     0   -87.0   40.890  136.546   1579.5    840.1
     1     1    21     6    13     2     0     0   -88.0   40.896  136.419   1599.7    838.7
     1     1    21     6    13     1     0     0   -89.0   40.921  136.301   1613.8    837.7
     1     1    21     6    13     0     0     0   -90.0   40.965  136.193   1621.7    837.2
     1     1    21     6    12    23     0     0   -91.0   41.019  136.072   1624.5    837.3
     1     1    21     6    12    22     0     0   -92.0   41.074  135.915   1624.7    837.6
     1     1    21     6    12    21     0     0   -93.0   41.130  135.726   1621.8    838.2
     1     1    21     6    12    20     0     0   -94.0   41.188  135.504   1615.9    839.3
     1     1    21     6    12    19     0     0   -95.0   41.246  135.251   1607.0    840.7
     1     1    21     6    12    18     0     0   -96.0   41.307  134.968   1595.0    842.2
