     2     1
    CDC1    21     9     1     0     0
    CDC1    21    10     1     0     0
     1 BACKWARD OMEGA   
  2021    10    11     3   37.500  127.000   500.0
     1 PRESSURE
     1     1    21    10    11     3     0     0     0.0   37.500  127.000    500.0    943.6
     1     1    21    10    11     2     0     0    -1.0   37.669  127.098    510.9    939.5
     1     1    21    10    11     1     0     0    -2.0   37.855  127.177    524.1    934.9
     1     1    21    10    11     0     0     0    -3.0   38.062  127.235    540.3    929.7
     1     1    21    10    10    23     0     0    -4.0   38.279  127.271    561.2    923.8
     1     1    21    10    10    22     0     0    -5.0   38.502  127.283    588.1    917.3
     1     1    21    10    10    21     0     0    -6.0   38.732  127.269    622.1    910.2
     1     1    21    10    10    20     0     0    -7.0   38.968  127.225    663.8    901.8
     1     1    21    10    10    19     0     0    -8.0   39.210  127.147    713.9    892.8
     1     1    21    10    10    18     0     0    -9.0   39.459  127.034    773.2    883.2
     1     1    21    10    10    17     0     0   -10.0   39.708  126.875    839.4    873.2
     1     1    21    10    10    16     0     0   -11.0   39.950  126.657    910.4    864.0
     1     1    21    10    10    15     0     0   -12.0   40.188  126.386    984.4    855.7
     1     1    21    10    10    14     0     0   -13.0   40.428  126.064   1059.0    848.9
     1     1    21    10    10    13     0     0   -14.0   40.676  125.699   1134.3    843.1
     1     1    21    10    10    12     0     0   -15.0   40.936  125.291   1211.9    838.0
     1     1    21    10    10    11     0     0   -16.0   41.205  124.855   1292.3    833.1
     1     1    21    10    10    10     0     0   -17.0   41.466  124.400   1373.6    827.3
     1     1    21    10    10     9     0     0   -18.0   41.721  123.921   1455.9    821.7
     1     1    21    10    10     8     0     0   -19.0   41.974  123.420   1541.2    815.8
     1     1    21    10    10     7     0     0   -20.0   42.234  122.896   1630.4    809.5
     1     1    21    10    10     6     0     0   -21.0   42.508  122.345   1721.8    799.4
     1     1    21    10    10     5     0     0   -22.0   42.801  121.758   1814.6    781.5
     1     1    21    10    10     4     0     0   -23.0   43.119  121.129   1916.0    761.3
     1     1    21    10    10     3     0     0   -24.0   43.460  120.455   2026.9    738.9
     1     1    21    10    10     2     0     0   -25.0   43.828  119.727   2148.1    713.8
     1     1    21    10    10     1     0     0   -26.0   44.210  118.936   2280.1    686.9
     1     1    21    10    10     0     0     0   -27.0   44.602  118.079   2422.1    660.3
     1     1    21    10     9    23     0     0   -28.0   45.002  117.200   2576.3    639.2
     1     1    21    10     9    22     0     0   -29.0   45.400  116.360   2743.5    629.5
     1     1    21    10     9    21     0     0   -30.0   45.805  115.578   2901.6    621.2
     1     1    21    10     9    20     0     0   -31.0   46.229  114.851   3047.7    613.5
     1     1    21    10     9    19     0     0   -32.0   46.669  114.174   3171.6    603.5
     1     1    21    10     9    18     0     0   -33.0   47.118  113.538   3272.1    592.7
     1     1    21    10     9    17     0     0   -34.0   47.572  112.957   3347.1    581.0
     1     1    21    10     9    16     0     0   -35.0   48.020  112.451   3406.2    570.3
     1     1    21    10     9    15     0     0   -36.0   48.458  112.023   3450.9    561.9
     1     1    21    10     9    14     0     0   -37.0   48.890  111.667   3481.4    555.9
     1     1    21    10     9    13     0     0   -38.0   49.320  111.381   3496.8    552.1
     1     1    21    10     9    12     0     0   -39.0   49.753  111.164   3495.7    550.4
     1     1    21    10     9    11     0     0   -40.0   50.163  110.996   3483.7    552.0
     1     1    21    10     9    10     0     0   -41.0   50.522  110.838   3474.6    554.7
     1     1    21    10     9     9     0     0   -42.0   50.831  110.672   3471.1    556.5
     1     1    21    10     9     8     0     0   -43.0   51.097  110.495   3474.0    557.8
     1     1    21    10     9     7     0     0   -44.0   51.323  110.305   3484.0    558.4
     1     1    21    10     9     6     0     0   -45.0   51.514  110.100   3501.5    558.3
     1     1    21    10     9     5     0     0   -46.0   51.685  109.884   3521.3    559.1
     1     1    21    10     9     4     0     0   -47.0   51.854  109.659   3531.1    562.4
     1     1    21    10     9     3     0     0   -48.0   52.022  109.428   3532.3    566.6
     1     1    21    10     9     2     0     0   -49.0   52.191  109.194   3526.7    571.4
     1     1    21    10     9     1     0     0   -50.0   52.364  108.960   3515.7    576.8
     1     1    21    10     9     0     0     0   -51.0   52.540  108.729   3499.7    582.0
     1     1    21    10     8    23     0     0   -52.0   52.713  108.499   3482.9    585.8
     1     1    21    10     8    22     0     0   -53.0   52.875  108.266   3475.1    588.5
     1     1    21    10     8    21     0     0   -54.0   53.027  108.030   3475.0    590.7
     1     1    21    10     8    20     0     0   -55.0   53.172  107.792   3481.3    592.5
     1     1    21    10     8    19     0     0   -56.0   53.311  107.553   3492.9    593.9
     1     1    21    10     8    18     0     0   -57.0   53.444  107.311   3506.7    594.0
     1     1    21    10     8    17     0     0   -58.0   53.572  107.051   3522.4    593.7
     1     1    21    10     8    16     0     0   -59.0   53.696  106.765   3537.0    594.0
     1     1    21    10     8    15     0     0   -60.0   53.818  106.455   3550.8    594.7
     1     1    21    10     8    14     0     0   -61.0   53.939  106.126   3563.9    595.9
     1     1    21    10     8    13     0     0   -62.0   54.059  105.782   3576.2    597.6
     1     1    21    10     8    12     0     0   -63.0   54.179  105.425   3587.9    599.7
     1     1    21    10     8    11     0     0   -64.0   54.300  105.054   3598.7    602.1
     1     1    21    10     8    10     0     0   -65.0   54.424  104.662   3597.2    601.7
     1     1    21    10     8     9     0     0   -66.0   54.551  104.250   3590.2    601.5
     1     1    21    10     8     8     0     0   -67.0   54.682  103.818   3578.0    602.5
     1     1    21    10     8     7     0     0   -68.0   54.820  103.370   3559.8    604.8
     1     1    21    10     8     6     0     0   -69.0   54.968  102.911   3534.9    608.6
     1     1    21    10     8     5     0     0   -70.0   55.122  102.446   3505.3    611.8
     1     1    21    10     8     4     0     0   -71.0   55.271  101.980   3474.7    611.8
     1     1    21    10     8     3     0     0   -72.0   55.413  101.512   3449.4    611.9
     1     1    21    10     8     2     0     0   -73.0   55.546  101.040   3429.1    612.1
     1     1    21    10     8     1     0     0   -74.0   55.671  100.563   3413.4    612.3
     1     1    21    10     8     0     0     0   -75.0   55.787  100.080   3401.7    612.6
     1     1    21    10     7    23     0     0   -76.0   55.893   99.594   3389.6    613.7
     1     1    21    10     7    22     0     0   -77.0   55.991   99.106   3370.8    616.0
     1     1    21    10     7    21     0     0   -78.0   56.081   98.618   3344.8    619.1
     1     1    21    10     7    20     0     0   -79.0   56.162   98.128   3311.7    622.8
     1     1    21    10     7    19     0     0   -80.0   56.235   97.638   3271.3    627.2
     1     1    21    10     7    18     0     0   -81.0   56.301   97.144   3224.6    632.5
     1     1    21    10     7    17     0     0   -82.0   56.370   96.638   3176.4    638.7
     1     1    21    10     7    16     0     0   -83.0   56.450   96.109   3129.6    644.6
     1     1    21    10     7    15     0     0   -84.0   56.540   95.556   3084.4    650.5
     1     1    21    10     7    14     0     0   -85.0   56.641   94.977   3040.2    656.6
     1     1    21    10     7    13     0     0   -86.0   56.750   94.372   2996.7    663.3
     1     1    21    10     7    12     0     0   -87.0   56.868   93.738   2952.2    669.8
     1     1    21    10     7    11     0     0   -88.0   56.989   93.081   2906.2    676.2
     1     1    21    10     7    10     0     0   -89.0   57.110   92.407   2859.4    682.5
     1     1    21    10     7     9     0     0   -90.0   57.233   91.714   2811.9    690.2
     1     1    21    10     7     8     0     0   -91.0   57.361   91.000   2761.6    697.9
     1     1    21    10     7     7     0     0   -92.0   57.492   90.261   2707.7    705.7
     1     1    21    10     7     6     0     0   -93.0   57.630   89.497   2649.8    713.2
     1     1    21    10     7     5     0     0   -94.0   57.784   88.738   2592.8    721.4
     1     1    21    10     7     4     0     0   -95.0   57.965   88.002   2539.6    728.5
     1     1    21    10     7     3     0     0   -96.0   58.167   87.285   2489.5    734.9
