     2     1
    CDC1    21     7     1     0     0
    CDC1    21     8     1     0     0
     1 BACKWARD OMEGA   
  2021     8     4    12   37.500  127.000   500.0
     1 PRESSURE
     1     1    21     8     4    12     0     0     0.0   37.500  127.000    500.0    933.0
     1     1    21     8     4    11     0     0    -1.0   37.400  126.862    500.7    933.7
     1     1    21     8     4    10     0     0    -2.0   37.299  126.737    498.1    934.9
     1     1    21     8     4     9     0     0    -3.0   37.197  126.627    492.2    936.4
     1     1    21     8     4     8     0     0    -4.0   37.095  126.529    482.9    938.2
     1     1    21     8     4     7     0     0    -5.0   36.992  126.443    470.4    940.3
     1     1    21     8     4     6     0     0    -6.0   36.888  126.369    455.0    942.7
     1     1    21     8     4     5     0     0    -7.0   36.779  126.303    440.0    945.6
     1     1    21     8     4     4     0     0    -8.0   36.662  126.241    428.4    947.8
     1     1    21     8     4     3     0     0    -9.0   36.537  126.183    420.0    949.5
     1     1    21     8     4     2     0     0   -10.0   36.406  126.129    414.8    950.9
     1     1    21     8     4     1     0     0   -11.0   36.268  126.080    412.7    951.9
     1     1    21     8     4     0     0     0   -12.0   36.126  126.033    414.0    952.4
     1     1    21     8     3    23     0     0   -13.0   35.980  125.989    415.4    952.2
     1     1    21     8     3    22     0     0   -14.0   35.833  125.945    414.0    952.7
     1     1    21     8     3    21     0     0   -15.0   35.685  125.904    409.8    953.4
     1     1    21     8     3    20     0     0   -16.0   35.535  125.868    403.3    954.5
     1     1    21     8     3    19     0     0   -17.0   35.382  125.836    394.6    955.7
     1     1    21     8     3    18     0     0   -18.0   35.225  125.811    384.2    957.1
     1     1    21     8     3    17     0     0   -19.0   35.069  125.796    375.4    958.5
     1     1    21     8     3    16     0     0   -20.0   34.921  125.795    370.9    959.1
     1     1    21     8     3    15     0     0   -21.0   34.780  125.809    370.3    959.4
     1     1    21     8     3    14     0     0   -22.0   34.646  125.839    373.1    959.4
     1     1    21     8     3    13     0     0   -23.0   34.520  125.883    378.8    959.0
     1     1    21     8     3    12     0     0   -24.0   34.401  125.941    387.3    958.3
     1     1    21     8     3    11     0     0   -25.0   34.284  126.011    397.9    956.8
     1     1    21     8     3    10     0     0   -26.0   34.165  126.093    410.8    955.1
     1     1    21     8     3     9     0     0   -27.0   34.042  126.188    426.0    953.1
     1     1    21     8     3     8     0     0   -28.0   33.916  126.295    443.5    950.8
     1     1    21     8     3     7     0     0   -29.0   33.786  126.415    463.4    948.3
     1     1    21     8     3     6     0     0   -30.0   33.650  126.547    485.9    945.5
     1     1    21     8     3     5     0     0   -31.0   33.509  126.689    510.5    943.0
     1     1    21     8     3     4     0     0   -32.0   33.360  126.837    536.1    940.5
     1     1    21     8     3     3     0     0   -33.0   33.204  126.990    563.7    938.0
     1     1    21     8     3     2     0     0   -34.0   33.039  127.146    594.3    935.4
     1     1    21     8     3     1     0     0   -35.0   32.863  127.303    628.6    932.7
     1     1    21     8     3     0     0     0   -36.0   32.675  127.460    667.7    928.9
     1     1    21     8     2    23     0     0   -37.0   32.478  127.624    708.1    924.3
     1     1    21     8     2    22     0     0   -38.0   32.274  127.798    744.8    919.8
     1     1    21     8     2    21     0     0   -39.0   32.064  127.982    775.9    916.3
     1     1    21     8     2    20     0     0   -40.0   31.846  128.175    801.3    913.5
     1     1    21     8     2    19     0     0   -41.0   31.619  128.378    821.1    911.5
     1     1    21     8     2    18     0     0   -42.0   31.382  128.590    835.4    910.3
     1     1    21     8     2    17     0     0   -43.0   31.140  128.814    845.5    909.6
     1     1    21     8     2    16     0     0   -44.0   30.897  129.056    853.0    909.2
     1     1    21     8     2    15     0     0   -45.0   30.653  129.316    858.6    909.1
     1     1    21     8     2    14     0     0   -46.0   30.410  129.594    862.9    909.3
     1     1    21     8     2    13     0     0   -47.0   30.168  129.891    866.7    909.7
     1     1    21     8     2    12     0     0   -48.0   29.933  130.202    869.9    909.6
     1     1    21     8     2    11     0     0   -49.0   29.708  130.509    873.1    908.4
     1     1    21     8     2    10     0     0   -50.0   29.493  130.794    878.1    907.1
     1     1    21     8     2     9     0     0   -51.0   29.285  131.058    884.2    905.9
     1     1    21     8     2     8     0     0   -52.0   29.084  131.300    890.9    904.8
     1     1    21     8     2     7     0     0   -53.0   28.887  131.522    898.2    903.9
     1     1    21     8     2     6     0     0   -54.0   28.693  131.722    905.9    903.0
     1     1    21     8     2     5     0     0   -55.0   28.505  131.905    911.4    902.4
     1     1    21     8     2     4     0     0   -56.0   28.328  132.074    911.8    902.6
     1     1    21     8     2     3     0     0   -57.0   28.160  132.229    907.8    903.3
     1     1    21     8     2     2     0     0   -58.0   28.002  132.371    899.8    904.5
     1     1    21     8     2     1     0     0   -59.0   27.855  132.503    887.9    906.0
     1     1    21     8     2     0     0     0   -60.0   27.720  132.624    872.4    908.0
     1     1    21     8     1    23     0     0   -61.0   27.588  132.728    856.5    909.9
     1     1    21     8     1    22     0     0   -62.0   27.449  132.806    843.0    911.3
     1     1    21     8     1    21     0     0   -63.0   27.301  132.859    831.8    912.4
     1     1    21     8     1    20     0     0   -64.0   27.145  132.886    822.9    913.1
     1     1    21     8     1    19     0     0   -65.0   26.979  132.887    816.2    913.6
     1     1    21     8     1    18     0     0   -66.0   26.801  132.863    811.7    913.8
     1     1    21     8     1    17     0     0   -67.0   26.611  132.829    808.0    914.0
     1     1    21     8     1    16     0     0   -68.0   26.413  132.802    804.1    914.5
     1     1    21     8     1    15     0     0   -69.0   26.207  132.783    800.7    915.0
     1     1    21     8     1    14     0     0   -70.0   25.993  132.773    798.3    915.4
     1     1    21     8     1    13     0     0   -71.0   25.772  132.773    797.6    915.7
     1     1    21     8     1    12     0     0   -72.0   25.544  132.784    799.4    915.9
     1     1    21     8     1    11     0     0   -73.0   25.321  132.801    803.6    915.5
     1     1    21     8     1    10     0     0   -74.0   25.110  132.819    809.3    915.0
     1     1    21     8     1     9     0     0   -75.0   24.915  132.838    815.7    914.3
     1     1    21     8     1     8     0     0   -76.0   24.739  132.860    821.9    913.6
     1     1    21     8     1     7     0     0   -77.0   24.582  132.886    827.2    913.0
     1     1    21     8     1     6     0     0   -78.0   24.445  132.916    831.2    912.6
     1     1    21     8     1     5     0     0   -79.0   24.330  132.945    833.6    912.3
     1     1    21     8     1     4     0     0   -80.0   24.242  132.967    834.7    912.3
     1     1    21     8     1     3     0     0   -81.0   24.178  132.982    834.3    912.4
     1     1    21     8     1     2     0     0   -82.0   24.138  132.989    832.7    912.6
     1     1    21     8     1     1     0     0   -83.0   24.119  132.989    829.9    913.0
     1     1    21     8     1     0     0     0   -84.0   24.120  132.981    825.8    913.4
     1     1    21     7    31    23     0     0   -85.0   24.129  132.958    822.3    913.9
     1     1    21     7    31    22     0     0   -86.0   24.132  132.911    821.5    913.8
     1     1    21     7    31    21     0     0   -87.0   24.129  132.839    823.1    913.5
     1     1    21     7    31    20     0     0   -88.0   24.119  132.743    827.3    913.0
     1     1    21     7    31    19     0     0   -89.0   24.101  132.622    834.2    912.1
     1     1    21     7    31    18     0     0   -90.0   24.075  132.476    844.0    911.0
     1     1    21     7    31    17     0     0   -91.0   24.040  132.322    853.9    909.8
     1     1    21     7    31    16     0     0   -92.0   23.996  132.177    861.3    909.3
     1     1    21     7    31    15     0     0   -93.0   23.943  132.038    866.4    908.9
     1     1    21     7    31    14     0     0   -94.0   23.882  131.905    869.8    908.8
     1     1    21     7    31    13     0     0   -95.0   23.813  131.776    871.7    908.9
     1     1    21     7    31    12     0     0   -96.0   23.738  131.651    872.7    909.0
