     2     1
    CDC1    21    10     1     0     0
    CDC1    21    11     1     0     0
     1 BACKWARD OMEGA   
  2021    11    14     3   37.500  127.000   500.0
     1 PRESSURE
     1     1    21    11    14     3     0     0     0.0   37.500  127.000    500.0    938.8
     1     1    21    11    14     2     0     0    -1.0   37.469  126.718    507.6    939.8
     1     1    21    11    14     1     0     0    -2.0   37.449  126.453    516.7    940.4
     1     1    21    11    14     0     0     0    -3.0   37.438  126.204    527.5    940.8
     1     1    21    11    13    23     0     0    -4.0   37.433  125.957    538.4    940.8
     1     1    21    11    13    22     0     0    -5.0   37.430  125.701    547.0    941.3
     1     1    21    11    13    21     0     0    -6.0   37.430  125.436    553.6    942.0
     1     1    21    11    13    20     0     0    -7.0   37.433  125.163    557.9    942.9
     1     1    21    11    13    19     0     0    -8.0   37.438  124.882    560.0    943.7
     1     1    21    11    13    18     0     0    -9.0   37.448  124.597    560.5    944.1
     1     1    21    11    13    17     0     0   -10.0   37.453  124.318    558.7    944.9
     1     1    21    11    13    16     0     0   -11.0   37.447  124.051    553.1    946.2
     1     1    21    11    13    15     0     0   -12.0   37.429  123.790    543.5    948.0
     1     1    21    11    13    14     0     0   -13.0   37.400  123.535    529.9    950.2
     1     1    21    11    13    13     0     0   -14.0   37.360  123.280    512.2    952.9
     1     1    21    11    13    12     0     0   -15.0   37.310  123.024    490.3    956.1
     1     1    21    11    13    11     0     0   -16.0   37.251  122.769    466.0    959.5
     1     1    21    11    13    10     0     0   -17.0   37.182  122.516    440.8    963.0
     1     1    21    11    13     9     0     0   -18.0   37.103  122.268    416.1    966.1
     1     1    21    11    13     8     0     0   -19.0   37.016  122.023    393.5    968.9
     1     1    21    11    13     7     0     0   -20.0   36.920  121.783    373.4    970.9
     1     1    21    11    13     6     0     0   -21.0   36.813  121.546    356.0    972.4
     1     1    21    11    13     5     0     0   -22.0   36.704  121.318    342.6    973.9
     1     1    21    11    13     4     0     0   -23.0   36.602  121.100    334.0    974.6
     1     1    21    11    13     3     0     0   -24.0   36.506  120.891    329.6    974.9
     1     1    21    11    13     2     0     0   -25.0   36.417  120.689    328.6    974.7
     1     1    21    11    13     1     0     0   -26.0   36.334  120.495    330.6    974.2
     1     1    21    11    13     0     0     0   -27.0   36.256  120.305    335.1    973.4
     1     1    21    11    12    23     0     0   -28.0   36.187  120.111    341.6    972.4
     1     1    21    11    12    22     0     0   -29.0   36.129  119.902    350.1    971.4
     1     1    21    11    12    21     0     0   -30.0   36.086  119.679    361.2    970.3
     1     1    21    11    12    20     0     0   -31.0   36.058  119.445    375.4    968.9
     1     1    21    11    12    19     0     0   -32.0   36.045  119.201    392.9    967.2
     1     1    21    11    12    18     0     0   -33.0   36.047  118.947    414.2    964.8
     1     1    21    11    12    17     0     0   -34.0   36.062  118.698    437.0    961.7
     1     1    21    11    12    16     0     0   -35.0   36.089  118.465    458.6    959.3
     1     1    21    11    12    15     0     0   -36.0   36.126  118.249    478.6    957.1
     1     1    21    11    12    14     0     0   -37.0   36.171  118.049    496.8    955.3
     1     1    21    11    12    13     0     0   -38.0   36.224  117.864    512.8    953.9
     1     1    21    11    12    12     0     0   -39.0   36.282  117.695    526.5    952.8
     1     1    21    11    12    11     0     0   -40.0   36.350  117.534    541.4    951.8
     1     1    21    11    12    10     0     0   -41.0   36.434  117.377    561.2    948.5
     1     1    21    11    12     9     0     0   -42.0   36.536  117.223    585.8    944.3
     1     1    21    11    12     8     0     0   -43.0   36.655  117.071    615.6    939.5
     1     1    21    11    12     7     0     0   -44.0   36.791  116.920    651.0    933.7
     1     1    21    11    12     6     0     0   -45.0   36.946  116.769    692.3    926.9
     1     1    21    11    12     5     0     0   -46.0   37.115  116.610    737.2    919.1
     1     1    21    11    12     4     0     0   -47.0   37.296  116.436    784.0    911.0
     1     1    21    11    12     3     0     0   -48.0   37.492  116.250    832.8    902.3
     1     1    21    11    12     2     0     0   -49.0   37.703  116.049    882.6    889.2
     1     1    21    11    12     1     0     0   -50.0   37.931  115.838    934.4    875.1
     1     1    21    11    12     0     0     0   -51.0   38.180  115.619    988.2    859.6
     1     1    21    11    11    23     0     0   -52.0   38.447  115.398   1042.3    843.4
     1     1    21    11    11    22     0     0   -53.0   38.731  115.176   1093.3    827.2
     1     1    21    11    11    21     0     0   -54.0   39.029  114.947   1138.1    811.0
     1     1    21    11    11    20     0     0   -55.0   39.338  114.705   1173.6    795.6
     1     1    21    11    11    19     0     0   -56.0   39.655  114.445   1197.2    781.6
     1     1    21    11    11    18     0     0   -57.0   39.978  114.161   1206.8    769.3
     1     1    21    11    11    17     0     0   -58.0   40.301  113.860   1217.8    762.2
     1     1    21    11    11    16     0     0   -59.0   40.621  113.554   1243.9    754.3
     1     1    21    11    11    15     0     0   -60.0   40.937  113.247   1283.5    746.4
     1     1    21    11    11    14     0     0   -61.0   41.251  112.942   1336.1    739.1
     1     1    21    11    11    13     0     0   -62.0   41.563  112.642   1401.1    732.4
     1     1    21    11    11    12     0     0   -63.0   41.877  112.352   1477.9    726.5
     1     1    21    11    11    11     0     0   -64.0   42.196  112.069   1555.3    721.0
     1     1    21    11    11    10     0     0   -65.0   42.520  111.787   1624.5    717.9
     1     1    21    11    11     9     0     0   -66.0   42.845  111.502   1684.6    715.7
     1     1    21    11    11     8     0     0   -67.0   43.167  111.213   1735.8    714.0
     1     1    21    11    11     7     0     0   -68.0   43.484  110.914   1780.6    712.4
     1     1    21    11    11     6     0     0   -69.0   43.794  110.603   1821.5    710.7
     1     1    21    11    11     5     0     0   -70.0   44.099  110.290   1860.5    708.4
     1     1    21    11    11     4     0     0   -71.0   44.397  109.984   1900.2    705.1
     1     1    21    11    11     3     0     0   -72.0   44.692  109.688   1937.3    700.1
     1     1    21    11    11     2     0     0   -73.0   44.985  109.402   1971.6    695.2
     1     1    21    11    11     1     0     0   -74.0   45.279  109.130   1998.5    687.5
     1     1    21    11    11     0     0     0   -75.0   45.573  108.874   2019.7    680.9
     1     1    21    11    10    23     0     0   -76.0   45.867  108.626   2036.9    675.7
     1     1    21    11    10    22     0     0   -77.0   46.161  108.378   2051.0    671.1
     1     1    21    11    10    21     0     0   -78.0   46.453  108.127   2062.6    667.2
     1     1    21    11    10    20     0     0   -79.0   46.739  107.871   2071.7    663.9
     1     1    21    11    10    19     0     0   -80.0   47.018  107.608   2078.0    661.3
     1     1    21    11    10    18     0     0   -81.0   47.288  107.336   2081.8    659.8
     1     1    21    11    10    17     0     0   -82.0   47.555  107.068   2088.0    659.9
     1     1    21    11    10    16     0     0   -83.0   47.825  106.817   2102.2    662.1
     1     1    21    11    10    15     0     0   -84.0   48.097  106.584   2121.8    663.6
     1     1    21    11    10    14     0     0   -85.0   48.373  106.368   2146.2    664.6
     1     1    21    11    10    13     0     0   -86.0   48.656  106.166   2174.7    665.3
     1     1    21    11    10    12     0     0   -87.0   48.948  105.978   2206.5    665.7
     1     1    21    11    10    11     0     0   -88.0   49.250  105.791   2239.8    665.6
     1     1    21    11    10    10     0     0   -89.0   49.564  105.597   2273.7    665.7
     1     1    21    11    10     9     0     0   -90.0   49.892  105.393   2307.6    665.9
     1     1    21    11    10     8     0     0   -91.0   50.230  105.174   2342.9    667.9
     1     1    21    11    10     7     0     0   -92.0   50.573  104.931   2376.2    669.8
     1     1    21    11    10     6     0     0   -93.0   50.921  104.658   2403.6    668.4
     1     1    21    11    10     5     0     0   -94.0   51.272  104.347   2426.4    666.1
     1     1    21    11    10     4     0     0   -95.0   51.625  103.994   2442.2    663.6
     1     1    21    11    10     3     0     0   -96.0   51.978  103.592   2449.4    660.5
