     2     1
    CDC1    21     3     1     0     0
    CDC1    21     4     1     0     0
     1 BACKWARD OMEGA   
  2021     4     9     6   37.500  127.000   500.0
     1 PRESSURE
     1     1    21     4     9     6     0     0     0.0   37.500  127.000    500.0    946.5
     1     1    21     4     9     5     0     0    -1.0   37.556  127.086    544.0    940.0
     1     1    21     4     9     4     0     0    -2.0   37.610  127.191    590.2    933.2
     1     1    21     4     9     3     0     0    -3.0   37.665  127.316    639.8    925.9
     1     1    21     4     9     2     0     0    -4.0   37.726  127.457    693.2    917.1
     1     1    21     4     9     1     0     0    -5.0   37.797  127.607    750.6    909.1
     1     1    21     4     9     0     0     0    -6.0   37.885  127.762    811.8    901.3
     1     1    21     4     8    23     0     0    -7.0   38.000  127.908    874.2    892.8
     1     1    21     4     8    22     0     0    -8.0   38.147  128.037    935.4    884.2
     1     1    21     4     8    21     0     0    -9.0   38.325  128.147    995.8    874.8
     1     1    21     4     8    20     0     0   -10.0   38.528  128.238   1055.6    865.3
     1     1    21     4     8    19     0     0   -11.0   38.756  128.310   1115.3    855.7
     1     1    21     4     8    18     0     0   -12.0   39.003  128.361   1174.9    845.9
     1     1    21     4     8    17     0     0   -13.0   39.264  128.377   1234.9    836.3
     1     1    21     4     8    16     0     0   -14.0   39.532  128.345   1295.6    826.1
     1     1    21     4     8    15     0     0   -15.0   39.811  128.270   1358.1    814.7
     1     1    21     4     8    14     0     0   -16.0   40.104  128.160   1423.9    802.9
     1     1    21     4     8    13     0     0   -17.0   40.416  128.030   1494.1    791.4
     1     1    21     4     8    12     0     0   -18.0   40.751  127.893   1569.1    779.5
     1     1    21     4     8    11     0     0   -19.0   41.112  127.743   1645.1    767.1
     1     1    21     4     8    10     0     0   -20.0   41.501  127.569   1717.2    755.3
     1     1    21     4     8     9     0     0   -21.0   41.924  127.372   1785.0    745.9
     1     1    21     4     8     8     0     0   -22.0   42.382  127.153   1846.3    738.8
     1     1    21     4     8     7     0     0   -23.0   42.869  126.913   1904.8    739.7
     1     1    21     4     8     6     0     0   -24.0   43.373  126.662   1958.2    743.9
     1     1    21     4     8     5     0     0   -25.0   43.884  126.419   2010.0    748.8
     1     1    21     4     8     4     0     0   -26.0   44.402  126.202   2066.5    752.2
     1     1    21     4     8     3     0     0   -27.0   44.933  126.012   2125.5    755.1
     1     1    21     4     8     2     0     0   -28.0   45.479  125.851   2178.0    751.3
     1     1    21     4     8     1     0     0   -29.0   46.043  125.720   2225.6    746.0
     1     1    21     4     8     0     0     0   -30.0   46.631  125.624   2267.3    740.5
     1     1    21     4     7    23     0     0   -31.0   47.230  125.545   2302.6    735.4
     1     1    21     4     7    22     0     0   -32.0   47.816  125.462   2332.5    730.0
     1     1    21     4     7    21     0     0   -33.0   48.379  125.373   2359.0    724.2
     1     1    21     4     7    20     0     0   -34.0   48.917  125.281   2385.5    718.3
     1     1    21     4     7    19     0     0   -35.0   49.437  125.182   2414.1    712.0
     1     1    21     4     7    18     0     0   -36.0   49.945  125.079   2446.9    705.1
     1     1    21     4     7    17     0     0   -37.0   50.440  124.979   2488.0    700.9
     1     1    21     4     7    16     0     0   -38.0   50.922  124.890   2532.5    696.6
     1     1    21     4     7    15     0     0   -39.0   51.393  124.813   2583.4    691.8
     1     1    21     4     7    14     0     0   -40.0   51.860  124.749   2642.7    686.3
     1     1    21     4     7    13     0     0   -41.0   52.330  124.698   2712.8    679.9
     1     1    21     4     7    12     0     0   -42.0   52.811  124.655   2789.0    669.4
     1     1    21     4     7    11     0     0   -43.0   53.309  124.609   2863.7    656.7
     1     1    21     4     7    10     0     0   -44.0   53.815  124.554   2930.0    645.6
     1     1    21     4     7     9     0     0   -45.0   54.328  124.487   2989.2    635.2
     1     1    21     4     7     8     0     0   -46.0   54.849  124.404   3041.7    625.4
     1     1    21     4     7     7     0     0   -47.0   55.375  124.293   3090.0    617.8
     1     1    21     4     7     6     0     0   -48.0   55.908  124.137   3131.8    611.7
     1     1    21     4     7     5     0     0   -49.0   56.457  123.933   3170.0    606.5
     1     1    21     4     7     4     0     0   -50.0   57.032  123.688   3206.9    601.6
     1     1    21     4     7     3     0     0   -51.0   57.634  123.404   3247.0    598.9
     1     1    21     4     7     2     0     0   -52.0   58.253  123.092   3299.4    602.1
     1     1    21     4     7     1     0     0   -53.0   58.881  122.758   3354.0    605.2
     1     1    21     4     7     0     0     0   -54.0   59.517  122.398   3410.6    608.1
     1     1    21     4     6    23     0     0   -55.0   60.147  122.011   3465.2    610.0
     1     1    21     4     6    22     0     0   -56.0   60.757  121.610   3511.9    611.5
     1     1    21     4     6    21     0     0   -57.0   61.350  121.205   3553.6    613.9
     1     1    21     4     6    20     0     0   -58.0   61.930  120.790   3589.0    617.4
     1     1    21     4     6    19     0     0   -59.0   62.498  120.357   3616.5    622.0
     1     1    21     4     6    18     0     0   -60.0   63.055  119.894   3625.7    622.5
     1     1    21     4     6    17     0     0   -61.0   63.594  119.395   3625.5    622.1
     1     1    21     4     6    16     0     0   -62.0   64.112  118.860   3619.7    622.6
     1     1    21     4     6    15     0     0   -63.0   64.610  118.291   3609.0    623.8
     1     1    21     4     6    14     0     0   -64.0   65.085  117.689   3593.1    625.3
     1     1    21     4     6    13     0     0   -65.0   65.534  117.059   3566.3    623.3
     1     1    21     4     6    12     0     0   -66.0   65.954  116.405   3535.5    621.2
     1     1    21     4     6    11     0     0   -67.0   66.340  115.732   3504.9    619.7
     1     1    21     4     6    10     0     0   -68.0   66.687  115.041   3474.9    618.2
     1     1    21     4     6     9     0     0   -69.0   66.996  114.328   3444.0    617.6
     1     1    21     4     6     8     0     0   -70.0   67.269  113.590   3409.6    617.7
     1     1    21     4     6     7     0     0   -71.0   67.505  112.822   3369.0    618.6
     1     1    21     4     6     6     0     0   -72.0   67.706  112.020   3323.5    621.9
     1     1    21     4     6     5     0     0   -73.0   67.881  111.187   3275.8    626.3
     1     1    21     4     6     4     0     0   -74.0   68.041  110.318   3228.6    630.2
     1     1    21     4     6     3     0     0   -75.0   68.184  109.409   3184.8    634.8
     1     1    21     4     6     2     0     0   -76.0   68.309  108.460   3144.6    639.5
     1     1    21     4     6     1     0     0   -77.0   68.415  107.469   3107.8    643.8
     1     1    21     4     6     0     0     0   -78.0   68.501  106.431   3073.9    646.9
     1     1    21     4     5    23     0     0   -79.0   68.567  105.360   3043.0    649.5
     1     1    21     4     5    22     0     0   -80.0   68.613  104.274   3009.0    651.1
     1     1    21     4     5    21     0     0   -81.0   68.638  103.177   2971.9    652.3
     1     1    21     4     5    20     0     0   -82.0   68.642  102.071   2929.3    652.9
     1     1    21     4     5    19     0     0   -83.0   68.624  100.955   2878.9    652.7
     1     1    21     4     5    18     0     0   -84.0   68.586   99.828   2821.3    653.0
     1     1    21     4     5    17     0     0   -85.0   68.540   98.697   2759.8    654.2
     1     1    21     4     5    16     0     0   -86.0   68.497   97.565   2698.4    655.2
     1     1    21     4     5    15     0     0   -87.0   68.452   96.435   2640.2    659.2
     1     1    21     4     5    14     0     0   -88.0   68.399   95.312   2581.7    663.1
     1     1    21     4     5    13     0     0   -89.0   68.333   94.198   2527.1    670.0
     1     1    21     4     5    12     0     0   -90.0   68.249   93.098   2475.0    677.9
     1     1    21     4     5    11     0     0   -91.0   68.145   92.013   2427.9    687.1
     1     1    21     4     5    10     0     0   -92.0   68.021   90.947   2386.4    697.6
     1     1    21     4     5     9     0     0   -93.0   67.877   89.902   2347.3    708.0
     1     1    21     4     5     8     0     0   -94.0   67.714   88.880   2309.7    718.7
     1     1    21     4     5     7     0     0   -95.0   67.533   87.885   2272.0    729.5
     1     1    21     4     5     6     0     0   -96.0   67.335   86.924   2232.6    740.4
