     2     1
    CDC1    21     4     1     0     0
    CDC1    21     5     1     0     0
     1 BACKWARD OMEGA   
  2021     5    26    18   37.500  127.000   500.0
     1 PRESSURE
     1     1    21     5    26    18     0     0     0.0   37.500  127.000    500.0    925.8
     1     1    21     5    26    17     0     0    -1.0   37.294  126.885    473.0    930.2
     1     1    21     5    26    16     0     0    -2.0   37.073  126.759    445.5    935.0
     1     1    21     5    26    15     0     0    -3.0   36.837  126.627    417.5    940.0
     1     1    21     5    26    14     0     0    -4.0   36.583  126.494    388.8    945.3
     1     1    21     5    26    13     0     0    -5.0   36.311  126.363    359.0    950.1
     1     1    21     5    26    12     0     0    -6.0   36.019  126.238    327.3    955.2
     1     1    21     5    26    11     0     0    -7.0   35.714  126.124    296.4    960.3
     1     1    21     5    26    10     0     0    -8.0   35.405  126.023    270.1    964.6
     1     1    21     5    26     9     0     0    -9.0   35.091  125.935    248.9    968.4
     1     1    21     5    26     8     0     0   -10.0   34.776  125.860    234.2    971.7
     1     1    21     5    26     7     0     0   -11.0   34.458  125.798    227.2    974.0
     1     1    21     5    26     6     0     0   -12.0   34.141  125.750    228.4    975.2
     1     1    21     5    26     5     0     0   -13.0   33.832  125.717    233.7    975.7
     1     1    21     5    26     4     0     0   -14.0   33.541  125.699    238.7    976.7
     1     1    21     5    26     3     0     0   -15.0   33.271  125.696    243.2    977.6
     1     1    21     5    26     2     0     0   -16.0   33.023  125.705    247.3    978.4
     1     1    21     5    26     1     0     0   -17.0   32.799  125.724    250.8    979.3
     1     1    21     5    26     0     0     0   -18.0   32.600  125.753    253.6    980.1
     1     1    21     5    25    23     0     0   -19.0   32.428  125.789    256.4    980.2
     1     1    21     5    25    22     0     0   -20.0   32.278  125.829    259.4    979.8
     1     1    21     5    25    21     0     0   -21.0   32.151  125.872    262.5    979.5
     1     1    21     5    25    20     0     0   -22.0   32.046  125.918    265.7    979.2
     1     1    21     5    25    19     0     0   -23.0   31.962  125.967    268.9    978.8
     1     1    21     5    25    18     0     0   -24.0   31.899  126.018    272.3    978.5
     1     1    21     5    25    17     0     0   -25.0   31.856  126.064    275.9    978.0
     1     1    21     5    25    16     0     0   -26.0   31.831  126.097    280.3    977.5
     1     1    21     5    25    15     0     0   -27.0   31.822  126.116    285.1    976.9
     1     1    21     5    25    14     0     0   -28.0   31.830  126.121    290.3    976.3
     1     1    21     5    25    13     0     0   -29.0   31.854  126.112    296.1    975.6
     1     1    21     5    25    12     0     0   -30.0   31.892  126.089    302.7    974.8
     1     1    21     5    25    11     0     0   -31.0   31.938  126.036    309.7    973.8
     1     1    21     5    25    10     0     0   -32.0   31.981  125.939    316.7    972.9
     1     1    21     5    25     9     0     0   -33.0   32.023  125.799    323.8    972.1
     1     1    21     5    25     8     0     0   -34.0   32.069  125.618    330.9    971.4
     1     1    21     5    25     7     0     0   -35.0   32.120  125.398    337.9    970.8
     1     1    21     5    25     6     0     0   -36.0   32.183  125.141    344.7    970.5
     1     1    21     5    25     5     0     0   -37.0   32.253  124.867    350.6    970.5
     1     1    21     5    25     4     0     0   -38.0   32.316  124.591    354.4    970.8
     1     1    21     5    25     3     0     0   -39.0   32.374  124.313    356.1    971.4
     1     1    21     5    25     2     0     0   -40.0   32.426  124.030    355.5    972.3
     1     1    21     5    25     1     0     0   -41.0   32.473  123.739    352.7    973.4
     1     1    21     5    25     0     0     0   -42.0   32.518  123.437    348.0    974.6
     1     1    21     5    24    23     0     0   -43.0   32.545  123.138    340.3    975.7
     1     1    21     5    24    22     0     0   -44.0   32.538  122.853    328.2    977.3
     1     1    21     5    24    21     0     0   -45.0   32.487  122.581    311.7    979.5
     1     1    21     5    24    20     0     0   -46.0   32.393  122.320    290.8    980.5
     1     1    21     5    24    19     0     0   -47.0   32.260  122.071    266.6    981.4
     1     1    21     5    24    18     0     0   -48.0   32.092  121.832    240.2    982.4
     1     1    21     5    24    17     0     0   -49.0   31.920  121.622    216.7    984.1
     1     1    21     5    24    16     0     0   -50.0   31.767  121.458    199.7    984.6
     1     1    21     5    24    15     0     0   -51.0   31.633  121.337    188.3    984.2
     1     1    21     5    24    14     0     0   -52.0   31.514  121.256    181.8    983.7
     1     1    21     5    24    13     0     0   -53.0   31.410  121.212    179.7    983.1
     1     1    21     5    24    12     0     0   -54.0   31.321  121.206    181.6    982.4
     1     1    21     5    24    11     0     0   -55.0   31.260  121.209    185.9    981.6
     1     1    21     5    24    10     0     0   -56.0   31.234  121.195    190.7    981.1
     1     1    21     5    24     9     0     0   -57.0   31.241  121.163    195.6    980.5
     1     1    21     5    24     8     0     0   -58.0   31.279  121.113    200.7    980.0
     1     1    21     5    24     7     0     0   -59.0   31.348  121.044    205.8    979.4
     1     1    21     5    24     6     0     0   -60.0   31.446  120.957    210.9    978.9
     1     1    21     5    24     5     0     0   -61.0   31.563  120.865    215.9    978.4
     1     1    21     5    24     4     0     0   -62.0   31.691  120.780    220.6    978.2
     1     1    21     5    24     3     0     0   -63.0   31.830  120.704    225.0    978.2
     1     1    21     5    24     2     0     0   -64.0   31.982  120.637    229.4    978.5
     1     1    21     5    24     1     0     0   -65.0   32.151  120.578    233.7    979.1
     1     1    21     5    24     0     0     0   -66.0   32.337  120.529    238.0    979.9
     1     1    21     5    23    23     0     0   -67.0   32.522  120.478    240.5    980.1
     1     1    21     5    23    22     0     0   -68.0   32.684  120.417    239.8    979.4
     1     1    21     5    23    21     0     0   -69.0   32.822  120.345    236.0    979.1
     1     1    21     5    23    20     0     0   -70.0   32.937  120.264    229.5    979.2
     1     1    21     5    23    19     0     0   -71.0   33.030  120.173    220.5    979.7
     1     1    21     5    23    18     0     0   -72.0   33.104  120.073    209.3    980.5
     1     1    21     5    23    17     0     0   -73.0   33.170  119.985    196.9    981.6
     1     1    21     5    23    16     0     0   -74.0   33.240  119.929    184.0    982.4
     1     1    21     5    23    15     0     0   -75.0   33.314  119.906    170.5    983.4
     1     1    21     5    23    14     0     0   -76.0   33.392  119.917    156.3    984.5
     1     1    21     5    23    13     0     0   -77.0   33.473  119.962    141.0    986.0
     1     1    21     5    23    12     0     0   -78.0   33.555  120.043    124.6    987.8
     1     1    21     5    23    11     0     0   -79.0   33.632  120.141    107.9    990.0
     1     1    21     5    23    10     0     0   -80.0   33.701  120.237     92.3    992.2
     1     1    21     5    23     9     0     0   -81.0   33.763  120.330     78.0    994.3
     1     1    21     5    23     8     0     0   -82.0   33.818  120.422     65.5    995.6
     1     1    21     5    23     7     0     0   -83.0   33.869  120.514     55.1    996.7
     1     1    21     5    23     6     0     0   -84.0   33.914  120.605     46.6    997.6
     1     1    21     5    23     5     0     0   -85.0   33.937  120.697     39.3    998.7
     1     1    21     5    23     4     0     0   -86.0   33.924  120.790     32.6    999.9
     1     1    21     5    23     3     0     0   -87.0   33.878  120.885     26.5   1001.3
     1     1    21     5    23     2     0     0   -88.0   33.802  120.985     20.9   1002.7
     1     1    21     5    23     1     0     0   -89.0   33.700  121.092     16.1   1004.3
     1     1    21     5    23     0     0     0   -90.0   33.577  121.209     12.0   1006.0
     1     1    21     5    22    23     0     0   -91.0   33.444  121.332      8.6   1007.2
     1     1    21     5    22    22     0     0   -92.0   33.309  121.457      5.7   1008.2
     1     1    21     5    22    21     0     0   -93.0   33.171  121.581      2.9   1009.2
     1     1    21     5    22    20     0     0   -94.0   33.033  121.702      0.3   1010.2
     1     1    21     5    22    19     0     0   -95.0   32.895  121.818      0.0   1011.3
     1     1    21     5    22    18     0     0   -96.0   32.757  121.927      0.0   1012.3
