     2     1
    CDC1    21     1     1     0     0
    CDC1    21     2     1     0     0
     1 BACKWARD OMEGA   
  2021     2    19    21   37.500  127.000   500.0
     1 PRESSURE
     1     1    21     2    19    21     0     0     0.0   37.500  127.000    500.0    929.1
     1     1    21     2    19    20     0     0    -1.0   37.535  126.563    490.1    932.0
     1     1    21     2    19    19     0     0    -2.0   37.569  126.122    480.3    935.2
     1     1    21     2    19    18     0     0    -3.0   37.606  125.675    471.3    938.3
     1     1    21     2    19    17     0     0    -4.0   37.636  125.234    458.9    941.9
     1     1    21     2    19    16     0     0    -5.0   37.641  124.808    438.3    946.8
     1     1    21     2    19    15     0     0    -6.0   37.614  124.394    410.2    952.2
     1     1    21     2    19    14     0     0    -7.0   37.554  123.991    375.7    958.6
     1     1    21     2    19    13     0     0    -8.0   37.458  123.598    334.9    964.8
     1     1    21     2    19    12     0     0    -9.0   37.325  123.215    289.5    971.1
     1     1    21     2    19    11     0     0   -10.0   37.157  122.848    245.0    978.1
     1     1    21     2    19    10     0     0   -11.0   36.956  122.497    205.7    984.3
     1     1    21     2    19     9     0     0   -12.0   36.728  122.155    173.3    987.9
     1     1    21     2    19     8     0     0   -13.0   36.483  121.811    149.4    990.5
     1     1    21     2    19     7     0     0   -14.0   36.224  121.462    133.7    992.0
     1     1    21     2    19     6     0     0   -15.0   35.955  121.106    126.2    992.3
     1     1    21     2    19     5     0     0   -16.0   35.691  120.760    124.4    992.0
     1     1    21     2    19     4     0     0   -17.0   35.447  120.442    125.4    991.4
     1     1    21     2    19     3     0     0   -18.0   35.220  120.149    128.2    990.5
     1     1    21     2    19     2     0     0   -19.0   35.012  119.881    132.4    989.8
     1     1    21     2    19     1     0     0   -20.0   34.824  119.638    138.1    990.5
     1     1    21     2    19     0     0     0   -21.0   34.656  119.421    144.8    990.8
     1     1    21     2    18    23     0     0   -22.0   34.491  119.219    153.4    990.9
     1     1    21     2    18    22     0     0   -23.0   34.316  119.022    165.0    990.6
     1     1    21     2    18    21     0     0   -24.0   34.130  118.829    179.4    989.8
     1     1    21     2    18    20     0     0   -25.0   33.932  118.638    197.0    988.7
     1     1    21     2    18    19     0     0   -26.0   33.723  118.449    217.4    986.5
     1     1    21     2    18    18     0     0   -27.0   33.502  118.260    240.5    983.8
     1     1    21     2    18    17     0     0   -28.0   33.287  118.077    265.8    980.5
     1     1    21     2    18    16     0     0   -29.0   33.093  117.907    292.9    977.0
     1     1    21     2    18    15     0     0   -30.0   32.918  117.751    322.0    973.4
     1     1    21     2    18    14     0     0   -31.0   32.760  117.611    353.2    969.7
     1     1    21     2    18    13     0     0   -32.0   32.619  117.489    386.8    965.8
     1     1    21     2    18    12     0     0   -33.0   32.496  117.384    423.3    961.5
     1     1    21     2    18    11     0     0   -34.0   32.397  117.286    458.5    956.6
     1     1    21     2    18    10     0     0   -35.0   32.325  117.182    488.3    953.2
     1     1    21     2    18     9     0     0   -36.0   32.276  117.077    512.6    950.8
     1     1    21     2    18     8     0     0   -37.0   32.249  116.972    531.5    949.2
     1     1    21     2    18     7     0     0   -38.0   32.241  116.867    545.0    948.5
     1     1    21     2    18     6     0     0   -39.0   32.251  116.764    553.1    948.5
     1     1    21     2    18     5     0     0   -40.0   32.268  116.669    559.5    949.0
     1     1    21     2    18     4     0     0   -41.0   32.284  116.588    567.5    948.7
     1     1    21     2    18     3     0     0   -42.0   32.300  116.520    577.2    948.3
     1     1    21     2    18     2     0     0   -43.0   32.317  116.466    588.3    947.6
     1     1    21     2    18     1     0     0   -44.0   32.337  116.425    600.8    946.7
     1     1    21     2    18     0     0     0   -45.0   32.360  116.397    614.8    945.6
     1     1    21     2    17    23     0     0   -46.0   32.388  116.379    629.0    944.0
     1     1    21     2    17    22     0     0   -47.0   32.422  116.371    642.9    942.3
     1     1    21     2    17    21     0     0   -48.0   32.463  116.370    656.5    940.7
     1     1    21     2    17    20     0     0   -49.0   32.512  116.378    669.8    939.0
     1     1    21     2    17    19     0     0   -50.0   32.568  116.393    683.1    937.1
     1     1    21     2    17    18     0     0   -51.0   32.634  116.415    696.5    935.1
     1     1    21     2    17    17     0     0   -52.0   32.707  116.439    709.7    933.3
     1     1    21     2    17    16     0     0   -53.0   32.785  116.457    721.0    931.8
     1     1    21     2    17    15     0     0   -54.0   32.868  116.470    730.8    930.6
     1     1    21     2    17    14     0     0   -55.0   32.957  116.479    739.0    929.5
     1     1    21     2    17    13     0     0   -56.0   33.051  116.484    745.7    928.6
     1     1    21     2    17    12     0     0   -57.0   33.150  116.484    750.9    927.9
     1     1    21     2    17    11     0     0   -58.0   33.262  116.478    756.2    927.3
     1     1    21     2    17    10     0     0   -59.0   33.394  116.460    763.9    926.3
     1     1    21     2    17     9     0     0   -60.0   33.546  116.430    774.5    924.9
     1     1    21     2    17     8     0     0   -61.0   33.717  116.386    788.9    923.2
     1     1    21     2    17     7     0     0   -62.0   33.908  116.328    807.9    920.9
     1     1    21     2    17     6     0     0   -63.0   34.116  116.254    832.7    918.0
     1     1    21     2    17     5     0     0   -64.0   34.331  116.169    861.6    913.9
     1     1    21     2    17     4     0     0   -65.0   34.542  116.078    892.5    909.7
     1     1    21     2    17     3     0     0   -66.0   34.751  115.981    924.1    905.4
     1     1    21     2    17     2     0     0   -67.0   34.960  115.872    955.3    900.6
     1     1    21     2    17     1     0     0   -68.0   35.173  115.749    985.1    895.2
     1     1    21     2    17     0     0     0   -69.0   35.391  115.611   1012.6    889.6
     1     1    21     2    16    23     0     0   -70.0   35.619  115.461   1040.2    884.1
     1     1    21     2    16    22     0     0   -71.0   35.867  115.299   1071.4    877.3
     1     1    21     2    16    21     0     0   -72.0   36.139  115.124   1106.4    869.2
     1     1    21     2    16    20     0     0   -73.0   36.438  114.931   1145.2    859.0
     1     1    21     2    16    19     0     0   -74.0   36.774  114.715   1187.4    845.7
     1     1    21     2    16    18     0     0   -75.0   37.152  114.468   1232.8    830.5
     1     1    21     2    16    17     0     0   -76.0   37.563  114.177   1280.7    812.9
     1     1    21     2    16    16     0     0   -77.0   37.998  113.829   1325.9    790.3
     1     1    21     2    16    15     0     0   -78.0   38.466  113.418   1371.1    767.3
     1     1    21     2    16    14     0     0   -79.0   38.977  112.942   1418.2    743.9
     1     1    21     2    16    13     0     0   -80.0   39.545  112.398   1469.5    721.5
     1     1    21     2    16    12     0     0   -81.0   40.159  111.807   1529.5    707.7
     1     1    21     2    16    11     0     0   -82.0   40.778  111.224   1592.0    704.5
     1     1    21     2    16    10     0     0   -83.0   41.376  110.676   1645.6    705.0
     1     1    21     2    16     9     0     0   -84.0   41.954  110.154   1690.9    708.2
     1     1    21     2    16     8     0     0   -85.0   42.514  109.645   1727.5    710.5
     1     1    21     2    16     7     0     0   -86.0   43.064  109.141   1753.4    706.2
     1     1    21     2    16     6     0     0   -87.0   43.616  108.638   1776.1    701.6
     1     1    21     2    16     5     0     0   -88.0   44.186  108.138   1796.7    696.7
     1     1    21     2    16     4     0     0   -89.0   44.788  107.643   1818.7    690.9
     1     1    21     2    16     3     0     0   -90.0   45.424  107.157   1844.7    682.7
     1     1    21     2    16     2     0     0   -91.0   46.095  106.683   1880.2    674.4
     1     1    21     2    16     1     0     0   -92.0   46.800  106.215   1927.3    667.2
     1     1    21     2    16     0     0     0   -93.0   47.546  105.742   1988.5    661.7
     1     1    21     2    15    23     0     0   -94.0   48.303  105.266   2059.4    662.9
     1     1    21     2    15    22     0     0   -95.0   49.047  104.792   2116.8    662.0
     1     1    21     2    15    21     0     0   -96.0   49.793  104.312   2157.0    656.5
