     2     1
    CDC1    20    12     1     0     0
    CDC1    21     1     1     0     0
     1 BACKWARD OMEGA   
  2021     1    10    15   37.500  127.000   500.0
     1 PRESSURE
     1     1    21     1    10    15     0     0     0.0   37.500  127.000    500.0    944.2
     1     1    21     1    10    14     0     0    -1.0   37.624  126.878    543.9    937.7
     1     1    21     1    10    13     0     0    -2.0   37.753  126.742    593.6    930.4
     1     1    21     1    10    12     0     0    -3.0   37.890  126.595    649.9    922.3
     1     1    21     1    10    11     0     0    -4.0   38.031  126.425    709.0    913.0
     1     1    21     1    10    10     0     0    -5.0   38.171  126.222    764.9    905.3
     1     1    21     1    10     9     0     0    -6.0   38.315  125.988    817.1    898.5
     1     1    21     1    10     8     0     0    -7.0   38.466  125.724    865.6    892.6
     1     1    21     1    10     7     0     0    -8.0   38.630  125.432    911.0    887.4
     1     1    21     1    10     6     0     0    -9.0   38.814  125.112    954.6    882.1
     1     1    21     1    10     5     0     0   -10.0   39.014  124.789    996.8    876.6
     1     1    21     1    10     4     0     0   -11.0   39.222  124.487   1036.2    871.7
     1     1    21     1    10     3     0     0   -12.0   39.436  124.200   1071.7    867.5
     1     1    21     1    10     2     0     0   -13.0   39.655  123.924   1102.7    864.3
     1     1    21     1    10     1     0     0   -14.0   39.879  123.655   1128.4    861.9
     1     1    21     1    10     0     0     0   -15.0   40.107  123.389   1148.0    860.8
     1     1    21     1     9    23     0     0   -16.0   40.337  123.126   1166.0    860.8
     1     1    21     1     9    22     0     0   -17.0   40.568  122.863   1186.5    859.9
     1     1    21     1     9    21     0     0   -18.0   40.798  122.598   1208.5    858.7
     1     1    21     1     9    20     0     0   -19.0   41.026  122.326   1230.5    854.3
     1     1    21     1     9    19     0     0   -20.0   41.256  122.042   1253.3    847.4
     1     1    21     1     9    18     0     0   -21.0   41.489  121.742   1277.3    839.2
     1     1    21     1     9    17     0     0   -22.0   41.731  121.425   1304.3    829.8
     1     1    21     1     9    16     0     0   -23.0   41.985  121.086   1334.8    818.2
     1     1    21     1     9    15     0     0   -24.0   42.248  120.720   1366.9    805.0
     1     1    21     1     9    14     0     0   -25.0   42.517  120.321   1398.1    790.6
     1     1    21     1     9    13     0     0   -26.0   42.788  119.891   1426.8    778.4
     1     1    21     1     9    12     0     0   -27.0   43.061  119.435   1447.6    765.0
     1     1    21     1     9    11     0     0   -28.0   43.352  118.960   1461.3    752.8
     1     1    21     1     9    10     0     0   -29.0   43.670  118.476   1468.5    742.1
     1     1    21     1     9     9     0     0   -30.0   44.008  117.983   1467.8    732.9
     1     1    21     1     9     8     0     0   -31.0   44.360  117.477   1458.3    726.0
     1     1    21     1     9     7     0     0   -32.0   44.718  116.956   1445.1    728.7
     1     1    21     1     9     6     0     0   -33.0   45.076  116.414   1425.0    733.9
     1     1    21     1     9     5     0     0   -34.0   45.439  115.880   1406.5    741.7
     1     1    21     1     9     4     0     0   -35.0   45.813  115.382   1395.4    748.0
     1     1    21     1     9     3     0     0   -36.0   46.197  114.916   1388.0    753.8
     1     1    21     1     9     2     0     0   -37.0   46.590  114.479   1379.9    756.5
     1     1    21     1     9     1     0     0   -38.0   46.990  114.065   1369.4    757.4
     1     1    21     1     9     0     0     0   -39.0   47.398  113.666   1354.3    756.7
     1     1    21     1     8    23     0     0   -40.0   47.816  113.286   1339.0    754.2
     1     1    21     1     8    22     0     0   -41.0   48.249  112.934   1331.4    749.9
     1     1    21     1     8    21     0     0   -42.0   48.694  112.604   1332.5    744.4
     1     1    21     1     8    20     0     0   -43.0   49.147  112.291   1342.3    738.9
     1     1    21     1     8    19     0     0   -44.0   49.606  111.991   1359.7    733.7
     1     1    21     1     8    18     0     0   -45.0   50.065  111.698   1382.8    728.9
     1     1    21     1     8    17     0     0   -46.0   50.526  111.411   1408.7    726.6
     1     1    21     1     8    16     0     0   -47.0   50.993  111.133   1433.1    725.9
     1     1    21     1     8    15     0     0   -48.0   51.462  110.852   1456.2    726.5
     1     1    21     1     8    14     0     0   -49.0   51.929  110.559   1477.9    728.3
     1     1    21     1     8    13     0     0   -50.0   52.389  110.242   1498.2    731.4
     1     1    21     1     8    12     0     0   -51.0   52.839  109.894   1511.7    731.7
     1     1    21     1     8    11     0     0   -52.0   53.284  109.526   1519.1    734.6
     1     1    21     1     8    10     0     0   -53.0   53.729  109.150   1518.5    738.7
     1     1    21     1     8     9     0     0   -54.0   54.171  108.760   1511.1    743.9
     1     1    21     1     8     8     0     0   -55.0   54.609  108.353   1497.7    750.0
     1     1    21     1     8     7     0     0   -56.0   55.039  107.925   1479.2    757.6
     1     1    21     1     8     6     0     0   -57.0   55.460  107.478   1458.1    768.2
     1     1    21     1     8     5     0     0   -58.0   55.872  107.023   1431.8    777.2
     1     1    21     1     8     4     0     0   -59.0   56.278  106.562   1401.6    786.0
     1     1    21     1     8     3     0     0   -60.0   56.680  106.090   1367.8    794.3
     1     1    21     1     8     2     0     0   -61.0   57.080  105.607   1331.3    802.0
     1     1    21     1     8     1     0     0   -62.0   57.487  105.114   1292.5    808.8
     1     1    21     1     8     0     0     0   -63.0   57.905  104.621   1255.4    818.1
     1     1    21     1     7    23     0     0   -64.0   58.335  104.148   1223.2    825.4
     1     1    21     1     7    22     0     0   -65.0   58.777  103.699   1199.8    829.7
     1     1    21     1     7    21     0     0   -66.0   59.229  103.270   1185.6    831.2
     1     1    21     1     7    20     0     0   -67.0   59.694  102.861   1181.4    829.8
     1     1    21     1     7    19     0     0   -68.0   60.171  102.470   1188.3    826.9
     1     1    21     1     7    18     0     0   -69.0   60.658  102.085   1207.3    825.9
     1     1    21     1     7    17     0     0   -70.0   61.157  101.697   1231.5    823.3
     1     1    21     1     7    16     0     0   -71.0   61.672  101.304   1257.0    820.6
     1     1    21     1     7    15     0     0   -72.0   62.203  100.903   1283.7    817.2
     1     1    21     1     7    14     0     0   -73.0   62.746  100.482   1310.9    813.0
     1     1    21     1     7    13     0     0   -74.0   63.296  100.009   1338.1    808.5
     1     1    21     1     7    12     0     0   -75.0   63.847   99.465   1366.3    804.9
     1     1    21     1     7    11     0     0   -76.0   64.389   98.828   1393.8    800.0
     1     1    21     1     7    10     0     0   -77.0   64.913   98.083   1418.7    793.9
     1     1    21     1     7     9     0     0   -78.0   65.417   97.218   1437.4    787.1
     1     1    21     1     7     8     0     0   -79.0   65.893   96.224   1448.8    783.5
     1     1    21     1     7     7     0     0   -80.0   66.340   95.115   1451.5    780.7
     1     1    21     1     7     6     0     0   -81.0   66.748   93.904   1450.1    783.7
     1     1    21     1     7     5     0     0   -82.0   67.111   92.592   1448.6    788.2
     1     1    21     1     7     4     0     0   -83.0   67.420   91.185   1454.2    796.9
     1     1    21     1     7     3     0     0   -84.0   67.675   89.700   1463.0    809.4
     1     1    21     1     7     2     0     0   -85.0   67.878   88.162   1468.3    823.4
     1     1    21     1     7     1     0     0   -86.0   68.030   86.607   1463.2    835.7
     1     1    21     1     7     0     0     0   -87.0   68.130   85.072   1445.0    847.1
     1     1    21     1     6    23     0     0   -88.0   68.182   83.552   1413.7    854.9
     1     1    21     1     6    22     0     0   -89.0   68.188   82.029   1376.1    862.2
     1     1    21     1     6    21     0     0   -90.0   68.154   80.507   1336.3    867.9
     1     1    21     1     6    20     0     0   -91.0   68.088   78.990   1299.4    872.2
     1     1    21     1     6    19     0     0   -92.0   67.994   77.487   1269.0    874.8
     1     1    21     1     6    18     0     0   -93.0   67.881   76.006   1247.9    877.5
     1     1    21     1     6    17     0     0   -94.0   67.764   74.580   1230.8    879.1
     1     1    21     1     6    16     0     0   -95.0   67.658   73.239   1214.0    880.8
     1     1    21     1     6    15     0     0   -96.0   67.558   71.982   1196.7    882.3
