     2     1
    CDC1    21    10     1     0     0
    CDC1    21    11     1     0     0
     1 BACKWARD OMEGA   
  2021    11    25    12   37.500  127.000   500.0
     1 PRESSURE
     1     1    21    11    25    12     0     0     0.0   37.500  127.000    500.0    940.3
     1     1    21    11    25    11     0     0    -1.0   37.610  126.752    526.6    937.0
     1     1    21    11    25    10     0     0    -2.0   37.721  126.496    557.8    933.2
     1     1    21    11    25     9     0     0    -3.0   37.832  126.233    593.9    929.1
     1     1    21    11    25     8     0     0    -4.0   37.948  125.962    635.1    924.4
     1     1    21    11    25     7     0     0    -5.0   38.072  125.680    681.3    918.4
     1     1    21    11    25     6     0     0    -6.0   38.211  125.388    732.2    912.1
     1     1    21    11    25     5     0     0    -7.0   38.360  125.092    784.7    905.5
     1     1    21    11    25     4     0     0    -8.0   38.516  124.797    835.9    899.4
     1     1    21    11    25     3     0     0    -9.0   38.676  124.501    886.0    893.8
     1     1    21    11    25     2     0     0   -10.0   38.841  124.199    935.5    888.7
     1     1    21    11    25     1     0     0   -11.0   39.015  123.890    985.6    883.3
     1     1    21    11    25     0     0     0   -12.0   39.201  123.569   1037.4    878.3
     1     1    21    11    24    23     0     0   -13.0   39.398  123.236   1088.9    873.4
     1     1    21    11    24    22     0     0   -14.0   39.602  122.895   1137.5    869.9
     1     1    21    11    24    21     0     0   -15.0   39.815  122.554   1184.2    867.2
     1     1    21    11    24    20     0     0   -16.0   40.038  122.214   1228.0    861.5
     1     1    21    11    24    19     0     0   -17.0   40.272  121.871   1270.1    853.7
     1     1    21    11    24    18     0     0   -18.0   40.519  121.521   1312.1    844.8
     1     1    21    11    24    17     0     0   -19.0   40.777  121.156   1353.1    834.2
     1     1    21    11    24    16     0     0   -20.0   41.043  120.767   1393.8    823.0
     1     1    21    11    24    15     0     0   -21.0   41.320  120.355   1435.3    810.3
     1     1    21    11    24    14     0     0   -22.0   41.613  119.922   1479.0    795.3
     1     1    21    11    24    13     0     0   -23.0   41.927  119.468   1525.8    775.2
     1     1    21    11    24    12     0     0   -24.0   42.275  118.997   1581.4    752.5
     1     1    21    11    24    11     0     0   -25.0   42.664  118.499   1645.0    729.7
     1     1    21    11    24    10     0     0   -26.0   43.086  117.965   1714.2    711.3
     1     1    21    11    24     9     0     0   -27.0   43.529  117.397   1783.8    695.6
     1     1    21    11    24     8     0     0   -28.0   43.980  116.796   1856.5    688.1
     1     1    21    11    24     7     0     0   -29.0   44.430  116.168   1924.9    683.3
     1     1    21    11    24     6     0     0   -30.0   44.880  115.512   1988.7    681.0
     1     1    21    11    24     5     0     0   -31.0   45.323  114.851   2042.9    681.2
     1     1    21    11    24     4     0     0   -32.0   45.753  114.212   2081.4    681.8
     1     1    21    11    24     3     0     0   -33.0   46.166  113.597   2103.2    680.4
     1     1    21    11    24     2     0     0   -34.0   46.567  112.999   2111.0    677.1
     1     1    21    11    24     1     0     0   -35.0   46.960  112.416   2107.0    671.9
     1     1    21    11    24     0     0     0   -36.0   47.345  111.849   2095.2    664.5
     1     1    21    11    23    23     0     0   -37.0   47.715  111.297   2086.9    658.5
     1     1    21    11    23    22     0     0   -38.0   48.065  110.766   2086.3    653.3
     1     1    21    11    23    21     0     0   -39.0   48.397  110.264   2092.8    648.2
     1     1    21    11    23    20     0     0   -40.0   48.715  109.797   2108.2    645.8
     1     1    21    11    23    19     0     0   -41.0   49.018  109.374   2131.3    646.7
     1     1    21    11    23    18     0     0   -42.0   49.309  109.000   2155.9    647.6
     1     1    21    11    23    17     0     0   -43.0   49.584  108.666   2176.2    649.0
     1     1    21    11    23    16     0     0   -44.0   49.841  108.360   2186.9    651.9
     1     1    21    11    23    15     0     0   -45.0   50.079  108.075   2190.6    656.3
     1     1    21    11    23    14     0     0   -46.0   50.297  107.797   2189.3    662.4
     1     1    21    11    23    13     0     0   -47.0   50.495  107.518   2183.7    668.8
     1     1    21    11    23    12     0     0   -48.0   50.676  107.230   2174.0    673.9
     1     1    21    11    23    11     0     0   -49.0   50.844  106.939   2164.2    678.5
     1     1    21    11    23    10     0     0   -50.0   51.003  106.657   2155.7    682.7
     1     1    21    11    23     9     0     0   -51.0   51.151  106.389   2147.3    686.6
     1     1    21    11    23     8     0     0   -52.0   51.289  106.139   2138.2    690.3
     1     1    21    11    23     7     0     0   -53.0   51.417  105.912   2127.9    693.8
     1     1    21    11    23     6     0     0   -54.0   51.537  105.710   2116.1    697.3
     1     1    21    11    23     5     0     0   -55.0   51.652  105.522   2104.0    700.8
     1     1    21    11    23     4     0     0   -56.0   51.767  105.332   2092.7    704.1
     1     1    21    11    23     3     0     0   -57.0   51.879  105.139   2080.7    707.5
     1     1    21    11    23     2     0     0   -58.0   51.987  104.940   2065.6    709.8
     1     1    21    11    23     1     0     0   -59.0   52.093  104.729   2044.0    709.2
     1     1    21    11    23     0     0     0   -60.0   52.197  104.501   2016.7    708.7
     1     1    21    11    22    23     0     0   -61.0   52.301  104.261   1986.4    708.7
     1     1    21    11    22    22     0     0   -62.0   52.404  104.016   1957.3    708.2
     1     1    21    11    22    21     0     0   -63.0   52.505  103.766   1929.9    707.3
     1     1    21    11    22    20     0     0   -64.0   52.603  103.510   1905.3    706.3
     1     1    21    11    22    19     0     0   -65.0   52.694  103.245   1884.5    705.1
     1     1    21    11    22    18     0     0   -66.0   52.779  102.972   1867.8    703.5
     1     1    21    11    22    17     0     0   -67.0   52.863  102.685   1851.8    701.6
     1     1    21    11    22    16     0     0   -68.0   52.953  102.378   1831.4    700.5
     1     1    21    11    22    15     0     0   -69.0   53.047  102.048   1807.0    699.7
     1     1    21    11    22    14     0     0   -70.0   53.144  101.695   1778.6    699.2
     1     1    21    11    22    13     0     0   -71.0   53.248  101.320   1746.1    699.1
     1     1    21    11    22    12     0     0   -72.0   53.360  100.924   1708.9    699.7
     1     1    21    11    22    11     0     0   -73.0   53.472  100.503   1671.3    700.9
     1     1    21    11    22    10     0     0   -74.0   53.579  100.050   1637.4    701.0
     1     1    21    11    22     9     0     0   -75.0   53.675   99.566   1612.6    705.9
     1     1    21    11    22     8     0     0   -76.0   53.755   99.051   1592.1    710.3
     1     1    21    11    22     7     0     0   -77.0   53.815   98.506   1573.9    713.6
     1     1    21    11    22     6     0     0   -78.0   53.855   97.932   1556.8    716.1
     1     1    21    11    22     5     0     0   -79.0   53.881   97.328   1540.7    719.3
     1     1    21    11    22     4     0     0   -80.0   53.894   96.697   1528.4    726.4
     1     1    21    11    22     3     0     0   -81.0   53.891   96.043   1517.6    733.1
     1     1    21    11    22     2     0     0   -82.0   53.872   95.372   1508.5    739.6
     1     1    21    11    22     1     0     0   -83.0   53.837   94.690   1500.9    745.5
     1     1    21    11    22     0     0     0   -84.0   53.787   94.001   1496.0    750.1
     1     1    21    11    21    23     0     0   -85.0   53.706   93.312   1494.0    753.8
     1     1    21    11    21    22     0     0   -86.0   53.580   92.632   1495.4    756.6
     1     1    21    11    21    21     0     0   -87.0   53.415   91.959   1498.8    755.4
     1     1    21    11    21    20     0     0   -88.0   53.222   91.291   1505.1    751.6
     1     1    21    11    21    19     0     0   -89.0   53.009   90.626   1514.4    746.0
     1     1    21    11    21    18     0     0   -90.0   52.783   89.963   1526.5    738.7
     1     1    21    11    21    17     0     0   -91.0   52.557   89.298   1539.9    734.7
     1     1    21    11    21    16     0     0   -92.0   52.341   88.628   1546.0    729.5
     1     1    21    11    21    15     0     0   -93.0   52.137   87.950   1545.4    724.4
     1     1    21    11    21    14     0     0   -94.0   51.938   87.270   1542.3    722.9
     1     1    21    11    21    13     0     0   -95.0   51.734   86.603   1541.4    728.7
     1     1    21    11    21    12     0     0   -96.0   51.519   85.961   1538.8    734.7
