     2     1
    CDC1    21     3     1     0     0
    CDC1    21     4     1     0     0
     1 BACKWARD OMEGA   
  2021     4    22    15   37.500  127.000   500.0
     1 PRESSURE
     1     1    21     4    22    15     0     0     0.0   37.500  127.000    500.0    941.8
     1     1    21     4    22    14     0     0    -1.0   37.315  127.250    483.5    942.8
     1     1    21     4    22    13     0     0    -2.0   37.142  127.493    468.0    943.6
     1     1    21     4    22    12     0     0    -3.0   36.983  127.730    453.8    946.1
     1     1    21     4    22    11     0     0    -4.0   36.836  127.960    441.1    948.1
     1     1    21     4    22    10     0     0    -5.0   36.698  128.180    430.1    949.8
     1     1    21     4    22     9     0     0    -6.0   36.568  128.393    420.9    951.1
     1     1    21     4    22     8     0     0    -7.0   36.445  128.603    413.3    952.2
     1     1    21     4    22     7     0     0    -8.0   36.327  128.811    407.4    953.1
     1     1    21     4    22     6     0     0    -9.0   36.217  129.019    403.3    953.6
     1     1    21     4    22     5     0     0   -10.0   36.118  129.225    401.8    954.3
     1     1    21     4    22     4     0     0   -11.0   36.036  129.422    403.5    954.4
     1     1    21     4    22     3     0     0   -12.0   35.970  129.608    408.5    954.0
     1     1    21     4    22     2     0     0   -13.0   35.920  129.782    416.7    953.2
     1     1    21     4    22     1     0     0   -14.0   35.885  129.940    428.1    951.9
     1     1    21     4    22     0     0     0   -15.0   35.866  130.082    442.8    950.8
     1     1    21     4    21    23     0     0   -16.0   35.850  130.214    459.8    949.2
     1     1    21     4    21    22     0     0   -17.0   35.827  130.346    478.1    947.5
     1     1    21     4    21    21     0     0   -18.0   35.799  130.478    497.6    945.8
     1     1    21     4    21    20     0     0   -19.0   35.766  130.610    518.7    943.9
     1     1    21     4    21    19     0     0   -20.0   35.729  130.743    541.4    941.8
     1     1    21     4    21    18     0     0   -21.0   35.689  130.877    565.9    939.5
     1     1    21     4    21    17     0     0   -22.0   35.651  131.007    591.5    937.3
     1     1    21     4    21    16     0     0   -23.0   35.622  131.130    617.2    935.2
     1     1    21     4    21    15     0     0   -24.0   35.600  131.243    642.9    932.8
     1     1    21     4    21    14     0     0   -25.0   35.587  131.345    668.5    930.3
     1     1    21     4    21    13     0     0   -26.0   35.580  131.433    693.9    927.9
     1     1    21     4    21    12     0     0   -27.0   35.580  131.507    719.0    925.5
     1     1    21     4    21    11     0     0   -28.0   35.590  131.574    745.0    923.0
     1     1    21     4    21    10     0     0   -29.0   35.615  131.640    773.5    920.3
     1     1    21     4    21     9     0     0   -30.0   35.656  131.706    804.3    917.5
     1     1    21     4    21     8     0     0   -31.0   35.712  131.768    837.2    914.7
     1     1    21     4    21     7     0     0   -32.0   35.784  131.825    872.3    911.9
     1     1    21     4    21     6     0     0   -33.0   35.872  131.875    909.3    909.0
     1     1    21     4    21     5     0     0   -34.0   35.974  131.915    949.1    906.0
     1     1    21     4    21     4     0     0   -35.0   36.084  131.944    992.9    902.1
     1     1    21     4    21     3     0     0   -36.0   36.202  131.960   1040.6    897.8
     1     1    21     4    21     2     0     0   -37.0   36.327  131.960   1092.0    893.2
     1     1    21     4    21     1     0     0   -38.0   36.459  131.943   1146.6    888.2
     1     1    21     4    21     0     0     0   -39.0   36.597  131.904   1204.0    882.9
     1     1    21     4    20    23     0     0   -40.0   36.743  131.844   1260.6    877.2
     1     1    21     4    20    22     0     0   -41.0   36.899  131.762   1312.7    872.1
     1     1    21     4    20    21     0     0   -42.0   37.062  131.661   1359.8    867.1
     1     1    21     4    20    20     0     0   -43.0   37.231  131.543   1401.6    862.6
     1     1    21     4    20    19     0     0   -44.0   37.404  131.408   1437.7    858.7
     1     1    21     4    20    18     0     0   -45.0   37.576  131.258   1467.5    854.5
     1     1    21     4    20    17     0     0   -46.0   37.743  131.090   1494.6    850.1
     1     1    21     4    20    16     0     0   -47.0   37.905  130.901   1521.9    844.8
     1     1    21     4    20    15     0     0   -48.0   38.065  130.694   1550.7    839.1
     1     1    21     4    20    14     0     0   -49.0   38.227  130.475   1581.7    832.8
     1     1    21     4    20    13     0     0   -50.0   38.394  130.246   1615.4    825.9
     1     1    21     4    20    12     0     0   -51.0   38.571  130.015   1652.9    818.3
     1     1    21     4    20    11     0     0   -52.0   38.756  129.782   1692.3    811.1
     1     1    21     4    20    10     0     0   -53.0   38.947  129.544   1728.1    804.2
     1     1    21     4    20     9     0     0   -54.0   39.147  129.297   1760.0    797.2
     1     1    21     4    20     8     0     0   -55.0   39.358  129.036   1787.0    790.3
     1     1    21     4    20     7     0     0   -56.0   39.585  128.755   1807.8    783.4
     1     1    21     4    20     6     0     0   -57.0   39.831  128.450   1820.6    776.6
     1     1    21     4    20     5     0     0   -58.0   40.097  128.123   1830.3    769.9
     1     1    21     4    20     4     0     0   -59.0   40.389  127.777   1847.5    762.3
     1     1    21     4    20     3     0     0   -60.0   40.707  127.406   1873.3    755.4
     1     1    21     4    20     2     0     0   -61.0   41.043  127.011   1909.9    752.7
     1     1    21     4    20     1     0     0   -62.0   41.384  126.594   1951.5    750.2
     1     1    21     4    20     0     0     0   -63.0   41.725  126.156   1996.1    748.4
     1     1    21     4    19    23     0     0   -64.0   42.053  125.694   2042.6    747.1
     1     1    21     4    19    22     0     0   -65.0   42.362  125.216   2091.1    746.4
     1     1    21     4    19    21     0     0   -66.0   42.653  124.735   2144.0    746.5
     1     1    21     4    19    20     0     0   -67.0   42.931  124.267   2200.6    746.1
     1     1    21     4    19    19     0     0   -68.0   43.204  123.817   2259.9    744.4
     1     1    21     4    19    18     0     0   -69.0   43.480  123.387   2323.2    741.5
     1     1    21     4    19    17     0     0   -70.0   43.760  122.963   2383.1    737.6
     1     1    21     4    19    16     0     0   -71.0   44.041  122.538   2430.6    734.8
     1     1    21     4    19    15     0     0   -72.0   44.330  122.095   2462.6    725.3
     1     1    21     4    19    14     0     0   -73.0   44.627  121.614   2488.8    714.5
     1     1    21     4    19    13     0     0   -74.0   44.936  121.085   2513.8    702.3
     1     1    21     4    19    12     0     0   -75.0   45.264  120.501   2543.0    687.3
     1     1    21     4    19    11     0     0   -76.0   45.607  119.866   2589.4    671.8
     1     1    21     4    19    10     0     0   -77.0   45.946  119.192   2653.3    658.9
     1     1    21     4    19     9     0     0   -78.0   46.275  118.489   2724.9    647.8
     1     1    21     4    19     8     0     0   -79.0   46.597  117.756   2798.3    639.1
     1     1    21     4    19     7     0     0   -80.0   46.907  116.997   2868.7    635.1
     1     1    21     4    19     6     0     0   -81.0   47.196  116.219   2921.5    634.3
     1     1    21     4    19     5     0     0   -82.0   47.462  115.445   2955.2    636.0
     1     1    21     4    19     4     0     0   -83.0   47.703  114.687   2974.3    632.8
     1     1    21     4    19     3     0     0   -84.0   47.917  113.934   2985.3    624.0
     1     1    21     4    19     2     0     0   -85.0   48.100  113.173   2997.9    614.7
     1     1    21     4    19     1     0     0   -86.0   48.253  112.401   3012.7    605.1
     1     1    21     4    19     0     0     0   -87.0   48.380  111.614   3031.2    595.7
     1     1    21     4    18    23     0     0   -88.0   48.487  110.816   3049.0    586.1
     1     1    21     4    18    22     0     0   -89.0   48.577  110.009   3059.8    577.7
     1     1    21     4    18    21     0     0   -90.0   48.658  109.205   3081.2    578.6
     1     1    21     4    18    20     0     0   -91.0   48.740  108.410   3098.5    580.1
     1     1    21     4    18    19     0     0   -92.0   48.820  107.622   3109.7    582.5
     1     1    21     4    18    18     0     0   -93.0   48.902  106.835   3114.6    584.5
     1     1    21     4    18    17     0     0   -94.0   48.982  106.043   3118.0    586.2
     1     1    21     4    18    16     0     0   -95.0   49.053  105.251   3115.7    588.3
     1     1    21     4    18    15     0     0   -96.0   49.113  104.450   3093.3    583.4
