     2     1
    CDC1    21     1     1     0     0
    CDC1    21     2     1     0     0
     1 BACKWARD OMEGA   
  2021     2     1    18   37.500  127.000   500.0
     1 PRESSURE
     1     1    21     2     1    18     0     0     0.0   37.500  127.000    500.0    939.7
     1     1    21     2     1    17     0     0    -1.0   37.924  126.730    588.4    924.0
     1     1    21     2     1    16     0     0    -2.0   38.328  126.451    684.4    906.8
     1     1    21     2     1    15     0     0    -3.0   38.709  126.147    785.1    890.3
     1     1    21     2     1    14     0     0    -4.0   39.067  125.820    891.1    875.3
     1     1    21     2     1    13     0     0    -5.0   39.403  125.468   1003.6    860.1
     1     1    21     2     1    12     0     0    -6.0   39.715  125.088   1123.1    845.4
     1     1    21     2     1    11     0     0    -7.0   40.010  124.673   1245.8    832.6
     1     1    21     2     1    10     0     0    -8.0   40.292  124.223   1363.3    823.1
     1     1    21     2     1     9     0     0    -9.0   40.565  123.752   1471.1    815.3
     1     1    21     2     1     8     0     0   -10.0   40.832  123.271   1571.6    808.5
     1     1    21     2     1     7     0     0   -11.0   41.099  122.792   1666.9    802.1
     1     1    21     2     1     6     0     0   -12.0   41.362  122.311   1756.1    792.2
     1     1    21     2     1     5     0     0   -13.0   41.612  121.807   1833.2    776.0
     1     1    21     2     1     4     0     0   -14.0   41.846  121.265   1900.6    760.0
     1     1    21     2     1     3     0     0   -15.0   42.069  120.687   1957.9    743.7
     1     1    21     2     1     2     0     0   -16.0   42.285  120.073   2005.5    726.9
     1     1    21     2     1     1     0     0   -17.0   42.495  119.412   2039.2    705.6
     1     1    21     2     1     0     0     0   -18.0   42.702  118.699   2065.0    687.3
     1     1    21     1    31    23     0     0   -19.0   42.903  117.931   2087.5    670.1
     1     1    21     1    31    22     0     0   -20.0   43.095  117.103   2123.0    656.5
     1     1    21     1    31    21     0     0   -21.0   43.282  116.232   2176.2    648.0
     1     1    21     1    31    20     0     0   -22.0   43.468  115.328   2241.6    639.3
     1     1    21     1    31    19     0     0   -23.0   43.651  114.405   2321.3    635.7
     1     1    21     1    31    18     0     0   -24.0   43.826  113.483   2405.9    634.3
     1     1    21     1    31    17     0     0   -25.0   43.998  112.585   2482.4    633.1
     1     1    21     1    31    16     0     0   -26.0   44.178  111.724   2542.3    629.5
     1     1    21     1    31    15     0     0   -27.0   44.365  110.897   2588.3    626.1
     1     1    21     1    31    14     0     0   -28.0   44.559  110.095   2622.9    622.9
     1     1    21     1    31    13     0     0   -29.0   44.768  109.310   2645.3    617.1
     1     1    21     1    31    12     0     0   -30.0   44.998  108.532   2662.8    610.9
     1     1    21     1    31    11     0     0   -31.0   45.256  107.770   2673.6    603.2
     1     1    21     1    31    10     0     0   -32.0   45.547  107.029   2684.2    597.7
     1     1    21     1    31     9     0     0   -33.0   45.869  106.302   2698.2    593.5
     1     1    21     1    31     8     0     0   -34.0   46.218  105.581   2717.5    590.1
     1     1    21     1    31     7     0     0   -35.0   46.593  104.856   2740.5    586.4
     1     1    21     1    31     6     0     0   -36.0   47.001  104.103   2755.0    576.9
     1     1    21     1    31     5     0     0   -37.0   47.457  103.330   2761.2    566.2
     1     1    21     1    31     4     0     0   -38.0   47.954  102.568   2763.3    558.6
     1     1    21     1    31     3     0     0   -39.0   48.479  101.829   2755.7    550.4
     1     1    21     1    31     2     0     0   -40.0   49.030  101.116   2746.9    543.3
     1     1    21     1    31     1     0     0   -41.0   49.607  100.424   2742.1    537.1
     1     1    21     1    31     0     0     0   -42.0   50.209   99.758   2754.7    536.4
     1     1    21     1    30    23     0     0   -43.0   50.815   99.121   2788.0    542.2
     1     1    21     1    30    22     0     0   -44.0   51.419   98.505   2824.4    545.9
     1     1    21     1    30    21     0     0   -45.0   52.031   97.911   2857.9    547.9
     1     1    21     1    30    20     0     0   -46.0   52.646   97.346   2891.3    553.8
     1     1    21     1    30    19     0     0   -47.0   53.235   96.835   2933.0    571.9
     1     1    21     1    30    18     0     0   -48.0   53.779   96.389   2955.4    586.9
     1     1    21     1    30    17     0     0   -49.0   54.291   95.976   2961.5    600.5
     1     1    21     1    30    16     0     0   -50.0   54.785   95.561   2951.6    613.0
     1     1    21     1    30    15     0     0   -51.0   55.263   95.134   2935.0    625.0
     1     1    21     1    30    14     0     0   -52.0   55.725   94.703   2921.2    637.1
     1     1    21     1    30    13     0     0   -53.0   56.169   94.280   2912.3    647.5
     1     1    21     1    30    12     0     0   -54.0   56.599   93.874   2909.1    655.8
     1     1    21     1    30    11     0     0   -55.0   57.018   93.505   2912.1    661.9
     1     1    21     1    30    10     0     0   -56.0   57.426   93.188   2921.3    666.3
     1     1    21     1    30     9     0     0   -57.0   57.826   92.926   2927.0    664.7
     1     1    21     1    30     8     0     0   -58.0   58.215   92.721   2934.2    662.0
     1     1    21     1    30     7     0     0   -59.0   58.592   92.580   2945.2    659.1
     1     1    21     1    30     6     0     0   -60.0   58.953   92.510   2961.1    655.8
     1     1    21     1    30     5     0     0   -61.0   59.293   92.496   2977.9    652.2
     1     1    21     1    30     4     0     0   -62.0   59.607   92.520   2992.5    649.1
     1     1    21     1    30     3     0     0   -63.0   59.897   92.593   3002.8    646.5
     1     1    21     1    30     2     0     0   -64.0   60.164   92.706   3007.2    645.0
     1     1    21     1    30     1     0     0   -65.0   60.406   92.847   3003.0    644.8
     1     1    21     1    30     0     0     0   -66.0   60.626   93.009   2990.0    645.4
     1     1    21     1    29    23     0     0   -67.0   60.809   93.183   2973.9    647.2
     1     1    21     1    29    22     0     0   -68.0   60.946   93.350   2959.2    648.2
     1     1    21     1    29    21     0     0   -69.0   61.040   93.504   2946.4    649.0
     1     1    21     1    29    20     0     0   -70.0   61.096   93.637   2935.6    649.6
     1     1    21     1    29    19     0     0   -71.0   61.117   93.740   2926.6    650.1
     1     1    21     1    29    18     0     0   -72.0   61.106   93.804   2919.1    650.5
     1     1    21     1    29    17     0     0   -73.0   61.083   93.834   2910.4    651.1
     1     1    21     1    29    16     0     0   -74.0   61.067   93.842   2898.4    652.3
     1     1    21     1    29    15     0     0   -75.0   61.056   93.827   2883.2    653.8
     1     1    21     1    29    14     0     0   -76.0   61.050   93.792   2864.6    655.7
     1     1    21     1    29    13     0     0   -77.0   61.050   93.734   2842.8    657.9
     1     1    21     1    29    12     0     0   -78.0   61.055   93.655   2817.5    660.5
     1     1    21     1    29    11     0     0   -79.0   61.055   93.564   2793.2    663.4
     1     1    21     1    29    10     0     0   -80.0   61.042   93.469   2772.5    665.5
     1     1    21     1    29     9     0     0   -81.0   61.018   93.369   2756.1    667.3
     1     1    21     1    29     8     0     0   -82.0   60.984   93.260   2743.9    668.7
     1     1    21     1    29     7     0     0   -83.0   60.942   93.140   2735.8    669.6
     1     1    21     1    29     6     0     0   -84.0   60.893   93.005   2732.0    670.3
     1     1    21     1    29     5     0     0   -85.0   60.842   92.847   2730.6    670.9
     1     1    21     1    29     4     0     0   -86.0   60.790   92.658   2727.1    671.9
     1     1    21     1    29     3     0     0   -87.0   60.736   92.434   2721.6    673.1
     1     1    21     1    29     2     0     0   -88.0   60.679   92.173   2713.4    674.7
     1     1    21     1    29     1     0     0   -89.0   60.620   91.868   2701.7    676.5
     1     1    21     1    29     0     0     0   -90.0   60.555   91.518   2685.3    678.8
     1     1    21     1    28    23     0     0   -91.0   60.507   91.122   2662.1    681.8
     1     1    21     1    28    22     0     0   -92.0   60.492   90.686   2628.9    685.9
     1     1    21     1    28    21     0     0   -93.0   60.504   90.216   2584.4    691.3
     1     1    21     1    28    20     0     0   -94.0   60.539   89.716   2528.3    698.4
     1     1    21     1    28    19     0     0   -95.0   60.590   89.191   2460.9    706.9
     1     1    21     1    28    18     0     0   -96.0   60.648   88.643   2381.5    716.8
