     2     1
    CDC1    20    12     1     0     0
    CDC1    21     1     1     0     0
     1 BACKWARD OMEGA   
  2021     1    29    18   37.500  127.000   500.0
     1 PRESSURE
     1     1    21     1    29    18     0     0     0.0   37.500  127.000    500.0    941.4
     1     1    21     1    29    17     0     0    -1.0   37.339  126.690    474.9    946.9
     1     1    21     1    29    16     0     0    -2.0   37.198  126.406    455.5    951.3
     1     1    21     1    29    15     0     0    -3.0   37.072  126.152    441.6    954.9
     1     1    21     1    29    14     0     0    -4.0   36.956  125.929    433.3    957.5
     1     1    21     1    29    13     0     0    -5.0   36.849  125.739    430.7    959.3
     1     1    21     1    29    12     0     0    -6.0   36.748  125.582    434.5    960.0
     1     1    21     1    29    11     0     0    -7.0   36.667  125.438    443.0    959.9
     1     1    21     1    29    10     0     0    -8.0   36.617  125.285    453.8    959.7
     1     1    21     1    29     9     0     0    -9.0   36.597  125.125    466.6    959.2
     1     1    21     1    29     8     0     0   -10.0   36.606  124.957    481.5    958.4
     1     1    21     1    29     7     0     0   -11.0   36.643  124.781    498.4    956.8
     1     1    21     1    29     6     0     0   -12.0   36.705  124.598    517.4    955.1
     1     1    21     1    29     5     0     0   -13.0   36.778  124.406    538.5    952.9
     1     1    21     1    29     4     0     0   -14.0   36.851  124.204    561.6    950.6
     1     1    21     1    29     3     0     0   -15.0   36.925  123.991    586.8    948.2
     1     1    21     1    29     2     0     0   -16.0   37.004  123.766    614.4    945.7
     1     1    21     1    29     1     0     0   -17.0   37.093  123.528    644.6    942.7
     1     1    21     1    29     0     0     0   -18.0   37.195  123.274    677.9    939.2
     1     1    21     1    28    23     0     0   -19.0   37.310  123.010    712.2    935.3
     1     1    21     1    28    22     0     0   -20.0   37.428  122.747    745.4    932.1
     1     1    21     1    28    21     0     0   -21.0   37.547  122.490    777.7    928.8
     1     1    21     1    28    20     0     0   -22.0   37.665  122.240    809.6    924.7
     1     1    21     1    28    19     0     0   -23.0   37.783  121.995    842.4    920.4
     1     1    21     1    28    18     0     0   -24.0   37.901  121.755    876.4    916.1
     1     1    21     1    28    17     0     0   -25.0   38.030  121.512    915.0    911.3
     1     1    21     1    28    16     0     0   -26.0   38.184  121.260    962.4    904.8
     1     1    21     1    28    15     0     0   -27.0   38.363  120.999   1017.7    896.8
     1     1    21     1    28    14     0     0   -28.0   38.568  120.727   1080.8    887.9
     1     1    21     1    28    13     0     0   -29.0   38.799  120.441   1151.7    878.1
     1     1    21     1    28    12     0     0   -30.0   39.054  120.140   1230.4    867.4
     1     1    21     1    28    11     0     0   -31.0   39.344  119.818   1313.9    853.4
     1     1    21     1    28    10     0     0   -32.0   39.681  119.468   1401.7    835.6
     1     1    21     1    28     9     0     0   -33.0   40.068  119.085   1493.3    814.6
     1     1    21     1    28     8     0     0   -34.0   40.499  118.657   1584.1    786.9
     1     1    21     1    28     7     0     0   -35.0   40.965  118.174   1674.4    757.0
     1     1    21     1    28     6     0     0   -36.0   41.459  117.638   1764.1    724.1
     1     1    21     1    28     5     0     0   -37.0   41.978  117.047   1851.6    692.2
     1     1    21     1    28     4     0     0   -38.0   42.526  116.412   1935.9    665.1
     1     1    21     1    28     3     0     0   -39.0   43.098  115.762   2030.3    655.4
     1     1    21     1    28     2     0     0   -40.0   43.688  115.115   2124.0    648.7
     1     1    21     1    28     1     0     0   -41.0   44.290  114.492   2220.5    647.7
     1     1    21     1    28     0     0     0   -42.0   44.891  113.907   2313.2    647.7
     1     1    21     1    27    23     0     0   -43.0   45.470  113.335   2390.8    644.2
     1     1    21     1    27    22     0     0   -44.0   46.015  112.744   2449.2    638.4
     1     1    21     1    27    21     0     0   -45.0   46.535  112.143   2492.5    628.8
     1     1    21     1    27    20     0     0   -46.0   47.039  111.537   2526.0    616.9
     1     1    21     1    27    19     0     0   -47.0   47.534  110.933   2554.1    603.8
     1     1    21     1    27    18     0     0   -48.0   48.020  110.341   2587.9    595.0
     1     1    21     1    27    17     0     0   -49.0   48.499  109.777   2631.7    589.6
     1     1    21     1    27    16     0     0   -50.0   48.977  109.248   2692.1    588.1
     1     1    21     1    27    15     0     0   -51.0   49.452  108.762   2764.4    586.5
     1     1    21     1    27    14     0     0   -52.0   49.926  108.328   2848.9    584.5
     1     1    21     1    27    13     0     0   -53.0   50.391  107.958   2947.1    584.7
     1     1    21     1    27    12     0     0   -54.0   50.841  107.663   3052.4    584.7
     1     1    21     1    27    11     0     0   -55.0   51.263  107.421   3155.3    583.9
     1     1    21     1    27    10     0     0   -56.0   51.646  107.202   3245.5    582.8
     1     1    21     1    27     9     0     0   -57.0   51.994  107.002   3324.7    581.9
     1     1    21     1    27     8     0     0   -58.0   52.309  106.818   3393.3    581.4
     1     1    21     1    27     7     0     0   -59.0   52.590  106.649   3450.1    579.9
     1     1    21     1    27     6     0     0   -60.0   52.836  106.496   3494.7    576.5
     1     1    21     1    27     5     0     0   -61.0   53.055  106.361   3529.5    573.5
     1     1    21     1    27     4     0     0   -62.0   53.255  106.242   3557.1    571.6
     1     1    21     1    27     3     0     0   -63.0   53.436  106.140   3575.8    570.4
     1     1    21     1    27     2     0     0   -64.0   53.596  106.055   3585.9    570.1
     1     1    21     1    27     1     0     0   -65.0   53.736  105.987   3587.4    570.3
     1     1    21     1    27     0     0     0   -66.0   53.856  105.935   3580.5    571.3
     1     1    21     1    26    23     0     0   -67.0   53.961  105.897   3570.8    573.2
     1     1    21     1    26    22     0     0   -68.0   54.056  105.871   3561.5    574.5
     1     1    21     1    26    21     0     0   -69.0   54.141  105.858   3553.1    575.7
     1     1    21     1    26    20     0     0   -70.0   54.219  105.856   3545.1    576.7
     1     1    21     1    26    19     0     0   -71.0   54.290  105.867   3537.5    577.5
     1     1    21     1    26    18     0     0   -72.0   54.355  105.889   3530.1    578.2
     1     1    21     1    26    17     0     0   -73.0   54.418  105.910   3523.3    578.9
     1     1    21     1    26    16     0     0   -74.0   54.482  105.915   3520.0    579.3
     1     1    21     1    26    15     0     0   -75.0   54.544  105.903   3519.6    579.7
     1     1    21     1    26    14     0     0   -76.0   54.604  105.874   3522.2    580.0
     1     1    21     1    26    13     0     0   -77.0   54.661  105.825   3527.7    580.2
     1     1    21     1    26    12     0     0   -78.0   54.713  105.755   3536.5    580.3
     1     1    21     1    26    11     0     0   -79.0   54.762  105.672   3548.9    580.3
     1     1    21     1    26    10     0     0   -80.0   54.810  105.587   3565.2    580.0
     1     1    21     1    26     9     0     0   -81.0   54.858  105.500   3585.4    579.5
     1     1    21     1    26     8     0     0   -82.0   54.906  105.410   3609.6    578.7
     1     1    21     1    26     7     0     0   -83.0   54.952  105.316   3638.0    577.6
     1     1    21     1    26     6     0     0   -84.0   54.996  105.218   3670.5    576.2
     1     1    21     1    26     5     0     0   -85.0   55.036  105.107   3703.2    574.2
     1     1    21     1    26     4     0     0   -86.0   55.069  104.976   3735.9    572.4
     1     1    21     1    26     3     0     0   -87.0   55.094  104.823   3765.1    569.6
     1     1    21     1    26     2     0     0   -88.0   55.111  104.649   3792.7    567.1
     1     1    21     1    26     1     0     0   -89.0   55.120  104.451   3818.4    564.8
     1     1    21     1    26     0     0     0   -90.0   55.123  104.229   3842.4    562.6
     1     1    21     1    25    23     0     0   -91.0   55.117  103.986   3861.5    561.2
     1     1    21     1    25    22     0     0   -92.0   55.101  103.724   3865.0    561.3
     1     1    21     1    25    21     0     0   -93.0   55.073  103.446   3855.9    562.4
     1     1    21     1    25    20     0     0   -94.0   55.032  103.151   3835.0    564.5
     1     1    21     1    25    19     0     0   -95.0   54.974  102.839   3802.3    567.1
     1     1    21     1    25    18     0     0   -96.0   54.896  102.509   3758.2    569.4
