     2     1
    CDC1    21     9     1     0     0
    CDC1    21    10     1     0     0
     1 BACKWARD OMEGA   
  2021    10    28     6   37.500  127.000   500.0
     1 PRESSURE
     1     1    21    10    28     6     0     0     0.0   37.500  127.000    500.0    945.0
     1     1    21    10    28     5     0     0    -1.0   37.681  127.097    518.5    939.9
     1     1    21    10    28     4     0     0    -2.0   37.872  127.193    541.2    933.8
     1     1    21    10    28     3     0     0    -3.0   38.075  127.288    569.2    927.1
     1     1    21    10    28     2     0     0    -4.0   38.289  127.380    603.2    919.6
     1     1    21    10    28     1     0     0    -5.0   38.515  127.465    644.4    910.9
     1     1    21    10    28     0     0     0    -6.0   38.754  127.535    694.0    901.3
     1     1    21    10    27    23     0     0    -7.0   39.005  127.563    751.1    890.4
     1     1    21    10    27    22     0     0    -8.0   39.265  127.532    814.0    878.8
     1     1    21    10    27    21     0     0    -9.0   39.536  127.443    883.0    867.2
     1     1    21    10    27    20     0     0   -10.0   39.816  127.299    956.8    855.7
     1     1    21    10    27    19     0     0   -11.0   40.106  127.102   1033.1    844.9
     1     1    21    10    27    18     0     0   -12.0   40.409  126.864   1109.5    836.3
     1     1    21    10    27    17     0     0   -13.0   40.721  126.601   1180.3    829.1
     1     1    21    10    27    16     0     0   -14.0   41.036  126.323   1241.3    823.7
     1     1    21    10    27    15     0     0   -15.0   41.356  126.032   1291.9    819.4
     1     1    21    10    27    14     0     0   -16.0   41.683  125.729   1331.6    816.4
     1     1    21    10    27    13     0     0   -17.0   42.017  125.414   1359.5    815.0
     1     1    21    10    27    12     0     0   -18.0   42.361  125.091   1374.7    815.1
     1     1    21    10    27    11     0     0   -19.0   42.706  124.758   1383.8    819.6
     1     1    21    10    27    10     0     0   -20.0   43.041  124.409   1392.2    824.6
     1     1    21    10    27     9     0     0   -21.0   43.366  124.036   1400.6    828.6
     1     1    21    10    27     8     0     0   -22.0   43.682  123.632   1410.0    831.5
     1     1    21    10    27     7     0     0   -23.0   43.993  123.190   1421.9    833.0
     1     1    21    10    27     6     0     0   -24.0   44.304  122.703   1437.3    832.9
     1     1    21    10    27     5     0     0   -25.0   44.617  122.200   1450.3    825.6
     1     1    21    10    27     4     0     0   -26.0   44.929  121.703   1460.5    814.1
     1     1    21    10    27     3     0     0   -27.0   45.249  121.210   1466.9    800.7
     1     1    21    10    27     2     0     0   -28.0   45.586  120.716   1470.7    787.9
     1     1    21    10    27     1     0     0   -29.0   45.948  120.216   1471.3    776.5
     1     1    21    10    27     0     0     0   -30.0   46.338  119.706   1469.4    768.9
     1     1    21    10    26    23     0     0   -31.0   46.741  119.190   1469.0    765.6
     1     1    21    10    26    22     0     0   -32.0   47.140  118.660   1475.0    764.0
     1     1    21    10    26    21     0     0   -33.0   47.530  118.108   1487.2    764.3
     1     1    21    10    26    20     0     0   -34.0   47.907  117.532   1507.3    764.5
     1     1    21    10    26    19     0     0   -35.0   48.263  116.937   1535.9    763.8
     1     1    21    10    26    18     0     0   -36.0   48.598  116.321   1570.9    762.0
     1     1    21    10    26    17     0     0   -37.0   48.918  115.701   1608.4    759.4
     1     1    21    10    26    16     0     0   -38.0   49.225  115.087   1643.7    756.8
     1     1    21    10    26    15     0     0   -39.0   49.520  114.470   1669.4    747.5
     1     1    21    10    26    14     0     0   -40.0   49.808  113.843   1689.6    736.6
     1     1    21    10    26    13     0     0   -41.0   50.099  113.203   1706.0    725.4
     1     1    21    10    26    12     0     0   -42.0   50.405  112.547   1721.0    714.3
     1     1    21    10    26    11     0     0   -43.0   50.710  111.873   1743.0    709.1
     1     1    21    10    26    10     0     0   -44.0   50.994  111.180   1769.0    705.0
     1     1    21    10    26     9     0     0   -45.0   51.253  110.457   1794.1    702.3
     1     1    21    10    26     8     0     0   -46.0   51.485  109.702   1817.7    704.6
     1     1    21    10    26     7     0     0   -47.0   51.688  108.928   1839.6    713.9
     1     1    21    10    26     6     0     0   -48.0   51.869  108.143   1854.8    724.5
     1     1    21    10    26     5     0     0   -49.0   52.035  107.370   1866.7    734.8
     1     1    21    10    26     4     0     0   -50.0   52.193  106.621   1873.7    738.6
     1     1    21    10    26     3     0     0   -51.0   52.346  105.881   1881.3    742.0
     1     1    21    10    26     2     0     0   -52.0   52.492  105.140   1887.4    745.3
     1     1    21    10    26     1     0     0   -53.0   52.638  104.379   1877.4    735.2
     1     1    21    10    26     0     0     0   -54.0   52.796  103.578   1859.8    723.8
     1     1    21    10    25    23     0     0   -55.0   52.962  102.743   1844.4    714.7
     1     1    21    10    25    22     0     0   -56.0   53.120  101.886   1840.4    704.5
     1     1    21    10    25    21     0     0   -57.0   53.259  101.001   1845.8    693.5
     1     1    21    10    25    20     0     0   -58.0   53.372  100.085   1859.5    681.5
     1     1    21    10    25    19     0     0   -59.0   53.449   99.142   1891.3    680.0
     1     1    21    10    25    18     0     0   -60.0   53.479   98.179   1929.4    677.4
     1     1    21    10    25    17     0     0   -61.0   53.488   97.219   1968.8    676.7
     1     1    21    10    25    16     0     0   -62.0   53.495   96.284   2001.7    683.8
     1     1    21    10    25    15     0     0   -63.0   53.494   95.375   2019.4    691.7
     1     1    21    10    25    14     0     0   -64.0   53.483   94.486   2019.3    699.1
     1     1    21    10    25    13     0     0   -65.0   53.462   93.609   2002.5    706.6
     1     1    21    10    25    12     0     0   -66.0   53.427   92.734   1971.8    715.3
     1     1    21    10    25    11     0     0   -67.0   53.369   91.863   1934.0    721.1
     1     1    21    10    25    10     0     0   -68.0   53.284   91.005   1900.0    723.3
     1     1    21    10    25     9     0     0   -69.0   53.173   90.171   1868.9    723.8
     1     1    21    10    25     8     0     0   -70.0   53.037   89.369   1843.2    725.8
     1     1    21    10    25     7     0     0   -71.0   52.880   88.605   1820.5    727.6
     1     1    21    10    25     6     0     0   -72.0   52.704   87.882   1798.5    728.5
     1     1    21    10    25     5     0     0   -73.0   52.536   87.203   1784.2    733.0
     1     1    21    10    25     4     0     0   -74.0   52.400   86.556   1781.9    739.8
     1     1    21    10    25     3     0     0   -75.0   52.288   85.936   1788.9    746.1
     1     1    21    10    25     2     0     0   -76.0   52.191   85.338   1804.4    752.2
     1     1    21    10    25     1     0     0   -77.0   52.106   84.763   1827.1    757.8
     1     1    21    10    25     0     0     0   -78.0   52.028   84.208   1855.2    762.9
     1     1    21    10    24    23     0     0   -79.0   51.963   83.664   1882.4    768.1
     1     1    21    10    24    22     0     0   -80.0   51.914   83.121   1902.7    775.2
     1     1    21    10    24    21     0     0   -81.0   51.878   82.579   1916.9    783.4
     1     1    21    10    24    20     0     0   -82.0   51.853   82.036   1920.6    787.0
     1     1    21    10    24    19     0     0   -83.0   51.836   81.491   1918.1    790.4
     1     1    21    10    24    18     0     0   -84.0   51.821   80.947   1911.3    794.4
     1     1    21    10    24    17     0     0   -85.0   51.808   80.395   1904.2    798.6
     1     1    21    10    24    16     0     0   -86.0   51.800   79.824   1898.0    800.8
     1     1    21    10    24    15     0     0   -87.0   51.798   79.229   1890.8    799.4
     1     1    21    10    24    14     0     0   -88.0   51.804   78.611   1885.8    797.8
     1     1    21    10    24    13     0     0   -89.0   51.819   77.973   1883.7    796.0
     1     1    21    10    24    12     0     0   -90.0   51.844   77.317   1885.2    794.0
     1     1    21    10    24    11     0     0   -91.0   51.867   76.636   1884.2    791.1
     1     1    21    10    24    10     0     0   -92.0   51.876   75.927   1875.8    789.3
     1     1    21    10    24     9     0     0   -93.0   51.875   75.193   1862.3    787.8
     1     1    21    10    24     8     0     0   -94.0   51.869   74.438   1847.2    787.3
     1     1    21    10    24     7     0     0   -95.0   51.862   73.666   1833.0    787.1
     1     1    21    10    24     6     0     0   -96.0   51.857   72.882   1822.4    786.8
