     2     1
    CDC1    21    10     1     0     0
    CDC1    21    11     1     0     0
     1 BACKWARD OMEGA   
  2021    11     9     0   37.500  127.000   500.0
     1 PRESSURE
     1     1    21    11     9     0     0     0     0.0   37.500  127.000    500.0    930.7
     1     1    21    11     8    23     0     0    -1.0   37.488  126.552    500.2    933.5
     1     1    21    11     8    22     0     0    -2.0   37.500  126.106    499.0    936.6
     1     1    21    11     8    21     0     0    -3.0   37.535  125.661    496.6    939.2
     1     1    21    11     8    20     0     0    -4.0   37.591  125.220    493.4    941.6
     1     1    21    11     8    19     0     0    -5.0   37.669  124.784    491.0    943.4
     1     1    21    11     8    18     0     0    -6.0   37.773  124.353    492.3    944.0
     1     1    21    11     8    17     0     0    -7.0   37.895  123.921    499.5    944.1
     1     1    21    11     8    16     0     0    -8.0   38.030  123.480    513.1    943.6
     1     1    21    11     8    15     0     0    -9.0   38.178  123.035    533.0    942.8
     1     1    21    11     8    14     0     0   -10.0   38.340  122.589    559.7    941.6
     1     1    21    11     8    13     0     0   -11.0   38.518  122.141    594.7    937.9
     1     1    21    11     8    12     0     0   -12.0   38.717  121.684    640.6    932.2
     1     1    21    11     8    11     0     0   -13.0   38.951  121.211    693.6    923.3
     1     1    21    11     8    10     0     0   -14.0   39.234  120.724    750.3    914.4
     1     1    21    11     8     9     0     0   -15.0   39.569  120.231    811.9    904.5
     1     1    21    11     8     8     0     0   -16.0   39.956  119.739    878.4    890.5
     1     1    21    11     8     7     0     0   -17.0   40.397  119.274    943.1    866.8
     1     1    21    11     8     6     0     0   -18.0   40.885  118.865   1000.2    841.5
     1     1    21    11     8     5     0     0   -19.0   41.422  118.533   1047.9    816.3
     1     1    21    11     8     4     0     0   -20.0   42.004  118.301   1085.6    792.0
     1     1    21    11     8     3     0     0   -21.0   42.611  118.176   1115.8    772.9
     1     1    21    11     8     2     0     0   -22.0   43.213  118.145   1144.9    770.6
     1     1    21    11     8     1     0     0   -23.0   43.790  118.190   1166.5    770.5
     1     1    21    11     8     0     0     0   -24.0   44.335  118.304   1178.9    772.5
     1     1    21    11     7    23     0     0   -25.0   44.835  118.456   1182.1    775.3
     1     1    21    11     7    22     0     0   -26.0   45.282  118.604   1183.2    779.5
     1     1    21    11     7    21     0     0   -27.0   45.679  118.736   1187.3    782.8
     1     1    21    11     7    20     0     0   -28.0   46.030  118.846   1196.5    784.4
     1     1    21    11     7    19     0     0   -29.0   46.337  118.934   1212.0    784.6
     1     1    21    11     7    18     0     0   -30.0   46.606  118.999   1235.1    783.4
     1     1    21    11     7    17     0     0   -31.0   46.848  119.038   1257.5    781.4
     1     1    21    11     7    16     0     0   -32.0   47.077  119.050   1270.3    780.9
     1     1    21    11     7    15     0     0   -33.0   47.296  119.032   1272.3    781.5
     1     1    21    11     7    14     0     0   -34.0   47.510  118.984   1262.8    783.4
     1     1    21    11     7    13     0     0   -35.0   47.719  118.903   1241.5    786.2
     1     1    21    11     7    12     0     0   -36.0   47.927  118.790   1209.0    790.2
     1     1    21    11     7    11     0     0   -37.0   48.126  118.638   1176.1    795.3
     1     1    21    11     7    10     0     0   -38.0   48.309  118.448   1152.7    798.7
     1     1    21    11     7     9     0     0   -39.0   48.474  118.218   1138.7    801.4
     1     1    21    11     7     8     0     0   -40.0   48.622  117.951   1134.2    803.4
     1     1    21    11     7     7     0     0   -41.0   48.751  117.646   1139.3    804.8
     1     1    21    11     7     6     0     0   -42.0   48.862  117.309   1153.5    804.7
     1     1    21    11     7     5     0     0   -43.0   48.960  116.961   1170.5    803.0
     1     1    21    11     7     4     0     0   -44.0   49.056  116.617   1185.6    802.0
     1     1    21    11     7     3     0     0   -45.0   49.150  116.274   1198.2    801.2
     1     1    21    11     7     2     0     0   -46.0   49.241  115.928   1207.9    800.7
     1     1    21    11     7     1     0     0   -47.0   49.331  115.576   1214.6    800.4
     1     1    21    11     7     0     0     0   -48.0   49.420  115.214   1218.0    800.5
     1     1    21    11     6    23     0     0   -49.0   49.506  114.837   1218.5    798.5
     1     1    21    11     6    22     0     0   -50.0   49.584  114.450   1217.6    792.8
     1     1    21    11     6    21     0     0   -51.0   49.653  114.057   1216.3    787.0
     1     1    21    11     6    20     0     0   -52.0   49.709  113.661   1213.9    781.0
     1     1    21    11     6    19     0     0   -53.0   49.749  113.264   1209.7    775.1
     1     1    21    11     6    18     0     0   -54.0   49.769  112.868   1203.1    769.3
     1     1    21    11     6    17     0     0   -55.0   49.784  112.473   1197.9    764.4
     1     1    21    11     6    16     0     0   -56.0   49.812  112.080   1198.4    761.0
     1     1    21    11     6    15     0     0   -57.0   49.855  111.690   1203.7    757.2
     1     1    21    11     6    14     0     0   -58.0   49.910  111.303   1213.9    753.1
     1     1    21    11     6    13     0     0   -59.0   49.977  110.917   1229.1    748.7
     1     1    21    11     6    12     0     0   -60.0   50.053  110.533   1249.4    744.1
     1     1    21    11     6    11     0     0   -61.0   50.131  110.153   1269.8    739.0
     1     1    21    11     6    10     0     0   -62.0   50.202  109.779   1288.2    738.6
     1     1    21    11     6     9     0     0   -63.0   50.265  109.409   1303.8    741.0
     1     1    21    11     6     8     0     0   -64.0   50.319  109.039   1315.1    743.9
     1     1    21    11     6     7     0     0   -65.0   50.364  108.669   1322.3    747.2
     1     1    21    11     6     6     0     0   -66.0   50.399  108.296   1325.4    750.8
     1     1    21    11     6     5     0     0   -67.0   50.435  107.929   1326.9    754.9
     1     1    21    11     6     4     0     0   -68.0   50.484  107.572   1328.5    758.9
     1     1    21    11     6     3     0     0   -69.0   50.544  107.221   1330.0    761.2
     1     1    21    11     6     2     0     0   -70.0   50.614  106.872   1333.5    762.9
     1     1    21    11     6     1     0     0   -71.0   50.693  106.521   1339.7    764.4
     1     1    21    11     6     0     0     0   -72.0   50.778  106.166   1349.0    765.5
     1     1    21    11     5    23     0     0   -73.0   50.864  105.813   1363.6    766.8
     1     1    21    11     5    22     0     0   -74.0   50.948  105.469   1384.9    767.1
     1     1    21    11     5    21     0     0   -75.0   51.028  105.135   1413.0    766.6
     1     1    21    11     5    20     0     0   -76.0   51.106  104.813   1444.9    761.6
     1     1    21    11     5    19     0     0   -77.0   51.186  104.504   1481.1    753.3
     1     1    21    11     5    18     0     0   -78.0   51.267  104.209   1523.3    744.8
     1     1    21    11     5    17     0     0   -79.0   51.366  103.921   1566.7    735.7
     1     1    21    11     5    16     0     0   -80.0   51.498  103.632   1605.9    727.9
     1     1    21    11     5    15     0     0   -81.0   51.662  103.337   1639.9    721.0
     1     1    21    11     5    14     0     0   -82.0   51.857  103.033   1667.9    714.7
     1     1    21    11     5    13     0     0   -83.0   52.082  102.718   1688.8    709.2
     1     1    21    11     5    12     0     0   -84.0   52.337  102.389   1701.2    704.7
     1     1    21    11     5    11     0     0   -85.0   52.598  102.031   1708.1    702.0
     1     1    21    11     5    10     0     0   -86.0   52.844  101.639   1714.0    701.0
     1     1    21    11     5     9     0     0   -87.0   53.079  101.220   1719.9    700.0
     1     1    21    11     5     8     0     0   -88.0   53.307  100.782   1727.9    699.2
     1     1    21    11     5     7     0     0   -89.0   53.532  100.331   1739.3    698.7
     1     1    21    11     5     6     0     0   -90.0   53.759   99.867   1756.2    700.3
     1     1    21    11     5     5     0     0   -91.0   53.981   99.381   1775.8    704.8
     1     1    21    11     5     4     0     0   -92.0   54.195   98.865   1791.6    709.0
     1     1    21    11     5     3     0     0   -93.0   54.401   98.328   1803.8    712.7
     1     1    21    11     5     2     0     0   -94.0   54.603   97.781   1813.5    715.9
     1     1    21    11     5     1     0     0   -95.0   54.802   97.231   1822.8    720.7
     1     1    21    11     5     0     0     0   -96.0   55.001   96.684   1831.5    727.0
