     2     1
    CDC1    21    10     1     0     0
    CDC1    21    11     1     0     0
     1 BACKWARD OMEGA   
  2021    11    14     6   37.500  127.000   500.0
     1 PRESSURE
     1     1    21    11    14     6     0     0     0.0   37.500  127.000    500.0    938.9
     1     1    21    11    14     5     0     0    -1.0   37.447  126.691    499.8    940.9
     1     1    21    11    14     4     0     0    -2.0   37.406  126.399    500.7    942.7
     1     1    21    11    14     3     0     0    -3.0   37.376  126.124    502.8    944.2
     1     1    21    11    14     2     0     0    -4.0   37.354  125.865    506.4    945.4
     1     1    21    11    14     1     0     0    -5.0   37.340  125.624    511.6    946.3
     1     1    21    11    14     0     0     0    -6.0   37.333  125.400    518.5    946.9
     1     1    21    11    13    23     0     0    -7.0   37.330  125.179    525.5    947.1
     1     1    21    11    13    22     0     0    -8.0   37.329  124.948    530.3    947.6
     1     1    21    11    13    21     0     0    -9.0   37.332  124.707    533.4    947.6
     1     1    21    11    13    20     0     0   -10.0   37.339  124.459    535.2    947.7
     1     1    21    11    13    19     0     0   -11.0   37.351  124.206    535.7    948.0
     1     1    21    11    13    18     0     0   -12.0   37.367  123.952    534.9    948.4
     1     1    21    11    13    17     0     0   -13.0   37.379  123.701    531.9    949.3
     1     1    21    11    13    16     0     0   -14.0   37.380  123.456    524.9    950.7
     1     1    21    11    13    15     0     0   -15.0   37.370  123.215    513.9    952.6
     1     1    21    11    13    14     0     0   -16.0   37.349  122.974    498.8    955.0
     1     1    21    11    13    13     0     0   -17.0   37.318  122.731    479.6    957.9
     1     1    21    11    13    12     0     0   -18.0   37.276  122.483    456.4    961.2
     1     1    21    11    13    11     0     0   -19.0   37.227  122.235    432.1    964.4
     1     1    21    11    13    10     0     0   -20.0   37.170  121.991    409.5    967.2
     1     1    21    11    13     9     0     0   -21.0   37.105  121.752    388.9    969.7
     1     1    21    11    13     8     0     0   -22.0   37.030  121.518    370.6    971.4
     1     1    21    11    13     7     0     0   -23.0   36.946  121.287    354.9    972.8
     1     1    21    11    13     6     0     0   -24.0   36.850  121.062    342.0    973.8
     1     1    21    11    13     5     0     0   -25.0   36.750  120.843    332.9    974.7
     1     1    21    11    13     4     0     0   -26.0   36.657  120.631    328.0    975.1
     1     1    21    11    13     3     0     0   -27.0   36.569  120.425    326.8    975.0
     1     1    21    11    13     2     0     0   -28.0   36.486  120.224    328.5    974.5
     1     1    21    11    13     1     0     0   -29.0   36.409  120.026    332.9    973.8
     1     1    21    11    13     0     0     0   -30.0   36.338  119.832    339.5    972.9
     1     1    21    11    12    23     0     0   -31.0   36.280  119.633    348.4    971.8
     1     1    21    11    12    22     0     0   -32.0   36.236  119.422    360.0    970.6
     1     1    21    11    12    21     0     0   -33.0   36.206  119.199    374.4    969.2
     1     1    21    11    12    20     0     0   -34.0   36.191  118.966    391.9    967.5
     1     1    21    11    12    19     0     0   -35.0   36.189  118.725    413.0    965.0
     1     1    21    11    12    18     0     0   -36.0   36.200  118.476    438.0    962.2
     1     1    21    11    12    17     0     0   -37.0   36.224  118.231    464.8    958.8
     1     1    21    11    12    16     0     0   -38.0   36.258  118.003    490.3    956.0
     1     1    21    11    12    15     0     0   -39.0   36.300  117.790    514.3    953.6
     1     1    21    11    12    14     0     0   -40.0   36.350  117.592    536.3    951.4
     1     1    21    11    12    13     0     0   -41.0   36.406  117.410    555.7    948.7
     1     1    21    11    12    12     0     0   -42.0   36.468  117.242    572.1    945.4
     1     1    21    11    12    11     0     0   -43.0   36.541  117.085    589.3    942.3
     1     1    21    11    12    10     0     0   -44.0   36.631  116.930    611.5    938.2
     1     1    21    11    12     9     0     0   -45.0   36.738  116.778    638.9    933.4
     1     1    21    11    12     8     0     0   -46.0   36.861  116.628    671.7    927.4
     1     1    21    11    12     7     0     0   -47.0   37.002  116.479    710.1    920.7
     1     1    21    11    12     6     0     0   -48.0   37.158  116.328    754.7    913.3
     1     1    21    11    12     5     0     0   -49.0   37.329  116.169    802.9    904.8
     1     1    21    11    12     4     0     0   -50.0   37.513  115.996    852.9    895.8
     1     1    21    11    12     3     0     0   -51.0   37.712  115.809    903.8    883.0
     1     1    21    11    12     2     0     0   -52.0   37.926  115.607    956.5    868.9
     1     1    21    11    12     1     0     0   -53.0   38.159  115.396   1010.8    853.9
     1     1    21    11    12     0     0     0   -54.0   38.413  115.181   1066.6    838.3
     1     1    21    11    11    23     0     0   -55.0   38.685  114.963   1121.5    821.8
     1     1    21    11    11    22     0     0   -56.0   38.969  114.739   1171.0    805.5
     1     1    21    11    11    21     0     0   -57.0   39.260  114.504   1212.4    790.4
     1     1    21    11    11    20     0     0   -58.0   39.557  114.253   1243.3    776.6
     1     1    21    11    11    19     0     0   -59.0   39.860  113.980   1261.6    764.1
     1     1    21    11    11    18     0     0   -60.0   40.165  113.682   1267.6    755.3
     1     1    21    11    11    17     0     0   -61.0   40.469  113.368   1276.0    750.4
     1     1    21    11    11    16     0     0   -62.0   40.768  113.054   1299.8    744.2
     1     1    21    11    11    15     0     0   -63.0   41.062  112.740   1337.6    738.3
     1     1    21    11    11    14     0     0   -64.0   41.354  112.431   1388.6    733.1
     1     1    21    11    11    13     0     0   -65.0   41.646  112.131   1451.7    728.7
     1     1    21    11    11    12     0     0   -66.0   41.940  111.843   1524.5    724.3
     1     1    21    11    11    11     0     0   -67.0   42.238  111.563   1597.3    719.8
     1     1    21    11    11    10     0     0   -68.0   42.538  111.283   1662.2    717.2
     1     1    21    11    11     9     0     0   -69.0   42.835  111.002   1718.2    714.8
     1     1    21    11    11     8     0     0   -70.0   43.129  110.716   1766.2    712.8
     1     1    21    11    11     7     0     0   -71.0   43.417  110.422   1808.6    710.9
     1     1    21    11    11     6     0     0   -72.0   43.698  110.117   1847.6    709.0
     1     1    21    11    11     5     0     0   -73.0   43.975  109.812   1883.6    705.2
     1     1    21    11    11     4     0     0   -74.0   44.253  109.519   1920.6    700.3
     1     1    21    11    11     3     0     0   -75.0   44.531  109.237   1956.6    695.3
     1     1    21    11    11     2     0     0   -76.0   44.808  108.965   1990.2    690.5
     1     1    21    11    11     1     0     0   -77.0   45.082  108.700   2018.9    685.2
     1     1    21    11    11     0     0     0   -78.0   45.354  108.446   2040.8    678.9
     1     1    21    11    10    23     0     0   -79.0   45.626  108.201   2059.2    674.1
     1     1    21    11    10    22     0     0   -80.0   45.895  107.955   2074.8    669.8
     1     1    21    11    10    21     0     0   -81.0   46.161  107.708   2088.1    666.1
     1     1    21    11    10    20     0     0   -82.0   46.421  107.457   2099.4    663.0
     1     1    21    11    10    19     0     0   -83.0   46.677  107.201   2109.2    660.9
     1     1    21    11    10    18     0     0   -84.0   46.927  106.940   2116.9    659.3
     1     1    21    11    10    17     0     0   -85.0   47.176  106.682   2125.4    658.5
     1     1    21    11    10    16     0     0   -86.0   47.429  106.439   2136.6    657.6
     1     1    21    11    10    15     0     0   -87.0   47.685  106.211   2154.1    658.4
     1     1    21    11    10    14     0     0   -88.0   47.947  106.002   2176.5    659.5
     1     1    21    11    10    13     0     0   -89.0   48.215  105.810   2202.4    660.3
     1     1    21    11    10    12     0     0   -90.0   48.491  105.632   2231.3    660.8
     1     1    21    11    10    11     0     0   -91.0   48.778  105.456   2261.1    660.8
     1     1    21    11    10    10     0     0   -92.0   49.076  105.270   2290.7    661.2
     1     1    21    11    10     9     0     0   -93.0   49.386  105.074   2319.6    661.7
     1     1    21    11    10     8     0     0   -94.0   49.709  104.867   2345.1    660.2
     1     1    21    11    10     7     0     0   -95.0   50.048  104.646   2368.0    657.8
     1     1    21    11    10     6     0     0   -96.0   50.397  104.400   2391.1    657.2
