     2     1
    CDC1    20    12     1     0     0
    CDC1    21     1     1     0     0
     1 BACKWARD OMEGA   
  2021     1     2    18   37.500  127.000   500.0
     1 PRESSURE
     1     1    21     1     2    18     0     0     0.0   37.500  127.000    500.0    946.9
     1     1    21     1     2    17     0     0    -1.0   37.696  126.702    545.8    940.1
     1     1    21     1     2    16     0     0    -2.0   37.879  126.414    590.0    933.9
     1     1    21     1     2    15     0     0    -3.0   38.051  126.134    632.7    928.1
     1     1    21     1     2    14     0     0    -4.0   38.214  125.860    674.5    922.0
     1     1    21     1     2    13     0     0    -5.0   38.371  125.590    715.5    916.3
     1     1    21     1     2    12     0     0    -6.0   38.524  125.324    756.3    910.9
     1     1    21     1     2    11     0     0    -7.0   38.678  125.056    796.8    905.8
     1     1    21     1     2    10     0     0    -8.0   38.835  124.781    835.5    901.0
     1     1    21     1     2     9     0     0    -9.0   38.992  124.500    871.7    897.0
     1     1    21     1     2     8     0     0   -10.0   39.150  124.214    904.3    893.8
     1     1    21     1     2     7     0     0   -11.0   39.307  123.923    932.2    891.5
     1     1    21     1     2     6     0     0   -12.0   39.464  123.626    954.4    889.9
     1     1    21     1     2     5     0     0   -13.0   39.620  123.333    974.3    889.4
     1     1    21     1     2     4     0     0   -14.0   39.777  123.053    995.5    888.5
     1     1    21     1     2     3     0     0   -15.0   39.934  122.785   1018.8    887.5
     1     1    21     1     2     2     0     0   -16.0   40.092  122.529   1044.9    886.1
     1     1    21     1     2     1     0     0   -17.0   40.249  122.279   1073.5    881.0
     1     1    21     1     2     0     0     0   -18.0   40.405  122.026   1106.6    874.4
     1     1    21     1     1    23     0     0   -19.0   40.560  121.766   1140.7    867.1
     1     1    21     1     1    22     0     0   -20.0   40.717  121.498   1171.4    860.3
     1     1    21     1     1    21     0     0   -21.0   40.877  121.227   1198.8    853.3
     1     1    21     1     1    20     0     0   -22.0   41.038  120.959   1222.7    846.3
     1     1    21     1     1    19     0     0   -23.0   41.200  120.697   1242.8    839.3
     1     1    21     1     1    18     0     0   -24.0   41.363  120.444   1258.7    832.3
     1     1    21     1     1    17     0     0   -25.0   41.525  120.193   1270.2    825.2
     1     1    21     1     1    16     0     0   -26.0   41.686  119.934   1276.7    817.4
     1     1    21     1     1    15     0     0   -27.0   41.850  119.662   1278.0    807.5
     1     1    21     1     1    14     0     0   -28.0   42.019  119.374   1275.9    797.2
     1     1    21     1     1    13     0     0   -29.0   42.195  119.069   1271.3    786.2
     1     1    21     1     1    12     0     0   -30.0   42.379  118.748   1265.1    774.3
     1     1    21     1     1    11     0     0   -31.0   42.565  118.414   1258.1    763.4
     1     1    21     1     1    10     0     0   -32.0   42.747  118.074   1251.0    756.0
     1     1    21     1     1     9     0     0   -33.0   42.920  117.735   1242.5    749.0
     1     1    21     1     1     8     0     0   -34.0   43.087  117.401   1233.8    744.2
     1     1    21     1     1     7     0     0   -35.0   43.247  117.075   1225.9    743.5
     1     1    21     1     1     6     0     0   -36.0   43.401  116.760   1216.7    743.3
     1     1    21     1     1     5     0     0   -37.0   43.550  116.454   1204.2    743.8
     1     1    21     1     1     4     0     0   -38.0   43.692  116.156   1187.0    745.2
     1     1    21     1     1     3     0     0   -39.0   43.827  115.867   1165.8    747.3
     1     1    21     1     1     2     0     0   -40.0   43.956  115.591   1141.4    749.9
     1     1    21     1     1     1     0     0   -41.0   44.079  115.329   1114.7    753.0
     1     1    21     1     1     0     0     0   -42.0   44.196  115.081   1086.8    756.4
     1     1    20    12    31    23     0     0   -43.0   44.308  114.835   1060.7    761.8
     1     1    20    12    31    22     0     0   -44.0   44.420  114.580   1036.8    767.2
     1     1    20    12    31    21     0     0   -45.0   44.526  114.317   1014.7    772.5
     1     1    20    12    31    20     0     0   -46.0   44.624  114.049    993.7    777.6
     1     1    20    12    31    19     0     0   -47.0   44.712  113.778    973.1    782.5
     1     1    20    12    31    18     0     0   -48.0   44.784  113.506    952.2    787.2
     1     1    20    12    31    17     0     0   -49.0   44.850  113.237    932.1    791.8
     1     1    20    12    31    16     0     0   -50.0   44.920  112.975    914.4    796.0
     1     1    20    12    31    15     0     0   -51.0   44.991  112.721    898.9    799.9
     1     1    20    12    31    14     0     0   -52.0   45.066  112.473    885.2    802.2
     1     1    20    12    31    13     0     0   -53.0   45.150  112.229    872.8    802.2
     1     1    20    12    31    12     0     0   -54.0   45.244  111.988    861.5    801.9
     1     1    20    12    31    11     0     0   -55.0   45.343  111.733    851.0    801.4
     1     1    20    12    31    10     0     0   -56.0   45.441  111.448    840.9    800.4
     1     1    20    12    31     9     0     0   -57.0   45.536  111.135    831.6    798.9
     1     1    20    12    31     8     0     0   -58.0   45.628  110.798    823.6    796.8
     1     1    20    12    31     7     0     0   -59.0   45.716  110.440    817.5    794.0
     1     1    20    12    31     6     0     0   -60.0   45.802  110.065    814.0    790.6
     1     1    20    12    31     5     0     0   -61.0   45.885  109.684    811.0    787.5
     1     1    20    12    31     4     0     0   -62.0   45.969  109.303    805.9    785.3
     1     1    20    12    31     3     0     0   -63.0   46.054  108.924    798.7    783.4
     1     1    20    12    31     2     0     0   -64.0   46.140  108.544    789.5    782.0
     1     1    20    12    31     1     0     0   -65.0   46.228  108.164    778.6    780.9
     1     1    20    12    31     0     0     0   -66.0   46.318  107.782    766.4    780.2
     1     1    20    12    30    23     0     0   -67.0   46.405  107.396    754.7    780.1
     1     1    20    12    30    22     0     0   -68.0   46.486  107.002    745.6    780.6
     1     1    20    12    30    21     0     0   -69.0   46.563  106.603    740.0    780.7
     1     1    20    12    30    20     0     0   -70.0   46.631  106.202    738.0    780.6
     1     1    20    12    30    19     0     0   -71.0   46.689  105.802    739.4    780.3
     1     1    20    12    30    18     0     0   -72.0   46.734  105.408    744.2    779.7
     1     1    20    12    30    17     0     0   -73.0   46.770  105.028    751.7    779.7
     1     1    20    12    30    16     0     0   -74.0   46.803  104.665    758.3    775.5
     1     1    20    12    30    15     0     0   -75.0   46.837  104.309    764.9    771.1
     1     1    20    12    30    14     0     0   -76.0   46.870  103.959    771.9    766.7
     1     1    20    12    30    13     0     0   -77.0   46.902  103.613    779.6    762.2
     1     1    20    12    30    12     0     0   -78.0   46.932  103.270    788.1    757.6
     1     1    20    12    30    11     0     0   -79.0   46.964  102.921    798.8    752.2
     1     1    20    12    30    10     0     0   -80.0   47.001  102.556    813.2    746.0
     1     1    20    12    30     9     0     0   -81.0   47.046  102.177    830.3    737.3
     1     1    20    12    30     8     0     0   -82.0   47.104  101.783    850.2    727.6
     1     1    20    12    30     7     0     0   -83.0   47.175  101.371    871.8    717.0
     1     1    20    12    30     6     0     0   -84.0   47.258  100.938    893.7    705.5
     1     1    20    12    30     5     0     0   -85.0   47.346  100.513    917.6    694.3
     1     1    20    12    30     4     0     0   -86.0   47.435  100.135    946.9    683.2
     1     1    20    12    30     3     0     0   -87.0   47.521   99.807    983.9    676.1
     1     1    20    12    30     2     0     0   -88.0   47.605   99.531   1028.6    672.5
     1     1    20    12    30     1     0     0   -89.0   47.685   99.304   1080.0    668.6
     1     1    20    12    30     0     0     0   -90.0   47.766   99.126   1139.2    664.4
     1     1    20    12    29    23     0     0   -91.0   47.859   98.977   1202.9    659.6
     1     1    20    12    29    22     0     0   -92.0   47.975   98.839   1266.7    655.3
     1     1    20    12    29    21     0     0   -93.0   48.110   98.712   1330.3    651.6
     1     1    20    12    29    20     0     0   -94.0   48.259   98.593   1393.4    648.4
     1     1    20    12    29    19     0     0   -95.0   48.417   98.482   1455.7    645.7
     1     1    20    12    29    18     0     0   -96.0   48.580   98.376   1517.0    643.4
