     2     1
    CDC1    21     3     1     0     0
    CDC1    21     4     1     0     0
     1 BACKWARD OMEGA   
  2021     4    12    18   37.500  127.000   500.0
     1 PRESSURE
     1     1    21     4    12    18     0     0     0.0   37.500  127.000    500.0    929.0
     1     1    21     4    12    17     0     0    -1.0   37.471  126.706    494.5    931.8
     1     1    21     4    12    16     0     0    -2.0   37.440  126.464    483.8    935.0
     1     1    21     4    12    15     0     0    -3.0   37.391  126.272    466.7    938.6
     1     1    21     4    12    14     0     0    -4.0   37.312  126.126    442.6    942.7
     1     1    21     4    12    13     0     0    -5.0   37.194  126.025    411.5    947.6
     1     1    21     4    12    12     0     0    -6.0   37.029  125.967    373.9    953.1
     1     1    21     4    12    11     0     0    -7.0   36.834  125.938    335.4    959.0
     1     1    21     4    12    10     0     0    -8.0   36.628  125.922    300.2    964.1
     1     1    21     4    12     9     0     0    -9.0   36.411  125.921    268.0    969.0
     1     1    21     4    12     8     0     0   -10.0   36.184  125.937    238.8    973.7
     1     1    21     4    12     7     0     0   -11.0   35.950  125.974    212.3    978.1
     1     1    21     4    12     6     0     0   -12.0   35.709  126.036    188.4    981.7
     1     1    21     4    12     5     0     0   -13.0   35.472  126.125    167.3    984.8
     1     1    21     4    12     4     0     0   -14.0   35.246  126.240    149.2    987.7
     1     1    21     4    12     3     0     0   -15.0   35.031  126.381    134.2    990.1
     1     1    21     4    12     2     0     0   -16.0   34.825  126.546    122.9    992.7
     1     1    21     4    12     1     0     0   -17.0   34.626  126.731    115.2    994.9
     1     1    21     4    12     0     0     0   -18.0   34.435  126.932    111.0    996.5
     1     1    21     4    11    23     0     0   -19.0   34.248  127.144    109.1    997.3
     1     1    21     4    11    22     0     0   -20.0   34.058  127.360    108.7    997.9
     1     1    21     4    11    21     0     0   -21.0   33.867  127.584    109.9    998.4
     1     1    21     4    11    20     0     0   -22.0   33.676  127.817    113.0    998.6
     1     1    21     4    11    19     0     0   -23.0   33.486  128.059    118.4    998.5
     1     1    21     4    11    18     0     0   -24.0   33.298  128.312    126.5    997.9
     1     1    21     4    11    17     0     0   -25.0   33.120  128.567    137.6    997.1
     1     1    21     4    11    16     0     0   -26.0   32.958  128.816    151.2    996.1
     1     1    21     4    11    15     0     0   -27.0   32.816  129.058    166.7    994.8
     1     1    21     4    11    14     0     0   -28.0   32.696  129.293    183.6    993.5
     1     1    21     4    11    13     0     0   -29.0   32.598  129.524    201.5    991.9
     1     1    21     4    11    12     0     0   -30.0   32.527  129.749    219.1    989.6
     1     1    21     4    11    11     0     0   -31.0   32.481  129.977    237.5    986.9
     1     1    21     4    11    10     0     0   -32.0   32.452  130.216    258.2    984.1
     1     1    21     4    11     9     0     0   -33.0   32.438  130.466    280.9    981.1
     1     1    21     4    11     8     0     0   -34.0   32.438  130.726    305.8    977.8
     1     1    21     4    11     7     0     0   -35.0   32.450  130.991    333.3    974.2
     1     1    21     4    11     6     0     0   -36.0   32.475  131.261    363.8    970.3
     1     1    21     4    11     5     0     0   -37.0   32.510  131.527    396.6    966.5
     1     1    21     4    11     4     0     0   -38.0   32.553  131.783    430.8    962.2
     1     1    21     4    11     3     0     0   -39.0   32.605  132.026    466.6    957.9
     1     1    21     4    11     2     0     0   -40.0   32.665  132.256    503.8    953.6
     1     1    21     4    11     1     0     0   -41.0   32.734  132.471    542.3    949.4
     1     1    21     4    11     0     0     0   -42.0   32.810  132.673    581.6    945.9
     1     1    21     4    10    23     0     0   -43.0   32.882  132.868    620.7    941.8
     1     1    21     4    10    22     0     0   -44.0   32.940  133.060    659.0    937.2
     1     1    21     4    10    21     0     0   -45.0   32.982  133.248    696.7    932.7
     1     1    21     4    10    20     0     0   -46.0   33.012  133.432    734.2    928.2
     1     1    21     4    10    19     0     0   -47.0   33.028  133.610    771.6    923.9
     1     1    21     4    10    18     0     0   -48.0   33.032  133.782    809.4    919.7
     1     1    21     4    10    17     0     0   -49.0   33.034  133.955    845.7    915.7
     1     1    21     4    10    16     0     0   -50.0   33.045  134.135    878.8    912.4
     1     1    21     4    10    15     0     0   -51.0   33.066  134.322    909.0    909.4
     1     1    21     4    10    14     0     0   -52.0   33.095  134.518    936.8    906.5
     1     1    21     4    10    13     0     0   -53.0   33.134  134.721    962.9    903.5
     1     1    21     4    10    12     0     0   -54.0   33.183  134.930    988.0    900.5
     1     1    21     4    10    11     0     0   -55.0   33.240  135.138   1017.0    897.1
     1     1    21     4    10    10     0     0   -56.0   33.305  135.335   1054.4    892.0
     1     1    21     4    10     9     0     0   -57.0   33.377  135.520   1099.8    886.1
     1     1    21     4    10     8     0     0   -58.0   33.456  135.691   1152.5    879.2
     1     1    21     4    10     7     0     0   -59.0   33.542  135.849   1212.3    871.7
     1     1    21     4    10     6     0     0   -60.0   33.634  135.994   1278.7    863.5
     1     1    21     4    10     5     0     0   -61.0   33.732  136.124   1346.9    854.3
     1     1    21     4    10     4     0     0   -62.0   33.834  136.238   1413.0    845.7
     1     1    21     4    10     3     0     0   -63.0   33.943  136.334   1477.2    837.5
     1     1    21     4    10     2     0     0   -64.0   34.057  136.414   1540.0    829.5
     1     1    21     4    10     1     0     0   -65.0   34.176  136.479   1601.6    821.7
     1     1    21     4    10     0     0     0   -66.0   34.301  136.527   1662.5    814.1
     1     1    21     4     9    23     0     0   -67.0   34.434  136.551   1723.8    806.1
     1     1    21     4     9    22     0     0   -68.0   34.574  136.538   1786.4    797.7
     1     1    21     4     9    21     0     0   -69.0   34.722  136.489   1851.3    789.3
     1     1    21     4     9    20     0     0   -70.0   34.877  136.407   1919.6    780.9
     1     1    21     4     9    19     0     0   -71.0   35.039  136.292   1992.9    772.8
     1     1    21     4     9    18     0     0   -72.0   35.208  136.148   2072.8    765.7
     1     1    21     4     9    17     0     0   -73.0   35.380  135.984   2158.2    759.0
     1     1    21     4     9    16     0     0   -74.0   35.557  135.808   2247.4    752.0
     1     1    21     4     9    15     0     0   -75.0   35.745  135.621   2340.3    744.8
     1     1    21     4     9    14     0     0   -76.0   35.950  135.427   2436.0    737.8
     1     1    21     4     9    13     0     0   -77.0   36.179  135.230   2534.1    730.9
     1     1    21     4     9    12     0     0   -78.0   36.440  135.032   2633.7    724.3
     1     1    21     4     9    11     0     0   -79.0   36.725  134.827   2735.0    717.0
     1     1    21     4     9    10     0     0   -80.0   37.023  134.604   2839.1    709.3
     1     1    21     4     9     9     0     0   -81.0   37.329  134.358   2947.5    701.8
     1     1    21     4     9     8     0     0   -82.0   37.643  134.091   3060.6    694.4
     1     1    21     4     9     7     0     0   -83.0   37.964  133.808   3176.6    686.7
     1     1    21     4     9     6     0     0   -84.0   38.294  133.516   3293.9    678.6
     1     1    21     4     9     5     0     0   -85.0   38.641  133.217   3412.1    669.8
     1     1    21     4     9     4     0     0   -86.0   39.014  132.913   3534.4    660.1
     1     1    21     4     9     3     0     0   -87.0   39.421  132.608   3666.2    649.1
     1     1    21     4     9     2     0     0   -88.0   39.869  132.306   3809.8    634.0
     1     1    21     4     9     1     0     0   -89.0   40.365  132.022   3963.5    612.8
     1     1    21     4     9     0     0     0   -90.0   40.913  131.777   4133.6    589.5
     1     1    21     4     8    23     0     0   -91.0   41.497  131.562   4307.7    565.3
     1     1    21     4     8    22     0     0   -92.0   42.107  131.368   4474.1    543.4
     1     1    21     4     8    21     0     0   -93.0   42.740  131.210   4634.3    525.2
     1     1    21     4     8    20     0     0   -94.0   43.372  131.105   4787.0    512.8
     1     1    21     4     8    19     0     0   -95.0   43.987  131.075   4918.6    503.2
     1     1    21     4     8    18     0     0   -96.0   44.583  131.144   5030.2    495.7
