     2     1
    CDC1    21     8     1     0     0
    CDC1    21     9     1     0     0
     1 BACKWARD OMEGA   
  2021     9    27    21   37.500  127.000   500.0
     1 PRESSURE
     1     1    21     9    27    21     0     0     0.0   37.500  127.000    500.0    938.1
     1     1    21     9    27    20     0     0    -1.0   37.441  127.160    494.2    938.2
     1     1    21     9    27    19     0     0    -2.0   37.377  127.309    490.0    938.1
     1     1    21     9    27    18     0     0    -3.0   37.310  127.447    487.4    937.8
     1     1    21     9    27    17     0     0    -4.0   37.239  127.582    484.9    938.0
     1     1    21     9    27    16     0     0    -5.0   37.169  127.720    481.0    939.0
     1     1    21     9    27    15     0     0    -6.0   37.103  127.861    475.8    940.1
     1     1    21     9    27    14     0     0    -7.0   37.040  128.009    469.3    941.3
     1     1    21     9    27    13     0     0    -8.0   36.983  128.163    461.7    942.6
     1     1    21     9    27    12     0     0    -9.0   36.934  128.324    453.0    944.1
     1     1    21     9    27    11     0     0   -10.0   36.895  128.491    444.2    945.8
     1     1    21     9    27    10     0     0   -11.0   36.869  128.658    436.0    947.3
     1     1    21     9    27     9     0     0   -12.0   36.856  128.826    428.4    948.7
     1     1    21     9    27     8     0     0   -13.0   36.855  128.996    421.4    950.1
     1     1    21     9    27     7     0     0   -14.0   36.867  129.167    414.9    951.4
     1     1    21     9    27     6     0     0   -15.0   36.890  129.340    408.9    952.7
     1     1    21     9    27     5     0     0   -16.0   36.918  129.521    403.4    954.1
     1     1    21     9    27     4     0     0   -17.0   36.944  129.714    398.8    955.5
     1     1    21     9    27     3     0     0   -18.0   36.970  129.921    395.1    956.8
     1     1    21     9    27     2     0     0   -19.0   36.997  130.138    392.5    958.6
     1     1    21     9    27     1     0     0   -20.0   37.026  130.364    390.7    960.6
     1     1    21     9    27     0     0     0   -21.0   37.056  130.596    389.5    962.7
     1     1    21     9    26    23     0     0   -22.0   37.095  130.826    388.8    964.6
     1     1    21     9    26    22     0     0   -23.0   37.147  131.046    388.3    966.6
     1     1    21     9    26    21     0     0   -24.0   37.211  131.256    387.8    968.6
     1     1    21     9    26    20     0     0   -25.0   37.287  131.454    387.1    970.7
     1     1    21     9    26    19     0     0   -26.0   37.373  131.641    386.2    972.9
     1     1    21     9    26    18     0     0   -27.0   37.470  131.816    384.8    975.2
     1     1    21     9    26    17     0     0   -28.0   37.575  131.979    382.9    977.1
     1     1    21     9    26    16     0     0   -29.0   37.682  132.131    381.0    978.8
     1     1    21     9    26    15     0     0   -30.0   37.793  132.275    378.9    980.6
     1     1    21     9    26    14     0     0   -31.0   37.906  132.409    376.6    982.5
     1     1    21     9    26    13     0     0   -32.0   38.021  132.537    374.1    983.9
     1     1    21     9    26    12     0     0   -33.0   38.134  132.659    371.5    984.0
     1     1    21     9    26    11     0     0   -34.0   38.243  132.780    369.0    984.2
     1     1    21     9    26    10     0     0   -35.0   38.348  132.904    366.4    984.4
     1     1    21     9    26     9     0     0   -36.0   38.448  133.029    363.7    984.8
     1     1    21     9    26     8     0     0   -37.0   38.545  133.156    360.8    985.2
     1     1    21     9    26     7     0     0   -38.0   38.639  133.283    357.8    985.7
     1     1    21     9    26     6     0     0   -39.0   38.731  133.411    354.5    986.3
     1     1    21     9    26     5     0     0   -40.0   38.822  133.534    351.1    987.1
     1     1    21     9    26     4     0     0   -41.0   38.913  133.645    347.7    988.0
     1     1    21     9    26     3     0     0   -42.0   39.004  133.746    344.3    989.1
     1     1    21     9    26     2     0     0   -43.0   39.095  133.837    340.7    990.2
     1     1    21     9    26     1     0     0   -44.0   39.185  133.919    337.0    991.4
     1     1    21     9    26     0     0     0   -45.0   39.274  133.994    333.2    992.7
     1     1    21     9    25    23     0     0   -46.0   39.356  134.064    328.1    993.8
     1     1    21     9    25    22     0     0   -47.0   39.426  134.131    320.6    995.4
     1     1    21     9    25    21     0     0   -48.0   39.484  134.197    311.0    997.1
     1     1    21     9    25    20     0     0   -49.0   39.531  134.262    299.5    998.9
     1     1    21     9    25    19     0     0   -50.0   39.566  134.327    286.4   1000.9
     1     1    21     9    25    18     0     0   -51.0   39.590  134.394    271.8   1003.0
     1     1    21     9    25    17     0     0   -52.0   39.610  134.470    257.5   1005.3
     1     1    21     9    25    16     0     0   -53.0   39.630  134.567    245.1   1007.3
     1     1    21     9    25    15     0     0   -54.0   39.651  134.683    234.5   1009.1
     1     1    21     9    25    14     0     0   -55.0   39.672  134.820    225.8   1010.7
     1     1    21     9    25    13     0     0   -56.0   39.695  134.977    219.2   1012.1
     1     1    21     9    25    12     0     0   -57.0   39.718  135.153    214.7   1011.8
     1     1    21     9    25    11     0     0   -58.0   39.741  135.341    212.0   1010.9
     1     1    21     9    25    10     0     0   -59.0   39.768  135.537    210.4   1009.9
     1     1    21     9    25     9     0     0   -60.0   39.800  135.739    209.7   1008.9
     1     1    21     9    25     8     0     0   -61.0   39.837  135.944    209.8   1007.8
     1     1    21     9    25     7     0     0   -62.0   39.880  136.153    210.7   1006.7
     1     1    21     9    25     6     0     0   -63.0   39.929  136.362    212.3   1005.6
     1     1    21     9    25     5     0     0   -64.0   39.975  136.571    214.4   1004.3
     1     1    21     9    25     4     0     0   -65.0   40.012  136.775    217.1   1002.6
     1     1    21     9    25     3     0     0   -66.0   40.038  136.976    220.2   1000.4
     1     1    21     9    25     2     0     0   -67.0   40.055  137.175    223.8    998.2
     1     1    21     9    25     1     0     0   -68.0   40.063  137.371    227.6    995.9
     1     1    21     9    25     0     0     0   -69.0   40.064  137.567    231.7    994.0
     1     1    21     9    24    23     0     0   -70.0   40.070  137.762    234.5    992.9
     1     1    21     9    24    22     0     0   -71.0   40.093  137.953    234.2    992.4
     1     1    21     9    24    21     0     0   -72.0   40.133  138.140    231.4    992.3
     1     1    21     9    24    20     0     0   -73.0   40.190  138.323    226.2    992.5
     1     1    21     9    24    19     0     0   -74.0   40.263  138.501    218.7    993.0
     1     1    21     9    24    18     0     0   -75.0   40.350  138.674    209.2    993.8
     1     1    21     9    24    17     0     0   -76.0   40.449  138.842    200.6    994.6
     1     1    21     9    24    16     0     0   -77.0   40.556  139.007    196.3    994.2
     1     1    21     9    24    15     0     0   -78.0   40.673  139.168    195.8    993.6
     1     1    21     9    24    14     0     0   -79.0   40.798  139.326    199.1    992.6
     1     1    21     9    24    13     0     0   -80.0   40.934  139.480    205.7    991.2
     1     1    21     9    24    12     0     0   -81.0   41.080  139.630    215.7    989.3
     1     1    21     9    24    11     0     0   -82.0   41.242  139.777    227.4    987.3
     1     1    21     9    24    10     0     0   -83.0   41.424  139.924    239.2    985.6
     1     1    21     9    24     9     0     0   -84.0   41.625  140.072    251.3    984.0
     1     1    21     9    24     8     0     0   -85.0   41.844  140.222    264.0    982.2
     1     1    21     9    24     7     0     0   -86.0   42.079  140.376    277.3    980.2
     1     1    21     9    24     6     0     0   -87.0   42.331  140.538    291.6    978.1
     1     1    21     9    24     5     0     0   -88.0   42.593  140.695    307.1    975.3
     1     1    21     9    24     4     0     0   -89.0   42.860  140.828    324.4    972.2
     1     1    21     9    24     3     0     0   -90.0   43.134  140.938    343.3    969.4
     1     1    21     9    24     2     0     0   -91.0   43.414  141.029    363.9    966.8
     1     1    21     9    24     1     0     0   -92.0   43.701  141.106    386.2    964.3
     1     1    21     9    24     0     0     0   -93.0   43.996  141.173    410.6    961.4
     1     1    21     9    23    23     0     0   -94.0   44.291  141.244    436.2    958.0
     1     1    21     9    23    22     0     0   -95.0   44.576  141.331    462.1    955.0
     1     1    21     9    23    21     0     0   -96.0   44.854  141.439    488.2    952.3
