     2     1
    CDC1    21     7     1     0     0
    CDC1    21     8     1     0     0
     1 BACKWARD OMEGA   
  2021     8    18     6   37.500  127.000   500.0
     1 PRESSURE
     1     1    21     8    18     6     0     0     0.0   37.500  127.000    500.0    935.3
     1     1    21     8    18     5     0     0    -1.0   37.475  127.234    490.0    934.9
     1     1    21     8    18     4     0     0    -2.0   37.463  127.472    478.1    934.9
     1     1    21     8    18     3     0     0    -3.0   37.468  127.712    464.6    937.1
     1     1    21     8    18     2     0     0    -4.0   37.497  127.953    449.4    939.7
     1     1    21     8    18     1     0     0    -5.0   37.549  128.192    432.8    941.9
     1     1    21     8    18     0     0     0    -6.0   37.627  128.427    415.1    944.0
     1     1    21     8    17    23     0     0    -7.0   37.721  128.661    398.4    945.9
     1     1    21     8    17    22     0     0    -8.0   37.823  128.896    384.2    947.3
     1     1    21     8    17    21     0     0    -9.0   37.932  129.129    372.5    948.2
     1     1    21     8    17    20     0     0   -10.0   38.047  129.359    363.0    948.8
     1     1    21     8    17    19     0     0   -11.0   38.167  129.585    355.8    949.2
     1     1    21     8    17    18     0     0   -12.0   38.292  129.804    350.6    949.4
     1     1    21     8    17    17     0     0   -13.0   38.422  130.015    344.8    950.0
     1     1    21     8    17    16     0     0   -14.0   38.550  130.218    335.0    952.5
     1     1    21     8    17    15     0     0   -15.0   38.671  130.412    320.7    955.6
     1     1    21     8    17    14     0     0   -16.0   38.781  130.602    302.2    959.4
     1     1    21     8    17    13     0     0   -17.0   38.880  130.791    279.9    963.9
     1     1    21     8    17    12     0     0   -18.0   38.964  130.982    253.9    969.2
     1     1    21     8    17    11     0     0   -19.0   39.034  131.185    225.3    975.5
     1     1    21     8    17    10     0     0   -20.0   39.092  131.408    194.8    982.6
     1     1    21     8    17     9     0     0   -21.0   39.143  131.653    163.6    989.5
     1     1    21     8    17     8     0     0   -22.0   39.193  131.916    133.5    996.9
     1     1    21     8    17     7     0     0   -23.0   39.247  132.196    105.7   1004.9
     1     1    21     8    17     6     0     0   -24.0   39.309  132.491     81.4   1013.3
     1     1    21     8    17     5     0     0   -25.0   39.372  132.793     62.8   1016.0
     1     1    21     8    17     4     0     0   -26.0   39.427  133.097     49.9   1017.9
     1     1    21     8    17     3     0     0   -27.0   39.469  133.405     40.5   1019.7
     1     1    21     8    17     2     0     0   -28.0   39.500  133.716     33.4   1021.3
     1     1    21     8    17     1     0     0   -29.0   39.518  134.032     27.8   1022.9
     1     1    21     8    17     0     0     0   -30.0   39.524  134.351     22.9   1024.3
     1     1    21     8    16    23     0     0   -31.0   39.524  134.661     18.5   1025.2
     1     1    21     8    16    22     0     0   -32.0   39.525  134.948     14.8   1026.0
     1     1    21     8    16    21     0     0   -33.0   39.525  135.213     11.8   1024.5
     1     1    21     8    16    20     0     0   -34.0   39.522  135.455      9.7   1022.4
     1     1    21     8    16    19     0     0   -35.0   39.515  135.674      8.1   1020.2
     1     1    21     8    16    18     0     0   -36.0   39.503  135.871      7.0   1018.1
     1     1    21     8    16    17     0     0   -37.0   39.493  136.053      6.2   1016.3
     1     1    21     8    16    16     0     0   -38.0   39.493  136.230      5.4   1014.8
     1     1    21     8    16    15     0     0   -39.0   39.504  136.403      4.5   1013.5
     1     1    21     8    16    14     0     0   -40.0   39.529  136.572      3.7   1012.4
     1     1    21     8    16    13     0     0   -41.0   39.568  136.738      2.9   1011.6
     1     1    21     8    16    12     0     0   -42.0   39.621  136.904      1.9   1011.1
     1     1    21     8    16    11     0     0   -43.0   39.686  137.066      1.1   1010.5
     1     1    21     8    16    10     0     0   -44.0   39.758  137.221      0.2   1010.1
     1     1    21     8    16     9     0     0   -45.0   39.836  137.368      0.0   1010.0
     1     1    21     8    16     8     0     0   -46.0   39.922  137.507      0.0   1010.2
     1     1    21     8    16     7     0     0   -47.0   40.011  137.639      0.0   1011.0
     1     1    21     8    16     6     0     0   -48.0   40.098  137.761      0.0   1010.5
     1     1    21     8    16     5     0     0   -49.0   40.179  137.879      0.0   1010.3
     1     1    21     8    16     4     0     0   -50.0   40.250  137.999      0.0   1010.1
     1     1    21     8    16     3     0     0   -51.0   40.312  138.121      0.0   1010.0
     1     1    21     8    16     2     0     0   -52.0   40.365  138.247      0.0   1009.8
     1     1    21     8    16     1     0     0   -53.0   40.409  138.376      0.0   1009.7
     1     1    21     8    16     0     0     0   -54.0   40.444  138.509      0.0   1009.6
     1     1    21     8    15    23     0     0   -55.0   40.469  138.643      0.0   1009.1
     1     1    21     8    15    22     0     0   -56.0   40.485  138.772      0.0   1008.6
     1     1    21     8    15    21     0     0   -57.0   40.494  138.894      0.0   1008.2
     1     1    21     8    15    20     0     0   -58.0   40.496  139.010      0.0   1007.7
     1     1    21     8    15    19     0     0   -59.0   40.493  139.119      0.0   1007.3
     1     1    21     8    15    18     0     0   -60.0   40.486  139.219      0.0   1006.8
     1     1    21     8    15    17     0     0   -61.0   40.477  139.324      0.0   1006.5
     1     1    21     8    15    16     0     0   -62.0   40.464  139.446      0.0   1006.1
     1     1    21     8    15    15     0     0   -63.0   40.448  139.585      0.0   1005.7
     1     1    21     8    15    14     0     0   -64.0   40.427  139.743      0.0   1005.3
     1     1    21     8    15    13     0     0   -65.0   40.403  139.919      0.0   1004.8
     1     1    21     8    15    12     0     0   -66.0   40.377  140.115      0.0   1004.7
     1     1    21     8    15    11     0     0   -67.0   40.361  140.328      0.0   1004.3
     1     1    21     8    15    10     0     0   -68.0   40.365  140.556      0.0   1004.0
     1     1    21     8    15     9     0     0   -69.0   40.385  140.799      0.0   1003.6
     1     1    21     8    15     8     0     0   -70.0   40.422  141.058      0.0   1003.3
     1     1    21     8    15     7     0     0   -71.0   40.472  141.333      0.0   1003.0
     1     1    21     8    15     6     0     0   -72.0   40.534  141.625      0.0   1002.7
     1     1    21     8    15     5     0     0   -73.0   40.605  141.927      0.0   1002.6
     1     1    21     8    15     4     0     0   -74.0   40.685  142.231      0.0   1002.4
     1     1    21     8    15     3     0     0   -75.0   40.778  142.540      0.0   1002.2
     1     1    21     8    15     2     0     0   -76.0   40.887  142.856      0.0   1002.2
     1     1    21     8    15     1     0     0   -77.0   41.015  143.183      0.0   1002.1
     1     1    21     8    15     0     0     0   -78.0   41.160  143.522      0.0   1001.8
     1     1    21     8    14    23     0     0   -79.0   41.310  143.876      0.0   1001.4
     1     1    21     8    14    22     0     0   -80.0   41.454  144.240      0.0   1001.0
     1     1    21     8    14    21     0     0   -81.0   41.590  144.614      0.0   1000.6
     1     1    21     8    14    20     0     0   -82.0   41.721  144.996      0.0   1000.1
     1     1    21     8    14    19     0     0   -83.0   41.845  145.388      0.0   1001.5
     1     1    21     8    14    18     0     0   -84.0   41.963  145.793      0.0   1003.1
     1     1    21     8    14    17     0     0   -85.0   42.077  146.212      0.0   1005.0
     1     1    21     8    14    16     0     0   -86.0   42.185  146.650      0.0   1007.1
     1     1    21     8    14    15     0     0   -87.0   42.289  147.113      0.0   1009.6
     1     1    21     8    14    14     0     0   -88.0   42.387  147.604      0.0   1012.1
     1     1    21     8    14    13     0     0   -89.0   42.471  148.114      0.0   1014.1
     1     1    21     8    14    12     0     0   -90.0   42.529  148.628      0.0   1016.3
     1     1    21     8    14    11     0     0   -91.0   42.561  149.128      0.0   1018.5
     1     1    21     8    14    10     0     0   -92.0   42.569  149.605      0.0   1020.4
     1     1    21     8    14     9     0     0   -93.0   42.558  150.056      0.0   1021.8
     1     1    21     8    14     8     0     0   -94.0   42.538  150.473      0.0   1020.9
     1     1    21     8    14     7     0     0   -95.0   42.519  150.853      0.0   1020.1
     1     1    21     8    14     6     0     0   -96.0   42.502  151.201      0.0   1019.3
