     2     1
    CDC1    21     6     1     0     0
    CDC1    21     7     1     0     0
     1 BACKWARD OMEGA   
  2021     7    30    21   37.500  127.000   500.0
     1 PRESSURE
     1     1    21     7    30    21     0     0     0.0   37.500  127.000    500.0    926.6
     1     1    21     7    30    20     0     0    -1.0   37.394  126.870    483.1    929.3
     1     1    21     7    30    19     0     0    -2.0   37.275  126.717    470.1    931.5
     1     1    21     7    30    18     0     0    -3.0   37.145  126.541    460.6    933.6
     1     1    21     7    30    17     0     0    -4.0   37.001  126.357    453.9    935.5
     1     1    21     7    30    16     0     0    -5.0   36.843  126.181    449.4    937.2
     1     1    21     7    30    15     0     0    -6.0   36.673  126.011    447.2    938.6
     1     1    21     7    30    14     0     0    -7.0   36.492  125.847    447.7    939.7
     1     1    21     7    30    13     0     0    -8.0   36.299  125.685    451.3    940.4
     1     1    21     7    30    12     0     0    -9.0   36.098  125.523    458.1    940.8
     1     1    21     7    30    11     0     0   -10.0   35.887  125.360    465.1    940.7
     1     1    21     7    30    10     0     0   -11.0   35.667  125.197    468.7    941.4
     1     1    21     7    30     9     0     0   -12.0   35.439  125.030    468.6    942.5
     1     1    21     7    30     8     0     0   -13.0   35.205  124.857    464.7    943.5
     1     1    21     7    30     7     0     0   -14.0   34.967  124.673    457.3    944.7
     1     1    21     7    30     6     0     0   -15.0   34.730  124.484    446.1    946.3
     1     1    21     7    30     5     0     0   -16.0   34.493  124.297    434.3    948.9
     1     1    21     7    30     4     0     0   -17.0   34.258  124.113    424.7    950.9
     1     1    21     7    30     3     0     0   -18.0   34.027  123.932    417.2    952.6
     1     1    21     7    30     2     0     0   -19.0   33.800  123.753    411.9    954.0
     1     1    21     7    30     1     0     0   -20.0   33.580  123.576    408.6    955.3
     1     1    21     7    30     0     0     0   -21.0   33.368  123.400    407.4    956.3
     1     1    21     7    29    23     0     0   -22.0   33.156  123.224    405.9    957.2
     1     1    21     7    29    22     0     0   -23.0   32.935  123.051    401.2    958.8
     1     1    21     7    29    21     0     0   -24.0   32.703  122.883    393.4    961.1
     1     1    21     7    29    20     0     0   -25.0   32.459  122.722    382.5    963.4
     1     1    21     7    29    19     0     0   -26.0   32.203  122.570    368.6    964.1
     1     1    21     7    29    18     0     0   -27.0   31.937  122.428    353.3    964.0
     1     1    21     7    29    17     0     0   -28.0   31.682  122.295    339.8    963.1
     1     1    21     7    29    16     0     0   -29.0   31.452  122.171    331.5    961.5
     1     1    21     7    29    15     0     0   -30.0   31.243  122.057    327.3    959.8
     1     1    21     7    29    14     0     0   -31.0   31.055  121.952    326.7    957.9
     1     1    21     7    29    13     0     0   -32.0   30.885  121.855    329.2    955.9
     1     1    21     7    29    12     0     0   -33.0   30.731  121.768    334.6    953.8
     1     1    21     7    29    11     0     0   -34.0   30.578  121.690    341.0    951.6
     1     1    21     7    29    10     0     0   -35.0   30.409  121.623    346.0    949.6
     1     1    21     7    29     9     0     0   -36.0   30.225  121.566    349.8    947.7
     1     1    21     7    29     8     0     0   -37.0   30.024  121.515    352.3    945.7
     1     1    21     7    29     7     0     0   -38.0   29.804  121.467    353.6    944.6
     1     1    21     7    29     6     0     0   -39.0   29.566  121.421    353.3    943.7
     1     1    21     7    29     5     0     0   -40.0   29.324  121.370    352.3    943.2
     1     1    21     7    29     4     0     0   -41.0   29.096  121.305    351.1    942.6
     1     1    21     7    29     3     0     0   -42.0   28.881  121.226    350.2    941.8
     1     1    21     7    29     2     0     0   -43.0   28.683  121.132    350.0    940.8
     1     1    21     7    29     1     0     0   -44.0   28.501  121.022    350.7    939.5
     1     1    21     7    29     0     0     0   -45.0   28.337  120.895    352.7    937.9
     1     1    21     7    28    23     0     0   -46.0   28.177  120.753    355.3    935.6
     1     1    21     7    28    22     0     0   -47.0   28.007  120.600    356.9    933.4
     1     1    21     7    28    21     0     0   -48.0   27.829  120.432    357.5    931.0
     1     1    21     7    28    20     0     0   -49.0   27.641  120.242    356.7    928.4
     1     1    21     7    28    19     0     0   -50.0   27.445  120.024    354.4    925.7
     1     1    21     7    28    18     0     0   -51.0   27.246  119.780    350.0    924.2
     1     1    21     7    28    17     0     0   -52.0   27.059  119.536    343.8    923.0
     1     1    21     7    28    16     0     0   -53.0   26.892  119.309    336.0    922.1
     1     1    21     7    28    15     0     0   -54.0   26.741  119.099    326.5    921.7
     1     1    21     7    28    14     0     0   -55.0   26.604  118.906    315.2    921.7
     1     1    21     7    28    13     0     0   -56.0   26.476  118.729    302.4    922.1
     1     1    21     7    28    12     0     0   -57.0   26.357  118.570    288.1    922.8
     1     1    21     7    28    11     0     0   -58.0   26.242  118.421    272.6    924.2
     1     1    21     7    28    10     0     0   -59.0   26.126  118.277    256.2    925.9
     1     1    21     7    28     9     0     0   -60.0   26.009  118.139    239.0    927.9
     1     1    21     7    28     8     0     0   -61.0   25.889  118.008    221.4    930.2
     1     1    21     7    28     7     0     0   -62.0   25.764  117.883    203.7    932.7
     1     1    21     7    28     6     0     0   -63.0   25.634  117.768    186.4    935.0
     1     1    21     7    28     5     0     0   -64.0   25.515  117.659    171.7    936.7
     1     1    21     7    28     4     0     0   -65.0   25.423  117.554    160.6    937.8
     1     1    21     7    28     3     0     0   -66.0   25.360  117.453    152.5    938.5
     1     1    21     7    28     2     0     0   -67.0   25.325  117.355    147.0    938.8
     1     1    21     7    28     1     0     0   -68.0   25.319  117.259    143.8    938.7
     1     1    21     7    28     0     0     0   -69.0   25.340  117.165    142.6    938.3
     1     1    21     7    27    23     0     0   -70.0   25.369  117.062    141.8    937.9
     1     1    21     7    27    22     0     0   -71.0   25.392  116.940    140.0    937.7
     1     1    21     7    27    21     0     0   -72.0   25.409  116.802    137.2    937.7
     1     1    21     7    27    20     0     0   -73.0   25.422  116.648    133.3    937.7
     1     1    21     7    27    19     0     0   -74.0   25.434  116.480    128.4    937.8
     1     1    21     7    27    18     0     0   -75.0   25.445  116.299    122.3    937.9
     1     1    21     7    27    17     0     0   -76.0   25.457  116.124    116.7    938.3
     1     1    21     7    27    16     0     0   -77.0   25.466  115.968    113.0    938.2
     1     1    21     7    27    15     0     0   -78.0   25.474  115.829    111.5    938.1
     1     1    21     7    27    14     0     0   -79.0   25.479  115.706    112.2    937.6
     1     1    21     7    27    13     0     0   -80.0   25.482  115.596    115.3    937.0
     1     1    21     7    27    12     0     0   -81.0   25.482  115.496    121.4    936.0
     1     1    21     7    27    11     0     0   -82.0   25.489  115.397    128.6    934.8
     1     1    21     7    27    10     0     0   -83.0   25.517  115.293    134.2    934.1
     1     1    21     7    27     9     0     0   -84.0   25.565  115.183    137.8    933.8
     1     1    21     7    27     8     0     0   -85.0   25.634  115.068    139.1    933.8
     1     1    21     7    27     7     0     0   -86.0   25.723  114.950    137.9    934.5
     1     1    21     7    27     6     0     0   -87.0   25.830  114.829    134.3    935.8
     1     1    21     7    27     5     0     0   -88.0   25.943  114.710    130.3    937.5
     1     1    21     7    27     4     0     0   -89.0   26.050  114.595    127.6    938.9
     1     1    21     7    27     3     0     0   -90.0   26.152  114.485    125.8    940.2
     1     1    21     7    27     2     0     0   -91.0   26.248  114.380    124.8    941.4
     1     1    21     7    27     1     0     0   -92.0   26.337  114.282    124.5    942.5
     1     1    21     7    27     0     0     0   -93.0   26.421  114.190    124.8    943.4
     1     1    21     7    26    23     0     0   -94.0   26.506  114.100    124.7    944.1
     1     1    21     7    26    22     0     0   -95.0   26.598  114.007    123.2    945.2
     1     1    21     7    26    21     0     0   -96.0   26.696  113.913    120.5    946.4
