     2     1
    CDC1    21     1     1     0     0
    CDC1    21     2     1     0     0
     1 BACKWARD OMEGA   
  2021     2    13    18   37.500  127.000   500.0
     1 PRESSURE
     1     1    21     2    13    18     0     0     0.0   37.500  127.000    500.0    941.3
     1     1    21     2    13    17     0     0    -1.0   37.426  126.890    504.4    941.9
     1     1    21     2    13    16     0     0    -2.0   37.354  126.788    510.0    942.3
     1     1    21     2    13    15     0     0    -3.0   37.283  126.693    517.1    942.4
     1     1    21     2    13    14     0     0    -4.0   37.215  126.606    526.0    942.4
     1     1    21     2    13    13     0     0    -5.0   37.148  126.526    536.9    942.1
     1     1    21     2    13    12     0     0    -6.0   37.083  126.453    550.1    941.5
     1     1    21     2    13    11     0     0    -7.0   37.019  126.382    566.5    940.4
     1     1    21     2    13    10     0     0    -8.0   36.955  126.309    587.2    938.9
     1     1    21     2    13     9     0     0    -9.0   36.890  126.232    612.5    936.9
     1     1    21     2    13     8     0     0   -10.0   36.825  126.152    642.4    934.2
     1     1    21     2    13     7     0     0   -11.0   36.763  126.068    677.2    930.7
     1     1    21     2    13     6     0     0   -12.0   36.704  125.979    717.2    926.8
     1     1    21     2    13     5     0     0   -13.0   36.655  125.887    759.3    922.3
     1     1    21     2    13     4     0     0   -14.0   36.621  125.792    800.4    918.5
     1     1    21     2    13     3     0     0   -15.0   36.601  125.692    840.0    914.9
     1     1    21     2    13     2     0     0   -16.0   36.594  125.588    878.1    911.6
     1     1    21     2    13     1     0     0   -17.0   36.602  125.478    914.3    908.5
     1     1    21     2    13     0     0     0   -18.0   36.622  125.363    948.5    905.5
     1     1    21     2    12    23     0     0   -19.0   36.649  125.239    981.1    902.4
     1     1    21     2    12    22     0     0   -20.0   36.678  125.108   1011.2    899.6
     1     1    21     2    12    21     0     0   -21.0   36.708  124.969   1039.2    897.0
     1     1    21     2    12    20     0     0   -22.0   36.737  124.823   1064.9    894.3
     1     1    21     2    12    19     0     0   -23.0   36.763  124.671   1088.4    891.9
     1     1    21     2    12    18     0     0   -24.0   36.787  124.514   1109.7    889.8
     1     1    21     2    12    17     0     0   -25.0   36.804  124.361   1129.2    887.9
     1     1    21     2    12    16     0     0   -26.0   36.814  124.217   1147.1    886.2
     1     1    21     2    12    15     0     0   -27.0   36.817  124.084   1163.2    884.6
     1     1    21     2    12    14     0     0   -28.0   36.816  123.962   1177.3    883.3
     1     1    21     2    12    13     0     0   -29.0   36.811  123.850   1189.3    882.2
     1     1    21     2    12    12     0     0   -30.0   36.805  123.748   1199.1    881.3
     1     1    21     2    12    11     0     0   -31.0   36.798  123.646   1205.5    880.7
     1     1    21     2    12    10     0     0   -32.0   36.790  123.532   1207.2    880.6
     1     1    21     2    12     9     0     0   -33.0   36.781  123.406   1204.1    881.1
     1     1    21     2    12     8     0     0   -34.0   36.770  123.268   1196.4    882.1
     1     1    21     2    12     7     0     0   -35.0   36.757  123.118   1184.3    883.6
     1     1    21     2    12     6     0     0   -36.0   36.742  122.955   1167.7    885.5
     1     1    21     2    12     5     0     0   -37.0   36.720  122.788   1148.3    888.1
     1     1    21     2    12     4     0     0   -38.0   36.689  122.625   1125.1    891.0
     1     1    21     2    12     3     0     0   -39.0   36.646  122.466   1099.1    894.1
     1     1    21     2    12     2     0     0   -40.0   36.591  122.313   1071.2    897.2
     1     1    21     2    12     1     0     0   -41.0   36.524  122.164   1042.4    900.3
     1     1    21     2    12     0     0     0   -42.0   36.443  122.020   1013.3    903.5
     1     1    21     2    11    23     0     0   -43.0   36.346  121.867    986.4    906.2
     1     1    21     2    11    22     0     0   -44.0   36.234  121.695    965.8    907.8
     1     1    21     2    11    21     0     0   -45.0   36.105  121.506    950.6    908.7
     1     1    21     2    11    20     0     0   -46.0   35.960  121.301    940.4    908.9
     1     1    21     2    11    19     0     0   -47.0   35.800  121.084    934.8    908.4
     1     1    21     2    11    18     0     0   -48.0   35.625  120.856    933.4    907.2
     1     1    21     2    11    17     0     0   -49.0   35.430  120.640    936.8    905.9
     1     1    21     2    11    16     0     0   -50.0   35.212  120.457    946.5    903.7
     1     1    21     2    11    15     0     0   -51.0   34.976  120.309    963.8    900.7
     1     1    21     2    11    14     0     0   -52.0   34.734  120.200    989.5    897.9
     1     1    21     2    11    13     0     0   -53.0   34.494  120.135   1023.4    894.4
     1     1    21     2    11    12     0     0   -54.0   34.262  120.111   1066.7    889.9
     1     1    21     2    11    11     0     0   -55.0   34.058  120.120   1113.7    884.4
     1     1    21     2    11    10     0     0   -56.0   33.892  120.154   1158.6    880.0
     1     1    21     2    11     9     0     0   -57.0   33.760  120.211   1200.4    876.0
     1     1    21     2    11     8     0     0   -58.0   33.659  120.291   1238.9    872.6
     1     1    21     2    11     7     0     0   -59.0   33.585  120.390   1273.7    869.6
     1     1    21     2    11     6     0     0   -60.0   33.537  120.507   1304.6    866.9
     1     1    21     2    11     5     0     0   -61.0   33.500  120.635   1335.1    864.6
     1     1    21     2    11     4     0     0   -62.0   33.462  120.770   1369.0    861.5
     1     1    21     2    11     3     0     0   -63.0   33.422  120.910   1406.1    858.1
     1     1    21     2    11     2     0     0   -64.0   33.382  121.058   1446.4    854.4
     1     1    21     2    11     1     0     0   -65.0   33.341  121.211   1489.8    850.5
     1     1    21     2    11     0     0     0   -66.0   33.299  121.372   1536.4    846.4
     1     1    21     2    10    23     0     0   -67.0   33.261  121.541   1584.6    842.3
     1     1    21     2    10    22     0     0   -68.0   33.229  121.721   1631.8    838.6
     1     1    21     2    10    21     0     0   -69.0   33.202  121.908   1678.6    835.0
     1     1    21     2    10    20     0     0   -70.0   33.181  122.099   1725.2    831.5
     1     1    21     2    10    19     0     0   -71.0   33.165  122.291   1771.3    827.7
     1     1    21     2    10    18     0     0   -72.0   33.155  122.481   1816.4    824.1
     1     1    21     2    10    17     0     0   -73.0   33.162  122.650   1859.5    819.2
     1     1    21     2    10    16     0     0   -74.0   33.197  122.779   1903.9    814.3
     1     1    21     2    10    15     0     0   -75.0   33.259  122.868   1949.2    809.2
     1     1    21     2    10    14     0     0   -76.0   33.349  122.917   1995.9    804.1
     1     1    21     2    10    13     0     0   -77.0   33.469  122.927   2044.2    798.9
     1     1    21     2    10    12     0     0   -78.0   33.620  122.901   2094.6    793.5
     1     1    21     2    10    11     0     0   -79.0   33.788  122.835   2144.1    787.9
     1     1    21     2    10    10     0     0   -80.0   33.958  122.724   2189.4    783.1
     1     1    21     2    10     9     0     0   -81.0   34.129  122.568   2230.6    778.5
     1     1    21     2    10     8     0     0   -82.0   34.303  122.365   2267.5    773.8
     1     1    21     2    10     7     0     0   -83.0   34.481  122.117   2301.2    769.2
     1     1    21     2    10     6     0     0   -84.0   34.666  121.825   2333.0    764.7
     1     1    21     2    10     5     0     0   -85.0   34.852  121.507   2364.2    760.5
     1     1    21     2    10     4     0     0   -86.0   35.032  121.175   2392.1    756.8
     1     1    21     2    10     3     0     0   -87.0   35.206  120.830   2418.6    754.0
     1     1    21     2    10     2     0     0   -88.0   35.377  120.470   2443.9    751.3
     1     1    21     2    10     1     0     0   -89.0   35.549  120.093   2468.3    748.9
     1     1    21     2    10     0     0     0   -90.0   35.726  119.695   2493.0    746.9
     1     1    21     2     9    23     0     0   -91.0   35.898  119.291   2520.4    744.9
     1     1    21     2     9    22     0     0   -92.0   36.054  118.889   2553.7    742.1
     1     1    21     2     9    21     0     0   -93.0   36.192  118.486   2594.0    738.6
     1     1    21     2     9    20     0     0   -94.0   36.312  118.078   2642.8    734.4
     1     1    21     2     9    19     0     0   -95.0   36.412  117.662   2701.2    729.3
     1     1    21     2     9    18     0     0   -96.0   36.493  117.233   2766.9    721.1
