     2     1
    CDC1    21     7     1     0     0
    CDC1    21     8     1     0     0
     1 BACKWARD OMEGA   
  2021     8     1     6   37.500  127.000   500.0
     1 PRESSURE
     1     1    21     8     1     6     0     0     0.0   37.500  127.000    500.0    926.8
     1     1    21     8     1     5     0     0    -1.0   37.371  127.005    479.4    929.2
     1     1    21     8     1     4     0     0    -2.0   37.258  126.997    459.9    931.6
     1     1    21     8     1     3     0     0    -3.0   37.159  126.976    441.0    934.0
     1     1    21     8     1     2     0     0    -4.0   37.076  126.942    422.5    936.4
     1     1    21     8     1     1     0     0    -5.0   37.009  126.896    404.4    938.9
     1     1    21     8     1     0     0     0    -6.0   36.957  126.840    386.5    941.5
     1     1    21     7    31    23     0     0    -7.0   36.908  126.775    369.2    943.6
     1     1    21     7    31    22     0     0    -8.0   36.852  126.705    352.4    945.7
     1     1    21     7    31    21     0     0    -9.0   36.789  126.628    336.4    947.8
     1     1    21     7    31    20     0     0   -10.0   36.718  126.545    321.3    949.9
     1     1    21     7    31    19     0     0   -11.0   36.639  126.455    307.1    951.9
     1     1    21     7    31    18     0     0   -12.0   36.552  126.357    294.0    954.0
     1     1    21     7    31    17     0     0   -13.0   36.462  126.253    282.4    955.9
     1     1    21     7    31    16     0     0   -14.0   36.376  126.145    272.7    957.6
     1     1    21     7    31    15     0     0   -15.0   36.292  126.034    264.9    959.2
     1     1    21     7    31    14     0     0   -16.0   36.211  125.919    258.8    960.5
     1     1    21     7    31    13     0     0   -17.0   36.131  125.802    254.5    961.7
     1     1    21     7    31    12     0     0   -18.0   36.054  125.682    252.0    962.7
     1     1    21     7    31    11     0     0   -19.0   35.972  125.566    249.6    963.6
     1     1    21     7    31    10     0     0   -20.0   35.880  125.458    245.7    964.8
     1     1    21     7    31     9     0     0   -21.0   35.778  125.357    240.3    966.2
     1     1    21     7    31     8     0     0   -22.0   35.669  125.263    233.6    967.9
     1     1    21     7    31     7     0     0   -23.0   35.552  125.175    225.5    969.7
     1     1    21     7    31     6     0     0   -24.0   35.429  125.092    216.2    971.8
     1     1    21     7    31     5     0     0   -25.0   35.305  125.013    206.9    973.6
     1     1    21     7    31     4     0     0   -26.0   35.185  124.938    198.5    974.8
     1     1    21     7    31     3     0     0   -27.0   35.069  124.865    190.9    975.5
     1     1    21     7    31     2     0     0   -28.0   34.959  124.793    183.9    976.1
     1     1    21     7    31     1     0     0   -29.0   34.851  124.723    177.0    976.8
     1     1    21     7    31     0     0     0   -30.0   34.747  124.656    169.9    977.5
     1     1    21     7    30    23     0     0   -31.0   34.640  124.588    163.0    978.6
     1     1    21     7    30    22     0     0   -32.0   34.526  124.513    156.5    979.6
     1     1    21     7    30    21     0     0   -33.0   34.405  124.434    150.4    980.6
     1     1    21     7    30    20     0     0   -34.0   34.275  124.349    144.7    981.6
     1     1    21     7    30    19     0     0   -35.0   34.136  124.259    139.4    982.6
     1     1    21     7    30    18     0     0   -36.0   33.989  124.164    134.5    983.7
     1     1    21     7    30    17     0     0   -37.0   33.835  124.068    130.6    984.6
     1     1    21     7    30    16     0     0   -38.0   33.678  123.972    128.4    985.3
     1     1    21     7    30    15     0     0   -39.0   33.521  123.877    128.2    985.8
     1     1    21     7    30    14     0     0   -40.0   33.362  123.783    130.5    986.1
     1     1    21     7    30    13     0     0   -41.0   33.205  123.689    135.6    986.0
     1     1    21     7    30    12     0     0   -42.0   33.049  123.596    144.1    985.6
     1     1    21     7    30    11     0     0   -43.0   32.892  123.500    152.6    985.0
     1     1    21     7    30    10     0     0   -44.0   32.731  123.398    157.4    985.1
     1     1    21     7    30     9     0     0   -45.0   32.568  123.291    157.8    985.7
     1     1    21     7    30     8     0     0   -46.0   32.405  123.176    153.6    986.3
     1     1    21     7    30     7     0     0   -47.0   32.241  123.054    144.9    986.8
     1     1    21     7    30     6     0     0   -48.0   32.077  122.924    132.5    987.8
     1     1    21     7    30     5     0     0   -49.0   31.914  122.795    119.7    989.3
     1     1    21     7    30     4     0     0   -50.0   31.755  122.678    109.5    990.2
     1     1    21     7    30     3     0     0   -51.0   31.600  122.572    101.7    990.8
     1     1    21     7    30     2     0     0   -52.0   31.453  122.475     96.0    991.1
     1     1    21     7    30     1     0     0   -53.0   31.315  122.386     92.3    990.8
     1     1    21     7    30     0     0     0   -54.0   31.189  122.302     90.3    990.2
     1     1    21     7    29    23     0     0   -55.0   31.065  122.222     88.6    988.9
     1     1    21     7    29    22     0     0   -56.0   30.932  122.148     86.1    987.9
     1     1    21     7    29    21     0     0   -57.0   30.790  122.078     83.0    986.7
     1     1    21     7    29    20     0     0   -58.0   30.640  122.012     79.8    985.6
     1     1    21     7    29    19     0     0   -59.0   30.482  121.949     76.6    984.2
     1     1    21     7    29    18     0     0   -60.0   30.317  121.889     73.9    982.7
     1     1    21     7    29    17     0     0   -61.0   30.160  121.837     72.1    981.4
     1     1    21     7    29    16     0     0   -62.0   30.024  121.799     71.7    980.3
     1     1    21     7    29    15     0     0   -63.0   29.905  121.773     72.1    979.8
     1     1    21     7    29    14     0     0   -64.0   29.797  121.758     73.0    979.4
     1     1    21     7    29    13     0     0   -65.0   29.699  121.751     74.4    979.1
     1     1    21     7    29    12     0     0   -66.0   29.609  121.753     76.3    978.8
     1     1    21     7    29    11     0     0   -67.0   29.507  121.762     78.4    978.3
     1     1    21     7    29    10     0     0   -68.0   29.375  121.775     80.2    977.9
     1     1    21     7    29     9     0     0   -69.0   29.215  121.793     81.7    977.5
     1     1    21     7    29     8     0     0   -70.0   29.028  121.812     83.0    977.2
     1     1    21     7    29     7     0     0   -71.0   28.816  121.831     84.0    976.9
     1     1    21     7    29     6     0     0   -72.0   28.581  121.849     84.7    976.7
     1     1    21     7    29     5     0     0   -73.0   28.344  121.860     85.4    976.9
     1     1    21     7    29     4     0     0   -74.0   28.122  121.860     86.1    977.1
     1     1    21     7    29     3     0     0   -75.0   27.916  121.850     87.0    977.1
     1     1    21     7    29     2     0     0   -76.0   27.727  121.830     88.1    977.1
     1     1    21     7    29     1     0     0   -77.0   27.556  121.802     89.4    976.9
     1     1    21     7    29     0     0     0   -78.0   27.404  121.766     91.0    976.6
     1     1    21     7    28    23     0     0   -79.0   27.259  121.730     92.5    975.7
     1     1    21     7    28    22     0     0   -80.0   27.109  121.694     93.6    974.9
     1     1    21     7    28    21     0     0   -81.0   26.954  121.656     94.3    974.1
     1     1    21     7    28    20     0     0   -82.0   26.793  121.612     94.5    973.3
     1     1    21     7    28    19     0     0   -83.0   26.626  121.558     94.4    972.3
     1     1    21     7    28    18     0     0   -84.0   26.453  121.489     93.9    971.2
     1     1    21     7    28    17     0     0   -85.0   26.283  121.414     93.2    970.0
     1     1    21     7    28    16     0     0   -86.0   26.121  121.346     92.6    968.9
     1     1    21     7    28    15     0     0   -87.0   25.967  121.287     91.9    967.9
     1     1    21     7    28    14     0     0   -88.0   25.819  121.240     91.2    967.1
     1     1    21     7    28    13     0     0   -89.0   25.676  121.207     90.5    966.5
     1     1    21     7    28    12     0     0   -90.0   25.538  121.191     89.8    966.0
     1     1    21     7    28    11     0     0   -91.0   25.402  121.182     89.2    966.0
     1     1    21     7    28    10     0     0   -92.0   25.266  121.171     88.5    966.1
     1     1    21     7    28     9     0     0   -93.0   25.130  121.158     87.7    966.1
     1     1    21     7    28     8     0     0   -94.0   24.995  121.143     87.1    966.2
     1     1    21     7    28     7     0     0   -95.0   24.863  121.122     86.3    966.7
     1     1    21     7    28     6     0     0   -96.0   24.733  121.093     85.5    967.1
