     2     1
    CDC1    21     7     1     0     0
    CDC1    21     8     1     0     0
     1 BACKWARD OMEGA   
  2021     8    10     9   37.500  127.000   500.0
     1 PRESSURE
     1     1    21     8    10     9     0     0     0.0   37.500  127.000    500.0    933.6
     1     1    21     8    10     8     0     0    -1.0   37.360  126.931    492.0    935.0
     1     1    21     8    10     7     0     0    -2.0   37.218  126.858    486.9    936.0
     1     1    21     8    10     6     0     0    -3.0   37.074  126.780    484.7    936.8
     1     1    21     8    10     5     0     0    -4.0   36.936  126.702    483.2    937.3
     1     1    21     8    10     4     0     0    -5.0   36.811  126.632    480.3    938.2
     1     1    21     8    10     3     0     0    -6.0   36.698  126.569    475.6    939.2
     1     1    21     8    10     2     0     0    -7.0   36.597  126.511    468.8    940.3
     1     1    21     8    10     1     0     0    -8.0   36.507  126.460    459.7    941.7
     1     1    21     8    10     0     0     0    -9.0   36.429  126.415    448.3    943.3
     1     1    21     8     9    23     0     0   -10.0   36.360  126.376    435.0    945.0
     1     1    21     8     9    22     0     0   -11.0   36.299  126.341    420.9    946.7
     1     1    21     8     9    21     0     0   -12.0   36.246  126.312    405.8    948.4
     1     1    21     8     9    20     0     0   -13.0   36.200  126.290    389.9    950.3
     1     1    21     8     9    19     0     0   -14.0   36.160  126.275    373.3    951.9
     1     1    21     8     9    18     0     0   -15.0   36.126  126.268    355.9    953.4
     1     1    21     8     9    17     0     0   -16.0   36.102  126.261    340.7    955.2
     1     1    21     8     9    16     0     0   -17.0   36.092  126.244    329.8    956.3
     1     1    21     8     9    15     0     0   -18.0   36.097  126.215    323.0    957.1
     1     1    21     8     9    14     0     0   -19.0   36.115  126.174    320.2    957.5
     1     1    21     8     9    13     0     0   -20.0   36.146  126.119    321.1    957.6
     1     1    21     8     9    12     0     0   -21.0   36.191  126.049    325.8    957.4
     1     1    21     8     9    11     0     0   -22.0   36.244  125.974    331.7    956.6
     1     1    21     8     9    10     0     0   -23.0   36.302  125.904    335.9    956.2
     1     1    21     8     9     9     0     0   -24.0   36.367  125.839    338.4    956.0
     1     1    21     8     9     8     0     0   -25.0   36.436  125.781    339.3    955.9
     1     1    21     8     9     7     0     0   -26.0   36.511  125.732    338.4    956.0
     1     1    21     8     9     6     0     0   -27.0   36.592  125.693    335.8    956.1
     1     1    21     8     9     5     0     0   -28.0   36.681  125.669    333.7    956.5
     1     1    21     8     9     4     0     0   -29.0   36.783  125.664    333.6    956.4
     1     1    21     8     9     3     0     0   -30.0   36.898  125.679    335.5    956.0
     1     1    21     8     9     2     0     0   -31.0   37.028  125.717    339.3    955.2
     1     1    21     8     9     1     0     0   -32.0   37.173  125.781    344.8    954.2
     1     1    21     8     9     0     0     0   -33.0   37.334  125.875    351.8    952.8
     1     1    21     8     8    23     0     0   -34.0   37.509  125.998    358.5    951.0
     1     1    21     8     8    22     0     0   -35.0   37.693  126.140    363.2    947.2
     1     1    21     8     8    21     0     0   -36.0   37.881  126.298    366.2    943.4
     1     1    21     8     8    20     0     0   -37.0   38.071  126.473    367.5    939.6
     1     1    21     8     8    19     0     0   -38.0   38.260  126.668    367.1    935.8
     1     1    21     8     8    18     0     0   -39.0   38.445  126.884    365.0    932.0
     1     1    21     8     8    17     0     0   -40.0   38.625  127.119    362.4    928.2
     1     1    21     8     8    16     0     0   -41.0   38.797  127.368    360.9    924.2
     1     1    21     8     8    15     0     0   -42.0   38.962  127.629    360.8    921.8
     1     1    21     8     8    14     0     0   -43.0   39.119  127.892    362.2    921.5
     1     1    21     8     8    13     0     0   -44.0   39.268  128.149    364.9    921.5
     1     1    21     8     8    12     0     0   -45.0   39.409  128.394    368.8    921.7
     1     1    21     8     8    11     0     0   -46.0   39.533  128.625    372.4    921.7
     1     1    21     8     8    10     0     0   -47.0   39.630  128.849    373.7    922.5
     1     1    21     8     8     9     0     0   -48.0   39.699  129.065    372.8    923.8
     1     1    21     8     8     8     0     0   -49.0   39.742  129.274    369.5    925.6
     1     1    21     8     8     7     0     0   -50.0   39.758  129.478    364.1    927.8
     1     1    21     8     8     6     0     0   -51.0   39.746  129.678    356.7    930.5
     1     1    21     8     8     5     0     0   -52.0   39.731  129.873    348.7    933.7
     1     1    21     8     8     4     0     0   -53.0   39.740  130.053    341.6    936.6
     1     1    21     8     8     3     0     0   -54.0   39.776  130.213    335.3    939.9
     1     1    21     8     8     2     0     0   -55.0   39.840  130.350    329.9    942.5
     1     1    21     8     8     1     0     0   -56.0   39.931  130.466    325.6    944.6
     1     1    21     8     8     0     0     0   -57.0   40.049  130.560    322.5    945.7
     1     1    21     8     7    23     0     0   -58.0   40.173  130.634    319.5    945.3
     1     1    21     8     7    22     0     0   -59.0   40.283  130.691    315.4    945.0
     1     1    21     8     7    21     0     0   -60.0   40.379  130.731    310.4    944.7
     1     1    21     8     7    20     0     0   -61.0   40.460  130.756    304.4    944.3
     1     1    21     8     7    19     0     0   -62.0   40.529  130.767    297.5    944.0
     1     1    21     8     7    18     0     0   -63.0   40.583  130.764    289.9    943.8
     1     1    21     8     7    17     0     0   -64.0   40.627  130.758    283.1    944.1
     1     1    21     8     7    16     0     0   -65.0   40.664  130.759    278.3    944.2
     1     1    21     8     7    15     0     0   -66.0   40.692  130.767    275.6    944.3
     1     1    21     8     7    14     0     0   -67.0   40.712  130.781    274.7    944.4
     1     1    21     8     7    13     0     0   -68.0   40.723  130.803    275.8    944.6
     1     1    21     8     7    12     0     0   -69.0   40.725  130.832    278.9    944.8
     1     1    21     8     7    11     0     0   -70.0   40.722  130.863    281.1    944.6
     1     1    21     8     7    10     0     0   -71.0   40.719  130.892    279.8    945.1
     1     1    21     8     7     9     0     0   -72.0   40.716  130.918    275.0    945.9
     1     1    21     8     7     8     0     0   -73.0   40.714  130.943    266.7    947.1
     1     1    21     8     7     7     0     0   -74.0   40.714  130.968    255.1    948.6
     1     1    21     8     7     6     0     0   -75.0   40.715  130.992    240.6    950.5
     1     1    21     8     7     5     0     0   -76.0   40.715  131.017    225.7    953.2
     1     1    21     8     7     4     0     0   -77.0   40.707  131.043    212.8    955.5
     1     1    21     8     7     3     0     0   -78.0   40.693  131.070    201.6    957.7
     1     1    21     8     7     2     0     0   -79.0   40.672  131.096    192.1    959.5
     1     1    21     8     7     1     0     0   -80.0   40.645  131.121    184.2    961.2
     1     1    21     8     7     0     0     0   -81.0   40.611  131.143    177.7    962.8
     1     1    21     8     6    23     0     0   -82.0   40.570  131.166    173.5    964.0
     1     1    21     8     6    22     0     0   -83.0   40.524  131.191    172.3    964.9
     1     1    21     8     6    21     0     0   -84.0   40.471  131.220    174.3    965.7
     1     1    21     8     6    20     0     0   -85.0   40.409  131.252    179.7    966.4
     1     1    21     8     6    19     0     0   -86.0   40.339  131.290    188.8    966.9
     1     1    21     8     6    18     0     0   -87.0   40.259  131.336    202.2    967.4
     1     1    21     8     6    17     0     0   -88.0   40.174  131.388    216.8    967.3
     1     1    21     8     6    16     0     0   -89.0   40.088  131.446    228.8    968.1
     1     1    21     8     6    15     0     0   -90.0   40.002  131.508    237.7    969.5
     1     1    21     8     6    14     0     0   -91.0   39.917  131.574    243.0    970.4
     1     1    21     8     6    13     0     0   -92.0   39.836  131.642    244.3    971.8
     1     1    21     8     6    12     0     0   -93.0   39.760  131.712    241.3    973.6
     1     1    21     8     6    11     0     0   -94.0   39.687  131.783    237.1    975.9
     1     1    21     8     6    10     0     0   -95.0   39.617  131.854    234.6    977.5
     1     1    21     8     6     9     0     0   -96.0   39.549  131.925    234.0    978.8
