     2     1
    CDC1    21     5     1     0     0
    CDC1    21     6     1     0     0
     1 BACKWARD OMEGA   
  2021     6    26     3   37.500  127.000   500.0
     1 PRESSURE
     1     1    21     6    26     3     0     0     0.0   37.500  127.000    500.0    934.9
     1     1    21     6    26     2     0     0    -1.0   37.397  126.998    496.1    935.6
     1     1    21     6    26     1     0     0    -2.0   37.296  127.005    492.8    936.1
     1     1    21     6    26     0     0     0    -3.0   37.197  127.019    490.3    936.5
     1     1    21     6    25    23     0     0    -4.0   37.099  127.028    488.6    936.9
     1     1    21     6    25    22     0     0    -5.0   36.999  127.022    487.7    937.1
     1     1    21     6    25    21     0     0    -6.0   36.898  127.001    487.5    937.4
     1     1    21     6    25    20     0     0    -7.0   36.792  126.963    488.1    937.7
     1     1    21     6    25    19     0     0    -8.0   36.683  126.909    489.5    937.9
     1     1    21     6    25    18     0     0    -9.0   36.570  126.840    491.8    938.1
     1     1    21     6    25    17     0     0   -10.0   36.454  126.764    495.9    938.3
     1     1    21     6    25    16     0     0   -11.0   36.340  126.692    502.8    938.0
     1     1    21     6    25    15     0     0   -12.0   36.227  126.625    512.6    937.5
     1     1    21     6    25    14     0     0   -13.0   36.114  126.561    525.6    936.6
     1     1    21     6    25    13     0     0   -14.0   36.000  126.501    542.2    935.3
     1     1    21     6    25    12     0     0   -15.0   35.885  126.447    562.7    933.6
     1     1    21     6    25    11     0     0   -16.0   35.769  126.399    583.3    931.5
     1     1    21     6    25    10     0     0   -17.0   35.656  126.361    600.2    930.1
     1     1    21     6    25     9     0     0   -18.0   35.547  126.333    613.0    929.1
     1     1    21     6    25     8     0     0   -19.0   35.442  126.313    621.4    928.5
     1     1    21     6    25     7     0     0   -20.0   35.342  126.301    625.1    928.4
     1     1    21     6    25     6     0     0   -21.0   35.249  126.296    624.0    928.6
     1     1    21     6    25     5     0     0   -22.0   35.161  126.293    622.0    929.4
     1     1    21     6    25     4     0     0   -23.0   35.078  126.288    623.6    929.4
     1     1    21     6    25     3     0     0   -24.0   35.001  126.279    628.4    929.2
     1     1    21     6    25     2     0     0   -25.0   34.928  126.267    636.3    928.6
     1     1    21     6    25     1     0     0   -26.0   34.862  126.253    646.9    927.8
     1     1    21     6    25     0     0     0   -27.0   34.802  126.235    660.0    926.6
     1     1    21     6    24    23     0     0   -28.0   34.746  126.211    673.5    925.2
     1     1    21     6    24    22     0     0   -29.0   34.689  126.176    685.1    924.4
     1     1    21     6    24    21     0     0   -30.0   34.631  126.131    694.8    923.8
     1     1    21     6    24    20     0     0   -31.0   34.571  126.077    702.6    923.5
     1     1    21     6    24    19     0     0   -32.0   34.509  126.014    708.5    923.4
     1     1    21     6    24    18     0     0   -33.0   34.443  125.942    712.4    923.6
     1     1    21     6    24    17     0     0   -34.0   34.373  125.870    718.4    923.8
     1     1    21     6    24    16     0     0   -35.0   34.300  125.804    730.8    922.8
     1     1    21     6    24    15     0     0   -36.0   34.224  125.746    749.8    921.1
     1     1    21     6    24    14     0     0   -37.0   34.147  125.695    775.5    918.6
     1     1    21     6    24    13     0     0   -38.0   34.068  125.652    808.4    915.5
     1     1    21     6    24    12     0     0   -39.0   33.990  125.617    848.6    911.6
     1     1    21     6    24    11     0     0   -40.0   33.917  125.590    892.3    907.0
     1     1    21     6    24    10     0     0   -41.0   33.858  125.568    935.4    903.0
     1     1    21     6    24     9     0     0   -42.0   33.812  125.551    977.5    898.5
     1     1    21     6    24     8     0     0   -43.0   33.783  125.535   1018.1    894.2
     1     1    21     6    24     7     0     0   -44.0   33.769  125.520   1057.0    890.1
     1     1    21     6    24     6     0     0   -45.0   33.773  125.503   1093.9    886.3
     1     1    21     6    24     5     0     0   -46.0   33.790  125.475   1128.8    882.8
     1     1    21     6    24     4     0     0   -47.0   33.819  125.430   1161.4    879.6
     1     1    21     6    24     3     0     0   -48.0   33.858  125.368   1191.8    876.7
     1     1    21     6    24     2     0     0   -49.0   33.907  125.286   1220.2    874.1
     1     1    21     6    24     1     0     0   -50.0   33.965  125.185   1246.7    871.8
     1     1    21     6    24     0     0     0   -51.0   34.032  125.063   1271.7    869.8
     1     1    21     6    23    23     0     0   -52.0   34.094  124.929   1294.7    867.6
     1     1    21     6    23    22     0     0   -53.0   34.139  124.792   1316.0    865.2
     1     1    21     6    23    21     0     0   -54.0   34.167  124.655   1335.0    863.2
     1     1    21     6    23    20     0     0   -55.0   34.175  124.521   1351.4    861.5
     1     1    21     6    23    19     0     0   -56.0   34.165  124.391   1365.2    860.2
     1     1    21     6    23    18     0     0   -57.0   34.135  124.267   1376.3    859.2
     1     1    21     6    23    17     0     0   -58.0   34.103  124.151   1388.5    858.5
     1     1    21     6    23    16     0     0   -59.0   34.091  124.046   1405.0    857.0
     1     1    21     6    23    15     0     0   -60.0   34.100  123.949   1426.0    855.0
     1     1    21     6    23    14     0     0   -61.0   34.130  123.858   1451.8    852.5
     1     1    21     6    23    13     0     0   -62.0   34.182  123.770   1482.8    849.4
     1     1    21     6    23    12     0     0   -63.0   34.259  123.685   1519.6    845.7
     1     1    21     6    23    11     0     0   -64.0   34.356  123.592   1556.5    841.3
     1     1    21     6    23    10     0     0   -65.0   34.468  123.487   1587.6    838.1
     1     1    21     6    23     9     0     0   -66.0   34.597  123.368   1612.3    835.4
     1     1    21     6    23     8     0     0   -67.0   34.742  123.236   1630.2    833.3
     1     1    21     6    23     7     0     0   -68.0   34.904  123.090   1640.8    831.8
     1     1    21     6    23     6     0     0   -69.0   35.085  122.934   1644.3    831.3
     1     1    21     6    23     5     0     0   -70.0   35.278  122.765   1647.2    831.9
     1     1    21     6    23     4     0     0   -71.0   35.474  122.577   1652.9    831.8
     1     1    21     6    23     3     0     0   -72.0   35.673  122.368   1661.5    831.1
     1     1    21     6    23     2     0     0   -73.0   35.870  122.141   1672.7    830.0
     1     1    21     6    23     1     0     0   -74.0   36.066  121.894   1686.6    828.7
     1     1    21     6    23     0     0     0   -75.0   36.260  121.628   1703.4    827.1
     1     1    21     6    22    23     0     0   -76.0   36.447  121.360   1718.9    825.4
     1     1    21     6    22    22     0     0   -77.0   36.621  121.110   1728.5    824.7
     1     1    21     6    22    21     0     0   -78.0   36.781  120.877   1731.6    824.8
     1     1    21     6    22    20     0     0   -79.0   36.929  120.663   1727.7    825.7
     1     1    21     6    22    19     0     0   -80.0   37.063  120.468   1716.2    827.3
     1     1    21     6    22    18     0     0   -81.0   37.184  120.295   1697.0    829.7
     1     1    21     6    22    17     0     0   -82.0   37.296  120.132   1674.1    832.5
     1     1    21     6    22    16     0     0   -83.0   37.405  119.968   1653.7    834.7
     1     1    21     6    22    15     0     0   -84.0   37.508  119.803   1634.8    836.3
     1     1    21     6    22    14     0     0   -85.0   37.605  119.640   1617.5    836.7
     1     1    21     6    22    13     0     0   -86.0   37.696  119.482   1603.1    836.8
     1     1    21     6    22    12     0     0   -87.0   37.785  119.328   1591.8    836.5
     1     1    21     6    22    11     0     0   -88.0   37.876  119.186   1582.5    836.1
     1     1    21     6    22    10     0     0   -89.0   37.974  119.060   1576.0    835.4
     1     1    21     6    22     9     0     0   -90.0   38.079  118.949   1571.4    834.3
     1     1    21     6    22     8     0     0   -91.0   38.192  118.850   1568.8    833.0
     1     1    21     6    22     7     0     0   -92.0   38.313  118.763   1568.2    831.3
     1     1    21     6    22     6     0     0   -93.0   38.441  118.685   1569.7    829.3
     1     1    21     6    22     5     0     0   -94.0   38.572  118.605   1571.8    826.7
     1     1    21     6    22     4     0     0   -95.0   38.703  118.514   1572.7    824.2
     1     1    21     6    22     3     0     0   -96.0   38.833  118.414   1572.3    821.7
