     2     1
    CDC1    21     5     1     0     0
    CDC1    21     6     1     0     0
     1 BACKWARD OMEGA   
  2021     6     4    21   37.500  127.000   500.0
     1 PRESSURE
     1     1    21     6     4    21     0     0     0.0   37.500  127.000    500.0    924.5
     1     1    21     6     4    20     0     0    -1.0   37.359  126.499    480.9    929.3
     1     1    21     6     4    19     0     0    -2.0   37.213  126.019    458.3    934.9
     1     1    21     6     4    18     0     0    -3.0   37.057  125.558    433.1    940.7
     1     1    21     6     4    17     0     0    -4.0   36.887  125.130    408.0    946.9
     1     1    21     6     4    16     0     0    -5.0   36.704  124.743    385.6    951.5
     1     1    21     6     4    15     0     0    -6.0   36.515  124.385    366.6    954.5
     1     1    21     6     4    14     0     0    -7.0   36.321  124.051    350.9    956.9
     1     1    21     6     4    13     0     0    -8.0   36.122  123.740    338.1    959.0
     1     1    21     6     4    12     0     0    -9.0   35.917  123.451    327.6    960.8
     1     1    21     6     4    11     0     0   -10.0   35.707  123.179    318.1    962.1
     1     1    21     6     4    10     0     0   -11.0   35.494  122.919    308.3    963.7
     1     1    21     6     4     9     0     0   -12.0   35.279  122.667    298.5    965.3
     1     1    21     6     4     8     0     0   -13.0   35.064  122.422    289.0    966.5
     1     1    21     6     4     7     0     0   -14.0   34.859  122.183    280.0    967.4
     1     1    21     6     4     6     0     0   -15.0   34.673  121.947    271.1    968.4
     1     1    21     6     4     5     0     0   -16.0   34.511  121.722    262.9    969.4
     1     1    21     6     4     4     0     0   -17.0   34.373  121.511    256.3    970.1
     1     1    21     6     4     3     0     0   -18.0   34.258  121.313    251.7    970.5
     1     1    21     6     4     2     0     0   -19.0   34.163  121.125    249.5    970.6
     1     1    21     6     4     1     0     0   -20.0   34.085  120.946    249.9    970.4
     1     1    21     6     4     0     0     0   -21.0   34.024  120.774    253.3    969.7
     1     1    21     6     3    23     0     0   -22.0   33.982  120.600    258.7    968.6
     1     1    21     6     3    22     0     0   -23.0   33.958  120.420    264.9    967.5
     1     1    21     6     3    21     0     0   -24.0   33.954  120.233    272.0    966.2
     1     1    21     6     3    20     0     0   -25.0   33.966  120.041    280.2    964.8
     1     1    21     6     3    19     0     0   -26.0   33.993  119.844    289.5    963.7
     1     1    21     6     3    18     0     0   -27.0   34.035  119.644    299.5    962.8
     1     1    21     6     3    17     0     0   -28.0   34.094  119.452    311.2    961.5
     1     1    21     6     3    16     0     0   -29.0   34.177  119.281    325.7    959.9
     1     1    21     6     3    15     0     0   -30.0   34.286  119.130    343.3    958.0
     1     1    21     6     3    14     0     0   -31.0   34.422  119.001    364.2    955.8
     1     1    21     6     3    13     0     0   -32.0   34.587  118.894    389.0    953.2
     1     1    21     6     3    12     0     0   -33.0   34.783  118.811    418.6    949.7
     1     1    21     6     3    11     0     0   -34.0   35.000  118.737    451.1    945.5
     1     1    21     6     3    10     0     0   -35.0   35.222  118.655    482.5    942.7
     1     1    21     6     3     9     0     0   -36.0   35.447  118.567    511.4    940.3
     1     1    21     6     3     8     0     0   -37.0   35.673  118.470    537.4    938.4
     1     1    21     6     3     7     0     0   -38.0   35.900  118.366    560.6    936.8
     1     1    21     6     3     6     0     0   -39.0   36.128  118.254    581.2    935.5
     1     1    21     6     3     5     0     0   -40.0   36.353  118.148    602.7    934.3
     1     1    21     6     3     4     0     0   -41.0   36.570  118.064    628.0    932.4
     1     1    21     6     3     3     0     0   -42.0   36.784  117.999    657.7    929.6
     1     1    21     6     3     2     0     0   -43.0   36.998  117.955    692.4    926.2
     1     1    21     6     3     1     0     0   -44.0   37.216  117.932    732.2    922.3
     1     1    21     6     3     0     0     0   -45.0   37.443  117.931    777.5    918.0
     1     1    21     6     2    23     0     0   -46.0   37.666  117.933    822.8    909.9
     1     1    21     6     2    22     0     0   -47.0   37.875  117.918    864.1    901.9
     1     1    21     6     2    21     0     0   -48.0   38.072  117.888    901.6    894.5
     1     1    21     6     2    20     0     0   -49.0   38.259  117.842    935.2    887.6
     1     1    21     6     2    19     0     0   -50.0   38.435  117.781    964.9    880.7
     1     1    21     6     2    18     0     0   -51.0   38.602  117.706    990.3    874.3
     1     1    21     6     2    17     0     0   -52.0   38.753  117.605   1010.3    868.4
     1     1    21     6     2    16     0     0   -53.0   38.883  117.469   1022.4    863.0
     1     1    21     6     2    15     0     0   -54.0   38.992  117.294   1024.8    857.6
     1     1    21     6     2    14     0     0   -55.0   39.079  117.081   1017.5    852.9
     1     1    21     6     2    13     0     0   -56.0   39.145  116.834   1001.4    849.0
     1     1    21     6     2    12     0     0   -57.0   39.192  116.554    978.3    845.7
     1     1    21     6     2    11     0     0   -58.0   39.225  116.253    954.6    842.8
     1     1    21     6     2    10     0     0   -59.0   39.252  115.938    935.9    838.5
     1     1    21     6     2     9     0     0   -60.0   39.278  115.609    921.3    833.5
     1     1    21     6     2     8     0     0   -61.0   39.307  115.264    910.3    827.5
     1     1    21     6     2     7     0     0   -62.0   39.343  114.901    901.8    820.8
     1     1    21     6     2     6     0     0   -63.0   39.390  114.518    893.6    813.8
     1     1    21     6     2     5     0     0   -64.0   39.444  114.117    886.3    807.0
     1     1    21     6     2     4     0     0   -65.0   39.505  113.701    881.8    799.4
     1     1    21     6     2     3     0     0   -66.0   39.575  113.269    881.1    791.3
     1     1    21     6     2     2     0     0   -67.0   39.653  112.823    885.6    782.4
     1     1    21     6     2     1     0     0   -68.0   39.741  112.364    896.3    774.1
     1     1    21     6     2     0     0     0   -69.0   39.835  111.901    913.1    768.5
     1     1    21     6     1    23     0     0   -70.0   39.924  111.443    928.8    763.2
     1     1    21     6     1    22     0     0   -71.0   40.003  110.990    938.6    759.6
     1     1    21     6     1    21     0     0   -72.0   40.077  110.547    944.8    757.9
     1     1    21     6     1    20     0     0   -73.0   40.150  110.116    948.8    756.8
     1     1    21     6     1    19     0     0   -74.0   40.219  109.702    952.5    757.5
     1     1    21     6     1    18     0     0   -75.0   40.278  109.314    955.4    758.8
     1     1    21     6     1    17     0     0   -76.0   40.332  108.945    952.3    759.7
     1     1    21     6     1    16     0     0   -77.0   40.390  108.589    938.3    762.1
     1     1    21     6     1    15     0     0   -78.0   40.456  108.245    914.8    765.4
     1     1    21     6     1    14     0     0   -79.0   40.535  107.910    883.4    769.5
     1     1    21     6     1    13     0     0   -80.0   40.630  107.583    845.4    773.7
     1     1    21     6     1    12     0     0   -81.0   40.744  107.258    802.4    778.5
     1     1    21     6     1    11     0     0   -82.0   40.870  106.930    760.2    783.6
     1     1    21     6     1    10     0     0   -83.0   40.999  106.593    724.7    787.6
     1     1    21     6     1     9     0     0   -84.0   41.129  106.251    694.9    791.0
     1     1    21     6     1     8     0     0   -85.0   41.260  105.904    670.2    793.8
     1     1    21     6     1     7     0     0   -86.0   41.394  105.554    649.7    796.1
     1     1    21     6     1     6     0     0   -87.0   41.529  105.200    632.9    797.8
     1     1    21     6     1     5     0     0   -88.0   41.659  104.862    617.8    799.4
     1     1    21     6     1     4     0     0   -89.0   41.771  104.555    602.6    801.8
     1     1    21     6     1     3     0     0   -90.0   41.864  104.274    586.9    804.2
     1     1    21     6     1     2     0     0   -91.0   41.937  104.012    571.1    806.7
     1     1    21     6     1     1     0     0   -92.0   41.991  103.765    556.0    809.0
     1     1    21     6     1     0     0     0   -93.0   42.025  103.527    542.4    811.2
     1     1    21     5    31    23     0     0   -94.0   42.041  103.305    532.5    813.4
     1     1    21     5    31    22     0     0   -95.0   42.040  103.103    526.8    814.8
     1     1    21     5    31    21     0     0   -96.0   42.017  102.920    524.2    815.6
