     2     1
    CDC1    21     8     1     0     0
    CDC1    21     9     1     0     0
     1 BACKWARD OMEGA   
  2021     9    10    21   37.500  127.000   500.0
     1 PRESSURE
     1     1    21     9    10    21     0     0     0.0   37.500  127.000    500.0    938.4
     1     1    21     9    10    20     0     0    -1.0   37.454  126.904    505.4    938.3
     1     1    21     9    10    19     0     0    -2.0   37.414  126.799    510.1    938.3
     1     1    21     9    10    18     0     0    -3.0   37.381  126.686    513.8    938.4
     1     1    21     9    10    17     0     0    -4.0   37.351  126.567    516.7    938.6
     1     1    21     9    10    16     0     0    -5.0   37.321  126.442    519.4    938.9
     1     1    21     9    10    15     0     0    -6.0   37.292  126.313    521.9    939.4
     1     1    21     9    10    14     0     0    -7.0   37.264  126.181    524.4    939.9
     1     1    21     9    10    13     0     0    -8.0   37.238  126.047    527.4    940.4
     1     1    21     9    10    12     0     0    -9.0   37.214  125.910    530.9    940.9
     1     1    21     9    10    11     0     0   -10.0   37.186  125.775    534.2    941.1
     1     1    21     9    10    10     0     0   -11.0   37.145  125.644    536.1    941.6
     1     1    21     9    10     9     0     0   -12.0   37.095  125.517    536.6    942.3
     1     1    21     9    10     8     0     0   -13.0   37.035  125.393    535.8    943.0
     1     1    21     9    10     7     0     0   -14.0   36.967  125.274    534.0    943.8
     1     1    21     9    10     6     0     0   -15.0   36.890  125.160    531.2    944.7
     1     1    21     9    10     5     0     0   -16.0   36.810  125.058    528.4    945.7
     1     1    21     9    10     4     0     0   -17.0   36.731  124.974    526.5    946.4
     1     1    21     9    10     3     0     0   -18.0   36.653  124.906    525.3    946.7
     1     1    21     9    10     2     0     0   -19.0   36.574  124.854    525.0    946.9
     1     1    21     9    10     1     0     0   -20.0   36.496  124.815    525.7    946.9
     1     1    21     9    10     0     0     0   -21.0   36.419  124.788    527.2    946.9
     1     1    21     9     9    23     0     0   -22.0   36.333  124.758    527.0    946.9
     1     1    21     9     9    22     0     0   -23.0   36.230  124.713    522.4    947.7
     1     1    21     9     9    21     0     0   -24.0   36.108  124.657    513.6    949.0
     1     1    21     9     9    20     0     0   -25.0   35.969  124.590    500.7    950.7
     1     1    21     9     9    19     0     0   -26.0   35.812  124.516    483.9    952.9
     1     1    21     9     9    18     0     0   -27.0   35.638  124.438    463.6    955.4
     1     1    21     9     9    17     0     0   -28.0   35.455  124.372    444.0    958.2
     1     1    21     9     9    16     0     0   -29.0   35.268  124.329    429.5    960.0
     1     1    21     9     9    15     0     0   -30.0   35.078  124.306    420.3    961.1
     1     1    21     9     9    14     0     0   -31.0   34.887  124.299    416.6    961.8
     1     1    21     9     9    13     0     0   -32.0   34.694  124.307    418.3    961.9
     1     1    21     9     9    12     0     0   -33.0   34.502  124.327    425.6    961.3
     1     1    21     9     9    11     0     0   -34.0   34.320  124.351    434.6    960.1
     1     1    21     9     9    10     0     0   -35.0   34.155  124.369    441.6    959.6
     1     1    21     9     9     9     0     0   -36.0   34.008  124.384    446.5    959.4
     1     1    21     9     9     8     0     0   -37.0   33.881  124.398    449.3    959.4
     1     1    21     9     9     7     0     0   -38.0   33.772  124.411    450.0    959.6
     1     1    21     9     9     6     0     0   -39.0   33.682  124.426    448.5    960.0
     1     1    21     9     9     5     0     0   -40.0   33.602  124.444    447.4    960.9
     1     1    21     9     9     4     0     0   -41.0   33.523  124.467    449.3    961.0
     1     1    21     9     9     3     0     0   -42.0   33.446  124.493    454.0    960.8
     1     1    21     9     9     2     0     0   -43.0   33.369  124.521    461.3    960.4
     1     1    21     9     9     1     0     0   -44.0   33.295  124.550    471.3    959.6
     1     1    21     9     9     0     0     0   -45.0   33.221  124.580    483.6    958.5
     1     1    21     9     8    23     0     0   -46.0   33.153  124.607    497.7    957.0
     1     1    21     9     8    22     0     0   -47.0   33.097  124.630    513.1    955.3
     1     1    21     9     8    21     0     0   -48.0   33.051  124.649    529.9    953.5
     1     1    21     9     8    20     0     0   -49.0   33.015  124.663    547.8    951.6
     1     1    21     9     8    19     0     0   -50.0   32.987  124.673    567.0    949.5
     1     1    21     9     8    18     0     0   -51.0   32.968  124.678    587.4    947.4
     1     1    21     9     8    17     0     0   -52.0   32.957  124.685    609.6    944.9
     1     1    21     9     8    16     0     0   -53.0   32.956  124.700    634.7    942.1
     1     1    21     9     8    15     0     0   -54.0   32.966  124.723    662.8    938.4
     1     1    21     9     8    14     0     0   -55.0   32.988  124.754    694.2    934.5
     1     1    21     9     8    13     0     0   -56.0   33.022  124.792    729.1    930.1
     1     1    21     9     8    12     0     0   -57.0   33.070  124.837    768.1    925.4
     1     1    21     9     8    11     0     0   -58.0   33.134  124.883    808.5    920.6
     1     1    21     9     8    10     0     0   -59.0   33.215  124.924    847.1    916.4
     1     1    21     9     8     9     0     0   -60.0   33.314  124.959    883.9    912.5
     1     1    21     9     8     8     0     0   -61.0   33.429  124.985    919.0    908.7
     1     1    21     9     8     7     0     0   -62.0   33.560  125.001    952.3    904.9
     1     1    21     9     8     6     0     0   -63.0   33.706  125.005    983.9    901.2
     1     1    21     9     8     5     0     0   -64.0   33.862  124.989   1016.9    897.6
     1     1    21     9     8     4     0     0   -65.0   34.021  124.949   1054.4    893.4
     1     1    21     9     8     3     0     0   -66.0   34.183  124.889   1096.6    888.7
     1     1    21     9     8     2     0     0   -67.0   34.349  124.812   1143.6    883.5
     1     1    21     9     8     1     0     0   -68.0   34.521  124.720   1195.8    877.9
     1     1    21     9     8     0     0     0   -69.0   34.698  124.617   1253.2    871.9
     1     1    21     9     7    23     0     0   -70.0   34.882  124.504   1311.8    865.2
     1     1    21     9     7    22     0     0   -71.0   35.071  124.379   1366.2    858.8
     1     1    21     9     7    21     0     0   -72.0   35.263  124.239   1415.1    853.4
     1     1    21     9     7    20     0     0   -73.0   35.458  124.086   1458.1    848.7
     1     1    21     9     7    19     0     0   -74.0   35.657  123.921   1496.1    844.7
     1     1    21     9     7    18     0     0   -75.0   35.862  123.744   1529.9    841.3
     1     1    21     9     7    17     0     0   -76.0   36.072  123.559   1562.5    838.4
     1     1    21     9     7    16     0     0   -77.0   36.288  123.368   1596.7    835.3
     1     1    21     9     7    15     0     0   -78.0   36.512  123.175   1634.5    832.1
     1     1    21     9     7    14     0     0   -79.0   36.745  122.984   1677.7    828.5
     1     1    21     9     7    13     0     0   -80.0   36.990  122.797   1728.3    824.4
     1     1    21     9     7    12     0     0   -81.0   37.250  122.620   1788.3    819.1
     1     1    21     9     7    11     0     0   -82.0   37.517  122.451   1854.4    812.4
     1     1    21     9     7    10     0     0   -83.0   37.776  122.285   1919.6    804.6
     1     1    21     9     7     9     0     0   -84.0   38.024  122.123   1982.1    797.5
     1     1    21     9     7     8     0     0   -85.0   38.265  121.962   2041.7    790.7
     1     1    21     9     7     7     0     0   -86.0   38.504  121.801   2098.8    784.3
     1     1    21     9     7     6     0     0   -87.0   38.744  121.637   2153.5    778.2
     1     1    21     9     7     5     0     0   -88.0   38.982  121.471   2206.3    772.3
     1     1    21     9     7     4     0     0   -89.0   39.220  121.300   2258.7    766.3
     1     1    21     9     7     3     0     0   -90.0   39.458  121.127   2313.0    760.1
     1     1    21     9     7     2     0     0   -91.0   39.697  120.954   2371.7    753.5
     1     1    21     9     7     1     0     0   -92.0   39.939  120.781   2437.5    746.2
     1     1    21     9     7     0     0     0   -93.0   40.183  120.607   2511.2    736.7
     1     1    21     9     6    23     0     0   -94.0   40.413  120.424   2588.2    725.7
     1     1    21     9     6    22     0     0   -95.0   40.620  120.233   2664.7    715.4
     1     1    21     9     6    21     0     0   -96.0   40.809  120.033   2738.6    705.2
