     2     1
    CDC1    21     3     1     0     0
    CDC1    21     4     1     0     0
     1 BACKWARD OMEGA   
  2021     4    20     3   37.500  127.000   500.0
     1 PRESSURE
     1     1    21     4    20     3     0     0     0.0   37.500  127.000    500.0    942.8
     1     1    21     4    20     2     0     0    -1.0   37.581  126.976    516.9    940.0
     1     1    21     4    20     1     0     0    -2.0   37.688  126.949    538.3    936.0
     1     1    21     4    20     0     0     0    -3.0   37.825  126.921    565.0    931.0
     1     1    21     4    19    23     0     0    -4.0   37.985  126.870    597.6    925.1
     1     1    21     4    19    22     0     0    -5.0   38.159  126.776    634.5    918.6
     1     1    21     4    19    21     0     0    -6.0   38.343  126.641    674.4    911.5
     1     1    21     4    19    20     0     0    -7.0   38.534  126.470    715.8    904.6
     1     1    21     4    19    19     0     0    -8.0   38.734  126.269    757.5    898.1
     1     1    21     4    19    18     0     0    -9.0   38.944  126.046    798.4    891.9
     1     1    21     4    19    17     0     0   -10.0   39.155  125.807    833.5    886.2
     1     1    21     4    19    16     0     0   -11.0   39.361  125.558    857.7    882.4
     1     1    21     4    19    15     0     0   -12.0   39.563  125.297    870.2    880.1
     1     1    21     4    19    14     0     0   -13.0   39.766  125.027    870.4    879.1
     1     1    21     4    19    13     0     0   -14.0   39.967  124.745    857.8    880.2
     1     1    21     4    19    12     0     0   -15.0   40.163  124.453    833.6    884.5
     1     1    21     4    19    11     0     0   -16.0   40.345  124.146    803.1    890.3
     1     1    21     4    19    10     0     0   -17.0   40.504  123.818    770.4    896.3
     1     1    21     4    19     9     0     0   -18.0   40.642  123.472    737.0    902.6
     1     1    21     4    19     8     0     0   -19.0   40.762  123.109    704.6    909.2
     1     1    21     4    19     7     0     0   -20.0   40.869  122.733    674.5    915.9
     1     1    21     4    19     6     0     0   -21.0   40.966  122.347    647.5    919.6
     1     1    21     4    19     5     0     0   -22.0   41.061  121.968    621.8    918.3
     1     1    21     4    19     4     0     0   -23.0   41.159  121.607    597.1    916.7
     1     1    21     4    19     3     0     0   -24.0   41.261  121.259    575.0    914.5
     1     1    21     4    19     2     0     0   -25.0   41.371  120.920    556.4    911.5
     1     1    21     4    19     1     0     0   -26.0   41.492  120.584    541.9    907.6
     1     1    21     4    19     0     0     0   -27.0   41.632  120.247    532.2    902.4
     1     1    21     4    18    23     0     0   -28.0   41.781  119.896    526.0    894.6
     1     1    21     4    18    22     0     0   -29.0   41.926  119.525    523.2    883.5
     1     1    21     4    18    21     0     0   -30.0   42.061  119.135    525.7    871.4
     1     1    21     4    18    20     0     0   -31.0   42.188  118.727    535.1    858.1
     1     1    21     4    18    19     0     0   -32.0   42.311  118.301    553.4    843.4
     1     1    21     4    18    18     0     0   -33.0   42.432  117.860    582.4    827.3
     1     1    21     4    18    17     0     0   -34.0   42.547  117.421    619.4    812.4
     1     1    21     4    18    16     0     0   -35.0   42.648  116.996    657.2    804.7
     1     1    21     4    18    15     0     0   -36.0   42.733  116.575    690.7    798.2
     1     1    21     4    18    14     0     0   -37.0   42.804  116.152    719.8    792.5
     1     1    21     4    18    13     0     0   -38.0   42.863  115.724    744.5    787.3
     1     1    21     4    18    12     0     0   -39.0   42.914  115.288    764.9    782.6
     1     1    21     4    18    11     0     0   -40.0   42.958  114.844    782.6    780.7
     1     1    21     4    18    10     0     0   -41.0   42.992  114.392    798.4    782.6
     1     1    21     4    18     9     0     0   -42.0   43.013  113.932    810.5    784.8
     1     1    21     4    18     8     0     0   -43.0   43.017  113.462    819.5    787.2
     1     1    21     4    18     7     0     0   -44.0   43.001  112.980    825.7    789.8
     1     1    21     4    18     6     0     0   -45.0   42.964  112.487    829.6    792.4
     1     1    21     4    18     5     0     0   -46.0   42.913  111.989    831.9    794.0
     1     1    21     4    18     4     0     0   -47.0   42.861  111.492    834.8    795.6
     1     1    21     4    18     3     0     0   -48.0   42.804  110.998    838.1    797.3
     1     1    21     4    18     2     0     0   -49.0   42.741  110.509    841.9    799.0
     1     1    21     4    18     1     0     0   -50.0   42.670  110.026    845.8    800.9
     1     1    21     4    18     0     0     0   -51.0   42.595  109.553    849.1    798.4
     1     1    21     4    17    23     0     0   -52.0   42.511  109.090    851.3    795.5
     1     1    21     4    17    22     0     0   -53.0   42.407  108.638    850.2    792.6
     1     1    21     4    17    21     0     0   -54.0   42.282  108.197    848.1    790.0
     1     1    21     4    17    20     0     0   -55.0   42.137  107.767    847.0    787.5
     1     1    21     4    17    19     0     0   -56.0   41.970  107.348    849.7    785.5
     1     1    21     4    17    18     0     0   -57.0   41.782  106.944    859.5    783.7
     1     1    21     4    17    17     0     0   -58.0   41.595  106.578    873.6    781.0
     1     1    21     4    17    16     0     0   -59.0   41.428  106.264    886.9    779.2
     1     1    21     4    17    15     0     0   -60.0   41.281  105.998    897.2    777.9
     1     1    21     4    17    14     0     0   -61.0   41.151  105.773    903.0    777.3
     1     1    21     4    17    13     0     0   -62.0   41.039  105.587    902.9    777.5
     1     1    21     4    17    12     0     0   -63.0   40.944  105.435    895.7    778.5
     1     1    21     4    17    11     0     0   -64.0   40.857  105.301    886.0    780.7
     1     1    21     4    17    10     0     0   -65.0   40.766  105.169    878.6    782.1
     1     1    21     4    17     9     0     0   -66.0   40.672  105.041    873.7    783.4
     1     1    21     4    17     8     0     0   -67.0   40.573  104.918    871.6    783.9
     1     1    21     4    17     7     0     0   -68.0   40.471  104.802    872.6    783.9
     1     1    21     4    17     6     0     0   -69.0   40.366  104.692    876.8    783.4
     1     1    21     4    17     5     0     0   -70.0   40.265  104.594    882.4    782.1
     1     1    21     4    17     4     0     0   -71.0   40.176  104.507    888.4    780.9
     1     1    21     4    17     3     0     0   -72.0   40.100  104.428    894.9    779.6
     1     1    21     4    17     2     0     0   -73.0   40.036  104.354    901.9    778.2
     1     1    21     4    17     1     0     0   -74.0   39.984  104.283    909.3    776.5
     1     1    21     4    17     0     0     0   -75.0   39.943  104.210    916.8    774.3
     1     1    21     4    16    23     0     0   -76.0   39.906  104.148    925.0    772.4
     1     1    21     4    16    22     0     0   -77.0   39.864  104.108    934.2    770.4
     1     1    21     4    16    21     0     0   -78.0   39.816  104.089    944.2    768.3
     1     1    21     4    16    20     0     0   -79.0   39.761  104.090    955.0    766.1
     1     1    21     4    16    19     0     0   -80.0   39.701  104.109    966.4    763.8
     1     1    21     4    16    18     0     0   -81.0   39.636  104.146    978.4    761.6
     1     1    21     4    16    17     0     0   -82.0   39.579  104.184    988.4    759.5
     1     1    21     4    16    16     0     0   -83.0   39.546  104.212    993.1    758.6
     1     1    21     4    16    15     0     0   -84.0   39.535  104.232    993.1    758.5
     1     1    21     4    16    14     0     0   -85.0   39.548  104.244    988.4    759.4
     1     1    21     4    16    13     0     0   -86.0   39.583  104.250    979.0    761.1
     1     1    21     4    16    12     0     0   -87.0   39.641  104.252    964.6    763.8
     1     1    21     4    16    11     0     0   -88.0   39.726  104.245    948.6    767.7
     1     1    21     4    16    10     0     0   -89.0   39.839  104.220    934.3    771.7
     1     1    21     4    16     9     0     0   -90.0   39.981  104.177    921.8    776.1
     1     1    21     4    16     8     0     0   -91.0   40.150  104.111    910.6    778.1
     1     1    21     4    16     7     0     0   -92.0   40.341  104.017    903.2    779.4
     1     1    21     4    16     6     0     0   -93.0   40.550  103.893    900.2    780.4
     1     1    21     4    16     5     0     0   -94.0   40.770  103.747    903.6    780.4
     1     1    21     4    16     4     0     0   -95.0   40.995  103.593    915.2    779.8
     1     1    21     4    16     3     0     0   -96.0   41.230  103.435    935.4    778.7
