     2     1
    CDC1    21     7     1     0     0
    CDC1    21     8     1     0     0
     1 BACKWARD OMEGA   
  2021     8     5    15   37.500  127.000   500.0
     1 PRESSURE
     1     1    21     8     5    15     0     0     0.0   37.500  127.000    500.0    931.8
     1     1    21     8     5    14     0     0    -1.0   37.429  126.841    490.6    934.0
     1     1    21     8     5    13     0     0    -2.0   37.354  126.687    484.8    935.5
     1     1    21     8     5    12     0     0    -3.0   37.276  126.536    482.5    936.7
     1     1    21     8     5    11     0     0    -4.0   37.191  126.395    482.4    937.5
     1     1    21     8     5    10     0     0    -5.0   37.099  126.268    483.5    938.2
     1     1    21     8     5     9     0     0    -6.0   37.001  126.157    485.6    938.7
     1     1    21     8     5     8     0     0    -7.0   36.897  126.060    488.6    939.0
     1     1    21     8     5     7     0     0    -8.0   36.787  125.978    492.6    939.2
     1     1    21     8     5     6     0     0    -9.0   36.674  125.912    497.5    939.2
     1     1    21     8     5     5     0     0   -10.0   36.558  125.860    502.4    939.1
     1     1    21     8     5     4     0     0   -11.0   36.443  125.818    506.6    939.2
     1     1    21     8     5     3     0     0   -12.0   36.327  125.785    510.0    939.3
     1     1    21     8     5     2     0     0   -13.0   36.210  125.762    512.4    939.5
     1     1    21     8     5     1     0     0   -14.0   36.092  125.748    513.9    939.8
     1     1    21     8     5     0     0     0   -15.0   35.973  125.744    514.5    940.1
     1     1    21     8     4    23     0     0   -16.0   35.850  125.742    514.6    940.5
     1     1    21     8     4    22     0     0   -17.0   35.720  125.737    514.5    940.9
     1     1    21     8     4    21     0     0   -18.0   35.582  125.729    514.3    941.3
     1     1    21     8     4    20     0     0   -19.0   35.436  125.721    513.9    941.7
     1     1    21     8     4    19     0     0   -20.0   35.281  125.713    513.5    942.2
     1     1    21     8     4    18     0     0   -21.0   35.117  125.706    512.9    942.6
     1     1    21     8     4    17     0     0   -22.0   34.951  125.709    514.0    943.0
     1     1    21     8     4    16     0     0   -23.0   34.791  125.731    517.9    942.9
     1     1    21     8     4    15     0     0   -24.0   34.636  125.773    524.6    942.4
     1     1    21     8     4    14     0     0   -25.0   34.484  125.835    533.6    941.7
     1     1    21     8     4    13     0     0   -26.0   34.335  125.916    544.8    940.6
     1     1    21     8     4    12     0     0   -27.0   34.186  126.015    557.9    939.3
     1     1    21     8     4    11     0     0   -28.0   34.036  126.133    570.2    937.9
     1     1    21     8     4    10     0     0   -29.0   33.884  126.269    579.3    937.1
     1     1    21     8     4     9     0     0   -30.0   33.731  126.423    585.8    936.5
     1     1    21     8     4     8     0     0   -31.0   33.578  126.593    590.3    936.2
     1     1    21     8     4     7     0     0   -32.0   33.423  126.778    593.7    936.0
     1     1    21     8     4     6     0     0   -33.0   33.267  126.979    596.6    936.0
     1     1    21     8     4     5     0     0   -34.0   33.112  127.190    601.1    936.0
     1     1    21     8     4     4     0     0   -35.0   32.958  127.406    609.1    935.6
     1     1    21     8     4     3     0     0   -36.0   32.808  127.626    619.9    934.8
     1     1    21     8     4     2     0     0   -37.0   32.663  127.847    632.9    933.6
     1     1    21     8     4     1     0     0   -38.0   32.525  128.065    647.5    931.9
     1     1    21     8     4     0     0     0   -39.0   32.396  128.279    663.2    929.9
     1     1    21     8     3    23     0     0   -40.0   32.266  128.493    677.8    927.7
     1     1    21     8     3    22     0     0   -41.0   32.124  128.714    690.0    926.1
     1     1    21     8     3    21     0     0   -42.0   31.969  128.945    700.0    924.9
     1     1    21     8     3    20     0     0   -43.0   31.800  129.185    708.0    924.1
     1     1    21     8     3    19     0     0   -44.0   31.617  129.435    714.6    923.5
     1     1    21     8     3    18     0     0   -45.0   31.419  129.695    720.4    923.1
     1     1    21     8     3    17     0     0   -46.0   31.218  129.968    726.3    922.7
     1     1    21     8     3    16     0     0   -47.0   31.029  130.254    733.8    922.2
     1     1    21     8     3    15     0     0   -48.0   30.853  130.553    742.8    921.4
     1     1    21     8     3    14     0     0   -49.0   30.691  130.863    753.6    920.5
     1     1    21     8     3    13     0     0   -50.0   30.545  131.183    766.6    919.4
     1     1    21     8     3    12     0     0   -51.0   30.416  131.514    782.4    917.9
     1     1    21     8     3    11     0     0   -52.0   30.299  131.844    800.1    916.1
     1     1    21     8     3    10     0     0   -53.0   30.190  132.165    817.9    914.3
     1     1    21     8     3     9     0     0   -54.0   30.090  132.474    835.4    912.6
     1     1    21     8     3     8     0     0   -55.0   29.997  132.772    851.7    911.9
     1     1    21     8     3     7     0     0   -56.0   29.908  133.061    865.3    911.2
     1     1    21     8     3     6     0     0   -57.0   29.822  133.339    875.6    910.8
     1     1    21     8     3     5     0     0   -58.0   29.738  133.606    882.2    910.7
     1     1    21     8     3     4     0     0   -59.0   29.652  133.863    885.8    910.9
     1     1    21     8     3     3     0     0   -60.0   29.566  134.112    886.2    911.3
     1     1    21     8     3     2     0     0   -61.0   29.480  134.354    883.7    912.0
     1     1    21     8     3     1     0     0   -62.0   29.397  134.590    878.6    912.9
     1     1    21     8     3     0     0     0   -63.0   29.315  134.823    871.2    914.1
     1     1    21     8     2    23     0     0   -64.0   29.232  135.048    863.8    915.4
     1     1    21     8     2    22     0     0   -65.0   29.142  135.265    857.2    915.9
     1     1    21     8     2    21     0     0   -66.0   29.041  135.474    852.1    916.1
     1     1    21     8     2    20     0     0   -67.0   28.930  135.674    848.2    916.2
     1     1    21     8     2    19     0     0   -68.0   28.810  135.865    845.5    916.0
     1     1    21     8     2    18     0     0   -69.0   28.683  136.045    843.6    915.7
     1     1    21     8     2    17     0     0   -70.0   28.558  136.226    842.5    915.2
     1     1    21     8     2    16     0     0   -71.0   28.443  136.419    842.2    914.8
     1     1    21     8     2    15     0     0   -72.0   28.337  136.622    842.7    914.2
     1     1    21     8     2    14     0     0   -73.0   28.237  136.835    844.1    913.6
     1     1    21     8     2    13     0     0   -74.0   28.142  137.057    846.8    912.8
     1     1    21     8     2    12     0     0   -75.0   28.048  137.286    850.8    911.9
     1     1    21     8     2    11     0     0   -76.0   27.963  137.514    857.2    910.7
     1     1    21     8     2    10     0     0   -77.0   27.889  137.733    865.9    909.6
     1     1    21     8     2     9     0     0   -78.0   27.822  137.942    877.2    908.2
     1     1    21     8     2     8     0     0   -79.0   27.764  138.141    891.0    906.5
     1     1    21     8     2     7     0     0   -80.0   27.716  138.328    907.3    904.7
     1     1    21     8     2     6     0     0   -81.0   27.678  138.502    925.9    902.6
     1     1    21     8     2     5     0     0   -82.0   27.653  138.661    945.4    900.4
     1     1    21     8     2     4     0     0   -83.0   27.642  138.805    964.2    898.3
     1     1    21     8     2     3     0     0   -84.0   27.646  138.931    982.0    896.5
     1     1    21     8     2     2     0     0   -85.0   27.665  139.041    998.7    894.7
     1     1    21     8     2     1     0     0   -86.0   27.700  139.134   1014.1    893.2
     1     1    21     8     2     0     0     0   -87.0   27.751  139.210   1027.9    891.8
     1     1    21     8     1    23     0     0   -88.0   27.801  139.272   1039.8    890.1
     1     1    21     8     1    22     0     0   -89.0   27.834  139.320   1051.3    888.6
     1     1    21     8     1    21     0     0   -90.0   27.851  139.355   1061.9    887.1
     1     1    21     8     1    20     0     0   -91.0   27.854  139.375   1071.4    885.7
     1     1    21     8     1    19     0     0   -92.0   27.843  139.381   1080.1    884.4
     1     1    21     8     1    18     0     0   -93.0   27.821  139.372   1088.0    883.1
     1     1    21     8     1    17     0     0   -94.0   27.797  139.359   1093.4    882.4
     1     1    21     8     1    16     0     0   -95.0   27.782  139.355   1094.2    882.3
     1     1    21     8     1    15     0     0   -96.0   27.776  139.359   1090.5    882.7
