     2     1
    CDC1    21     7     1     0     0
    CDC1    21     8     1     0     0
     1 BACKWARD OMEGA   
  2021     8    28     9   37.500  127.000   500.0
     1 PRESSURE
     1     1    21     8    28     9     0     0     0.0   37.500  127.000    500.0    938.4
     1     1    21     8    28     8     0     0    -1.0   37.442  126.827    507.7    938.7
     1     1    21     8    28     7     0     0    -2.0   37.391  126.657    514.6    939.1
     1     1    21     8    28     6     0     0    -3.0   37.346  126.492    520.4    939.6
     1     1    21     8    28     5     0     0    -4.0   37.312  126.337    522.8    940.1
     1     1    21     8    28     4     0     0    -5.0   37.296  126.197    520.3    941.1
     1     1    21     8    28     3     0     0    -6.0   37.295  126.072    513.0    942.4
     1     1    21     8    28     2     0     0    -7.0   37.309  125.960    501.0    944.2
     1     1    21     8    28     1     0     0    -8.0   37.337  125.861    484.4    946.4
     1     1    21     8    28     0     0     0    -9.0   37.380  125.774    463.5    948.9
     1     1    21     8    27    23     0     0   -10.0   37.425  125.684    442.1    952.4
     1     1    21     8    27    22     0     0   -11.0   37.462  125.576    423.5    955.2
     1     1    21     8    27    21     0     0   -12.0   37.493  125.449    407.9    957.9
     1     1    21     8    27    20     0     0   -13.0   37.515  125.303    395.2    960.2
     1     1    21     8    27    19     0     0   -14.0   37.529  125.137    385.6    962.2
     1     1    21     8    27    18     0     0   -15.0   37.533  124.952    379.3    963.8
     1     1    21     8    27    17     0     0   -16.0   37.528  124.767    373.9    964.6
     1     1    21     8    27    16     0     0   -17.0   37.512  124.603    367.1    965.9
     1     1    21     8    27    15     0     0   -18.0   37.487  124.461    359.3    967.2
     1     1    21     8    27    14     0     0   -19.0   37.453  124.340    350.8    968.4
     1     1    21     8    27    13     0     0   -20.0   37.409  124.241    342.1    969.5
     1     1    21     8    27    12     0     0   -21.0   37.357  124.162    333.2    970.6
     1     1    21     8    27    11     0     0   -22.0   37.298  124.095    322.1    971.6
     1     1    21     8    27    10     0     0   -23.0   37.237  124.028    306.5    973.2
     1     1    21     8    27     9     0     0   -24.0   37.172  123.963    286.5    975.4
     1     1    21     8    27     8     0     0   -25.0   37.105  123.902    261.9    978.1
     1     1    21     8    27     7     0     0   -26.0   37.036  123.845    232.8    981.6
     1     1    21     8    27     6     0     0   -27.0   36.966  123.795    199.2    985.8
     1     1    21     8    27     5     0     0   -28.0   36.898  123.753    165.2    989.5
     1     1    21     8    27     4     0     0   -29.0   36.835  123.720    135.2    992.5
     1     1    21     8    27     3     0     0   -30.0   36.776  123.693    109.0    995.5
     1     1    21     8    27     2     0     0   -31.0   36.722  123.670     86.3    998.3
     1     1    21     8    27     1     0     0   -32.0   36.672  123.652     67.6   1000.3
     1     1    21     8    27     0     0     0   -33.0   36.631  123.635     53.3   1001.5
     1     1    21     8    26    23     0     0   -34.0   36.594  123.607     42.1   1002.5
     1     1    21     8    26    22     0     0   -35.0   36.557  123.556     32.6   1003.7
     1     1    21     8    26    21     0     0   -36.0   36.520  123.480     24.8   1004.9
     1     1    21     8    26    20     0     0   -37.0   36.482  123.378     18.6   1005.9
     1     1    21     8    26    19     0     0   -38.0   36.444  123.246     13.9   1006.9
     1     1    21     8    26    18     0     0   -39.0   36.406  123.082     10.6   1007.7
     1     1    21     8    26    17     0     0   -40.0   36.366  122.905      7.9   1007.9
     1     1    21     8    26    16     0     0   -41.0   36.320  122.738      5.4   1008.1
     1     1    21     8    26    15     0     0   -42.0   36.265  122.582      3.0   1008.3
     1     1    21     8    26    14     0     0   -43.0   36.199  122.441      0.5   1008.4
     1     1    21     8    26    13     0     0   -44.0   36.122  122.317      0.0   1008.2
     1     1    21     8    26    12     0     0   -45.0   36.033  122.211      0.0   1008.1
     1     1    21     8    26    11     0     0   -46.0   35.941  122.110      0.0   1007.7
     1     1    21     8    26    10     0     0   -47.0   35.857  121.998      0.0   1007.3
     1     1    21     8    26     9     0     0   -48.0   35.778  121.875      0.0   1006.9
     1     1    21     8    26     8     0     0   -49.0   35.704  121.740      0.0   1006.4
     1     1    21     8    26     7     0     0   -50.0   35.635  121.593      0.0   1005.8
     1     1    21     8    26     6     0     0   -51.0   35.571  121.433      0.0   1005.1
     1     1    21     8    26     5     0     0   -52.0   35.509  121.263      0.0   1004.6
     1     1    21     8    26     4     0     0   -53.0   35.445  121.088      0.8   1004.2
     1     1    21     8    26     3     0     0   -54.0   35.379  120.909      2.8   1003.8
     1     1    21     8    26     2     0     0   -55.0   35.311  120.723      6.1   1003.4
     1     1    21     8    26     1     0     0   -56.0   35.239  120.531     11.0   1002.9
     1     1    21     8    26     0     0     0   -57.0   35.163  120.338     18.8   1001.3
     1     1    21     8    25    23     0     0   -58.0   35.087  120.144     29.4    998.3
     1     1    21     8    25    22     0     0   -59.0   35.011  119.939     40.2    995.7
     1     1    21     8    25    21     0     0   -60.0   34.938  119.723     49.9    994.1
     1     1    21     8    25    20     0     0   -61.0   34.868  119.497     57.3    992.9
     1     1    21     8    25    19     0     0   -62.0   34.802  119.262     62.3    992.1
     1     1    21     8    25    18     0     0   -63.0   34.740  119.018     64.8    991.4
     1     1    21     8    25    17     0     0   -64.0   34.678  118.781     66.3    991.1
     1     1    21     8    25    16     0     0   -65.0   34.609  118.564     68.3    990.5
     1     1    21     8    25    15     0     0   -66.0   34.535  118.364     70.8    989.8
     1     1    21     8    25    14     0     0   -67.0   34.454  118.179     73.9    989.0
     1     1    21     8    25    13     0     0   -68.0   34.367  118.005     77.7    987.8
     1     1    21     8    25    12     0     0   -69.0   34.273  117.841     82.2    986.4
     1     1    21     8    25    11     0     0   -70.0   34.183  117.683     87.3    985.3
     1     1    21     8    25    10     0     0   -71.0   34.105  117.526     92.2    984.4
     1     1    21     8    25     9     0     0   -72.0   34.039  117.368     97.3    983.5
     1     1    21     8    25     8     0     0   -73.0   33.988  117.209    102.6    982.7
     1     1    21     8    25     7     0     0   -74.0   33.953  117.050    108.0    981.9
     1     1    21     8    25     6     0     0   -75.0   33.936  116.890    113.0    981.2
     1     1    21     8    25     5     0     0   -76.0   33.929  116.732    118.3    980.4
     1     1    21     8    25     4     0     0   -77.0   33.924  116.577    125.0    979.3
     1     1    21     8    25     3     0     0   -78.0   33.919  116.424    133.0    978.1
     1     1    21     8    25     2     0     0   -79.0   33.912  116.271    142.6    976.8
     1     1    21     8    25     1     0     0   -80.0   33.903  116.117    153.8    975.4
     1     1    21     8    25     0     0     0   -81.0   33.890  115.961    167.0    973.8
     1     1    21     8    24    23     0     0   -82.0   33.878  115.800    180.9    972.3
     1     1    21     8    24    22     0     0   -83.0   33.870  115.631    194.4    971.0
     1     1    21     8    24    21     0     0   -84.0   33.867  115.453    207.5    969.4
     1     1    21     8    24    20     0     0   -85.0   33.869  115.266    220.2    967.7
     1     1    21     8    24    19     0     0   -86.0   33.876  115.070    232.7    966.1
     1     1    21     8    24    18     0     0   -87.0   33.890  114.864    244.9    962.2
     1     1    21     8    24    17     0     0   -88.0   33.905  114.652    258.0    956.8
     1     1    21     8    24    16     0     0   -89.0   33.916  114.441    273.0    951.1
     1     1    21     8    24    15     0     0   -90.0   33.921  114.232    289.8    945.4
     1     1    21     8    24    14     0     0   -91.0   33.921  114.027    308.5    939.6
     1     1    21     8    24    13     0     0   -92.0   33.913  113.827    328.8    933.9
     1     1    21     8    24    12     0     0   -93.0   33.898  113.635    350.8    928.3
     1     1    21     8    24    11     0     0   -94.0   33.894  113.447    374.6    923.2
     1     1    21     8    24    10     0     0   -95.0   33.919  113.263    400.7    917.1
     1     1    21     8    24     9     0     0   -96.0   33.975  113.083    429.4    910.6
