     2     1
    CDC1    21     5     1     0     0
    CDC1    21     6     1     0     0
     1 BACKWARD OMEGA   
  2021     6     8     6   37.500  127.000   500.0
     1 PRESSURE
     1     1    21     6     8     6     0     0     0.0   37.500  127.000    500.0    939.2
     1     1    21     6     8     5     0     0    -1.0   37.493  127.026    499.6    939.2
     1     1    21     6     8     4     0     0    -2.0   37.483  127.029    498.5    939.4
     1     1    21     6     8     3     0     0    -3.0   37.467  127.009    496.9    939.9
     1     1    21     6     8     2     0     0    -4.0   37.445  126.968    494.6    940.5
     1     1    21     6     8     1     0     0    -5.0   37.415  126.905    491.6    941.3
     1     1    21     6     8     0     0     0    -6.0   37.377  126.822    487.9    942.4
     1     1    21     6     7    23     0     0    -7.0   37.329  126.728    483.2    943.3
     1     1    21     6     7    22     0     0    -8.0   37.273  126.631    476.5    944.5
     1     1    21     6     7    21     0     0    -9.0   37.209  126.530    468.3    946.0
     1     1    21     6     7    20     0     0   -10.0   37.136  126.426    458.3    947.7
     1     1    21     6     7    19     0     0   -11.0   37.055  126.321    446.9    949.5
     1     1    21     6     7    18     0     0   -12.0   36.965  126.214    433.9    951.6
     1     1    21     6     7    17     0     0   -13.0   36.868  126.113    422.7    953.7
     1     1    21     6     7    16     0     0   -14.0   36.768  126.023    416.6    954.9
     1     1    21     6     7    15     0     0   -15.0   36.665  125.941    415.4    955.4
     1     1    21     6     7    14     0     0   -16.0   36.558  125.867    419.1    955.4
     1     1    21     6     7    13     0     0   -17.0   36.447  125.801    427.8    954.8
     1     1    21     6     7    12     0     0   -18.0   36.333  125.741    441.8    953.5
     1     1    21     6     7    11     0     0   -19.0   36.208  125.684    458.9    951.8
     1     1    21     6     7    10     0     0   -20.0   36.068  125.624    477.3    950.2
     1     1    21     6     7     9     0     0   -21.0   35.912  125.561    497.4    948.6
     1     1    21     6     7     8     0     0   -22.0   35.742  125.497    519.3    946.8
     1     1    21     6     7     7     0     0   -23.0   35.558  125.431    543.7    944.8
     1     1    21     6     7     6     0     0   -24.0   35.363  125.365    570.7    942.6
     1     1    21     6     7     5     0     0   -25.0   35.166  125.294    595.5    940.3
     1     1    21     6     7     4     0     0   -26.0   34.974  125.219    612.3    939.3
     1     1    21     6     7     3     0     0   -27.0   34.789  125.143    620.5    939.3
     1     1    21     6     7     2     0     0   -28.0   34.612  125.069    619.9    940.2
     1     1    21     6     7     1     0     0   -29.0   34.441  124.999    610.8    941.8
     1     1    21     6     7     0     0     0   -30.0   34.275  124.933    593.8    944.0
     1     1    21     6     6    23     0     0   -31.0   34.109  124.867    576.0    946.2
     1     1    21     6     6    22     0     0   -32.0   33.936  124.797    564.3    947.3
     1     1    21     6     6    21     0     0   -33.0   33.759  124.720    558.0    947.8
     1     1    21     6     6    20     0     0   -34.0   33.579  124.636    556.6    947.9
     1     1    21     6     6    19     0     0   -35.0   33.396  124.543    559.9    947.5
     1     1    21     6     6    18     0     0   -36.0   33.211  124.440    567.6    946.8
     1     1    21     6     6    17     0     0   -37.0   33.029  124.342    579.0    945.9
     1     1    21     6     6    16     0     0   -38.0   32.854  124.265    592.6    944.8
     1     1    21     6     6    15     0     0   -39.0   32.689  124.207    608.0    943.6
     1     1    21     6     6    14     0     0   -40.0   32.535  124.170    624.7    942.1
     1     1    21     6     6    13     0     0   -41.0   32.391  124.151    641.9    939.9
     1     1    21     6     6    12     0     0   -42.0   32.260  124.152    659.4    937.3
     1     1    21     6     6    11     0     0   -43.0   32.144  124.162    675.3    934.6
     1     1    21     6     6    10     0     0   -44.0   32.044  124.172    687.5    932.6
     1     1    21     6     6     9     0     0   -45.0   31.957  124.181    696.4    931.1
     1     1    21     6     6     8     0     0   -46.0   31.882  124.190    701.9    929.9
     1     1    21     6     6     7     0     0   -47.0   31.819  124.199    704.2    929.1
     1     1    21     6     6     6     0     0   -48.0   31.767  124.207    703.5    928.7
     1     1    21     6     6     5     0     0   -49.0   31.723  124.210    704.0    928.9
     1     1    21     6     6     4     0     0   -50.0   31.688  124.200    709.9    928.1
     1     1    21     6     6     3     0     0   -51.0   31.663  124.177    721.3    926.8
     1     1    21     6     6     2     0     0   -52.0   31.648  124.141    738.2    924.9
     1     1    21     6     6     1     0     0   -53.0   31.643  124.090    760.9    922.4
     1     1    21     6     6     0     0     0   -54.0   31.645  124.025    789.5    919.3
     1     1    21     6     5    23     0     0   -55.0   31.644  123.937    818.9    915.5
     1     1    21     6     5    22     0     0   -56.0   31.628  123.820    843.7    912.8
     1     1    21     6     5    21     0     0   -57.0   31.595  123.676    864.0    910.5
     1     1    21     6     5    20     0     0   -58.0   31.547  123.508    879.7    908.7
     1     1    21     6     5    19     0     0   -59.0   31.483  123.319    891.2    907.2
     1     1    21     6     5    18     0     0   -60.0   31.401  123.112    898.5    906.0
     1     1    21     6     5    17     0     0   -61.0   31.316  122.913    906.2    905.3
     1     1    21     6     5    16     0     0   -62.0   31.241  122.744    918.0    903.8
     1     1    21     6     5    15     0     0   -63.0   31.179  122.603    934.2    902.0
     1     1    21     6     5    14     0     0   -64.0   31.132  122.488    954.9    899.4
     1     1    21     6     5    13     0     0   -65.0   31.100  122.397    979.9    895.9
     1     1    21     6     5    12     0     0   -66.0   31.086  122.327   1009.8    892.0
     1     1    21     6     5    11     0     0   -67.0   31.081  122.266   1037.6    887.8
     1     1    21     6     5    10     0     0   -68.0   31.076  122.200   1055.8    885.3
     1     1    21     6     5     9     0     0   -69.0   31.070  122.128   1064.2    883.8
     1     1    21     6     5     8     0     0   -70.0   31.060  122.049   1062.8    883.2
     1     1    21     6     5     7     0     0   -71.0   31.049  121.964   1051.4    883.7
     1     1    21     6     5     6     0     0   -72.0   31.036  121.873   1029.9    885.2
     1     1    21     6     5     5     0     0   -73.0   31.025  121.779   1005.4    888.0
     1     1    21     6     5     4     0     0   -74.0   31.021  121.685    984.5    889.8
     1     1    21     6     5     3     0     0   -75.0   31.023  121.587    967.6    891.2
     1     1    21     6     5     2     0     0   -76.0   31.030  121.486    954.9    892.1
     1     1    21     6     5     1     0     0   -77.0   31.042  121.379    946.6    892.6
     1     1    21     6     5     0     0     0   -78.0   31.058  121.267    942.7    892.5
     1     1    21     6     4    23     0     0   -79.0   31.073  121.137    940.9    891.6
     1     1    21     6     4    22     0     0   -80.0   31.083  120.980    939.2    890.7
     1     1    21     6     4    21     0     0   -81.0   31.091  120.794    937.9    889.5
     1     1    21     6     4    20     0     0   -82.0   31.097  120.581    937.2    888.1
     1     1    21     6     4    19     0     0   -83.0   31.106  120.339    937.4    886.4
     1     1    21     6     4    18     0     0   -84.0   31.119  120.071    938.8    884.4
     1     1    21     6     4    17     0     0   -85.0   31.135  119.795    942.9    883.0
     1     1    21     6     4    16     0     0   -86.0   31.147  119.535    950.1    881.4
     1     1    21     6     4    15     0     0   -87.0   31.155  119.290    960.1    879.5
     1     1    21     6     4    14     0     0   -88.0   31.161  119.061    972.7    877.5
     1     1    21     6     4    13     0     0   -89.0   31.163  118.846    987.6    875.2
     1     1    21     6     4    12     0     0   -90.0   31.165  118.646   1004.8    872.7
     1     1    21     6     4    11     0     0   -91.0   31.170  118.455   1022.7    870.2
     1     1    21     6     4    10     0     0   -92.0   31.184  118.266   1040.7    867.8
     1     1    21     6     4     9     0     0   -93.0   31.207  118.079   1058.3    865.6
     1     1    21     6     4     8     0     0   -94.0   31.237  117.893   1075.2    863.6
     1     1    21     6     4     7     0     0   -95.0   31.275  117.708   1091.4    861.8
     1     1    21     6     4     6     0     0   -96.0   31.320  117.524   1106.8    860.1
