     2     1
    CDC1    21     4     1     0     0
    CDC1    21     5     1     0     0
     1 BACKWARD OMEGA   
  2021     5    14     3   37.500  127.000   500.0
     1 PRESSURE
     1     1    21     5    14     3     0     0     0.0   37.500  127.000    500.0    935.8
     1     1    21     5    14     2     0     0    -1.0   37.456  127.107    526.1    932.9
     1     1    21     5    14     1     0     0    -2.0   37.430  127.222    555.2    929.5
     1     1    21     5    14     0     0     0    -3.0   37.422  127.344    588.0    925.8
     1     1    21     5    13    23     0     0    -4.0   37.420  127.454    622.2    921.4
     1     1    21     5    13    22     0     0    -5.0   37.414  127.529    654.1    917.3
     1     1    21     5    13    21     0     0    -6.0   37.401  127.568    682.4    914.0
     1     1    21     5    13    20     0     0    -7.0   37.382  127.573    706.3    911.2
     1     1    21     5    13    19     0     0    -8.0   37.357  127.546    725.7    908.9
     1     1    21     5    13    18     0     0    -9.0   37.327  127.487    740.2    907.1
     1     1    21     5    13    17     0     0   -10.0   37.292  127.417    753.4    906.4
     1     1    21     5    13    16     0     0   -11.0   37.254  127.352    768.5    905.1
     1     1    21     5    13    15     0     0   -12.0   37.214  127.292    785.7    903.6
     1     1    21     5    13    14     0     0   -13.0   37.172  127.239    804.9    901.9
     1     1    21     5    13    13     0     0   -14.0   37.128  127.193    826.3    900.0
     1     1    21     5    13    12     0     0   -15.0   37.082  127.153    850.0    897.8
     1     1    21     5    13    11     0     0   -16.0   37.040  127.125    873.3    895.3
     1     1    21     5    13    10     0     0   -17.0   37.004  127.114    894.2    893.2
     1     1    21     5    13     9     0     0   -18.0   36.976  127.120    912.5    891.3
     1     1    21     5    13     8     0     0   -19.0   36.955  127.142    928.1    889.6
     1     1    21     5    13     7     0     0   -20.0   36.942  127.180    940.9    887.9
     1     1    21     5    13     6     0     0   -21.0   36.935  127.235    950.8    886.4
     1     1    21     5    13     5     0     0   -22.0   36.937  127.298    960.1    885.5
     1     1    21     5    13     4     0     0   -23.0   36.950  127.361    969.3    884.3
     1     1    21     5    13     3     0     0   -24.0   36.973  127.426    979.2    883.1
     1     1    21     5    13     2     0     0   -25.0   37.008  127.490    989.8    881.8
     1     1    21     5    13     1     0     0   -26.0   37.054  127.554   1001.4    880.9
     1     1    21     5    13     0     0     0   -27.0   37.110  127.617   1013.7    879.8
     1     1    21     5    12    23     0     0   -28.0   37.166  127.673   1027.8    878.3
     1     1    21     5    12    22     0     0   -29.0   37.213  127.716   1044.8    876.4
     1     1    21     5    12    21     0     0   -30.0   37.249  127.745   1064.9    874.2
     1     1    21     5    12    20     0     0   -31.0   37.277  127.759   1088.3    871.6
     1     1    21     5    12    19     0     0   -32.0   37.295  127.759   1115.2    868.7
     1     1    21     5    12    18     0     0   -33.0   37.303  127.744   1145.4    865.4
     1     1    21     5    12    17     0     0   -34.0   37.301  127.727   1176.6    861.8
     1     1    21     5    12    16     0     0   -35.0   37.286  127.725   1207.1    858.6
     1     1    21     5    12    15     0     0   -36.0   37.256  127.739   1236.4    855.5
     1     1    21     5    12    14     0     0   -37.0   37.213  127.769   1264.7    852.7
     1     1    21     5    12    13     0     0   -38.0   37.155  127.816   1291.8    850.1
     1     1    21     5    12    12     0     0   -39.0   37.084  127.882   1317.9    847.3
     1     1    21     5    12    11     0     0   -40.0   37.004  127.960   1343.3    845.0
     1     1    21     5    12    10     0     0   -41.0   36.916  128.042   1366.9    842.9
     1     1    21     5    12     9     0     0   -42.0   36.820  128.127   1388.5    840.9
     1     1    21     5    12     8     0     0   -43.0   36.716  128.217   1407.1    839.2
     1     1    21     5    12     7     0     0   -44.0   36.603  128.309   1421.9    837.9
     1     1    21     5    12     6     0     0   -45.0   36.479  128.405   1431.8    837.0
     1     1    21     5    12     5     0     0   -46.0   36.348  128.514   1436.3    836.8
     1     1    21     5    12     4     0     0   -47.0   36.214  128.648   1435.1    837.1
     1     1    21     5    12     3     0     0   -48.0   36.076  128.808   1428.9    837.9
     1     1    21     5    12     2     0     0   -49.0   35.934  128.996   1418.5    839.0
     1     1    21     5    12     1     0     0   -50.0   35.790  129.213   1404.8    840.4
     1     1    21     5    12     0     0     0   -51.0   35.644  129.462   1388.7    841.8
     1     1    21     5    11    23     0     0   -52.0   35.492  129.730   1370.2    843.0
     1     1    21     5    11    22     0     0   -53.0   35.331  130.005   1349.8    844.1
     1     1    21     5    11    21     0     0   -54.0   35.164  130.287   1328.1    846.5
     1     1    21     5    11    20     0     0   -55.0   34.998  130.575   1304.9    848.8
     1     1    21     5    11    19     0     0   -56.0   34.834  130.860   1280.4    852.2
     1     1    21     5    11    18     0     0   -57.0   34.672  131.135   1254.5    855.5
     1     1    21     5    11    17     0     0   -58.0   34.519  131.403   1229.9    859.3
     1     1    21     5    11    16     0     0   -59.0   34.382  131.669   1207.9    862.4
     1     1    21     5    11    15     0     0   -60.0   34.260  131.932   1189.2    865.2
     1     1    21     5    11    14     0     0   -61.0   34.155  132.191   1174.4    867.4
     1     1    21     5    11    13     0     0   -62.0   34.067  132.447   1163.8    869.1
     1     1    21     5    11    12     0     0   -63.0   33.998  132.696   1158.4    870.0
     1     1    21     5    11    11     0     0   -64.0   33.946  132.925   1157.4    869.8
     1     1    21     5    11    10     0     0   -65.0   33.912  133.125   1159.1    869.5
     1     1    21     5    11     9     0     0   -66.0   33.895  133.298   1163.1    869.0
     1     1    21     5    11     8     0     0   -67.0   33.895  133.444   1169.3    868.3
     1     1    21     5    11     7     0     0   -68.0   33.913  133.563   1177.5    867.3
     1     1    21     5    11     6     0     0   -69.0   33.948  133.657   1187.6    866.0
     1     1    21     5    11     5     0     0   -70.0   33.991  133.717   1198.7    864.8
     1     1    21     5    11     4     0     0   -71.0   34.030  133.737   1210.0    863.6
     1     1    21     5    11     3     0     0   -72.0   34.065  133.717   1221.1    862.4
     1     1    21     5    11     2     0     0   -73.0   34.095  133.659   1231.9    861.4
     1     1    21     5    11     1     0     0   -74.0   34.119  133.564   1242.7    860.4
     1     1    21     5    11     0     0     0   -75.0   34.137  133.431   1253.6    859.6
     1     1    21     5    10    23     0     0   -76.0   34.154  133.273   1264.2    858.4
     1     1    21     5    10    22     0     0   -77.0   34.173  133.101   1272.7    857.6
     1     1    21     5    10    21     0     0   -78.0   34.194  132.916   1279.5    857.0
     1     1    21     5    10    20     0     0   -79.0   34.219  132.719   1284.4    856.6
     1     1    21     5    10    19     0     0   -80.0   34.248  132.509   1287.5    856.4
     1     1    21     5    10    18     0     0   -81.0   34.280  132.288   1288.0    855.8
     1     1    21     5    10    17     0     0   -82.0   34.301  132.060   1285.8    855.6
     1     1    21     5    10    16     0     0   -83.0   34.302  131.826   1281.0    855.6
     1     1    21     5    10    15     0     0   -84.0   34.282  131.586   1272.6    856.0
     1     1    21     5    10    14     0     0   -85.0   34.242  131.341   1260.3    856.8
     1     1    21     5    10    13     0     0   -86.0   34.182  131.091   1243.6    858.1
     1     1    21     5    10    12     0     0   -87.0   34.102  130.838   1222.5    859.9
     1     1    21     5    10    11     0     0   -88.0   34.008  130.594   1198.7    862.4
     1     1    21     5    10    10     0     0   -89.0   33.908  130.370   1173.3    865.0
     1     1    21     5    10     9     0     0   -90.0   33.802  130.167   1146.6    867.9
     1     1    21     5    10     8     0     0   -91.0   33.689  129.985   1118.9    871.1
     1     1    21     5    10     7     0     0   -92.0   33.571  129.826   1090.9    875.0
     1     1    21     5    10     6     0     0   -93.0   33.450  129.691   1062.8    878.8
     1     1    21     5    10     5     0     0   -94.0   33.331  129.574   1038.2    882.7
     1     1    21     5    10     4     0     0   -95.0   33.220  129.467   1020.0    885.5
     1     1    21     5    10     3     0     0   -96.0   33.116  129.367   1007.5    887.7
