     2     1
    CDC1    21     3     1     0     0
    CDC1    21     4     1     0     0
     1 BACKWARD OMEGA   
  2021     4    28    12   37.500  127.000   500.0
     1 PRESSURE
     1     1    21     4    28    12     0     0     0.0   37.500  127.000    500.0    936.8
     1     1    21     4    28    11     0     0    -1.0   37.482  126.790    495.4    938.7
     1     1    21     4    28    10     0     0    -2.0   37.454  126.589    489.5    940.8
     1     1    21     4    28     9     0     0    -3.0   37.419  126.397    482.5    943.0
     1     1    21     4    28     8     0     0    -4.0   37.377  126.215    474.5    945.3
     1     1    21     4    28     7     0     0    -5.0   37.331  126.043    465.5    947.7
     1     1    21     4    28     6     0     0    -6.0   37.282  125.881    455.6    950.1
     1     1    21     4    28     5     0     0    -7.0   37.239  125.728    443.0    952.6
     1     1    21     4    28     4     0     0    -8.0   37.213  125.582    425.3    955.8
     1     1    21     4    28     3     0     0    -9.0   37.202  125.443    402.0    959.7
     1     1    21     4    28     2     0     0   -10.0   37.204  125.312    372.7    964.2
     1     1    21     4    28     1     0     0   -11.0   37.220  125.190    336.7    968.9
     1     1    21     4    28     0     0     0   -12.0   37.247  125.076    293.3    974.5
     1     1    21     4    27    23     0     0   -13.0   37.270  124.952    247.5    980.9
     1     1    21     4    27    22     0     0   -14.0   37.276  124.803    206.2    986.5
     1     1    21     4    27    21     0     0   -15.0   37.265  124.630    171.5    990.5
     1     1    21     4    27    20     0     0   -16.0   37.241  124.433    144.1    993.8
     1     1    21     4    27    19     0     0   -17.0   37.204  124.209    123.9    996.6
     1     1    21     4    27    18     0     0   -18.0   37.154  123.957    110.2    998.9
     1     1    21     4    27    17     0     0   -19.0   37.094  123.697    100.8   1000.5
     1     1    21     4    27    16     0     0   -20.0   37.026  123.450     93.6   1001.8
     1     1    21     4    27    15     0     0   -21.0   36.950  123.219     88.5   1002.8
     1     1    21     4    27    14     0     0   -22.0   36.868  123.004     85.3   1003.5
     1     1    21     4    27    13     0     0   -23.0   36.780  122.809     83.9   1003.7
     1     1    21     4    27    12     0     0   -24.0   36.688  122.634     84.2   1003.6
     1     1    21     4    27    11     0     0   -25.0   36.590  122.473     84.7   1003.3
     1     1    21     4    27    10     0     0   -26.0   36.486  122.318     84.4   1003.1
     1     1    21     4    27     9     0     0   -27.0   36.378  122.168     83.4   1002.9
     1     1    21     4    27     8     0     0   -28.0   36.267  122.022     82.0   1002.8
     1     1    21     4    27     7     0     0   -29.0   36.153  121.878     80.1   1002.7
     1     1    21     4    27     6     0     0   -30.0   36.035  121.736     77.9   1002.6
     1     1    21     4    27     5     0     0   -31.0   35.916  121.604     76.1   1002.7
     1     1    21     4    27     4     0     0   -32.0   35.794  121.491     75.5   1002.6
     1     1    21     4    27     3     0     0   -33.0   35.668  121.396     76.1   1002.2
     1     1    21     4    27     2     0     0   -34.0   35.538  121.316     78.0   1001.5
     1     1    21     4    27     1     0     0   -35.0   35.403  121.251     81.3   1000.7
     1     1    21     4    27     0     0     0   -36.0   35.262  121.199     86.1    999.6
     1     1    21     4    26    23     0     0   -37.0   35.112  121.159     90.1    998.6
     1     1    21     4    26    22     0     0   -38.0   34.947  121.133     91.0    998.5
     1     1    21     4    26    21     0     0   -39.0   34.769  121.122     88.6    999.6
     1     1    21     4    26    20     0     0   -40.0   34.577  121.128     83.1   1001.3
     1     1    21     4    26    19     0     0   -41.0   34.374  121.151     75.0   1003.5
     1     1    21     4    26    18     0     0   -42.0   34.161  121.189     64.9   1005.5
     1     1    21     4    26    17     0     0   -43.0   33.951  121.247     55.1   1007.2
     1     1    21     4    26    16     0     0   -44.0   33.756  121.330     46.9   1008.8
     1     1    21     4    26    15     0     0   -45.0   33.576  121.441     40.3   1010.4
     1     1    21     4    26    14     0     0   -46.0   33.409  121.580     34.9   1012.0
     1     1    21     4    26    13     0     0   -47.0   33.253  121.749     30.8   1013.7
     1     1    21     4    26    12     0     0   -48.0   33.106  121.950     27.6   1015.6
     1     1    21     4    26    11     0     0   -49.0   32.961  122.169     25.1   1017.8
     1     1    21     4    26    10     0     0   -50.0   32.813  122.390     23.1   1020.1
     1     1    21     4    26     9     0     0   -51.0   32.668  122.614     21.5   1021.5
     1     1    21     4    26     8     0     0   -52.0   32.533  122.843     20.0   1021.9
     1     1    21     4    26     7     0     0   -53.0   32.414  123.073     18.6   1021.5
     1     1    21     4    26     6     0     0   -54.0   32.310  123.303     17.2   1020.9
     1     1    21     4    26     5     0     0   -55.0   32.228  123.534     15.9   1020.3
     1     1    21     4    26     4     0     0   -56.0   32.172  123.768     14.6   1019.9
     1     1    21     4    26     3     0     0   -57.0   32.141  124.006     13.3   1019.6
     1     1    21     4    26     2     0     0   -58.0   32.136  124.248     12.2   1019.4
     1     1    21     4    26     1     0     0   -59.0   32.155  124.497     11.1   1019.2
     1     1    21     4    26     0     0     0   -60.0   32.199  124.753     10.2   1019.0
     1     1    21     4    25    23     0     0   -61.0   32.261  125.017      9.4   1018.8
     1     1    21     4    25    22     0     0   -62.0   32.329  125.289      9.0   1018.7
     1     1    21     4    25    21     0     0   -63.0   32.404  125.569      8.9   1018.4
     1     1    21     4    25    20     0     0   -64.0   32.489  125.864      9.1   1018.1
     1     1    21     4    25    19     0     0   -65.0   32.588  126.172      9.7   1017.2
     1     1    21     4    25    18     0     0   -66.0   32.703  126.492     10.9   1015.9
     1     1    21     4    25    17     0     0   -67.0   32.829  126.814     12.8   1014.0
     1     1    21     4    25    16     0     0   -68.0   32.961  127.127     15.6   1011.9
     1     1    21     4    25    15     0     0   -69.0   33.096  127.424     19.3   1009.7
     1     1    21     4    25    14     0     0   -70.0   33.232  127.697     24.0   1007.3
     1     1    21     4    25    13     0     0   -71.0   33.368  127.940     29.6   1005.0
     1     1    21     4    25    12     0     0   -72.0   33.501  128.155     35.5   1002.9
     1     1    21     4    25    11     0     0   -73.0   33.638  128.359     42.6   1000.6
     1     1    21     4    25    10     0     0   -74.0   33.783  128.562     51.8    998.1
     1     1    21     4    25     9     0     0   -75.0   33.938  128.769     63.0    995.5
     1     1    21     4    25     8     0     0   -76.0   34.106  128.985     75.8    992.8
     1     1    21     4    25     7     0     0   -77.0   34.287  129.214     89.0    989.1
     1     1    21     4    25     6     0     0   -78.0   34.483  129.463    101.8    985.7
     1     1    21     4    25     5     0     0   -79.0   34.690  129.721    112.7    983.1
     1     1    21     4    25     4     0     0   -80.0   34.903  129.975    120.5    980.9
     1     1    21     4    25     3     0     0   -81.0   35.117  130.212    126.2    981.4
     1     1    21     4    25     2     0     0   -82.0   35.330  130.418    131.7    982.8
     1     1    21     4    25     1     0     0   -83.0   35.539  130.597    136.9    984.2
     1     1    21     4    25     0     0     0   -84.0   35.749  130.758    141.5    985.7
     1     1    21     4    24    23     0     0   -85.0   35.951  130.900    144.3    986.9
     1     1    21     4    24    22     0     0   -86.0   36.141  131.021    144.6    988.4
     1     1    21     4    24    21     0     0   -87.0   36.319  131.124    142.2    990.1
     1     1    21     4    24    20     0     0   -88.0   36.490  131.214    137.3    992.1
     1     1    21     4    24    19     0     0   -89.0   36.653  131.293    130.1    994.2
     1     1    21     4    24    18     0     0   -90.0   36.811  131.362    121.0    996.5
     1     1    21     4    24    17     0     0   -91.0   36.961  131.414    112.8    999.3
     1     1    21     4    24    16     0     0   -92.0   37.103  131.437    108.0   1001.0
     1     1    21     4    24    15     0     0   -93.0   37.232  131.425    106.4   1001.9
     1     1    21     4    24    14     0     0   -94.0   37.349  131.375    108.2   1001.9
     1     1    21     4    24    13     0     0   -95.0   37.449  131.284    113.4   1001.1
     1     1    21     4    24    12     0     0   -96.0   37.534  131.150    122.4    998.9
