     2     1
    CDC1    21     5     1     0     0
    CDC1    21     6     1     0     0
     1 BACKWARD OMEGA   
  2021     6    20     6   37.500  127.000   500.0
     1 PRESSURE
     1     1    21     6    20     6     0     0     0.0   37.500  127.000    500.0    924.4
     1     1    21     6    20     5     0     0    -1.0   37.340  126.865    467.6    929.6
     1     1    21     6    20     4     0     0    -2.0   37.193  126.747    439.0    934.1
     1     1    21     6    20     3     0     0    -3.0   37.057  126.646    413.5    938.2
     1     1    21     6    20     2     0     0    -4.0   36.928  126.562    390.5    941.9
     1     1    21     6    20     1     0     0    -5.0   36.806  126.496    369.7    944.8
     1     1    21     6    20     0     0     0    -6.0   36.689  126.446    350.6    947.4
     1     1    21     6    19    23     0     0    -7.0   36.575  126.402    333.9    949.6
     1     1    21     6    19    22     0     0    -8.0   36.460  126.354    320.2    951.5
     1     1    21     6    19    21     0     0    -9.0   36.346  126.303    309.3    953.2
     1     1    21     6    19    20     0     0   -10.0   36.235  126.248    301.2    954.6
     1     1    21     6    19    19     0     0   -11.0   36.127  126.189    295.6    955.7
     1     1    21     6    19    18     0     0   -12.0   36.024  126.125    292.4    956.6
     1     1    21     6    19    17     0     0   -13.0   35.931  126.056    290.3    957.1
     1     1    21     6    19    16     0     0   -14.0   35.852  125.978    287.6    957.8
     1     1    21     6    19    15     0     0   -15.0   35.785  125.892    284.2    958.7
     1     1    21     6    19    14     0     0   -16.0   35.728  125.798    280.0    959.6
     1     1    21     6    19    13     0     0   -17.0   35.681  125.697    274.8    960.7
     1     1    21     6    19    12     0     0   -18.0   35.642  125.588    268.7    961.9
     1     1    21     6    19    11     0     0   -19.0   35.602  125.476    262.7    963.4
     1     1    21     6    19    10     0     0   -20.0   35.554  125.364    258.0    964.6
     1     1    21     6    19     9     0     0   -21.0   35.496  125.253    254.5    965.8
     1     1    21     6    19     8     0     0   -22.0   35.429  125.143    252.1    966.9
     1     1    21     6    19     7     0     0   -23.0   35.352  125.034    251.0    967.8
     1     1    21     6    19     6     0     0   -24.0   35.267  124.926    251.0    968.3
     1     1    21     6    19     5     0     0   -25.0   35.185  124.822    252.2    968.2
     1     1    21     6    19     4     0     0   -26.0   35.121  124.721    254.5    968.1
     1     1    21     6    19     3     0     0   -27.0   35.074  124.623    258.0    967.8
     1     1    21     6    19     2     0     0   -28.0   35.045  124.526    262.8    967.3
     1     1    21     6    19     1     0     0   -29.0   35.034  124.431    268.7    966.7
     1     1    21     6    19     0     0     0   -30.0   35.042  124.337    275.9    966.0
     1     1    21     6    18    23     0     0   -31.0   35.064  124.238    283.8    965.2
     1     1    21     6    18    22     0     0   -32.0   35.094  124.123    291.2    964.5
     1     1    21     6    18    21     0     0   -33.0   35.134  123.993    298.3    963.8
     1     1    21     6    18    20     0     0   -34.0   35.181  123.845    304.9    963.2
     1     1    21     6    18    19     0     0   -35.0   35.238  123.678    311.0    962.6
     1     1    21     6    18    18     0     0   -36.0   35.303  123.490    316.5    962.0
     1     1    21     6    18    17     0     0   -37.0   35.367  123.289    321.7    961.4
     1     1    21     6    18    16     0     0   -38.0   35.420  123.089    327.1    960.8
     1     1    21     6    18    15     0     0   -39.0   35.461  122.890    333.1    960.2
     1     1    21     6    18    14     0     0   -40.0   35.491  122.694    340.0    959.6
     1     1    21     6    18    13     0     0   -41.0   35.507  122.503    348.1    958.8
     1     1    21     6    18    12     0     0   -42.0   35.511  122.319    357.8    957.5
     1     1    21     6    18    11     0     0   -43.0   35.514  122.146    369.1    956.3
     1     1    21     6    18    10     0     0   -44.0   35.530  121.987    381.3    955.1
     1     1    21     6    18     9     0     0   -45.0   35.560  121.842    394.4    953.6
     1     1    21     6    18     8     0     0   -46.0   35.604  121.710    408.4    952.0
     1     1    21     6    18     7     0     0   -47.0   35.663  121.592    423.2    950.4
     1     1    21     6    18     6     0     0   -48.0   35.737  121.488    438.6    948.9
     1     1    21     6    18     5     0     0   -49.0   35.823  121.392    453.9    947.1
     1     1    21     6    18     4     0     0   -50.0   35.919  121.299    468.4    945.6
     1     1    21     6    18     3     0     0   -51.0   36.026  121.209    482.2    944.2
     1     1    21     6    18     2     0     0   -52.0   36.147  121.126    495.7    942.9
     1     1    21     6    18     1     0     0   -53.0   36.283  121.050    509.1    941.7
     1     1    21     6    18     0     0     0   -54.0   36.436  120.985    522.8    940.6
     1     1    21     6    17    23     0     0   -55.0   36.589  120.913    536.3    939.6
     1     1    21     6    17    22     0     0   -56.0   36.725  120.817    549.3    938.7
     1     1    21     6    17    21     0     0   -57.0   36.847  120.692    561.5    937.8
     1     1    21     6    17    20     0     0   -58.0   36.954  120.535    573.2    937.0
     1     1    21     6    17    19     0     0   -59.0   37.051  120.343    584.6    936.1
     1     1    21     6    17    18     0     0   -60.0   37.141  120.113    596.4    935.2
     1     1    21     6    17    17     0     0   -61.0   37.223  119.870    609.7    934.0
     1     1    21     6    17    16     0     0   -62.0   37.291  119.641    624.3    932.6
     1     1    21     6    17    15     0     0   -63.0   37.344  119.426    639.7    930.8
     1     1    21     6    17    14     0     0   -64.0   37.380  119.227    655.4    928.8
     1     1    21     6    17    13     0     0   -65.0   37.398  119.045    670.8    926.9
     1     1    21     6    17    12     0     0   -66.0   37.398  118.879    685.6    925.0
     1     1    21     6    17    11     0     0   -67.0   37.397  118.727    700.7    923.7
     1     1    21     6    17    10     0     0   -68.0   37.412  118.586    716.6    922.2
     1     1    21     6    17     9     0     0   -69.0   37.443  118.454    733.6    920.8
     1     1    21     6    17     8     0     0   -70.0   37.489  118.329    751.9    919.3
     1     1    21     6    17     7     0     0   -71.0   37.551  118.212    771.3    916.8
     1     1    21     6    17     6     0     0   -72.0   37.629  118.099    792.3    913.6
     1     1    21     6    17     5     0     0   -73.0   37.719  117.991    813.0    909.6
     1     1    21     6    17     4     0     0   -74.0   37.817  117.895    831.4    905.9
     1     1    21     6    17     3     0     0   -75.0   37.922  117.814    846.8    902.3
     1     1    21     6    17     2     0     0   -76.0   38.036  117.751    859.0    898.8
     1     1    21     6    17     1     0     0   -77.0   38.157  117.711    867.6    895.6
     1     1    21     6    17     0     0     0   -78.0   38.287  117.698    872.0    892.8
     1     1    21     6    16    23     0     0   -79.0   38.413  117.682    872.7    890.2
     1     1    21     6    16    22     0     0   -80.0   38.527  117.634    870.1    887.9
     1     1    21     6    16    21     0     0   -81.0   38.635  117.553    864.6    885.8
     1     1    21     6    16    20     0     0   -82.0   38.739  117.434    856.3    883.0
     1     1    21     6    16    19     0     0   -83.0   38.845  117.278    845.7    879.2
     1     1    21     6    16    18     0     0   -84.0   38.956  117.082    833.6    874.6
     1     1    21     6    16    17     0     0   -85.0   39.059  116.867    821.6    869.9
     1     1    21     6    16    16     0     0   -86.0   39.133  116.654    810.3    865.5
     1     1    21     6    16    15     0     0   -87.0   39.179  116.443    799.0    861.7
     1     1    21     6    16    14     0     0   -88.0   39.198  116.232    787.0    858.5
     1     1    21     6    16    13     0     0   -89.0   39.192  116.020    773.7    856.0
     1     1    21     6    16    12     0     0   -90.0   39.162  115.808    758.7    854.2
     1     1    21     6    16    11     0     0   -91.0   39.119  115.598    743.7    853.5
     1     1    21     6    16    10     0     0   -92.0   39.069  115.395    729.8    852.6
     1     1    21     6    16     9     0     0   -93.0   39.011  115.198    716.8    852.1
     1     1    21     6    16     8     0     0   -94.0   38.941  115.008    704.3    851.9
     1     1    21     6    16     7     0     0   -95.0   38.858  114.828    692.0    851.9
     1     1    21     6    16     6     0     0   -96.0   38.761  114.660    679.2    852.3
