     2     1
    CDC1    21     9     1     0     0
    CDC1    21    10     1     0     0
     1 BACKWARD OMEGA   
  2021    10     8    18   37.500  127.000   500.0
     1 PRESSURE
     1     1    21    10     8    18     0     0     0.0   37.500  127.000    500.0    946.3
     1     1    21    10     8    17     0     0    -1.0   37.385  127.176    494.5    946.3
     1     1    21    10     8    16     0     0    -2.0   37.292  127.344    491.8    945.7
     1     1    21    10     8    15     0     0    -3.0   37.221  127.502    491.3    944.9
     1     1    21    10     8    14     0     0    -4.0   37.170  127.647    492.5    945.2
     1     1    21    10     8    13     0     0    -5.0   37.139  127.780    494.7    945.2
     1     1    21    10     8    12     0     0    -6.0   37.128  127.898    497.5    945.1
     1     1    21    10     8    11     0     0    -7.0   37.125  128.007    501.1    944.8
     1     1    21    10     8    10     0     0    -8.0   37.122  128.108    505.9    944.4
     1     1    21    10     8     9     0     0    -9.0   37.118  128.203    511.6    943.7
     1     1    21    10     8     8     0     0   -10.0   37.113  128.290    518.4    942.9
     1     1    21    10     8     7     0     0   -11.0   37.106  128.371    526.1    942.0
     1     1    21    10     8     6     0     0   -12.0   37.098  128.444    534.6    941.0
     1     1    21    10     8     5     0     0   -13.0   37.089  128.518    540.7    940.1
     1     1    21    10     8     4     0     0   -14.0   37.080  128.601    541.0    940.2
     1     1    21    10     8     3     0     0   -15.0   37.072  128.693    535.7    940.9
     1     1    21    10     8     2     0     0   -16.0   37.065  128.795    525.2    942.2
     1     1    21    10     8     1     0     0   -17.0   37.060  128.908    509.8    944.1
     1     1    21    10     8     0     0     0   -18.0   37.057  129.033    490.3    946.6
     1     1    21    10     7    23     0     0   -19.0   37.058  129.159    470.1    949.4
     1     1    21    10     7    22     0     0   -20.0   37.063  129.273    452.3    951.4
     1     1    21    10     7    21     0     0   -21.0   37.072  129.375    436.5    953.2
     1     1    21    10     7    20     0     0   -22.0   37.087  129.463    422.2    954.9
     1     1    21    10     7    19     0     0   -23.0   37.105  129.537    409.2    956.3
     1     1    21    10     7    18     0     0   -24.0   37.129  129.597    397.3    957.7
     1     1    21    10     7    17     0     0   -25.0   37.162  129.640    386.1    959.1
     1     1    21    10     7    16     0     0   -26.0   37.208  129.664    374.7    960.4
     1     1    21    10     7    15     0     0   -27.0   37.266  129.667    363.4    961.6
     1     1    21    10     7    14     0     0   -28.0   37.337  129.649    352.1    962.8
     1     1    21    10     7    13     0     0   -29.0   37.420  129.611    340.8    964.0
     1     1    21    10     7    12     0     0   -30.0   37.516  129.551    329.5    964.9
     1     1    21    10     7    11     0     0   -31.0   37.611  129.470    318.4    964.3
     1     1    21    10     7    10     0     0   -32.0   37.689  129.369    308.2    963.6
     1     1    21    10     7     9     0     0   -33.0   37.751  129.249    298.6    963.0
     1     1    21    10     7     8     0     0   -34.0   37.799  129.108    289.9    962.3
     1     1    21    10     7     7     0     0   -35.0   37.834  128.948    282.0    961.6
     1     1    21    10     7     6     0     0   -36.0   37.859  128.768    275.4    960.9
     1     1    21    10     7     5     0     0   -37.0   37.874  128.583    269.2    960.6
     1     1    21    10     7     4     0     0   -38.0   37.876  128.408    261.8    960.8
     1     1    21    10     7     3     0     0   -39.0   37.866  128.237    253.1    961.4
     1     1    21    10     7     2     0     0   -40.0   37.845  128.068    242.8    962.3
     1     1    21    10     7     1     0     0   -41.0   37.813  127.896    230.9    963.7
     1     1    21    10     7     0     0     0   -42.0   37.772  127.716    217.5    965.4
     1     1    21    10     6    23     0     0   -43.0   37.720  127.542    203.7    967.7
     1     1    21    10     6    22     0     0   -44.0   37.654  127.395    190.2    970.9
     1     1    21    10     6    21     0     0   -45.0   37.574  127.281    176.8    974.3
     1     1    21    10     6    20     0     0   -46.0   37.480  127.202    163.2    977.5
     1     1    21    10     6    19     0     0   -47.0   37.371  127.161    149.3    979.5
     1     1    21    10     6    18     0     0   -48.0   37.247  127.159    135.4    981.3
     1     1    21    10     6    17     0     0   -49.0   37.122  127.187    122.7    983.1
     1     1    21    10     6    16     0     0   -50.0   37.014  127.238    112.2    984.3
     1     1    21    10     6    15     0     0   -51.0   36.922  127.310    103.6    985.3
     1     1    21    10     6    14     0     0   -52.0   36.847  127.402     96.6    985.9
     1     1    21    10     6    13     0     0   -53.0   36.788  127.517     90.9    986.4
     1     1    21    10     6    12     0     0   -54.0   36.750  127.654     85.9    987.6
     1     1    21    10     6    11     0     0   -55.0   36.724  127.808     81.4    988.7
     1     1    21    10     6    10     0     0   -56.0   36.702  127.971     77.2    989.7
     1     1    21    10     6     9     0     0   -57.0   36.686  128.144     72.9    990.7
     1     1    21    10     6     8     0     0   -58.0   36.675  128.327     68.4    991.6
     1     1    21    10     6     7     0     0   -59.0   36.671  128.522     63.3    992.6
     1     1    21    10     6     6     0     0   -60.0   36.674  128.730     57.6    993.7
     1     1    21    10     6     5     0     0   -61.0   36.690  128.948     51.9    995.4
     1     1    21    10     6     4     0     0   -62.0   36.724  129.174     46.5    997.1
     1     1    21    10     6     3     0     0   -63.0   36.779  129.407     41.6    998.9
     1     1    21    10     6     2     0     0   -64.0   36.854  129.651     37.2   1000.9
     1     1    21    10     6     1     0     0   -65.0   36.952  129.905     33.5   1002.9
     1     1    21    10     6     0     0     0   -66.0   37.074  130.171     30.4   1005.9
     1     1    21    10     5    23     0     0   -67.0   37.211  130.433     27.8   1008.4
     1     1    21    10     5    22     0     0   -68.0   37.360  130.683     25.3   1011.2
     1     1    21    10     5    21     0     0   -69.0   37.522  130.921     22.9   1013.8
     1     1    21    10     5    20     0     0   -70.0   37.696  131.143     20.8   1015.1
     1     1    21    10     5    19     0     0   -71.0   37.884  131.343     19.1   1016.4
     1     1    21    10     5    18     0     0   -72.0   38.088  131.522     17.7   1017.7
     1     1    21    10     5    17     0     0   -73.0   38.303  131.681     16.6   1019.5
     1     1    21    10     5    16     0     0   -74.0   38.527  131.822     15.8   1021.2
     1     1    21    10     5    15     0     0   -75.0   38.763  131.946     15.2   1022.9
     1     1    21    10     5    14     0     0   -76.0   39.015  132.056     14.8   1024.6
     1     1    21    10     5    13     0     0   -77.0   39.287  132.157     14.6   1026.4
     1     1    21    10     5    12     0     0   -78.0   39.584  132.254     14.5   1028.3
     1     1    21    10     5    11     0     0   -79.0   39.907  132.368     14.4   1030.4
     1     1    21    10     5    10     0     0   -80.0   40.237  132.508     14.3   1029.2
     1     1    21    10     5     9     0     0   -81.0   40.555  132.657     14.1   1024.5
     1     1    21    10     5     8     0     0   -82.0   40.852  132.811     13.9   1020.4
     1     1    21    10     5     7     0     0   -83.0   41.132  132.974     13.6   1016.9
     1     1    21    10     5     6     0     0   -84.0   41.396  133.151     13.3   1013.9
     1     1    21    10     5     5     0     0   -85.0   41.651  133.337     13.1   1011.5
     1     1    21    10     5     4     0     0   -86.0   41.905  133.530     13.3   1009.2
     1     1    21    10     5     3     0     0   -87.0   42.167  133.735     13.9   1007.2
     1     1    21    10     5     2     0     0   -88.0   42.444  133.959     15.3   1005.2
     1     1    21    10     5     1     0     0   -89.0   42.726  134.186     17.6   1004.4
     1     1    21    10     5     0     0     0   -90.0   42.996  134.394     21.1   1003.5
     1     1    21    10     4    23     0     0   -91.0   43.246  134.567     25.4   1002.1
     1     1    21    10     4    22     0     0   -92.0   43.476  134.696     29.9   1000.5
     1     1    21    10     4    21     0     0   -93.0   43.691  134.786     34.2    998.8
     1     1    21    10     4    20     0     0   -94.0   43.892  134.841     38.2    997.0
     1     1    21    10     4    19     0     0   -95.0   44.080  134.866     41.8    995.1
     1     1    21    10     4    18     0     0   -96.0   44.255  134.864     44.9    993.3
