     2     1
    CDC1    21     1     1     0     0
    CDC1    21     2     1     0     0
     1 BACKWARD OMEGA   
  2021     2     2     3   37.500  127.000   500.0
     1 PRESSURE
     1     1    21     2     2     3     0     0     0.0   37.500  127.000    500.0    941.1
     1     1    21     2     2     2     0     0    -1.0   37.613  126.710    543.7    936.5
     1     1    21     2     2     1     0     0    -2.0   37.736  126.447    595.1    930.4
     1     1    21     2     2     0     0     0    -3.0   37.869  126.210    654.0    922.9
     1     1    21     2     1    23     0     0    -4.0   38.033  125.972    720.2    913.5
     1     1    21     2     1    22     0     0    -5.0   38.246  125.707    793.5    903.3
     1     1    21     2     1    21     0     0    -6.0   38.507  125.415    874.9    892.1
     1     1    21     2     1    20     0     0    -7.0   38.820  125.093    966.1    879.4
     1     1    21     2     1    19     0     0    -8.0   39.182  124.733   1068.5    864.9
     1     1    21     2     1    18     0     0    -9.0   39.588  124.332   1182.9    850.5
     1     1    21     2     1    17     0     0   -10.0   40.001  123.894   1303.9    836.9
     1     1    21     2     1    16     0     0   -11.0   40.383  123.428   1421.6    826.3
     1     1    21     2     1    15     0     0   -12.0   40.737  122.939   1531.6    817.4
     1     1    21     2     1    14     0     0   -13.0   41.073  122.432   1632.4    808.5
     1     1    21     2     1    13     0     0   -14.0   41.397  121.895   1719.6    792.1
     1     1    21     2     1    12     0     0   -15.0   41.719  121.319   1798.5    774.1
     1     1    21     2     1    11     0     0   -16.0   42.042  120.714   1869.8    754.5
     1     1    21     2     1    10     0     0   -17.0   42.365  120.087   1933.8    733.6
     1     1    21     2     1     9     0     0   -18.0   42.685  119.446   1991.4    710.9
     1     1    21     2     1     8     0     0   -19.0   43.000  118.803   2047.4    691.0
     1     1    21     2     1     7     0     0   -20.0   43.315  118.168   2100.6    673.1
     1     1    21     2     1     6     0     0   -21.0   43.633  117.554   2152.3    657.0
     1     1    21     2     1     5     0     0   -22.0   43.956  116.969   2210.9    649.6
     1     1    21     2     1     4     0     0   -23.0   44.282  116.419   2268.6    644.6
     1     1    21     2     1     3     0     0   -24.0   44.613  115.910   2325.5    641.0
     1     1    21     2     1     2     0     0   -25.0   44.952  115.453   2381.5    638.6
     1     1    21     2     1     1     0     0   -26.0   45.304  115.040   2434.5    637.8
     1     1    21     2     1     0     0     0   -27.0   45.670  114.659   2482.0    637.5
     1     1    21     1    31    23     0     0   -28.0   46.037  114.301   2527.4    636.1
     1     1    21     1    31    22     0     0   -29.0   46.394  113.959   2573.7    632.5
     1     1    21     1    31    21     0     0   -30.0   46.743  113.644   2618.3    627.8
     1     1    21     1    31    20     0     0   -31.0   47.083  113.364   2659.0    622.3
     1     1    21     1    31    19     0     0   -32.0   47.417  113.127   2694.1    616.5
     1     1    21     1    31    18     0     0   -33.0   47.747  112.920   2723.1    611.1
     1     1    21     1    31    17     0     0   -34.0   48.074  112.726   2746.3    606.6
     1     1    21     1    31    16     0     0   -35.0   48.397  112.549   2764.8    602.6
     1     1    21     1    31    15     0     0   -36.0   48.718  112.395   2779.2    599.5
     1     1    21     1    31    14     0     0   -37.0   49.034  112.268   2790.1    597.1
     1     1    21     1    31    13     0     0   -38.0   49.346  112.176   2797.6    595.4
     1     1    21     1    31    12     0     0   -39.0   49.655  112.123   2802.2    594.3
     1     1    21     1    31    11     0     0   -40.0   49.955  112.093   2805.9    593.7
     1     1    21     1    31    10     0     0   -41.0   50.239  112.051   2809.7    593.6
     1     1    21     1    31     9     0     0   -42.0   50.509  111.981   2815.5    593.1
     1     1    21     1    31     8     0     0   -43.0   50.763  111.883   2824.3    592.4
     1     1    21     1    31     7     0     0   -44.0   51.000  111.761   2837.0    591.2
     1     1    21     1    31     6     0     0   -45.0   51.219  111.620   2854.3    589.7
     1     1    21     1    31     5     0     0   -46.0   51.430  111.452   2871.3    588.1
     1     1    21     1    31     4     0     0   -47.0   51.646  111.250   2883.3    587.7
     1     1    21     1    31     3     0     0   -48.0   51.868  111.022   2891.2    588.0
     1     1    21     1    31     2     0     0   -49.0   52.093  110.774   2895.8    588.9
     1     1    21     1    31     1     0     0   -50.0   52.324  110.513   2898.1    590.6
     1     1    21     1    31     0     0     0   -51.0   52.558  110.247   2897.6    592.2
     1     1    21     1    30    23     0     0   -52.0   52.790  109.989   2894.0    592.0
     1     1    21     1    30    22     0     0   -53.0   53.010  109.745   2898.4    593.5
     1     1    21     1    30    21     0     0   -54.0   53.216  109.513   2907.0    594.5
     1     1    21     1    30    20     0     0   -55.0   53.404  109.295   2920.4    595.1
     1     1    21     1    30    19     0     0   -56.0   53.574  109.092   2939.0    595.0
     1     1    21     1    30    18     0     0   -57.0   53.724  108.902   2963.3    594.4
     1     1    21     1    30    17     0     0   -58.0   53.866  108.695   2988.2    593.9
     1     1    21     1    30    16     0     0   -59.0   54.014  108.443   3005.6    595.0
     1     1    21     1    30    15     0     0   -60.0   54.163  108.145   3015.5    597.3
     1     1    21     1    30    14     0     0   -61.0   54.311  107.799   3016.9    600.9
     1     1    21     1    30    13     0     0   -62.0   54.456  107.402   3007.8    605.8
     1     1    21     1    30    12     0     0   -63.0   54.600  106.947   2985.4    611.6
     1     1    21     1    30    11     0     0   -64.0   54.744  106.458   2956.0    619.7
     1     1    21     1    30    10     0     0   -65.0   54.884  105.953   2925.1    628.2
     1     1    21     1    30     9     0     0   -66.0   55.017  105.427   2892.4    637.5
     1     1    21     1    30     8     0     0   -67.0   55.140  104.882   2855.3    645.7
     1     1    21     1    30     7     0     0   -68.0   55.256  104.319   2810.3    649.4
     1     1    21     1    30     6     0     0   -69.0   55.368  103.731   2764.8    653.4
     1     1    21     1    30     5     0     0   -70.0   55.489  103.112   2718.8    658.4
     1     1    21     1    30     4     0     0   -71.0   55.629  102.453   2672.7    663.7
     1     1    21     1    30     3     0     0   -72.0   55.787  101.750   2621.4    666.5
     1     1    21     1    30     2     0     0   -73.0   55.958  100.997   2569.5    670.5
     1     1    21     1    30     1     0     0   -74.0   56.134  100.189   2516.0    676.0
     1     1    21     1    30     0     0     0   -75.0   56.312   99.326   2459.8    683.1
     1     1    21     1    29    23     0     0   -76.0   56.490   98.467   2399.1    691.7
     1     1    21     1    29    22     0     0   -77.0   56.668   97.667   2334.7    701.7
     1     1    21     1    29    21     0     0   -78.0   56.840   96.924   2266.4    713.0
     1     1    21     1    29    20     0     0   -79.0   57.005   96.232   2194.7    724.4
     1     1    21     1    29    19     0     0   -80.0   57.161   95.580   2120.5    735.3
     1     1    21     1    29    18     0     0   -81.0   57.306   94.958   2044.5    746.1
     1     1    21     1    29    17     0     0   -82.0   57.447   94.342   1970.2    756.0
     1     1    21     1    29    16     0     0   -83.0   57.591   93.717   1901.4    762.8
     1     1    21     1    29    15     0     0   -84.0   57.738   93.083   1837.1    768.2
     1     1    21     1    29    14     0     0   -85.0   57.884   92.436   1777.0    773.7
     1     1    21     1    29    13     0     0   -86.0   58.028   91.778   1721.9    780.6
     1     1    21     1    29    12     0     0   -87.0   58.166   91.108   1670.5    786.8
     1     1    21     1    29    11     0     0   -88.0   58.298   90.426   1621.5    792.3
     1     1    21     1    29    10     0     0   -89.0   58.427   89.739   1572.5    798.6
     1     1    21     1    29     9     0     0   -90.0   58.559   89.049   1525.5    805.6
     1     1    21     1    29     8     0     0   -91.0   58.702   88.361   1480.1    812.2
     1     1    21     1    29     7     0     0   -92.0   58.862   87.675   1435.9    818.4
     1     1    21     1    29     6     0     0   -93.0   59.046   86.994   1393.0    824.7
     1     1    21     1    29     5     0     0   -94.0   59.231   86.343   1352.1    831.6
     1     1    21     1    29     4     0     0   -95.0   59.394   85.733   1313.3    838.3
     1     1    21     1    29     3     0     0   -96.0   59.532   85.163   1277.7    844.4
