     2     1
    CDC1    21     8     1     0     0
    CDC1    21     9     1     0     0
     1 BACKWARD OMEGA   
  2021     9    13    12   37.500  127.000   500.0
     1 PRESSURE
     1     1    21     9    13    12     0     0     0.0   37.500  127.000    500.0    940.8
     1     1    21     9    13    11     0     0    -1.0   37.422  127.263    514.9    938.1
     1     1    21     9    13    10     0     0    -2.0   37.334  127.519    531.0    935.3
     1     1    21     9    13     9     0     0    -3.0   37.242  127.769    548.6    934.6
     1     1    21     9    13     8     0     0    -4.0   37.153  128.012    567.3    933.7
     1     1    21     9    13     7     0     0    -5.0   37.065  128.246    587.2    932.6
     1     1    21     9    13     6     0     0    -6.0   36.980  128.470    608.5    931.2
     1     1    21     9    13     5     0     0    -7.0   36.897  128.688    629.5    929.5
     1     1    21     9    13     4     0     0    -8.0   36.818  128.903    648.5    927.8
     1     1    21     9    13     3     0     0    -9.0   36.744  129.112    666.3    926.2
     1     1    21     9    13     2     0     0   -10.0   36.678  129.315    683.6    924.6
     1     1    21     9    13     1     0     0   -11.0   36.620  129.510    700.9    923.0
     1     1    21     9    13     0     0     0   -12.0   36.572  129.698    718.8    921.3
     1     1    21     9    12    23     0     0   -13.0   36.536  129.877    738.7    919.3
     1     1    21     9    12    22     0     0   -14.0   36.515  130.048    760.5    917.2
     1     1    21     9    12    21     0     0   -15.0   36.511  130.211    783.8    915.3
     1     1    21     9    12    20     0     0   -16.0   36.524  130.365    807.8    913.5
     1     1    21     9    12    19     0     0   -17.0   36.553  130.512    832.5    911.7
     1     1    21     9    12    18     0     0   -18.0   36.597  130.651    857.8    909.9
     1     1    21     9    12    17     0     0   -19.0   36.652  130.777    882.0    908.1
     1     1    21     9    12    16     0     0   -20.0   36.711  130.887    903.7    906.6
     1     1    21     9    12    15     0     0   -21.0   36.772  130.982    922.2    905.5
     1     1    21     9    12    14     0     0   -22.0   36.834  131.064    937.2    904.6
     1     1    21     9    12    13     0     0   -23.0   36.896  131.133    948.2    904.0
     1     1    21     9    12    12     0     0   -24.0   36.957  131.191    954.9    903.9
     1     1    21     9    12    11     0     0   -25.0   37.020  131.236    958.6    903.8
     1     1    21     9    12    10     0     0   -26.0   37.090  131.265    960.2    903.9
     1     1    21     9    12     9     0     0   -27.0   37.166  131.279    960.4    904.0
     1     1    21     9    12     8     0     0   -28.0   37.251  131.278    959.6    904.2
     1     1    21     9    12     7     0     0   -29.0   37.343  131.263    958.3    904.4
     1     1    21     9    12     6     0     0   -30.0   37.446  131.234    957.1    904.5
     1     1    21     9    12     5     0     0   -31.0   37.557  131.189    960.0    904.3
     1     1    21     9    12     4     0     0   -32.0   37.676  131.122    972.3    901.7
     1     1    21     9    12     3     0     0   -33.0   37.801  131.031    994.4    897.8
     1     1    21     9    12     2     0     0   -34.0   37.930  130.916   1026.6    892.5
     1     1    21     9    12     1     0     0   -35.0   38.063  130.778   1069.6    885.8
     1     1    21     9    12     0     0     0   -36.0   38.198  130.616   1124.1    877.6
     1     1    21     9    11    23     0     0   -37.0   38.327  130.427   1183.9    867.8
     1     1    21     9    11    22     0     0   -38.0   38.447  130.207   1241.9    858.7
     1     1    21     9    11    21     0     0   -39.0   38.559  129.955   1297.5    849.5
     1     1    21     9    11    20     0     0   -40.0   38.664  129.671   1350.2    841.1
     1     1    21     9    11    19     0     0   -41.0   38.764  129.356   1399.3    832.9
     1     1    21     9    11    18     0     0   -42.0   38.857  129.010   1445.3    824.9
     1     1    21     9    11    17     0     0   -43.0   38.946  128.647   1491.4    817.3
     1     1    21     9    11    16     0     0   -44.0   39.031  128.277   1539.7    809.1
     1     1    21     9    11    15     0     0   -45.0   39.112  127.899   1589.6    800.6
     1     1    21     9    11    14     0     0   -46.0   39.189  127.511   1639.9    792.1
     1     1    21     9    11    13     0     0   -47.0   39.263  127.115   1692.1    788.7
     1     1    21     9    11    12     0     0   -48.0   39.332  126.715   1740.3    785.9
     1     1    21     9    11    11     0     0   -49.0   39.398  126.307   1780.8    783.9
     1     1    21     9    11    10     0     0   -50.0   39.462  125.889   1808.1    783.5
     1     1    21     9    11     9     0     0   -51.0   39.520  125.461   1820.3    784.6
     1     1    21     9    11     8     0     0   -52.0   39.571  125.025   1815.5    787.6
     1     1    21     9    11     7     0     0   -53.0   39.612  124.586   1794.3    793.0
     1     1    21     9    11     6     0     0   -54.0   39.641  124.153   1758.8    800.1
     1     1    21     9    11     5     0     0   -55.0   39.662  123.735   1713.8    808.4
     1     1    21     9    11     4     0     0   -56.0   39.678  123.334   1663.7    816.5
     1     1    21     9    11     3     0     0   -57.0   39.690  122.946   1607.7    825.1
     1     1    21     9    11     2     0     0   -58.0   39.696  122.565   1545.6    834.5
     1     1    21     9    11     1     0     0   -59.0   39.697  122.189   1477.1    841.4
     1     1    21     9    11     0     0     0   -60.0   39.696  121.815   1406.8    847.8
     1     1    21     9    10    23     0     0   -61.0   39.684  121.445   1340.7    854.7
     1     1    21     9    10    22     0     0   -62.0   39.653  121.081   1283.0    860.2
     1     1    21     9    10    21     0     0   -63.0   39.599  120.718   1233.2    864.7
     1     1    21     9    10    20     0     0   -64.0   39.518  120.351   1190.5    868.8
     1     1    21     9    10    19     0     0   -65.0   39.408  119.977   1153.6    872.4
     1     1    21     9    10    18     0     0   -66.0   39.270  119.598   1121.6    873.1
     1     1    21     9    10    17     0     0   -67.0   39.113  119.246   1097.3    874.0
     1     1    21     9    10    16     0     0   -68.0   38.942  118.948   1079.1    875.3
     1     1    21     9    10    15     0     0   -69.0   38.754  118.699   1065.6    877.1
     1     1    21     9    10    14     0     0   -70.0   38.547  118.500   1056.1    879.7
     1     1    21     9    10    13     0     0   -71.0   38.321  118.349   1050.4    882.7
     1     1    21     9    10    12     0     0   -72.0   38.075  118.246   1048.9    886.3
     1     1    21     9    10    11     0     0   -73.0   37.830  118.175   1051.0    889.5
     1     1    21     9    10    10     0     0   -74.0   37.607  118.119   1056.3    892.3
     1     1    21     9    10     9     0     0   -75.0   37.408  118.077   1062.3    893.0
     1     1    21     9    10     8     0     0   -76.0   37.239  118.050   1068.0    891.9
     1     1    21     9    10     7     0     0   -77.0   37.099  118.034   1073.6    891.0
     1     1    21     9    10     6     0     0   -78.0   36.988  118.031   1078.7    890.2
     1     1    21     9    10     5     0     0   -79.0   36.897  118.033   1084.3    889.5
     1     1    21     9    10     4     0     0   -80.0   36.821  118.034   1091.2    888.6
     1     1    21     9    10     3     0     0   -81.0   36.757  118.034   1099.3    887.6
     1     1    21     9    10     2     0     0   -82.0   36.707  118.031   1108.7    886.5
     1     1    21     9    10     1     0     0   -83.0   36.667  118.025   1119.3    885.3
     1     1    21     9    10     0     0     0   -84.0   36.639  118.015   1131.0    884.0
     1     1    21     9     9    23     0     0   -85.0   36.618  117.993   1142.4    882.7
     1     1    21     9     9    22     0     0   -86.0   36.602  117.954   1151.5    881.7
     1     1    21     9     9    21     0     0   -87.0   36.592  117.898   1158.6    880.9
     1     1    21     9     9    20     0     0   -88.0   36.588  117.825   1163.6    880.4
     1     1    21     9     9    19     0     0   -89.0   36.592  117.738   1167.0    880.0
     1     1    21     9     9    18     0     0   -90.0   36.604  117.637   1168.8    879.8
     1     1    21     9     9    17     0     0   -91.0   36.614  117.524   1168.9    879.4
     1     1    21     9     9    16     0     0   -92.0   36.613  117.401   1165.7    878.3
     1     1    21     9     9    15     0     0   -93.0   36.599  117.266   1159.4    877.1
     1     1    21     9     9    14     0     0   -94.0   36.576  117.119   1150.5    876.1
     1     1    21     9     9    13     0     0   -95.0   36.544  116.959   1139.5    875.1
     1     1    21     9     9    12     0     0   -96.0   36.506  116.785   1127.0    874.3
