     2     1
    CDC1    21     4     1     0     0
    CDC1    21     5     1     0     0
     1 BACKWARD OMEGA   
  2021     5    14    15   37.500  127.000   500.0
     1 PRESSURE
     1     1    21     5    14    15     0     0     0.0   37.500  127.000    500.0    934.4
     1     1    21     5    14    14     0     0    -1.0   37.313  127.055    499.9    934.7
     1     1    21     5    14    13     0     0    -2.0   37.141  127.126    502.3    934.5
     1     1    21     5    14    12     0     0    -3.0   36.985  127.212    507.5    933.9
     1     1    21     5    14    11     0     0    -4.0   36.843  127.307    515.3    932.9
     1     1    21     5    14    10     0     0    -5.0   36.711  127.405    525.6    931.5
     1     1    21     5    14     9     0     0    -6.0   36.588  127.506    538.1    930.0
     1     1    21     5    14     8     0     0    -7.0   36.473  127.611    552.5    928.8
     1     1    21     5    14     7     0     0    -8.0   36.367  127.719    568.5    927.5
     1     1    21     5    14     6     0     0    -9.0   36.269  127.832    585.8    926.0
     1     1    21     5    14     5     0     0   -10.0   36.182  127.948    605.0    924.5
     1     1    21     5    14     4     0     0   -11.0   36.109  128.066    627.0    922.8
     1     1    21     5    14     3     0     0   -12.0   36.050  128.182    652.1    920.1
     1     1    21     5    14     2     0     0   -13.0   36.005  128.295    680.5    917.2
     1     1    21     5    14     1     0     0   -14.0   35.974  128.401    712.8    913.9
     1     1    21     5    14     0     0     0   -15.0   35.957  128.501    749.5    910.1
     1     1    21     5    13    23     0     0   -16.0   35.943  128.582    786.6    905.6
     1     1    21     5    13    22     0     0   -17.0   35.918  128.635    819.4    902.0
     1     1    21     5    13    21     0     0   -18.0   35.885  128.663    847.7    898.9
     1     1    21     5    13    20     0     0   -19.0   35.841  128.665    871.0    896.4
     1     1    21     5    13    19     0     0   -20.0   35.788  128.643    889.2    894.3
     1     1    21     5    13    18     0     0   -21.0   35.725  128.598    902.2    892.8
     1     1    21     5    13    17     0     0   -22.0   35.660  128.551    912.7    891.9
     1     1    21     5    13    16     0     0   -23.0   35.601  128.523    923.2    890.8
     1     1    21     5    13    15     0     0   -24.0   35.549  128.514    933.7    889.6
     1     1    21     5    13    14     0     0   -25.0   35.503  128.526    943.8    888.4
     1     1    21     5    13    13     0     0   -26.0   35.464  128.557    953.5    887.2
     1     1    21     5    13    12     0     0   -27.0   35.432  128.609    962.5    886.1
     1     1    21     5    13    11     0     0   -28.0   35.406  128.678    971.1    885.1
     1     1    21     5    13    10     0     0   -29.0   35.387  128.760    979.4    884.0
     1     1    21     5    13     9     0     0   -30.0   35.373  128.856    987.7    882.9
     1     1    21     5    13     8     0     0   -31.0   35.367  128.964    995.8    881.9
     1     1    21     5    13     7     0     0   -32.0   35.367  129.085   1003.9    880.8
     1     1    21     5    13     6     0     0   -33.0   35.374  129.219   1012.0    879.7
     1     1    21     5    13     5     0     0   -34.0   35.392  129.357   1021.2    878.7
     1     1    21     5    13     4     0     0   -35.0   35.424  129.490   1032.2    877.5
     1     1    21     5    13     3     0     0   -36.0   35.468  129.616   1045.3    876.1
     1     1    21     5    13     2     0     0   -37.0   35.524  129.734   1060.6    874.6
     1     1    21     5    13     1     0     0   -38.0   35.592  129.844   1077.9    872.9
     1     1    21     5    13     0     0     0   -39.0   35.671  129.943   1097.3    871.1
     1     1    21     5    12    23     0     0   -40.0   35.742  130.029   1118.1    869.1
     1     1    21     5    12    22     0     0   -41.0   35.785  130.101   1138.3    867.4
     1     1    21     5    12    21     0     0   -42.0   35.799  130.159   1158.5    865.5
     1     1    21     5    12    20     0     0   -43.0   35.784  130.203   1178.5    863.5
     1     1    21     5    12    19     0     0   -44.0   35.739  130.233   1198.5    861.3
     1     1    21     5    12    18     0     0   -45.0   35.664  130.249   1218.1    858.9
     1     1    21     5    12    17     0     0   -46.0   35.571  130.275   1235.9    856.6
     1     1    21     5    12    16     0     0   -47.0   35.470  130.334   1251.6    854.7
     1     1    21     5    12    15     0     0   -48.0   35.358  130.428   1264.7    853.1
     1     1    21     5    12    14     0     0   -49.0   35.236  130.560   1274.9    851.8
     1     1    21     5    12    13     0     0   -50.0   35.100  130.733   1282.0    850.9
     1     1    21     5    12    12     0     0   -51.0   34.951  130.947   1285.8    850.7
     1     1    21     5    12    11     0     0   -52.0   34.783  131.171   1281.2    851.7
     1     1    21     5    12    10     0     0   -53.0   34.595  131.373   1261.8    854.4
     1     1    21     5    12     9     0     0   -54.0   34.389  131.553   1227.7    858.4
     1     1    21     5    12     8     0     0   -55.0   34.165  131.711   1178.5    863.7
     1     1    21     5    12     7     0     0   -56.0   33.924  131.846   1114.3    870.6
     1     1    21     5    12     6     0     0   -57.0   33.669  131.960   1035.6    878.9
     1     1    21     5    12     5     0     0   -58.0   33.416  132.075    949.1    889.1
     1     1    21     5    12     4     0     0   -59.0   33.179  132.221    860.6    898.1
     1     1    21     5    12     3     0     0   -60.0   32.960  132.403    769.4    907.6
     1     1    21     5    12     2     0     0   -61.0   32.765  132.633    677.1    918.4
     1     1    21     5    12     1     0     0   -62.0   32.604  132.919    587.7    929.7
     1     1    21     5    12     0     0     0   -63.0   32.486  133.258    506.1    940.3
     1     1    21     5    11    23     0     0   -64.0   32.400  133.621    437.6    950.6
     1     1    21     5    11    22     0     0   -65.0   32.330  133.975    383.1    958.7
     1     1    21     5    11    21     0     0   -66.0   32.271  134.316    339.6    964.6
     1     1    21     5    11    20     0     0   -67.0   32.222  134.641    304.9    969.7
     1     1    21     5    11    19     0     0   -68.0   32.181  134.944    278.3    973.9
     1     1    21     5    11    18     0     0   -69.0   32.143  135.224    259.1    976.8
     1     1    21     5    11    17     0     0   -70.0   32.113  135.480    245.2    979.0
     1     1    21     5    11    16     0     0   -71.0   32.096  135.715    234.6    980.9
     1     1    21     5    11    15     0     0   -72.0   32.088  135.927    227.0    982.3
     1     1    21     5    11    14     0     0   -73.0   32.087  136.117    222.2    983.2
     1     1    21     5    11    13     0     0   -74.0   32.092  136.282    220.0    983.7
     1     1    21     5    11    12     0     0   -75.0   32.101  136.423    220.3    983.8
     1     1    21     5    11    11     0     0   -76.0   32.115  136.541    221.4    983.3
     1     1    21     5    11    10     0     0   -77.0   32.136  136.641    221.3    983.1
     1     1    21     5    11     9     0     0   -78.0   32.164  136.722    220.3    983.1
     1     1    21     5    11     8     0     0   -79.0   32.199  136.787    218.5    983.0
     1     1    21     5    11     7     0     0   -80.0   32.242  136.836    216.1    983.1
     1     1    21     5    11     6     0     0   -81.0   32.293  136.870    213.1    983.1
     1     1    21     5    11     5     0     0   -82.0   32.345  136.893    209.8    983.7
     1     1    21     5    11     4     0     0   -83.0   32.389  136.907    206.1    984.3
     1     1    21     5    11     3     0     0   -84.0   32.424  136.912    201.9    985.0
     1     1    21     5    11     2     0     0   -85.0   32.451  136.908    197.1    985.7
     1     1    21     5    11     1     0     0   -86.0   32.468  136.894    191.8    986.4
     1     1    21     5    11     0     0     0   -87.0   32.476  136.872    185.7    987.1
     1     1    21     5    10    23     0     0   -88.0   32.476  136.842    180.9    987.5
     1     1    21     5    10    22     0     0   -89.0   32.470  136.808    179.1    987.3
     1     1    21     5    10    21     0     0   -90.0   32.459  136.770    180.2    986.9
     1     1    21     5    10    20     0     0   -91.0   32.442  136.726    184.3    986.2
     1     1    21     5    10    19     0     0   -92.0   32.419  136.677    191.1    985.3
     1     1    21     5    10    18     0     0   -93.0   32.389  136.620    200.7    984.1
     1     1    21     5    10    17     0     0   -94.0   32.353  136.558    211.5    982.9
     1     1    21     5    10    16     0     0   -95.0   32.310  136.492    222.3    981.8
     1     1    21     5    10    15     0     0   -96.0   32.262  136.423    233.1    980.9
