     2     1
    CDC1    21     5     1     0     0
    CDC1    21     6     1     0     0
     1 BACKWARD OMEGA   
  2021     6    21     9   37.500  127.000   500.0
     1 PRESSURE
     1     1    21     6    21     9     0     0     0.0   37.500  127.000    500.0    929.9
     1     1    21     6    21     8     0     0    -1.0   37.568  126.913    491.7    930.0
     1     1    21     6    21     7     0     0    -2.0   37.638  126.822    482.8    930.2
     1     1    21     6    21     6     0     0    -3.0   37.709  126.725    473.3    930.5
     1     1    21     6    21     5     0     0    -4.0   37.781  126.622    463.6    931.2
     1     1    21     6    21     4     0     0    -5.0   37.853  126.516    453.5    931.9
     1     1    21     6    21     3     0     0    -6.0   37.926  126.409    442.7    932.7
     1     1    21     6    21     2     0     0    -7.0   38.001  126.302    431.0    933.7
     1     1    21     6    21     1     0     0    -8.0   38.076  126.198    418.3    934.8
     1     1    21     6    21     0     0     0    -9.0   38.153  126.099    404.1    936.0
     1     1    21     6    20    23     0     0   -10.0   38.233  125.997    390.3    937.2
     1     1    21     6    20    22     0     0   -11.0   38.317  125.886    378.3    937.8
     1     1    21     6    20    21     0     0   -12.0   38.408  125.763    368.4    938.0
     1     1    21     6    20    20     0     0   -13.0   38.505  125.628    360.6    938.1
     1     1    21     6    20    19     0     0   -14.0   38.609  125.481    355.1    937.9
     1     1    21     6    20    18     0     0   -15.0   38.721  125.321    352.2    937.6
     1     1    21     6    20    17     0     0   -16.0   38.835  125.158    350.0    937.2
     1     1    21     6    20    16     0     0   -17.0   38.944  124.999    346.4    937.1
     1     1    21     6    20    15     0     0   -18.0   39.047  124.846    341.4    937.3
     1     1    21     6    20    14     0     0   -19.0   39.142  124.699    335.0    937.8
     1     1    21     6    20    13     0     0   -20.0   39.234  124.557    327.3    938.6
     1     1    21     6    20    12     0     0   -21.0   39.326  124.419    318.4    939.5
     1     1    21     6    20    11     0     0   -22.0   39.412  124.285    308.0    940.5
     1     1    21     6    20    10     0     0   -23.0   39.489  124.152    296.3    941.8
     1     1    21     6    20     9     0     0   -24.0   39.558  124.020    283.7    943.4
     1     1    21     6    20     8     0     0   -25.0   39.621  123.890    270.5    945.2
     1     1    21     6    20     7     0     0   -26.0   39.682  123.761    257.3    947.0
     1     1    21     6    20     6     0     0   -27.0   39.742  123.634    244.3    948.9
     1     1    21     6    20     5     0     0   -28.0   39.807  123.521    232.6    951.1
     1     1    21     6    20     4     0     0   -29.0   39.882  123.431    222.4    952.8
     1     1    21     6    20     3     0     0   -30.0   39.967  123.363    213.7    954.0
     1     1    21     6    20     2     0     0   -31.0   40.061  123.320    206.2    955.0
     1     1    21     6    20     1     0     0   -32.0   40.161  123.297    200.1    955.6
     1     1    21     6    20     0     0     0   -33.0   40.265  123.296    195.2    955.6
     1     1    21     6    19    23     0     0   -34.0   40.348  123.296    189.5    955.2
     1     1    21     6    19    22     0     0   -35.0   40.392  123.284    180.6    955.7
     1     1    21     6    19    21     0     0   -36.0   40.398  123.260    168.8    956.8
     1     1    21     6    19    20     0     0   -37.0   40.367  123.227    154.8    958.5
     1     1    21     6    19    19     0     0   -38.0   40.298  123.187    139.1    960.8
     1     1    21     6    19    18     0     0   -39.0   40.190  123.144    122.5    963.5
     1     1    21     6    19    17     0     0   -40.0   40.064  123.097    107.2    966.6
     1     1    21     6    19    16     0     0   -41.0   39.941  123.040     94.5    969.4
     1     1    21     6    19    15     0     0   -42.0   39.820  122.967     84.1    972.2
     1     1    21     6    19    14     0     0   -43.0   39.699  122.874     75.6    974.8
     1     1    21     6    19    13     0     0   -44.0   39.576  122.761     68.5    976.9
     1     1    21     6    19    12     0     0   -45.0   39.450  122.627     62.3    979.1
     1     1    21     6    19    11     0     0   -46.0   39.312  122.480     57.1    981.5
     1     1    21     6    19    10     0     0   -47.0   39.160  122.330     53.0    982.7
     1     1    21     6    19     9     0     0   -48.0   38.998  122.180     49.9    983.9
     1     1    21     6    19     8     0     0   -49.0   38.829  122.033     47.7    985.1
     1     1    21     6    19     7     0     0   -50.0   38.656  121.891     46.1    986.4
     1     1    21     6    19     6     0     0   -51.0   38.481  121.758     45.3    987.7
     1     1    21     6    19     5     0     0   -52.0   38.313  121.629     44.8    988.7
     1     1    21     6    19     4     0     0   -53.0   38.155  121.499     44.4    989.8
     1     1    21     6    19     3     0     0   -54.0   38.006  121.365     44.3    990.9
     1     1    21     6    19     2     0     0   -55.0   37.863  121.226     44.3    992.0
     1     1    21     6    19     1     0     0   -56.0   37.722  121.080     44.7    993.2
     1     1    21     6    19     0     0     0   -57.0   37.581  120.926     45.6    994.3
     1     1    21     6    18    23     0     0   -58.0   37.445  120.754     46.7    994.6
     1     1    21     6    18    22     0     0   -59.0   37.328  120.560     47.8    994.2
     1     1    21     6    18    21     0     0   -60.0   37.232  120.342     48.9    993.9
     1     1    21     6    18    20     0     0   -61.0   37.155  120.103     49.7    993.5
     1     1    21     6    18    19     0     0   -62.0   37.098  119.845     50.3    993.2
     1     1    21     6    18    18     0     0   -63.0   37.059  119.578     50.6    993.0
     1     1    21     6    18    17     0     0   -64.0   37.022  119.320     52.0    992.9
     1     1    21     6    18    16     0     0   -65.0   36.976  119.082     55.7    992.3
     1     1    21     6    18    15     0     0   -66.0   36.921  118.864     61.0    991.5
     1     1    21     6    18    14     0     0   -67.0   36.859  118.664     67.8    990.5
     1     1    21     6    18    13     0     0   -68.0   36.788  118.481     75.8    989.4
     1     1    21     6    18    12     0     0   -69.0   36.710  118.315     84.5    987.6
     1     1    21     6    18    11     0     0   -70.0   36.637  118.159     93.2    986.3
     1     1    21     6    18    10     0     0   -71.0   36.585  118.008    100.8    985.5
     1     1    21     6    18     9     0     0   -72.0   36.552  117.859    107.7    984.9
     1     1    21     6    18     8     0     0   -73.0   36.538  117.711    114.0    984.4
     1     1    21     6    18     7     0     0   -74.0   36.543  117.565    119.9    984.1
     1     1    21     6    18     6     0     0   -75.0   36.565  117.419    125.5    983.0
     1     1    21     6    18     5     0     0   -76.0   36.593  117.273    132.7    981.0
     1     1    21     6    18     4     0     0   -77.0   36.615  117.127    143.5    978.4
     1     1    21     6    18     3     0     0   -78.0   36.630  116.981    157.5    975.5
     1     1    21     6    18     2     0     0   -79.0   36.638  116.835    174.7    972.4
     1     1    21     6    18     1     0     0   -80.0   36.640  116.689    194.6    969.1
     1     1    21     6    18     0     0     0   -81.0   36.636  116.545    217.2    965.0
     1     1    21     6    17    23     0     0   -82.0   36.639  116.399    241.7    960.2
     1     1    21     6    17    22     0     0   -83.0   36.663  116.244    267.8    955.2
     1     1    21     6    17    21     0     0   -84.0   36.712  116.076    296.3    949.9
     1     1    21     6    17    20     0     0   -85.0   36.788  115.891    328.0    944.0
     1     1    21     6    17    19     0     0   -86.0   36.896  115.685    364.4    937.2
     1     1    21     6    17    18     0     0   -87.0   37.039  115.452    406.6    928.6
     1     1    21     6    17    17     0     0   -88.0   37.198  115.210    452.8    918.4
     1     1    21     6    17    16     0     0   -89.0   37.347  114.978    499.5    908.5
     1     1    21     6    17    15     0     0   -90.0   37.483  114.760    545.6    896.9
     1     1    21     6    17    14     0     0   -91.0   37.609  114.557    590.3    884.7
     1     1    21     6    17    13     0     0   -92.0   37.730  114.366    633.6    873.0
     1     1    21     6    17    12     0     0   -93.0   37.850  114.184    675.4    861.4
     1     1    21     6    17    11     0     0   -94.0   37.984  114.002    717.8    850.6
     1     1    21     6    17    10     0     0   -95.0   38.145  113.802    762.2    838.9
     1     1    21     6    17     9     0     0   -96.0   38.328  113.577    808.5    826.4
