     2     1
    CDC1    20    12     1     0     0
    CDC1    21     1     1     0     0
     1 BACKWARD OMEGA   
  2021     1     7     3   37.500  127.000   500.0
     1 PRESSURE
     1     1    21     1     7     3     0     0     0.0   37.500  127.000    500.0    939.1
     1     1    21     1     7     2     0     0    -1.0   37.750  126.599    529.4    934.6
     1     1    21     1     7     1     0     0    -2.0   38.006  126.204    567.9    928.8
     1     1    21     1     7     0     0     0    -3.0   38.271  125.822    615.9    922.1
     1     1    21     1     6    23     0     0    -4.0   38.559  125.461    666.0    912.8
     1     1    21     1     6    22     0     0    -5.0   38.882  125.130    710.1    905.0
     1     1    21     1     6    21     0     0    -6.0   39.248  124.832    748.5    897.7
     1     1    21     1     6    20     0     0    -7.0   39.659  124.572    782.0    891.0
     1     1    21     1     6    19     0     0    -8.0   40.118  124.350    812.1    885.5
     1     1    21     1     6    18     0     0    -9.0   40.620  124.152    840.7    882.2
     1     1    21     1     6    17     0     0   -10.0   41.127  123.955    869.6    878.4
     1     1    21     1     6    16     0     0   -11.0   41.607  123.749    900.3    874.4
     1     1    21     1     6    15     0     0   -12.0   42.063  123.538    932.1    870.3
     1     1    21     1     6    14     0     0   -13.0   42.494  123.326    964.7    865.9
     1     1    21     1     6    13     0     0   -14.0   42.898  123.109    997.0    865.4
     1     1    21     1     6    12     0     0   -15.0   43.275  122.884   1025.5    864.9
     1     1    21     1     6    11     0     0   -16.0   43.638  122.654   1049.9    863.7
     1     1    21     1     6    10     0     0   -17.0   43.996  122.420   1070.7    860.2
     1     1    21     1     6     9     0     0   -18.0   44.354  122.184   1087.0    852.9
     1     1    21     1     6     8     0     0   -19.0   44.716  121.947   1100.3    845.7
     1     1    21     1     6     7     0     0   -20.0   45.087  121.711   1110.1    837.6
     1     1    21     1     6     6     0     0   -21.0   45.469  121.475   1115.7    827.2
     1     1    21     1     6     5     0     0   -22.0   45.844  121.235   1117.6    818.1
     1     1    21     1     6     4     0     0   -23.0   46.200  120.990   1114.4    810.7
     1     1    21     1     6     3     0     0   -24.0   46.542  120.749   1106.5    804.6
     1     1    21     1     6     2     0     0   -25.0   46.874  120.521   1094.0    800.1
     1     1    21     1     6     1     0     0   -26.0   47.203  120.313   1077.2    797.0
     1     1    21     1     6     0     0     0   -27.0   47.531  120.133   1056.5    795.4
     1     1    21     1     5    23     0     0   -28.0   47.851  119.968   1035.3    795.6
     1     1    21     1     5    22     0     0   -29.0   48.152  119.806   1016.4    797.5
     1     1    21     1     5    21     0     0   -30.0   48.437  119.650    998.6    799.7
     1     1    21     1     5    20     0     0   -31.0   48.708  119.503    981.6    802.0
     1     1    21     1     5    19     0     0   -32.0   48.970  119.369    965.1    804.6
     1     1    21     1     5    18     0     0   -33.0   49.225  119.252    949.3    807.3
     1     1    21     1     5    17     0     0   -34.0   49.482  119.158    936.0    810.2
     1     1    21     1     5    16     0     0   -35.0   49.745  119.095    927.1    812.2
     1     1    21     1     5    15     0     0   -36.0   50.016  119.068    922.8    813.5
     1     1    21     1     5    14     0     0   -37.0   50.288  119.078    923.3    813.8
     1     1    21     1     5    13     0     0   -38.0   50.554  119.122    928.5    813.2
     1     1    21     1     5    12     0     0   -39.0   50.813  119.201    938.4    811.9
     1     1    21     1     5    11     0     0   -40.0   51.060  119.289    951.3    809.9
     1     1    21     1     5    10     0     0   -41.0   51.293  119.364    965.5    807.9
     1     1    21     1     5     9     0     0   -42.0   51.514  119.428    980.6    805.9
     1     1    21     1     5     8     0     0   -43.0   51.727  119.481    996.1    804.0
     1     1    21     1     5     7     0     0   -44.0   51.933  119.525   1011.7    802.1
     1     1    21     1     5     6     0     0   -45.0   52.133  119.561   1026.8    800.3
     1     1    21     1     5     5     0     0   -46.0   52.326  119.596   1041.9    798.6
     1     1    21     1     5     4     0     0   -47.0   52.508  119.637   1057.7    796.8
     1     1    21     1     5     3     0     0   -48.0   52.675  119.674   1072.9    793.5
     1     1    21     1     5     2     0     0   -49.0   52.829  119.699   1087.4    790.6
     1     1    21     1     5     1     0     0   -50.0   52.968  119.713   1101.3    787.8
     1     1    21     1     5     0     0     0   -51.0   53.094  119.715   1114.9    785.3
     1     1    21     1     4    23     0     0   -52.0   53.212  119.709   1129.8    783.0
     1     1    21     1     4    22     0     0   -53.0   53.326  119.699   1146.5    780.5
     1     1    21     1     4    21     0     0   -54.0   53.437  119.688   1165.6    777.6
     1     1    21     1     4    20     0     0   -55.0   53.542  119.677   1187.3    774.6
     1     1    21     1     4    19     0     0   -56.0   53.643  119.669   1211.8    771.3
     1     1    21     1     4    18     0     0   -57.0   53.738  119.666   1239.4    767.8
     1     1    21     1     4    17     0     0   -58.0   53.829  119.653   1266.7    763.5
     1     1    21     1     4    16     0     0   -59.0   53.920  119.616   1289.9    759.9
     1     1    21     1     4    15     0     0   -60.0   54.012  119.551   1308.4    756.8
     1     1    21     1     4    14     0     0   -61.0   54.104  119.457   1321.6    754.2
     1     1    21     1     4    13     0     0   -62.0   54.197  119.332   1328.7    752.1
     1     1    21     1     4    12     0     0   -63.0   54.290  119.172   1329.1    750.7
     1     1    21     1     4    11     0     0   -64.0   54.376  118.995   1329.0    749.8
     1     1    21     1     4    10     0     0   -65.0   54.448  118.815   1334.8    747.8
     1     1    21     1     4     9     0     0   -66.0   54.506  118.634   1347.2    745.1
     1     1    21     1     4     8     0     0   -67.0   54.551  118.452   1366.7    741.8
     1     1    21     1     4     7     0     0   -68.0   54.581  118.268   1394.0    737.8
     1     1    21     1     4     6     0     0   -69.0   54.596  118.085   1429.7    733.2
     1     1    21     1     4     5     0     0   -70.0   54.608  117.884   1467.6    727.6
     1     1    21     1     4     4     0     0   -71.0   54.630  117.648   1502.0    722.8
     1     1    21     1     4     3     0     0   -72.0   54.663  117.372   1531.5    718.1
     1     1    21     1     4     2     0     0   -73.0   54.707  117.051   1554.9    713.4
     1     1    21     1     4     1     0     0   -74.0   54.763  116.680   1571.4    709.1
     1     1    21     1     4     0     0     0   -75.0   54.831  116.254   1580.0    705.2
     1     1    21     1     3    23     0     0   -76.0   54.898  115.781   1584.8    702.1
     1     1    21     1     3    22     0     0   -77.0   54.955  115.271   1591.0    698.2
     1     1    21     1     3    21     0     0   -78.0   55.004  114.726   1598.8    694.4
     1     1    21     1     3    20     0     0   -79.0   55.048  114.147   1608.5    691.5
     1     1    21     1     3    19     0     0   -80.0   55.093  113.537   1618.2    688.6
     1     1    21     1     3    18     0     0   -81.0   55.144  112.897   1626.9    685.8
     1     1    21     1     3    17     0     0   -82.0   55.208  112.229   1636.1    686.8
     1     1    21     1     3    16     0     0   -83.0   55.289  111.539   1644.1    691.8
     1     1    21     1     3    15     0     0   -84.0   55.388  110.826   1649.5    697.2
     1     1    21     1     3    14     0     0   -85.0   55.501  110.087   1653.3    703.0
     1     1    21     1     3    13     0     0   -86.0   55.624  109.323   1658.0    714.1
     1     1    21     1     3    12     0     0   -87.0   55.759  108.532   1657.5    726.2
     1     1    21     1     3    11     0     0   -88.0   55.915  107.734   1646.7    738.0
     1     1    21     1     3    10     0     0   -89.0   56.102  106.946   1623.6    750.1
     1     1    21     1     3     9     0     0   -90.0   56.315  106.161   1592.2    762.0
     1     1    21     1     3     8     0     0   -91.0   56.553  105.373   1556.2    773.6
     1     1    21     1     3     7     0     0   -92.0   56.808  104.576   1518.1    782.9
     1     1    21     1     3     6     0     0   -93.0   57.075  103.771   1481.7    791.6
     1     1    21     1     3     5     0     0   -94.0   57.340  102.955   1447.3    801.1
     1     1    21     1     3     4     0     0   -95.0   57.601  102.138   1412.0    811.0
     1     1    21     1     3     3     0     0   -96.0   57.863  101.344   1374.5    818.6
