     2     1
    CDC1    21     7     1     0     0
    CDC1    21     8     1     0     0
     1 BACKWARD OMEGA   
  2021     8    13     9   37.500  127.000   500.0
     1 PRESSURE
     1     1    21     8    13     9     0     0     0.0   37.500  127.000    500.0    931.7
     1     1    21     8    13     8     0     0    -1.0   37.595  127.174    491.9    930.3
     1     1    21     8    13     7     0     0    -2.0   37.678  127.362    482.5    929.1
     1     1    21     8    13     6     0     0    -3.0   37.747  127.565    471.9    928.9
     1     1    21     8    13     5     0     0    -4.0   37.807  127.772    458.1    930.3
     1     1    21     8    13     4     0     0    -5.0   37.868  127.972    439.4    932.6
     1     1    21     8    13     3     0     0    -6.0   37.929  128.165    415.9    935.5
     1     1    21     8    13     2     0     0    -7.0   37.989  128.354    388.4    939.2
     1     1    21     8    13     1     0     0    -8.0   38.048  128.536    357.3    942.9
     1     1    21     8    13     0     0     0    -9.0   38.105  128.713    323.6    946.8
     1     1    21     8    12    23     0     0   -10.0   38.150  128.878    291.9    951.2
     1     1    21     8    12    22     0     0   -11.0   38.179  129.028    266.0    954.6
     1     1    21     8    12    21     0     0   -12.0   38.193  129.163    245.2    957.7
     1     1    21     8    12    20     0     0   -13.0   38.192  129.283    228.8    960.4
     1     1    21     8    12    19     0     0   -14.0   38.179  129.389    216.2    962.7
     1     1    21     8    12    18     0     0   -15.0   38.153  129.480    207.0    964.7
     1     1    21     8    12    17     0     0   -16.0   38.120  129.565    199.2    966.4
     1     1    21     8    12    16     0     0   -17.0   38.086  129.657    191.1    968.1
     1     1    21     8    12    15     0     0   -18.0   38.051  129.754    182.7    969.8
     1     1    21     8    12    14     0     0   -19.0   38.014  129.860    174.3    971.6
     1     1    21     8    12    13     0     0   -20.0   37.976  129.973    165.7    973.5
     1     1    21     8    12    12     0     0   -21.0   37.938  130.095    157.0    975.9
     1     1    21     8    12    11     0     0   -22.0   37.905  130.222    148.1    978.5
     1     1    21     8    12    10     0     0   -23.0   37.878  130.349    138.9    981.0
     1     1    21     8    12     9     0     0   -24.0   37.859  130.475    129.3    983.5
     1     1    21     8    12     8     0     0   -25.0   37.846  130.599    119.3    986.0
     1     1    21     8    12     7     0     0   -26.0   37.842  130.721    109.0    988.5
     1     1    21     8    12     6     0     0   -27.0   37.845  130.839     98.5    991.1
     1     1    21     8    12     5     0     0   -28.0   37.855  130.955     88.5    993.8
     1     1    21     8    12     4     0     0   -29.0   37.866  131.070     79.6    996.5
     1     1    21     8    12     3     0     0   -30.0   37.879  131.184     71.8    998.7
     1     1    21     8    12     2     0     0   -31.0   37.892  131.298     64.7   1000.6
     1     1    21     8    12     1     0     0   -32.0   37.904  131.410     58.4   1002.6
     1     1    21     8    12     0     0     0   -33.0   37.915  131.522     52.8   1004.4
     1     1    21     8    11    23     0     0   -34.0   37.921  131.631     47.6   1005.9
     1     1    21     8    11    22     0     0   -35.0   37.920  131.736     42.8   1007.4
     1     1    21     8    11    21     0     0   -36.0   37.913  131.836     38.4   1008.8
     1     1    21     8    11    20     0     0   -37.0   37.900  131.932     34.3   1010.2
     1     1    21     8    11    19     0     0   -38.0   37.881  132.023     30.6   1011.5
     1     1    21     8    11    18     0     0   -39.0   37.857  132.108     27.3   1012.7
     1     1    21     8    11    17     0     0   -40.0   37.831  132.193     24.0   1013.8
     1     1    21     8    11    16     0     0   -41.0   37.809  132.286     20.8   1015.1
     1     1    21     8    11    15     0     0   -42.0   37.791  132.386     17.7   1016.4
     1     1    21     8    11    14     0     0   -43.0   37.778  132.495     14.9   1017.7
     1     1    21     8    11    13     0     0   -44.0   37.771  132.613     12.4   1017.4
     1     1    21     8    11    12     0     0   -45.0   37.770  132.740     10.4   1016.9
     1     1    21     8    11    11     0     0   -46.0   37.773  132.871      8.8   1016.2
     1     1    21     8    11    10     0     0   -47.0   37.778  133.000      7.2   1015.5
     1     1    21     8    11     9     0     0   -48.0   37.786  133.125      5.5   1014.8
     1     1    21     8    11     8     0     0   -49.0   37.795  133.246      3.5   1014.2
     1     1    21     8    11     7     0     0   -50.0   37.806  133.362      1.3   1013.6
     1     1    21     8    11     6     0     0   -51.0   37.819  133.471      0.0   1013.1
     1     1    21     8    11     5     0     0   -52.0   37.833  133.574      0.0   1012.7
     1     1    21     8    11     4     0     0   -53.0   37.850  133.673      0.0   1012.3
     1     1    21     8    11     3     0     0   -54.0   37.868  133.769      0.0   1012.0
     1     1    21     8    11     2     0     0   -55.0   37.888  133.861      0.0   1011.7
     1     1    21     8    11     1     0     0   -56.0   37.912  133.952      0.0   1011.5
     1     1    21     8    11     0     0     0   -57.0   37.940  134.041      0.0   1011.3
     1     1    21     8    10    23     0     0   -58.0   37.972  134.123      0.0   1010.8
     1     1    21     8    10    22     0     0   -59.0   38.006  134.195      0.0   1010.4
     1     1    21     8    10    21     0     0   -60.0   38.044  134.254      0.0   1010.2
     1     1    21     8    10    20     0     0   -61.0   38.086  134.302      0.0   1010.0
     1     1    21     8    10    19     0     0   -62.0   38.131  134.336      0.0   1009.9
     1     1    21     8    10    18     0     0   -63.0   38.180  134.358      0.0   1009.9
     1     1    21     8    10    17     0     0   -64.0   38.241  134.370      0.0   1010.4
     1     1    21     8    10    16     0     0   -65.0   38.326  134.376      0.0   1011.0
     1     1    21     8    10    15     0     0   -66.0   38.434  134.376      0.0   1011.9
     1     1    21     8    10    14     0     0   -67.0   38.566  134.369      0.0   1013.1
     1     1    21     8    10    13     0     0   -68.0   38.719  134.355      0.0   1014.4
     1     1    21     8    10    12     0     0   -69.0   38.893  134.332      0.0   1015.9
     1     1    21     8    10    11     0     0   -70.0   39.084  134.298      0.0   1017.3
     1     1    21     8    10    10     0     0   -71.0   39.290  134.255      0.0   1018.8
     1     1    21     8    10     9     0     0   -72.0   39.510  134.205      0.0   1020.4
     1     1    21     8    10     8     0     0   -73.0   39.745  134.150      0.0   1022.0
     1     1    21     8    10     7     0     0   -74.0   39.995  134.094      0.0   1023.6
     1     1    21     8    10     6     0     0   -75.0   40.252  134.047      0.0   1020.4
     1     1    21     8    10     5     0     0   -76.0   40.525  134.024      0.0   1016.5
     1     1    21     8    10     4     0     0   -77.0   40.827  134.033      0.0   1012.3
     1     1    21     8    10     3     0     0   -78.0   41.158  134.075      0.0   1008.0
     1     1    21     8    10     2     0     0   -79.0   41.517  134.154      0.0   1003.6
     1     1    21     8    10     1     0     0   -80.0   41.904  134.274      0.0    999.3
     1     1    21     8    10     0     0     0   -81.0   42.318  134.444      0.0    995.2
     1     1    21     8     9    23     0     0   -82.0   42.742  134.664      0.1    992.6
     1     1    21     8     9    22     0     0   -83.0   43.156  134.916      0.2    990.7
     1     1    21     8     9    21     0     0   -84.0   43.543  135.190      0.3    987.9
     1     1    21     8     9    20     0     0   -85.0   43.887  135.488      0.3    985.1
     1     1    21     8     9    19     0     0   -86.0   44.187  135.807      0.3    982.8
     1     1    21     8     9    18     0     0   -87.0   44.445  136.141      0.1    981.1
     1     1    21     8     9    17     0     0   -88.0   44.669  136.486      0.0    979.7
     1     1    21     8     9    16     0     0   -89.0   44.865  136.842      0.0    978.5
     1     1    21     8     9    15     0     0   -90.0   45.043  137.210      0.0    977.7
     1     1    21     8     9    14     0     0   -91.0   45.206  137.598      0.0    977.8
     1     1    21     8     9    13     0     0   -92.0   45.352  137.996      0.0    979.6
     1     1    21     8     9    12     0     0   -93.0   45.480  138.396      0.0    981.5
     1     1    21     8     9    11     0     0   -94.0   45.589  138.812      0.0    983.6
     1     1    21     8     9    10     0     0   -95.0   45.680  139.263      0.0    985.9
     1     1    21     8     9     9     0     0   -96.0   45.750  139.756      0.0    988.4
