     2     1
    CDC1    21     5     1     0     0
    CDC1    21     6     1     0     0
     1 BACKWARD OMEGA   
  2021     6    16     9   37.500  127.000   500.0
     1 PRESSURE
     1     1    21     6    16     9     0     0     0.0   37.500  127.000    500.0    930.0
     1     1    21     6    16     8     0     0    -1.0   37.592  127.291    514.3    925.5
     1     1    21     6    16     7     0     0    -2.0   37.694  127.610    532.6    921.0
     1     1    21     6    16     6     0     0    -3.0   37.799  127.958    554.6    918.6
     1     1    21     6    16     5     0     0    -4.0   37.905  128.328    576.7    916.8
     1     1    21     6    16     4     0     0    -5.0   38.015  128.717    595.5    915.8
     1     1    21     6    16     3     0     0    -6.0   38.129  129.122    610.8    915.3
     1     1    21     6    16     2     0     0    -7.0   38.251  129.539    622.5    915.4
     1     1    21     6    16     1     0     0    -8.0   38.384  129.964    630.5    915.8
     1     1    21     6    16     0     0     0    -9.0   38.525  130.383    635.9    918.9
     1     1    21     6    15    23     0     0   -10.0   38.660  130.779    640.5    922.7
     1     1    21     6    15    22     0     0   -11.0   38.777  131.144    645.8    926.4
     1     1    21     6    15    21     0     0   -12.0   38.879  131.479    652.0    930.0
     1     1    21     6    15    20     0     0   -13.0   38.970  131.786    659.4    933.3
     1     1    21     6    15    19     0     0   -14.0   39.052  132.066    668.1    936.3
     1     1    21     6    15    18     0     0   -15.0   39.126  132.320    678.2    938.9
     1     1    21     6    15    17     0     0   -16.0   39.195  132.551    687.7    940.3
     1     1    21     6    15    16     0     0   -17.0   39.259  132.757    694.9    939.5
     1     1    21     6    15    15     0     0   -18.0   39.315  132.940    700.3    939.0
     1     1    21     6    15    14     0     0   -19.0   39.363  133.104    704.0    938.8
     1     1    21     6    15    13     0     0   -20.0   39.403  133.252    705.9    938.8
     1     1    21     6    15    12     0     0   -21.0   39.434  133.386    705.9    939.1
     1     1    21     6    15    11     0     0   -22.0   39.466  133.517    704.7    939.3
     1     1    21     6    15    10     0     0   -23.0   39.506  133.654    703.3    939.5
     1     1    21     6    15     9     0     0   -24.0   39.555  133.798    701.7    939.8
     1     1    21     6    15     8     0     0   -25.0   39.615  133.951    700.0    940.3
     1     1    21     6    15     7     0     0   -26.0   39.685  134.114    698.3    940.9
     1     1    21     6    15     6     0     0   -27.0   39.768  134.289    696.7    941.7
     1     1    21     6    15     5     0     0   -28.0   39.855  134.468    696.0    943.2
     1     1    21     6    15     4     0     0   -29.0   39.936  134.641    696.6    944.4
     1     1    21     6    15     3     0     0   -30.0   40.010  134.808    698.4    945.4
     1     1    21     6    15     2     0     0   -31.0   40.076  134.967    701.4    945.1
     1     1    21     6    15     1     0     0   -32.0   40.132  135.117    705.5    943.5
     1     1    21     6    15     0     0     0   -33.0   40.178  135.255    711.0    941.5
     1     1    21     6    14    23     0     0   -34.0   40.213  135.380    718.0    939.3
     1     1    21     6    14    22     0     0   -35.0   40.239  135.492    727.0    937.0
     1     1    21     6    14    21     0     0   -36.0   40.256  135.592    738.0    934.7
     1     1    21     6    14    20     0     0   -37.0   40.266  135.680    751.1    932.4
     1     1    21     6    14    19     0     0   -38.0   40.268  135.756    766.3    930.0
     1     1    21     6    14    18     0     0   -39.0   40.264  135.821    783.8    927.5
     1     1    21     6    14    17     0     0   -40.0   40.257  135.878    801.5    925.1
     1     1    21     6    14    16     0     0   -41.0   40.254  135.933    817.5    923.1
     1     1    21     6    14    15     0     0   -42.0   40.254  135.985    831.8    921.3
     1     1    21     6    14    14     0     0   -43.0   40.257  136.034    844.3    919.7
     1     1    21     6    14    13     0     0   -44.0   40.262  136.082    854.9    918.3
     1     1    21     6    14    12     0     0   -45.0   40.270  136.127    863.5    917.2
     1     1    21     6    14    11     0     0   -46.0   40.282  136.172    872.1    916.1
     1     1    21     6    14    10     0     0   -47.0   40.299  136.219    882.3    914.6
     1     1    21     6    14     9     0     0   -48.0   40.323  136.266    894.1    912.9
     1     1    21     6    14     8     0     0   -49.0   40.352  136.315    907.6    911.0
     1     1    21     6    14     7     0     0   -50.0   40.386  136.365    922.9    908.9
     1     1    21     6    14     6     0     0   -51.0   40.426  136.418    940.1    906.7
     1     1    21     6    14     5     0     0   -52.0   40.462  136.476    959.0    904.0
     1     1    21     6    14     4     0     0   -53.0   40.487  136.542    980.6    901.0
     1     1    21     6    14     3     0     0   -54.0   40.501  136.618   1004.2    897.9
     1     1    21     6    14     2     0     0   -55.0   40.504  136.702   1030.0    894.6
     1     1    21     6    14     1     0     0   -56.0   40.495  136.796   1058.0    891.1
     1     1    21     6    14     0     0     0   -57.0   40.475  136.901   1088.3    887.3
     1     1    21     6    13    23     0     0   -58.0   40.450  137.002   1118.9    883.6
     1     1    21     6    13    22     0     0   -59.0   40.425  137.086   1146.7    880.4
     1     1    21     6    13    21     0     0   -60.0   40.402  137.152   1171.8    877.7
     1     1    21     6    13    20     0     0   -61.0   40.380  137.201   1193.8    875.5
     1     1    21     6    13    19     0     0   -62.0   40.359  137.232   1212.5    873.6
     1     1    21     6    13    18     0     0   -63.0   40.340  137.246   1227.8    872.3
     1     1    21     6    13    17     0     0   -64.0   40.322  137.247   1240.4    871.2
     1     1    21     6    13    16     0     0   -65.0   40.305  137.240   1251.3    870.3
     1     1    21     6    13    15     0     0   -66.0   40.290  137.227   1260.4    869.6
     1     1    21     6    13    14     0     0   -67.0   40.277  137.208   1267.7    869.1
     1     1    21     6    13    13     0     0   -68.0   40.264  137.183   1273.1    868.8
     1     1    21     6    13    12     0     0   -69.0   40.253  137.151   1276.7    868.7
     1     1    21     6    13    11     0     0   -70.0   40.235  137.107   1283.0    869.2
     1     1    21     6    13    10     0     0   -71.0   40.205  137.042   1294.9    868.9
     1     1    21     6    13     9     0     0   -72.0   40.162  136.959   1312.8    868.1
     1     1    21     6    13     8     0     0   -73.0   40.107  136.857   1337.0    866.8
     1     1    21     6    13     7     0     0   -74.0   40.041  136.738   1367.6    865.0
     1     1    21     6    13     6     0     0   -75.0   39.965  136.604   1404.3    862.2
     1     1    21     6    13     5     0     0   -76.0   39.893  136.472   1440.5    857.9
     1     1    21     6    13     4     0     0   -77.0   39.837  136.358   1471.4    854.9
     1     1    21     6    13     3     0     0   -78.0   39.796  136.260   1496.8    852.6
     1     1    21     6    13     2     0     0   -79.0   39.771  136.178   1516.5    851.0
     1     1    21     6    13     1     0     0   -80.0   39.761  136.110   1530.7    850.0
     1     1    21     6    13     0     0     0   -81.0   39.767  136.057   1539.1    849.7
     1     1    21     6    12    23     0     0   -82.0   39.779  135.995   1543.0    850.1
     1     1    21     6    12    22     0     0   -83.0   39.788  135.904   1544.2    850.9
     1     1    21     6    12    21     0     0   -84.0   39.795  135.783   1542.5    852.2
     1     1    21     6    12    20     0     0   -85.0   39.798  135.635   1537.9    854.0
     1     1    21     6    12    19     0     0   -86.0   39.796  135.460   1530.7    856.2
     1     1    21     6    12    18     0     0   -87.0   39.791  135.259   1521.2    858.8
     1     1    21     6    12    17     0     0   -88.0   39.777  135.045   1511.5    861.5
     1     1    21     6    12    16     0     0   -89.0   39.750  134.829   1504.8    862.0
     1     1    21     6    12    15     0     0   -90.0   39.713  134.614   1501.7    861.7
     1     1    21     6    12    14     0     0   -91.0   39.666  134.400   1503.1    861.0
     1     1    21     6    12    13     0     0   -92.0   39.611  134.189   1509.5    859.8
     1     1    21     6    12    12     0     0   -93.0   39.548  133.983   1521.3    858.2
     1     1    21     6    12    11     0     0   -94.0   39.483  133.782   1536.7    856.1
     1     1    21     6    12    10     0     0   -95.0   39.419  133.587   1552.3    854.3
     1     1    21     6    12     9     0     0   -96.0   39.354  133.399   1567.9    852.5
