     2     1
    CDC1    21     2     1     0     0
    CDC1    21     3     1     0     0
     1 BACKWARD OMEGA   
  2021     3     4    21   37.500  127.000   500.0
     1 PRESSURE
     1     1    21     3     4    21     0     0     0.0   37.500  127.000    500.0    942.2
     1     1    21     3     4    20     0     0    -1.0   37.503  126.916    506.9    942.2
     1     1    21     3     4    19     0     0    -2.0   37.503  126.835    522.7    940.8
     1     1    21     3     4    18     0     0    -3.0   37.496  126.758    548.0    938.4
     1     1    21     3     4    17     0     0    -4.0   37.483  126.679    579.6    935.0
     1     1    21     3     4    16     0     0    -5.0   37.465  126.595    614.1    931.8
     1     1    21     3     4    15     0     0    -6.0   37.443  126.508    651.4    927.9
     1     1    21     3     4    14     0     0    -7.0   37.420  126.418    691.0    923.6
     1     1    21     3     4    13     0     0    -8.0   37.394  126.325    733.2    919.2
     1     1    21     3     4    12     0     0    -9.0   37.364  126.229    778.3    914.6
     1     1    21     3     4    11     0     0   -10.0   37.321  126.118    824.3    910.0
     1     1    21     3     4    10     0     0   -11.0   37.255  125.985    868.3    906.1
     1     1    21     3     4     9     0     0   -12.0   37.167  125.831    909.8    902.7
     1     1    21     3     4     8     0     0   -13.0   37.059  125.663    948.2    899.5
     1     1    21     3     4     7     0     0   -14.0   36.931  125.486    983.0    896.6
     1     1    21     3     4     6     0     0   -15.0   36.783  125.305   1013.5    894.2
     1     1    21     3     4     5     0     0   -16.0   36.624  125.137   1037.9    892.7
     1     1    21     3     4     4     0     0   -17.0   36.459  124.996   1055.6    891.8
     1     1    21     3     4     3     0     0   -18.0   36.286  124.880   1066.0    891.2
     1     1    21     3     4     2     0     0   -19.0   36.102  124.787   1069.4    891.3
     1     1    21     3     4     1     0     0   -20.0   35.907  124.717   1065.9    892.1
     1     1    21     3     4     0     0     0   -21.0   35.698  124.670   1055.7    893.7
     1     1    21     3     3    23     0     0   -22.0   35.477  124.641   1044.0    895.8
     1     1    21     3     3    22     0     0   -23.0   35.245  124.628   1036.3    896.8
     1     1    21     3     3    21     0     0   -24.0   35.000  124.632   1033.3    897.3
     1     1    21     3     3    20     0     0   -25.0   34.743  124.648   1034.6    897.7
     1     1    21     3     3    19     0     0   -26.0   34.471  124.670   1039.4    897.9
     1     1    21     3     3    18     0     0   -27.0   34.185  124.701   1047.9    897.7
     1     1    21     3     3    17     0     0   -28.0   33.894  124.742   1059.4    897.3
     1     1    21     3     3    16     0     0   -29.0   33.608  124.798   1073.1    896.7
     1     1    21     3     3    15     0     0   -30.0   33.328  124.869   1090.0    895.6
     1     1    21     3     3    14     0     0   -31.0   33.056  124.958   1110.7    894.0
     1     1    21     3     3    13     0     0   -32.0   32.794  125.066   1135.9    891.8
     1     1    21     3     3    12     0     0   -33.0   32.545  125.194   1166.0    888.9
     1     1    21     3     3    11     0     0   -34.0   32.316  125.340   1197.4    885.1
     1     1    21     3     3    10     0     0   -35.0   32.115  125.499   1226.4    881.9
     1     1    21     3     3     9     0     0   -36.0   31.943  125.673   1253.9    878.9
     1     1    21     3     3     8     0     0   -37.0   31.803  125.861   1280.8    876.0
     1     1    21     3     3     7     0     0   -38.0   31.697  126.064   1307.8    873.1
     1     1    21     3     3     6     0     0   -39.0   31.626  126.282   1335.9    869.8
     1     1    21     3     3     5     0     0   -40.0   31.591  126.505   1365.4    866.6
     1     1    21     3     3     4     0     0   -41.0   31.589  126.724   1396.9    863.2
     1     1    21     3     3     3     0     0   -42.0   31.618  126.940   1430.3    859.5
     1     1    21     3     3     2     0     0   -43.0   31.679  127.151   1465.9    855.6
     1     1    21     3     3     1     0     0   -44.0   31.770  127.355   1504.2    851.4
     1     1    21     3     3     0     0     0   -45.0   31.889  127.552   1545.5    846.6
     1     1    21     3     2    23     0     0   -46.0   32.036  127.741   1593.1    841.0
     1     1    21     3     2    22     0     0   -47.0   32.208  127.922   1647.8    834.3
     1     1    21     3     2    21     0     0   -48.0   32.408  128.093   1710.9    826.7
     1     1    21     3     2    20     0     0   -49.0   32.633  128.248   1781.5    817.6
     1     1    21     3     2    19     0     0   -50.0   32.882  128.377   1857.4    808.0
     1     1    21     3     2    18     0     0   -51.0   33.155  128.473   1938.0    798.2
     1     1    21     3     2    17     0     0   -52.0   33.462  128.526   2026.1    788.0
     1     1    21     3     2    16     0     0   -53.0   33.812  128.527   2125.4    776.7
     1     1    21     3     2    15     0     0   -54.0   34.210  128.475   2237.5    764.1
     1     1    21     3     2    14     0     0   -55.0   34.664  128.370   2365.4    749.8
     1     1    21     3     2    13     0     0   -56.0   35.182  128.208   2511.4    734.3
     1     1    21     3     2    12     0     0   -57.0   35.753  127.981   2671.6    718.2
     1     1    21     3     2    11     0     0   -58.0   36.332  127.668   2838.0    701.0
     1     1    21     3     2    10     0     0   -59.0   36.890  127.269   3008.4    684.8
     1     1    21     3     2     9     0     0   -60.0   37.433  126.800   3188.0    669.5
     1     1    21     3     2     8     0     0   -61.0   37.970  126.274   3369.7    650.0
     1     1    21     3     2     7     0     0   -62.0   38.510  125.697   3559.4    630.2
     1     1    21     3     2     6     0     0   -63.0   39.064  125.069   3755.8    611.0
     1     1    21     3     2     5     0     0   -64.0   39.615  124.386   3948.3    593.6
     1     1    21     3     2     4     0     0   -65.0   40.142  123.652   4127.3    581.1
     1     1    21     3     2     3     0     0   -66.0   40.659  122.879   4291.9    571.2
     1     1    21     3     2     2     0     0   -67.0   41.184  122.072   4428.3    558.0
     1     1    21     3     2     1     0     0   -68.0   41.733  121.223   4533.5    539.4
     1     1    21     3     2     0     0     0   -69.0   42.320  120.313   4616.2    518.3
     1     1    21     3     1    23     0     0   -70.0   42.918  119.323   4676.4    495.6
     1     1    21     3     1    22     0     0   -71.0   43.498  118.256   4723.3    475.4
     1     1    21     3     1    21     0     0   -72.0   44.077  117.123   4777.3    460.7
     1     1    21     3     1    20     0     0   -73.0   44.652  115.943   4854.8    456.4
     1     1    21     3     1    19     0     0   -74.0   45.216  114.722   4931.6    456.2
     1     1    21     3     1    18     0     0   -75.0   45.759  113.462   4992.6    455.4
     1     1    21     3     1    17     0     0   -76.0   46.283  112.172   5028.3    449.4
     1     1    21     3     1    16     0     0   -77.0   46.812  110.854   5043.2    437.0
     1     1    21     3     1    15     0     0   -78.0   47.367  109.495   5077.9    423.4
     1     1    21     3     1    14     0     0   -79.0   47.947  108.094   5186.0    418.7
     1     1    21     3     1    13     0     0   -80.0   48.540  106.651   5330.0    415.4
     1     1    21     3     1    12     0     0   -81.0   49.141  105.148   5480.0    411.8
     1     1    21     3     1    11     0     0   -82.0   49.743  103.563   5540.5    394.0
     1     1    21     3     1    10     0     0   -83.0   50.345  101.882   5559.5    377.7
     1     1    21     3     1     9     0     0   -84.0   50.948  100.098   5527.6    364.0
     1     1    21     3     1     8     0     0   -85.0   51.519   98.242   5534.2    371.4
     1     1    21     3     1     7     0     0   -86.0   52.014   96.366   5509.1    388.2
     1     1    21     3     1     6     0     0   -87.0   52.395   94.497   5432.9    411.2
     1     1    21     3     1     5     0     0   -88.0   52.656   92.649   5306.4    432.4
     1     1    21     3     1     4     0     0   -89.0   52.826   90.806   5161.8    442.5
     1     1    21     3     1     3     0     0   -90.0   52.916   88.978   5044.1    454.4
     1     1    21     3     1     2     0     0   -91.0   52.928   87.187   4942.3    469.8
     1     1    21     3     1     1     0     0   -92.0   52.866   85.462   4857.3    493.4
     1     1    21     3     1     0     0     0   -93.0   52.740   83.820   4750.3    517.9
     1     1    21     2    28    23     0     0   -94.0   52.578   82.280   4629.5    543.6
     1     1    21     2    28    22     0     0   -95.0   52.410   80.851   4481.5    560.4
     1     1    21     2    28    21     0     0   -96.0   52.244   79.508   4338.3    571.7
