     2     1
    CDC1    21    10     1     0     0
    CDC1    21    11     1     0     0
     1 BACKWARD OMEGA   
  2021    11    26     6   37.500  127.000   500.0
     1 PRESSURE
     1     1    21    11    26     6     0     0     0.0   37.500  127.000    500.0    943.9
     1     1    21    11    26     5     0     0    -1.0   37.714  126.825    540.7    937.4
     1     1    21    11    26     4     0     0    -2.0   37.917  126.637    583.9    930.7
     1     1    21    11    26     3     0     0    -3.0   38.108  126.435    628.9    924.2
     1     1    21    11    26     2     0     0    -4.0   38.290  126.218    675.4    917.0
     1     1    21    11    26     1     0     0    -5.0   38.465  125.982    722.9    910.1
     1     1    21    11    26     0     0     0    -6.0   38.633  125.729    770.9    903.7
     1     1    21    11    25    23     0     0    -7.0   38.799  125.457    818.0    897.5
     1     1    21    11    25    22     0     0    -8.0   38.967  125.165    862.6    892.2
     1     1    21    11    25    21     0     0    -9.0   39.136  124.853    904.2    887.6
     1     1    21    11    25    20     0     0   -10.0   39.308  124.524    942.4    883.8
     1     1    21    11    25    19     0     0   -11.0   39.482  124.179    977.0    880.8
     1     1    21    11    25    18     0     0   -12.0   39.656  123.820   1008.1    878.8
     1     1    21    11    25    17     0     0   -13.0   39.828  123.462   1036.7    878.0
     1     1    21    11    25    16     0     0   -14.0   39.995  123.119   1063.2    877.6
     1     1    21    11    25    15     0     0   -15.0   40.152  122.790   1086.4    877.7
     1     1    21    11    25    14     0     0   -16.0   40.299  122.475   1105.0    877.8
     1     1    21    11    25    13     0     0   -17.0   40.436  122.166   1117.9    874.0
     1     1    21    11    25    12     0     0   -18.0   40.567  121.855   1126.8    870.1
     1     1    21    11    25    11     0     0   -19.0   40.702  121.535   1133.4    865.9
     1     1    21    11    25    10     0     0   -20.0   40.853  121.202   1140.3    860.7
     1     1    21    11    25     9     0     0   -21.0   41.016  120.851   1146.3    854.8
     1     1    21    11    25     8     0     0   -22.0   41.191  120.480   1150.8    848.1
     1     1    21    11    25     7     0     0   -23.0   41.374  120.085   1153.0    840.6
     1     1    21    11    25     6     0     0   -24.0   41.564  119.660   1151.1    829.1
     1     1    21    11    25     5     0     0   -25.0   41.772  119.206   1150.6    815.4
     1     1    21    11    25     4     0     0   -26.0   42.012  118.723   1155.0    798.7
     1     1    21    11    25     3     0     0   -27.0   42.287  118.207   1164.1    779.1
     1     1    21    11    25     2     0     0   -28.0   42.600  117.656   1179.3    759.3
     1     1    21    11    25     1     0     0   -29.0   42.942  117.097   1204.9    751.0
     1     1    21    11    25     0     0     0   -30.0   43.300  116.555   1234.0    746.3
     1     1    21    11    24    23     0     0   -31.0   43.663  116.024   1264.2    742.9
     1     1    21    11    24    22     0     0   -32.0   44.019  115.492   1295.5    740.9
     1     1    21    11    24    21     0     0   -33.0   44.362  114.952   1328.2    740.4
     1     1    21    11    24    20     0     0   -34.0   44.683  114.402   1362.2    743.2
     1     1    21    11    24    19     0     0   -35.0   44.973  113.840   1393.7    745.9
     1     1    21    11    24    18     0     0   -36.0   45.225  113.265   1419.5    746.6
     1     1    21    11    24    17     0     0   -37.0   45.456  112.695   1440.9    746.0
     1     1    21    11    24    16     0     0   -38.0   45.688  112.149   1460.0    741.5
     1     1    21    11    24    15     0     0   -39.0   45.925  111.619   1478.4    734.9
     1     1    21    11    24    14     0     0   -40.0   46.170  111.101   1496.5    727.4
     1     1    21    11    24    13     0     0   -41.0   46.422  110.586   1513.6    719.0
     1     1    21    11    24    12     0     0   -42.0   46.683  110.068   1529.5    709.8
     1     1    21    11    24    11     0     0   -43.0   46.951  109.539   1544.2    703.2
     1     1    21    11    24    10     0     0   -44.0   47.222  108.996   1555.3    698.5
     1     1    21    11    24     9     0     0   -45.0   47.494  108.443   1564.1    694.9
     1     1    21    11    24     8     0     0   -46.0   47.756  107.890   1575.7    696.3
     1     1    21    11    24     7     0     0   -47.0   48.003  107.347   1589.9    698.3
     1     1    21    11    24     6     0     0   -48.0   48.233  106.812   1610.0    700.4
     1     1    21    11    24     5     0     0   -49.0   48.447  106.292   1637.1    701.3
     1     1    21    11    24     4     0     0   -50.0   48.646  105.796   1670.8    701.0
     1     1    21    11    24     3     0     0   -51.0   48.835  105.324   1710.0    699.9
     1     1    21    11    24     2     0     0   -52.0   49.016  104.873   1751.5    695.9
     1     1    21    11    24     1     0     0   -53.0   49.199  104.435   1790.8    686.1
     1     1    21    11    24     0     0     0   -54.0   49.389  104.003   1830.8    676.2
     1     1    21    11    23    23     0     0   -55.0   49.585  103.570   1869.5    666.8
     1     1    21    11    23    22     0     0   -56.0   49.786  103.124   1903.7    657.5
     1     1    21    11    23    21     0     0   -57.0   49.989  102.659   1932.5    648.2
     1     1    21    11    23    20     0     0   -58.0   50.190  102.163   1955.7    641.3
     1     1    21    11    23    19     0     0   -59.0   50.382  101.619   1970.1    634.4
     1     1    21    11    23    18     0     0   -60.0   50.565  101.018   1976.5    626.8
     1     1    21    11    23    17     0     0   -61.0   50.734  100.357   1983.6    618.0
     1     1    21    11    23    16     0     0   -62.0   50.887   99.642   2008.4    614.0
     1     1    21    11    23    15     0     0   -63.0   51.022   98.885   2054.8    616.1
     1     1    21    11    23    14     0     0   -64.0   51.137   98.088   2115.2    616.5
     1     1    21    11    23    13     0     0   -65.0   51.233   97.248   2191.6    617.3
     1     1    21    11    23    12     0     0   -66.0   51.303   96.370   2283.6    622.2
     1     1    21    11    23    11     0     0   -67.0   51.333   95.453   2371.4    627.0
     1     1    21    11    23    10     0     0   -68.0   51.316   94.492   2429.6    628.4
     1     1    21    11    23     9     0     0   -69.0   51.257   93.476   2453.4    625.4
     1     1    21    11    23     8     0     0   -70.0   51.156   92.390   2446.2    622.3
     1     1    21    11    23     7     0     0   -71.0   51.024   91.222   2392.7    609.4
     1     1    21    11    23     6     0     0   -72.0   50.872   89.961   2305.6    596.0
     1     1    21    11    23     5     0     0   -73.0   50.708   88.619   2230.1    600.9
     1     1    21    11    23     4     0     0   -74.0   50.533   87.219   2164.2    608.5
     1     1    21    11    23     3     0     0   -75.0   50.324   85.810   2125.5    638.0
     1     1    21    11    23     2     0     0   -76.0   50.066   84.430   2080.5    667.9
     1     1    21    11    23     1     0     0   -77.0   49.768   83.116   2033.4    705.0
     1     1    21    11    23     0     0     0   -78.0   49.459   81.889   1969.4    729.9
     1     1    21    11    22    23     0     0   -79.0   49.176   80.714   1895.2    743.8
     1     1    21    11    22    22     0     0   -80.0   48.937   79.554   1827.9    753.1
     1     1    21    11    22    21     0     0   -81.0   48.720   78.411   1768.9    758.4
     1     1    21    11    22    20     0     0   -82.0   48.501   77.288   1721.6    764.2
     1     1    21    11    22    19     0     0   -83.0   48.254   76.199   1684.8    771.5
     1     1    21    11    22    18     0     0   -84.0   47.956   75.149   1654.7    779.4
     1     1    21    11    22    17     0     0   -85.0   47.629   74.111   1628.3    783.1
     1     1    21    11    22    16     0     0   -86.0   47.315   73.064   1610.8    783.7
     1     1    21    11    22    15     0     0   -87.0   47.031   72.035   1601.8    784.0
     1     1    21    11    22    14     0     0   -88.0   46.786   71.041   1598.3    783.9
     1     1    21    11    22    13     0     0   -89.0   46.575   70.090   1595.9    784.2
     1     1    21    11    22    12     0     0   -90.0   46.383   69.190   1594.7    791.9
     1     1    21    11    22    11     0     0   -91.0   46.211   68.321   1588.5    800.3
     1     1    21    11    22    10     0     0   -92.0   46.073   67.463   1579.7    809.0
     1     1    21    11    22     9     0     0   -93.0   45.988   66.611   1573.5    817.7
     1     1    21    11    22     8     0     0   -94.0   45.966   65.761   1572.9    825.0
     1     1    21    11    22     7     0     0   -95.0   46.014   64.920   1579.8    830.3
     1     1    21    11    22     6     0     0   -96.0   46.124   64.077   1592.5    828.0
