     2     1
    CDC1    21     3     1     0     0
    CDC1    21     4     1     0     0
     1 BACKWARD OMEGA   
  2021     4    27     6   37.500  127.000   500.0
     1 PRESSURE
     1     1    21     4    27     6     0     0     0.0   37.500  127.000    500.0    938.6
     1     1    21     4    27     5     0     0    -1.0   37.272  126.837    469.7    943.8
     1     1    21     4    27     4     0     0    -2.0   37.064  126.697    442.2    948.6
     1     1    21     4    27     3     0     0    -3.0   36.870  126.579    417.0    953.0
     1     1    21     4    27     2     0     0    -4.0   36.687  126.482    393.6    957.2
     1     1    21     4    27     1     0     0    -5.0   36.514  126.405    371.7    960.7
     1     1    21     4    27     0     0     0    -6.0   36.345  126.348    351.0    963.9
     1     1    21     4    26    23     0     0    -7.0   36.180  126.302    331.9    966.6
     1     1    21     4    26    22     0     0    -8.0   36.015  126.262    314.9    969.1
     1     1    21     4    26    21     0     0    -9.0   35.851  126.230    299.9    971.4
     1     1    21     4    26    20     0     0   -10.0   35.687  126.206    286.9    973.5
     1     1    21     4    26    19     0     0   -11.0   35.525  126.194    275.9    975.3
     1     1    21     4    26    18     0     0   -12.0   35.363  126.195    267.1    976.8
     1     1    21     4    26    17     0     0   -13.0   35.208  126.209    260.3    977.9
     1     1    21     4    26    16     0     0   -14.0   35.065  126.234    255.4    978.8
     1     1    21     4    26    15     0     0   -15.0   34.934  126.269    252.3    979.5
     1     1    21     4    26    14     0     0   -16.0   34.815  126.312    250.8    979.9
     1     1    21     4    26    13     0     0   -17.0   34.709  126.363    250.6    980.2
     1     1    21     4    26    12     0     0   -18.0   34.616  126.422    251.6    980.2
     1     1    21     4    26    11     0     0   -19.0   34.527  126.488    253.8    980.0
     1     1    21     4    26    10     0     0   -20.0   34.436  126.565    257.9    979.4
     1     1    21     4    26     9     0     0   -21.0   34.343  126.652    263.9    978.6
     1     1    21     4    26     8     0     0   -22.0   34.249  126.752    271.9    977.6
     1     1    21     4    26     7     0     0   -23.0   34.155  126.866    281.9    976.2
     1     1    21     4    26     6     0     0   -24.0   34.063  126.995    294.2    974.6
     1     1    21     4    26     5     0     0   -25.0   33.980  127.142    308.3    972.8
     1     1    21     4    26     4     0     0   -26.0   33.911  127.309    324.1    970.8
     1     1    21     4    26     3     0     0   -27.0   33.858  127.494    342.1    968.6
     1     1    21     4    26     2     0     0   -28.0   33.824  127.697    362.3    966.1
     1     1    21     4    26     1     0     0   -29.0   33.809  127.919    385.0    963.4
     1     1    21     4    26     0     0     0   -30.0   33.815  128.160    410.8    959.6
     1     1    21     4    25    23     0     0   -31.0   33.848  128.412    441.7    955.0
     1     1    21     4    25    22     0     0   -32.0   33.916  128.670    479.3    949.6
     1     1    21     4    25    21     0     0   -33.0   34.018  128.931    524.8    943.3
     1     1    21     4    25    20     0     0   -34.0   34.157  129.195    579.6    936.3
     1     1    21     4    25    19     0     0   -35.0   34.334  129.462    645.7    928.0
     1     1    21     4    25    18     0     0   -36.0   34.558  129.731    723.3    917.4
     1     1    21     4    25    17     0     0   -37.0   34.811  129.997    805.6    906.1
     1     1    21     4    25    16     0     0   -38.0   35.064  130.253    883.3    897.7
     1     1    21     4    25    15     0     0   -39.0   35.310  130.490    951.5    891.7
     1     1    21     4    25    14     0     0   -40.0   35.545  130.707   1007.8    887.1
     1     1    21     4    25    13     0     0   -41.0   35.769  130.905   1051.7    884.1
     1     1    21     4    25    12     0     0   -42.0   35.982  131.088   1082.9    882.8
     1     1    21     4    25    11     0     0   -43.0   36.195  131.259   1108.5    882.8
     1     1    21     4    25    10     0     0   -44.0   36.420  131.417   1135.2    882.3
     1     1    21     4    25     9     0     0   -45.0   36.657  131.558   1163.5    881.8
     1     1    21     4    25     8     0     0   -46.0   36.909  131.680   1193.6    881.2
     1     1    21     4    25     7     0     0   -47.0   37.174  131.777   1225.7    880.6
     1     1    21     4    25     6     0     0   -48.0   37.455  131.847   1260.2    879.9
     1     1    21     4    25     5     0     0   -49.0   37.746  131.897   1292.6    876.4
     1     1    21     4    25     4     0     0   -50.0   38.042  131.935   1324.1    872.7
     1     1    21     4    25     3     0     0   -51.0   38.344  131.958   1354.7    869.0
     1     1    21     4    25     2     0     0   -52.0   38.650  131.969   1385.2    865.3
     1     1    21     4    25     1     0     0   -53.0   38.961  131.967   1416.7    861.4
     1     1    21     4    25     0     0     0   -54.0   39.277  131.955   1450.3    857.3
     1     1    21     4    24    23     0     0   -55.0   39.601  131.934   1484.7    852.6
     1     1    21     4    24    22     0     0   -56.0   39.938  131.909   1519.0    848.1
     1     1    21     4    24    21     0     0   -57.0   40.290  131.882   1552.4    839.9
     1     1    21     4    24    20     0     0   -58.0   40.660  131.851   1587.4    830.8
     1     1    21     4    24    19     0     0   -59.0   41.048  131.814   1626.9    821.1
     1     1    21     4    24    18     0     0   -60.0   41.452  131.769   1673.4    810.6
     1     1    21     4    24    17     0     0   -61.0   41.872  131.700   1724.4    798.7
     1     1    21     4    24    16     0     0   -62.0   42.311  131.599   1775.2    786.4
     1     1    21     4    24    15     0     0   -63.0   42.767  131.474   1826.9    776.6
     1     1    21     4    24    14     0     0   -64.0   43.237  131.331   1877.5    769.7
     1     1    21     4    24    13     0     0   -65.0   43.719  131.178   1927.3    763.5
     1     1    21     4    24    12     0     0   -66.0   44.217  131.027   1980.3    757.6
     1     1    21     4    24    11     0     0   -67.0   44.717  130.854   2036.9    751.9
     1     1    21     4    24    10     0     0   -68.0   45.201  130.631   2096.0    746.5
     1     1    21     4    24     9     0     0   -69.0   45.667  130.355   2153.8    741.8
     1     1    21     4    24     8     0     0   -70.0   46.120  130.029   2210.3    737.2
     1     1    21     4    24     7     0     0   -71.0   46.566  129.660   2269.3    734.6
     1     1    21     4    24     6     0     0   -72.0   47.012  129.259   2330.1    732.0
     1     1    21     4    24     5     0     0   -73.0   47.462  128.836   2391.2    729.4
     1     1    21     4    24     4     0     0   -74.0   47.915  128.399   2444.1    725.2
     1     1    21     4    24     3     0     0   -75.0   48.370  127.951   2493.6    721.4
     1     1    21     4    24     2     0     0   -76.0   48.829  127.492   2544.0    717.8
     1     1    21     4    24     1     0     0   -77.0   49.289  127.020   2598.8    711.6
     1     1    21     4    24     0     0     0   -78.0   49.753  126.535   2667.2    703.1
     1     1    21     4    23    23     0     0   -79.0   50.218  126.045   2749.8    692.2
     1     1    21     4    23    22     0     0   -80.0   50.684  125.559   2837.6    681.7
     1     1    21     4    23    21     0     0   -81.0   51.150  125.072   2925.2    671.8
     1     1    21     4    23    20     0     0   -82.0   51.616  124.576   3008.3    660.0
     1     1    21     4    23    19     0     0   -83.0   52.081  124.059   3088.7    648.2
     1     1    21     4    23    18     0     0   -84.0   52.540  123.506   3166.0    636.4
     1     1    21     4    23    17     0     0   -85.0   53.000  122.896   3239.8    622.6
     1     1    21     4    23    16     0     0   -86.0   53.465  122.227   3318.9    609.5
     1     1    21     4    23    15     0     0   -87.0   53.938  121.522   3406.9    597.0
     1     1    21     4    23    14     0     0   -88.0   54.420  120.803   3504.2    583.6
     1     1    21     4    23    13     0     0   -89.0   54.919  120.084   3614.6    568.9
     1     1    21     4    23    12     0     0   -90.0   55.438  119.371   3741.3    556.9
     1     1    21     4    23    11     0     0   -91.0   55.968  118.656   3859.0    546.3
     1     1    21     4    23    10     0     0   -92.0   56.503  117.938   3954.4    538.2
     1     1    21     4    23     9     0     0   -93.0   57.046  117.233   4030.7    532.1
     1     1    21     4    23     8     0     0   -94.0   57.591  116.557   4093.6    529.6
     1     1    21     4    23     7     0     0   -95.0   58.135  115.880   4152.6    532.5
     1     1    21     4    23     6     0     0   -96.0   58.685  115.171   4201.8    536.1
