     2     1
    CDC1    21     6     1     0     0
    CDC1    21     7     1     0     0
     1 BACKWARD OMEGA   
  2021     7    22     0   37.500  127.000   500.0
     1 PRESSURE
     1     1    21     7    22     0     0     0     0.0   37.500  127.000    500.0    938.3
     1     1    21     7    21    23     0     0    -1.0   37.468  127.124    513.4    936.2
     1     1    21     7    21    22     0     0    -2.0   37.434  127.252    525.8    934.2
     1     1    21     7    21    21     0     0    -3.0   37.399  127.384    537.2    932.3
     1     1    21     7    21    20     0     0    -4.0   37.361  127.520    547.2    930.7
     1     1    21     7    21    19     0     0    -5.0   37.321  127.662    555.5    930.2
     1     1    21     7    21    18     0     0    -6.0   37.278  127.809    561.6    930.0
     1     1    21     7    21    17     0     0    -7.0   37.236  127.958    567.0    930.1
     1     1    21     7    21    16     0     0    -8.0   37.199  128.107    572.9    930.0
     1     1    21     7    21    15     0     0    -9.0   37.167  128.255    579.5    929.7
     1     1    21     7    21    14     0     0   -10.0   37.141  128.403    586.7    929.4
     1     1    21     7    21    13     0     0   -11.0   37.120  128.551    594.3    928.9
     1     1    21     7    21    12     0     0   -12.0   37.105  128.701    602.2    928.5
     1     1    21     7    21    11     0     0   -13.0   37.096  128.849    610.2    928.2
     1     1    21     7    21    10     0     0   -14.0   37.096  128.994    618.0    927.9
     1     1    21     7    21     9     0     0   -15.0   37.102  129.135    625.4    927.7
     1     1    21     7    21     8     0     0   -16.0   37.117  129.270    632.3    927.4
     1     1    21     7    21     7     0     0   -17.0   37.138  129.400    638.6    927.3
     1     1    21     7    21     6     0     0   -18.0   37.168  129.523    644.1    927.2
     1     1    21     7    21     5     0     0   -19.0   37.201  129.643    647.1    927.4
     1     1    21     7    21     4     0     0   -20.0   37.234  129.764    645.5    928.3
     1     1    21     7    21     3     0     0   -21.0   37.268  129.886    639.7    929.9
     1     1    21     7    21     2     0     0   -22.0   37.302  130.009    629.8    932.0
     1     1    21     7    21     1     0     0   -23.0   37.335  130.134    616.5    934.8
     1     1    21     7    21     0     0     0   -24.0   37.367  130.259    600.0    937.8
     1     1    21     7    20    23     0     0   -25.0   37.395  130.377    584.2    940.7
     1     1    21     7    20    22     0     0   -26.0   37.418  130.483    572.2    942.8
     1     1    21     7    20    21     0     0   -27.0   37.435  130.576    564.0    944.3
     1     1    21     7    20    20     0     0   -28.0   37.448  130.658    559.4    945.4
     1     1    21     7    20    19     0     0   -29.0   37.454  130.730    558.3    946.1
     1     1    21     7    20    18     0     0   -30.0   37.455  130.792    560.6    946.3
     1     1    21     7    20    17     0     0   -31.0   37.451  130.850    564.9    946.1
     1     1    21     7    20    16     0     0   -32.0   37.444  130.911    569.9    945.9
     1     1    21     7    20    15     0     0   -33.0   37.435  130.974    575.7    945.7
     1     1    21     7    20    14     0     0   -34.0   37.423  131.040    582.2    945.4
     1     1    21     7    20    13     0     0   -35.0   37.408  131.109    589.3    945.1
     1     1    21     7    20    12     0     0   -36.0   37.391  131.181    597.2    944.7
     1     1    21     7    20    11     0     0   -37.0   37.373  131.252    603.4    944.1
     1     1    21     7    20    10     0     0   -38.0   37.356  131.318    605.9    944.2
     1     1    21     7    20     9     0     0   -39.0   37.339  131.379    604.6    944.6
     1     1    21     7    20     8     0     0   -40.0   37.324  131.434    599.5    945.3
     1     1    21     7    20     7     0     0   -41.0   37.310  131.482    590.7    946.4
     1     1    21     7    20     6     0     0   -42.0   37.297  131.524    578.2    947.8
     1     1    21     7    20     5     0     0   -43.0   37.287  131.562    566.4    950.0
     1     1    21     7    20     4     0     0   -44.0   37.279  131.600    559.6    951.2
     1     1    21     7    20     3     0     0   -45.0   37.272  131.637    557.8    951.9
     1     1    21     7    20     2     0     0   -46.0   37.267  131.674    561.1    952.0
     1     1    21     7    20     1     0     0   -47.0   37.263  131.709    569.5    951.7
     1     1    21     7    20     0     0     0   -48.0   37.261  131.745    583.1    950.8
     1     1    21     7    19    23     0     0   -49.0   37.250  131.781    598.6    948.9
     1     1    21     7    19    22     0     0   -50.0   37.220  131.817    613.3    947.2
     1     1    21     7    19    21     0     0   -51.0   37.169  131.854    627.2    945.5
     1     1    21     7    19    20     0     0   -52.0   37.099  131.892    640.3    943.5
     1     1    21     7    19    19     0     0   -53.0   37.008  131.931    652.9    941.4
     1     1    21     7    19    18     0     0   -54.0   36.896  131.971    665.4    939.2
     1     1    21     7    19    17     0     0   -55.0   36.773  132.012    676.3    937.1
     1     1    21     7    19    16     0     0   -56.0   36.648  132.058    683.6    935.5
     1     1    21     7    19    15     0     0   -57.0   36.523  132.107    687.2    934.4
     1     1    21     7    19    14     0     0   -58.0   36.397  132.163    686.7    933.8
     1     1    21     7    19    13     0     0   -59.0   36.271  132.225    682.0    933.6
     1     1    21     7    19    12     0     0   -60.0   36.146  132.295    672.7    934.0
     1     1    21     7    19    11     0     0   -61.0   36.022  132.375    662.4    934.6
     1     1    21     7    19    10     0     0   -62.0   35.898  132.465    655.7    934.5
     1     1    21     7    19     9     0     0   -63.0   35.774  132.564    652.5    933.3
     1     1    21     7    19     8     0     0   -64.0   35.648  132.671    653.2    931.4
     1     1    21     7    19     7     0     0   -65.0   35.520  132.785    658.3    928.9
     1     1    21     7    19     6     0     0   -66.0   35.390  132.906    667.7    926.0
     1     1    21     7    19     5     0     0   -67.0   35.261  133.030    680.5    923.3
     1     1    21     7    19     4     0     0   -68.0   35.136  133.153    694.5    920.9
     1     1    21     7    19     3     0     0   -69.0   35.018  133.274    709.9    918.3
     1     1    21     7    19     2     0     0   -70.0   34.907  133.394    726.7    916.6
     1     1    21     7    19     1     0     0   -71.0   34.805  133.514    744.5    915.0
     1     1    21     7    19     0     0     0   -72.0   34.710  133.634    762.9    913.3
     1     1    21     7    18    23     0     0   -73.0   34.612  133.756    782.2    911.1
     1     1    21     7    18    22     0     0   -74.0   34.500  133.883    802.8    908.7
     1     1    21     7    18    21     0     0   -75.0   34.375  134.015    824.4    906.4
     1     1    21     7    18    20     0     0   -76.0   34.238  134.152    846.9    904.2
     1     1    21     7    18    19     0     0   -77.0   34.088  134.293    870.2    902.1
     1     1    21     7    18    18     0     0   -78.0   33.927  134.439    894.2    900.2
     1     1    21     7    18    17     0     0   -79.0   33.761  134.591    918.9    898.6
     1     1    21     7    18    16     0     0   -80.0   33.598  134.752    944.7    896.8
     1     1    21     7    18    15     0     0   -81.0   33.440  134.923    971.9    894.9
     1     1    21     7    18    14     0     0   -82.0   33.286  135.103   1000.8    892.7
     1     1    21     7    18    13     0     0   -83.0   33.139  135.291   1031.3    890.3
     1     1    21     7    18    12     0     0   -84.0   32.999  135.486   1063.8    887.8
     1     1    21     7    18    11     0     0   -85.0   32.859  135.683   1095.2    885.3
     1     1    21     7    18    10     0     0   -86.0   32.716  135.877   1121.7    883.8
     1     1    21     7    18     9     0     0   -87.0   32.567  136.068   1143.9    883.1
     1     1    21     7    18     8     0     0   -88.0   32.412  136.254   1161.4    882.4
     1     1    21     7    18     7     0     0   -89.0   32.249  136.438   1174.7    881.8
     1     1    21     7    18     6     0     0   -90.0   32.078  136.621   1184.4    881.5
     1     1    21     7    18     5     0     0   -91.0   31.903  136.810   1191.6    881.5
     1     1    21     7    18     4     0     0   -92.0   31.731  137.009   1197.3    881.5
     1     1    21     7    18     3     0     0   -93.0   31.564  137.216   1201.0    881.7
     1     1    21     7    18     2     0     0   -94.0   31.400  137.430   1202.5    882.2
     1     1    21     7    18     1     0     0   -95.0   31.242  137.650   1201.7    883.0
     1     1    21     7    18     0     0     0   -96.0   31.089  137.874   1198.3    883.9
