     2     1
    CDC1    21     9     1     0     0
    CDC1    21    10     1     0     0
     1 BACKWARD OMEGA   
  2021    10    15    21   37.500  127.000   500.0
     1 PRESSURE
     1     1    21    10    15    21     0     0     0.0   37.500  127.000    500.0    942.7
     1     1    21    10    15    20     0     0    -1.0   37.843  126.955    508.9    936.7
     1     1    21    10    15    19     0     0    -2.0   38.182  126.895    520.8    930.5
     1     1    21    10    15    18     0     0    -3.0   38.518  126.815    536.5    924.2
     1     1    21    10    15    17     0     0    -4.0   38.845  126.720    555.8    917.9
     1     1    21    10    15    16     0     0    -5.0   39.153  126.618    577.6    911.8
     1     1    21    10    15    15     0     0    -6.0   39.442  126.511    600.9    906.1
     1     1    21    10    15    14     0     0    -7.0   39.712  126.399    625.1    900.6
     1     1    21    10    15    13     0     0    -8.0   39.963  126.283    649.1    895.2
     1     1    21    10    15    12     0     0    -9.0   40.193  126.160    671.8    892.0
     1     1    21    10    15    11     0     0   -10.0   40.409  126.016    692.7    890.0
     1     1    21    10    15    10     0     0   -11.0   40.619  125.846    712.5    888.3
     1     1    21    10    15     9     0     0   -12.0   40.825  125.651    731.7    887.2
     1     1    21    10    15     8     0     0   -13.0   41.027  125.431    750.2    886.5
     1     1    21    10    15     7     0     0   -14.0   41.224  125.186    768.1    886.3
     1     1    21    10    15     6     0     0   -15.0   41.415  124.916    785.5    886.4
     1     1    21    10    15     5     0     0   -16.0   41.593  124.635    805.7    886.8
     1     1    21    10    15     4     0     0   -17.0   41.748  124.360    831.9    886.0
     1     1    21    10    15     3     0     0   -18.0   41.879  124.098    862.8    884.7
     1     1    21    10    15     2     0     0   -19.0   41.982  123.853    897.7    882.9
     1     1    21    10    15     1     0     0   -20.0   42.057  123.630    935.8    880.5
     1     1    21    10    15     0     0     0   -21.0   42.105  123.433    976.7    877.3
     1     1    21    10    14    23     0     0   -22.0   42.152  123.256   1021.6    873.8
     1     1    21    10    14    22     0     0   -23.0   42.222  123.084   1071.8    869.4
     1     1    21    10    14    21     0     0   -24.0   42.314  122.916   1127.2    864.4
     1     1    21    10    14    20     0     0   -25.0   42.425  122.750   1187.7    858.9
     1     1    21    10    14    19     0     0   -26.0   42.553  122.584   1253.0    853.3
     1     1    21    10    14    18     0     0   -27.0   42.694  122.412   1320.6    845.6
     1     1    21    10    14    17     0     0   -28.0   42.838  122.220   1382.3    835.4
     1     1    21    10    14    16     0     0   -29.0   42.977  122.007   1432.2    826.8
     1     1    21    10    14    15     0     0   -30.0   43.110  121.778   1470.3    819.3
     1     1    21    10    14    14     0     0   -31.0   43.239  121.540   1496.6    812.7
     1     1    21    10    14    13     0     0   -32.0   43.363  121.299   1511.0    807.2
     1     1    21    10    14    12     0     0   -33.0   43.482  121.059   1513.3    802.9
     1     1    21    10    14    11     0     0   -34.0   43.599  120.811   1508.9    799.1
     1     1    21    10    14    10     0     0   -35.0   43.715  120.536   1506.1    794.1
     1     1    21    10    14     9     0     0   -36.0   43.830  120.236   1504.6    788.2
     1     1    21    10    14     8     0     0   -37.0   43.944  119.911   1504.9    781.6
     1     1    21    10    14     7     0     0   -38.0   44.056  119.562   1507.8    774.6
     1     1    21    10    14     6     0     0   -39.0   44.164  119.187   1513.1    767.2
     1     1    21    10    14     5     0     0   -40.0   44.272  118.800   1522.3    759.8
     1     1    21    10    14     4     0     0   -41.0   44.385  118.413   1536.5    752.1
     1     1    21    10    14     3     0     0   -42.0   44.505  118.032   1556.1    744.2
     1     1    21    10    14     2     0     0   -43.0   44.633  117.660   1581.1    736.3
     1     1    21    10    14     1     0     0   -44.0   44.772  117.300   1612.7    731.3
     1     1    21    10    14     0     0     0   -45.0   44.923  116.959   1648.2    728.6
     1     1    21    10    13    23     0     0   -46.0   45.086  116.620   1681.2    726.5
     1     1    21    10    13    22     0     0   -47.0   45.253  116.263   1708.8    726.1
     1     1    21    10    13    21     0     0   -48.0   45.426  115.892   1731.7    726.3
     1     1    21    10    13    20     0     0   -49.0   45.605  115.508   1751.8    727.1
     1     1    21    10    13    19     0     0   -50.0   45.790  115.112   1771.0    728.1
     1     1    21    10    13    18     0     0   -51.0   45.981  114.702   1790.7    728.4
     1     1    21    10    13    17     0     0   -52.0   46.175  114.278   1813.8    726.8
     1     1    21    10    13    16     0     0   -53.0   46.367  113.843   1845.3    723.2
     1     1    21    10    13    15     0     0   -54.0   46.556  113.398   1885.4    717.8
     1     1    21    10    13    14     0     0   -55.0   46.741  112.945   1935.2    710.5
     1     1    21    10    13    13     0     0   -56.0   46.921  112.485   1996.7    701.1
     1     1    21    10    13    12     0     0   -57.0   47.094  112.015   2069.9    688.7
     1     1    21    10    13    11     0     0   -58.0   47.258  111.516   2146.8    673.9
     1     1    21    10    13    10     0     0   -59.0   47.410  110.971   2218.6    659.4
     1     1    21    10    13     9     0     0   -60.0   47.556  110.383   2286.0    645.3
     1     1    21    10    13     8     0     0   -61.0   47.699  109.761   2352.8    635.5
     1     1    21    10    13     7     0     0   -62.0   47.847  109.122   2419.9    631.3
     1     1    21    10    13     6     0     0   -63.0   48.002  108.477   2483.0    628.1
     1     1    21    10    13     5     0     0   -64.0   48.161  107.839   2545.8    625.6
     1     1    21    10    13     4     0     0   -65.0   48.318  107.217   2611.3    623.1
     1     1    21    10    13     3     0     0   -66.0   48.474  106.605   2680.2    619.8
     1     1    21    10    13     2     0     0   -67.0   48.628  105.999   2752.6    616.2
     1     1    21    10    13     1     0     0   -68.0   48.784  105.397   2828.4    612.3
     1     1    21    10    13     0     0     0   -69.0   48.946  104.796   2901.5    605.4
     1     1    21    10    12    23     0     0   -70.0   49.098  104.191   2955.0    592.8
     1     1    21    10    12    22     0     0   -71.0   49.227  103.586   2991.4    582.2
     1     1    21    10    12    21     0     0   -72.0   49.335  102.981   3012.0    572.5
     1     1    21    10    12    20     0     0   -73.0   49.424  102.377   3019.3    563.7
     1     1    21    10    12    19     0     0   -74.0   49.493  101.774   3016.3    555.9
     1     1    21    10    12    18     0     0   -75.0   49.543  101.172   3006.5    548.7
     1     1    21    10    12    17     0     0   -76.0   49.579  100.564   2998.2    541.9
     1     1    21    10    12    16     0     0   -77.0   49.607   99.944   2997.5    534.9
     1     1    21    10    12    15     0     0   -78.0   49.632   99.320   3024.2    536.9
     1     1    21    10    12    14     0     0   -79.0   49.662   98.697   3061.0    538.2
     1     1    21    10    12    13     0     0   -80.0   49.703   98.075   3110.5    538.7
     1     1    21    10    12    12     0     0   -81.0   49.761   97.456   3175.5    538.6
     1     1    21    10    12    11     0     0   -82.0   49.825   96.836   3253.0    540.7
     1     1    21    10    12    10     0     0   -83.0   49.882   96.217   3319.9    544.1
     1     1    21    10    12     9     0     0   -84.0   49.935   95.600   3379.7    548.1
     1     1    21    10    12     8     0     0   -85.0   49.989   94.988   3432.9    552.2
     1     1    21    10    12     7     0     0   -86.0   50.035   94.374   3455.4    546.9
     1     1    21    10    12     6     0     0   -87.0   50.061   93.749   3468.8    542.4
     1     1    21    10    12     5     0     0   -88.0   50.077   93.123   3479.9    538.0
     1     1    21    10    12     4     0     0   -89.0   50.091   92.504   3498.6    532.9
     1     1    21    10    12     3     0     0   -90.0   50.098   91.893   3510.5    521.9
     1     1    21    10    12     2     0     0   -91.0   50.091   91.288   3527.1    510.7
     1     1    21    10    12     1     0     0   -92.0   50.074   90.687   3548.9    499.1
     1     1    21    10    12     0     0     0   -93.0   50.046   90.085   3575.7    486.9
     1     1    21    10    11    23     0     0   -94.0   49.989   89.483   3609.1    481.1
     1     1    21    10    11    22     0     0   -95.0   49.888   88.888   3630.9    481.8
     1     1    21    10    11    21     0     0   -96.0   49.750   88.303   3634.1    484.9
