     2     1
    CDC1    21     2     1     0     0
    CDC1    21     3     1     0     0
     1 BACKWARD OMEGA   
  2021     3    15     6   37.500  127.000   500.0
     1 PRESSURE
     1     1    21     3    15     6     0     0     0.0   37.500  127.000    500.0    936.5
     1     1    21     3    15     5     0     0    -1.0   37.250  126.799    457.4    944.2
     1     1    21     3    15     4     0     0    -2.0   37.011  126.633    425.1    949.8
     1     1    21     3    15     3     0     0    -3.0   36.777  126.503    400.8    954.4
     1     1    21     3    15     2     0     0    -4.0   36.545  126.406    383.5    958.0
     1     1    21     3    15     1     0     0    -5.0   36.313  126.341    372.6    960.4
     1     1    21     3    15     0     0     0    -6.0   36.080  126.305    367.8    962.0
     1     1    21     3    14    23     0     0    -7.0   35.849  126.281    367.8    962.4
     1     1    21     3    14    22     0     0    -8.0   35.625  126.256    371.1    962.5
     1     1    21     3    14    21     0     0    -9.0   35.409  126.232    377.1    962.3
     1     1    21     3    14    20     0     0   -10.0   35.203  126.210    385.2    961.8
     1     1    21     3    14    19     0     0   -11.0   35.010  126.193    395.1    960.8
     1     1    21     3    14    18     0     0   -12.0   34.829  126.181    406.9    960.0
     1     1    21     3    14    17     0     0   -13.0   34.666  126.173    421.1    959.1
     1     1    21     3    14    16     0     0   -14.0   34.524  126.170    437.6    957.9
     1     1    21     3    14    15     0     0   -15.0   34.405  126.173    456.8    956.2
     1     1    21     3    14    14     0     0   -16.0   34.313  126.181    478.9    954.2
     1     1    21     3    14    13     0     0   -17.0   34.249  126.194    503.9    951.7
     1     1    21     3    14    12     0     0   -18.0   34.214  126.212    532.1    948.8
     1     1    21     3    14    11     0     0   -19.0   34.203  126.227    563.5    945.3
     1     1    21     3    14    10     0     0   -20.0   34.207  126.229    598.3    941.5
     1     1    21     3    14     9     0     0   -21.0   34.225  126.219    636.3    937.3
     1     1    21     3    14     8     0     0   -22.0   34.257  126.195    677.2    932.2
     1     1    21     3    14     7     0     0   -23.0   34.302  126.154    721.2    927.0
     1     1    21     3    14     6     0     0   -24.0   34.359  126.097    768.3    921.5
     1     1    21     3    14     5     0     0   -25.0   34.425  126.027    817.7    916.1
     1     1    21     3    14     4     0     0   -26.0   34.498  125.948    867.4    911.0
     1     1    21     3    14     3     0     0   -27.0   34.577  125.861    917.0    906.0
     1     1    21     3    14     2     0     0   -28.0   34.663  125.766    966.0    900.8
     1     1    21     3    14     1     0     0   -29.0   34.757  125.661   1013.4    895.6
     1     1    21     3    14     0     0     0   -30.0   34.859  125.546   1058.7    890.9
     1     1    21     3    13    23     0     0   -31.0   34.964  125.422   1101.4    886.4
     1     1    21     3    13    22     0     0   -32.0   35.066  125.293   1141.0    882.5
     1     1    21     3    13    21     0     0   -33.0   35.163  125.159   1177.7    879.0
     1     1    21     3    13    20     0     0   -34.0   35.255  125.021   1211.9    876.0
     1     1    21     3    13    19     0     0   -35.0   35.341  124.877   1243.2    872.8
     1     1    21     3    13    18     0     0   -36.0   35.422  124.727   1272.0    869.8
     1     1    21     3    13    17     0     0   -37.0   35.503  124.571   1298.2    867.1
     1     1    21     3    13    16     0     0   -38.0   35.586  124.408   1323.4    864.3
     1     1    21     3    13    15     0     0   -39.0   35.674  124.240   1346.7    861.7
     1     1    21     3    13    14     0     0   -40.0   35.765  124.067   1368.3    859.4
     1     1    21     3    13    13     0     0   -41.0   35.862  123.893   1388.1    857.3
     1     1    21     3    13    12     0     0   -42.0   35.965  123.718   1406.2    855.5
     1     1    21     3    13    11     0     0   -43.0   36.070  123.543   1424.5    854.2
     1     1    21     3    13    10     0     0   -44.0   36.175  123.369   1445.2    852.6
     1     1    21     3    13     9     0     0   -45.0   36.278  123.195   1469.2    850.7
     1     1    21     3    13     8     0     0   -46.0   36.380  123.018   1497.5    848.4
     1     1    21     3    13     7     0     0   -47.0   36.479  122.839   1530.9    845.7
     1     1    21     3    13     6     0     0   -48.0   36.575  122.653   1570.7    842.4
     1     1    21     3    13     5     0     0   -49.0   36.668  122.463   1610.6    838.1
     1     1    21     3    13     4     0     0   -50.0   36.761  122.269   1643.1    834.9
     1     1    21     3    13     3     0     0   -51.0   36.856  122.072   1668.2    832.5
     1     1    21     3    13     2     0     0   -52.0   36.953  121.872   1686.0    830.9
     1     1    21     3    13     1     0     0   -53.0   37.054  121.671   1696.6    830.1
     1     1    21     3    13     0     0     0   -54.0   37.161  121.467   1700.3    830.0
     1     1    21     3    12    23     0     0   -55.0   37.270  121.271   1703.2    830.7
     1     1    21     3    12    22     0     0   -56.0   37.382  121.088   1709.5    830.6
     1     1    21     3    12    21     0     0   -57.0   37.494  120.916   1718.6    830.3
     1     1    21     3    12    20     0     0   -58.0   37.605  120.753   1729.3    828.9
     1     1    21     3    12    19     0     0   -59.0   37.714  120.599   1741.3    827.2
     1     1    21     3    12    18     0     0   -60.0   37.821  120.449   1753.8    825.4
     1     1    21     3    12    17     0     0   -61.0   37.921  120.294   1760.8    823.4
     1     1    21     3    12    16     0     0   -62.0   38.007  120.123   1758.2    823.1
     1     1    21     3    12    15     0     0   -63.0   38.076  119.936   1745.0    823.8
     1     1    21     3    12    14     0     0   -64.0   38.126  119.738   1721.2    825.3
     1     1    21     3    12    13     0     0   -65.0   38.155  119.528   1687.7    827.6
     1     1    21     3    12    12     0     0   -66.0   38.161  119.306   1644.8    830.9
     1     1    21     3    12    11     0     0   -67.0   38.149  119.085   1603.9    835.7
     1     1    21     3    12    10     0     0   -68.0   38.126  118.874   1573.6    838.4
     1     1    21     3    12     9     0     0   -69.0   38.089  118.673   1553.3    840.4
     1     1    21     3    12     8     0     0   -70.0   38.036  118.480   1542.2    841.7
     1     1    21     3    12     7     0     0   -71.0   37.966  118.296   1539.7    842.6
     1     1    21     3    12     6     0     0   -72.0   37.876  118.120   1545.5    843.1
     1     1    21     3    12     5     0     0   -73.0   37.781  117.963   1557.4    842.8
     1     1    21     3    12     4     0     0   -74.0   37.698  117.833   1574.4    842.3
     1     1    21     3    12     3     0     0   -75.0   37.629  117.730   1596.4    841.1
     1     1    21     3    12     2     0     0   -76.0   37.578  117.655   1623.4    839.2
     1     1    21     3    12     1     0     0   -77.0   37.546  117.607   1655.7    836.4
     1     1    21     3    12     0     0     0   -78.0   37.537  117.587   1693.6    832.8
     1     1    21     3    11    23     0     0   -79.0   37.549  117.572   1735.3    828.0
     1     1    21     3    11    22     0     0   -80.0   37.577  117.534   1779.3    822.6
     1     1    21     3    11    21     0     0   -81.0   37.620  117.469   1825.5    816.4
     1     1    21     3    11    20     0     0   -82.0   37.679  117.375   1873.3    808.8
     1     1    21     3    11    19     0     0   -83.0   37.752  117.253   1923.5    800.4
     1     1    21     3    11    18     0     0   -84.0   37.839  117.103   1976.6    791.1
     1     1    21     3    11    17     0     0   -85.0   37.935  116.945   2030.0    781.3
     1     1    21     3    11    16     0     0   -86.0   38.034  116.800   2078.9    772.5
     1     1    21     3    11    15     0     0   -87.0   38.139  116.672   2123.9    764.3
     1     1    21     3    11    14     0     0   -88.0   38.251  116.562   2164.9    756.7
     1     1    21     3    11    13     0     0   -89.0   38.369  116.474   2202.2    749.5
     1     1    21     3    11    12     0     0   -90.0   38.494  116.407   2235.9    742.8
     1     1    21     3    11    11     0     0   -91.0   38.615  116.348   2264.3    736.6
     1     1    21     3    11    10     0     0   -92.0   38.722  116.283   2285.9    731.5
     1     1    21     3    11     9     0     0   -93.0   38.815  116.211   2301.1    727.2
     1     1    21     3    11     8     0     0   -94.0   38.894  116.133   2310.6    723.5
     1     1    21     3    11     7     0     0   -95.0   38.961  116.048   2314.9    720.5
     1     1    21     3    11     6     0     0   -96.0   39.014  115.957   2314.6    718.0
