     2     1
    CDC1    21     4     1     0     0
    CDC1    21     5     1     0     0
     1 BACKWARD OMEGA   
  2021     5    21     3   37.500  127.000   500.0
     1 PRESSURE
     1     1    21     5    21     3     0     0     0.0   37.500  127.000    500.0    928.4
     1     1    21     5    21     2     0     0    -1.0   37.748  126.786    498.7    926.2
     1     1    21     5    21     1     0     0    -2.0   37.998  126.603    493.8    924.3
     1     1    21     5    21     0     0     0    -3.0   38.249  126.449    485.8    922.6
     1     1    21     5    20    23     0     0    -4.0   38.492  126.321    475.7    920.9
     1     1    21     5    20    22     0     0    -5.0   38.722  126.212    465.1    919.3
     1     1    21     5    20    21     0     0    -6.0   38.941  126.119    453.8    917.9
     1     1    21     5    20    20     0     0    -7.0   39.152  126.037    442.0    916.6
     1     1    21     5    20    19     0     0    -8.0   39.357  125.962    430.0    915.5
     1     1    21     5    20    18     0     0    -9.0   39.557  125.892    418.1    914.6
     1     1    21     5    20    17     0     0   -10.0   39.742  125.833    409.5    914.3
     1     1    21     5    20    16     0     0   -11.0   39.899  125.796    406.8    913.1
     1     1    21     5    20    15     0     0   -12.0   40.025  125.781    410.4    911.6
     1     1    21     5    20    14     0     0   -13.0   40.118  125.788    420.1    910.1
     1     1    21     5    20    13     0     0   -14.0   40.181  125.817    435.4    908.0
     1     1    21     5    20    12     0     0   -15.0   40.213  125.871    456.1    905.2
     1     1    21     5    20    11     0     0   -16.0   40.223  125.940    477.6    902.2
     1     1    21     5    20    10     0     0   -17.0   40.220  126.012    495.9    900.1
     1     1    21     5    20     9     0     0   -18.0   40.201  126.087    511.3    898.5
     1     1    21     5    20     8     0     0   -19.0   40.168  126.165    524.3    897.2
     1     1    21     5    20     7     0     0   -20.0   40.120  126.245    535.3    896.2
     1     1    21     5    20     6     0     0   -21.0   40.057  126.330    544.4    895.5
     1     1    21     5    20     5     0     0   -22.0   39.987  126.424    552.9    894.7
     1     1    21     5    20     4     0     0   -23.0   39.918  126.532    562.6    893.9
     1     1    21     5    20     3     0     0   -24.0   39.850  126.652    573.1    893.0
     1     1    21     5    20     2     0     0   -25.0   39.783  126.788    584.3    891.9
     1     1    21     5    20     1     0     0   -26.0   39.717  126.941    596.7    890.7
     1     1    21     5    20     0     0     0   -27.0   39.652  127.114    610.5    889.1
     1     1    21     5    19    23     0     0   -28.0   39.582  127.275    628.0    887.6
     1     1    21     5    19    22     0     0   -29.0   39.502  127.390    651.5    885.5
     1     1    21     5    19    21     0     0   -30.0   39.412  127.458    680.5    883.3
     1     1    21     5    19    20     0     0   -31.0   39.313  127.481    715.1    881.1
     1     1    21     5    19    19     0     0   -32.0   39.206  127.459    754.9    878.9
     1     1    21     5    19    18     0     0   -33.0   39.092  127.395    799.9    876.6
     1     1    21     5    19    17     0     0   -34.0   38.977  127.315    845.3    873.7
     1     1    21     5    19    16     0     0   -35.0   38.870  127.245    886.8    871.7
     1     1    21     5    19    15     0     0   -36.0   38.770  127.181    924.8    869.8
     1     1    21     5    19    14     0     0   -37.0   38.677  127.125    959.7    867.7
     1     1    21     5    19    13     0     0   -38.0   38.592  127.075    992.1    865.8
     1     1    21     5    19    12     0     0   -39.0   38.513  127.030   1022.4    864.1
     1     1    21     5    19    11     0     0   -40.0   38.446  126.984   1052.9    862.2
     1     1    21     5    19    10     0     0   -41.0   38.395  126.934   1086.0    859.7
     1     1    21     5    19     9     0     0   -42.0   38.361  126.875   1121.9    856.8
     1     1    21     5    19     8     0     0   -43.0   38.344  126.806   1160.9    853.4
     1     1    21     5    19     7     0     0   -44.0   38.344  126.725   1202.9    849.7
     1     1    21     5    19     6     0     0   -45.0   38.362  126.630   1248.0    845.6
     1     1    21     5    19     5     0     0   -46.0   38.394  126.523   1293.8    841.4
     1     1    21     5    19     4     0     0   -47.0   38.434  126.407   1337.1    837.1
     1     1    21     5    19     3     0     0   -48.0   38.480  126.281   1378.2    833.2
     1     1    21     5    19     2     0     0   -49.0   38.532  126.143   1416.7    829.5
     1     1    21     5    19     1     0     0   -50.0   38.588  125.993   1452.7    826.2
     1     1    21     5    19     0     0     0   -51.0   38.646  125.830   1486.1    823.2
     1     1    21     5    18    23     0     0   -52.0   38.705  125.644   1513.8    820.4
     1     1    21     5    18    22     0     0   -53.0   38.759  125.426   1532.3    819.2
     1     1    21     5    18    21     0     0   -54.0   38.809  125.174   1541.4    819.2
     1     1    21     5    18    20     0     0   -55.0   38.857  124.884   1541.2    820.4
     1     1    21     5    18    19     0     0   -56.0   38.900  124.555   1532.2    822.8
     1     1    21     5    18    18     0     0   -57.0   38.939  124.183   1515.1    826.5
     1     1    21     5    18    17     0     0   -58.0   38.960  123.794   1497.6    831.2
     1     1    21     5    18    16     0     0   -59.0   38.953  123.414   1486.8    834.9
     1     1    21     5    18    15     0     0   -60.0   38.919  123.049   1483.4    837.9
     1     1    21     5    18    14     0     0   -61.0   38.858  122.700   1488.3    840.1
     1     1    21     5    18    13     0     0   -62.0   38.774  122.371   1502.2    840.4
     1     1    21     5    18    12     0     0   -63.0   38.675  122.065   1527.5    838.2
     1     1    21     5    18    11     0     0   -64.0   38.576  121.780   1561.9    834.7
     1     1    21     5    18    10     0     0   -65.0   38.492  121.510   1599.9    831.3
     1     1    21     5    18     9     0     0   -66.0   38.419  121.255   1640.0    827.8
     1     1    21     5    18     8     0     0   -67.0   38.356  121.013   1681.0    824.2
     1     1    21     5    18     7     0     0   -68.0   38.303  120.786   1721.6    820.7
     1     1    21     5    18     6     0     0   -69.0   38.258  120.573   1760.8    817.1
     1     1    21     5    18     5     0     0   -70.0   38.222  120.376   1799.8    813.5
     1     1    21     5    18     4     0     0   -71.0   38.198  120.196   1841.8    809.3
     1     1    21     5    18     3     0     0   -72.0   38.185  120.031   1886.1    804.9
     1     1    21     5    18     2     0     0   -73.0   38.186  119.882   1932.1    799.8
     1     1    21     5    18     1     0     0   -74.0   38.200  119.749   1979.6    794.5
     1     1    21     5    18     0     0     0   -75.0   38.229  119.632   2028.5    789.1
     1     1    21     5    17    23     0     0   -76.0   38.269  119.521   2076.5    783.5
     1     1    21     5    17    22     0     0   -77.0   38.314  119.409   2123.1    778.2
     1     1    21     5    17    21     0     0   -78.0   38.365  119.295   2168.3    773.0
     1     1    21     5    17    20     0     0   -79.0   38.421  119.180   2212.6    767.8
     1     1    21     5    17    19     0     0   -80.0   38.480  119.065   2256.5    762.4
     1     1    21     5    17    18     0     0   -81.0   38.543  118.950   2300.7    756.9
     1     1    21     5    17    17     0     0   -82.0   38.614  118.839   2346.3    751.4
     1     1    21     5    17    16     0     0   -83.0   38.699  118.737   2392.8    745.5
     1     1    21     5    17    15     0     0   -84.0   38.798  118.643   2439.8    739.5
     1     1    21     5    17    14     0     0   -85.0   38.912  118.554   2486.0    733.3
     1     1    21     5    17    13     0     0   -86.0   39.043  118.469   2530.4    727.0
     1     1    21     5    17    12     0     0   -87.0   39.191  118.387   2571.4    720.9
     1     1    21     5    17    11     0     0   -88.0   39.353  118.306   2610.3    715.1
     1     1    21     5    17    10     0     0   -89.0   39.525  118.223   2648.3    709.1
     1     1    21     5    17     9     0     0   -90.0   39.707  118.137   2686.1    702.9
     1     1    21     5    17     8     0     0   -91.0   39.895  118.044   2724.3    696.3
     1     1    21     5    17     7     0     0   -92.0   40.088  117.940   2762.1    688.5
     1     1    21     5    17     6     0     0   -93.0   40.279  117.820   2799.4    679.5
     1     1    21     5    17     5     0     0   -94.0   40.476  117.692   2837.7    669.7
     1     1    21     5    17     4     0     0   -95.0   40.684  117.563   2877.8    659.5
     1     1    21     5    17     3     0     0   -96.0   40.904  117.433   2919.7    648.8
