     2     1
    CDC1    21     2     1     0     0
    CDC1    21     3     1     0     0
     1 BACKWARD OMEGA   
  2021     3    13     9   37.500  127.000   500.0
     1 PRESSURE
     1     1    21     3    13     9     0     0     0.0   37.500  127.000    500.0    940.1
     1     1    21     3    13     8     0     0    -1.0   37.599  126.867    499.2    939.8
     1     1    21     3    13     7     0     0    -2.0   37.701  126.737    499.4    939.2
     1     1    21     3    13     6     0     0    -3.0   37.802  126.607    501.0    938.5
     1     1    21     3    13     5     0     0    -4.0   37.900  126.482    502.9    937.9
     1     1    21     3    13     4     0     0    -5.0   37.991  126.365    503.4    937.6
     1     1    21     3    13     3     0     0    -6.0   38.076  126.256    502.7    937.5
     1     1    21     3    13     2     0     0    -7.0   38.155  126.153    500.6    937.6
     1     1    21     3    13     1     0     0    -8.0   38.228  126.056    497.1    937.9
     1     1    21     3    13     0     0     0    -9.0   38.296  125.965    492.0    938.4
     1     1    21     3    12    23     0     0   -10.0   38.363  125.889    487.0    938.7
     1     1    21     3    12    22     0     0   -11.0   38.433  125.835    483.9    938.4
     1     1    21     3    12    21     0     0   -12.0   38.507  125.805    482.4    937.7
     1     1    21     3    12    20     0     0   -13.0   38.583  125.797    482.7    936.6
     1     1    21     3    12    19     0     0   -14.0   38.662  125.813    484.6    935.2
     1     1    21     3    12    18     0     0   -15.0   38.742  125.852    488.0    933.3
     1     1    21     3    12    17     0     0   -16.0   38.828  125.907    490.2    931.2
     1     1    21     3    12    16     0     0   -17.0   38.922  125.971    488.2    929.7
     1     1    21     3    12    15     0     0   -18.0   39.022  126.047    482.5    928.4
     1     1    21     3    12    14     0     0   -19.0   39.130  126.136    473.2    927.3
     1     1    21     3    12    13     0     0   -20.0   39.243  126.241    461.0    926.3
     1     1    21     3    12    12     0     0   -21.0   39.362  126.365    446.1    925.4
     1     1    21     3    12    11     0     0   -22.0   39.482  126.505    430.8    924.5
     1     1    21     3    12    10     0     0   -23.0   39.600  126.656    417.0    923.1
     1     1    21     3    12     9     0     0   -24.0   39.715  126.821    404.1    921.5
     1     1    21     3    12     8     0     0   -25.0   39.827  127.000    391.7    919.8
     1     1    21     3    12     7     0     0   -26.0   39.934  127.198    379.3    918.0
     1     1    21     3    12     6     0     0   -27.0   40.033  127.415    366.5    916.3
     1     1    21     3    12     5     0     0   -28.0   40.122  127.633    354.1    917.5
     1     1    21     3    12     4     0     0   -29.0   40.199  127.837    343.0    920.2
     1     1    21     3    12     3     0     0   -30.0   40.267  128.023    333.4    922.6
     1     1    21     3    12     2     0     0   -31.0   40.331  128.191    325.4    924.6
     1     1    21     3    12     1     0     0   -32.0   40.393  128.338    318.9    926.3
     1     1    21     3    12     0     0     0   -33.0   40.455  128.464    314.0    927.5
     1     1    21     3    11    23     0     0   -34.0   40.518  128.576    310.8    928.2
     1     1    21     3    11    22     0     0   -35.0   40.584  128.681    309.3    928.4
     1     1    21     3    11    21     0     0   -36.0   40.652  128.779    309.1    928.4
     1     1    21     3    11    20     0     0   -37.0   40.723  128.869    310.1    928.1
     1     1    21     3    11    19     0     0   -38.0   40.799  128.951    311.8    927.5
     1     1    21     3    11    18     0     0   -39.0   40.879  129.025    314.1    926.7
     1     1    21     3    11    17     0     0   -40.0   40.963  129.082    316.4    926.3
     1     1    21     3    11    16     0     0   -41.0   41.046  129.116    318.0    925.7
     1     1    21     3    11    15     0     0   -42.0   41.130  129.125    318.7    925.0
     1     1    21     3    11    14     0     0   -43.0   41.215  129.111    318.3    924.1
     1     1    21     3    11    13     0     0   -44.0   41.300  129.074    316.9    923.2
     1     1    21     3    11    12     0     0   -45.0   41.385  129.013    314.5    922.1
     1     1    21     3    11    11     0     0   -46.0   41.468  128.926    312.4    920.4
     1     1    21     3    11    10     0     0   -47.0   41.548  128.812    311.8    918.4
     1     1    21     3    11     9     0     0   -48.0   41.624  128.671    312.6    916.1
     1     1    21     3    11     8     0     0   -49.0   41.697  128.504    314.9    913.5
     1     1    21     3    11     7     0     0   -50.0   41.767  128.312    318.7    910.6
     1     1    21     3    11     6     0     0   -51.0   41.833  128.095    323.9    907.5
     1     1    21     3    11     5     0     0   -52.0   41.898  127.866    329.8    904.7
     1     1    21     3    11     4     0     0   -53.0   41.961  127.637    335.5    902.1
     1     1    21     3    11     3     0     0   -54.0   42.025  127.411    341.1    901.3
     1     1    21     3    11     2     0     0   -55.0   42.087  127.196    346.1    903.3
     1     1    21     3    11     1     0     0   -56.0   42.149  126.994    349.7    905.1
     1     1    21     3    11     0     0     0   -57.0   42.211  126.811    352.0    906.9
     1     1    21     3    10    23     0     0   -58.0   42.268  126.621    349.6    908.6
     1     1    21     3    10    22     0     0   -59.0   42.314  126.401    338.9    912.1
     1     1    21     3    10    21     0     0   -60.0   42.349  126.153    320.6    916.9
     1     1    21     3    10    20     0     0   -61.0   42.371  125.878    296.0    923.0
     1     1    21     3    10    19     0     0   -62.0   42.377  125.580    267.1    930.2
     1     1    21     3    10    18     0     0   -63.0   42.364  125.264    236.5    938.3
     1     1    21     3    10    17     0     0   -64.0   42.315  124.955    210.2    946.6
     1     1    21     3    10    16     0     0   -65.0   42.218  124.662    191.4    951.8
     1     1    21     3    10    15     0     0   -66.0   42.082  124.375    178.1    956.3
     1     1    21     3    10    14     0     0   -67.0   41.913  124.093    169.2    960.7
     1     1    21     3    10    13     0     0   -68.0   41.715  123.815    163.8    965.0
     1     1    21     3    10    12     0     0   -69.0   41.493  123.544    161.5    969.2
     1     1    21     3    10    11     0     0   -70.0   41.262  123.290    161.4    973.8
     1     1    21     3    10    10     0     0   -71.0   41.031  123.062    162.3    978.1
     1     1    21     3    10     9     0     0   -72.0   40.798  122.860    163.5    982.3
     1     1    21     3    10     8     0     0   -73.0   40.561  122.682    164.8    986.3
     1     1    21     3    10     7     0     0   -74.0   40.319  122.530    165.6    990.4
     1     1    21     3    10     6     0     0   -75.0   40.073  122.401    165.3    992.9
     1     1    21     3    10     5     0     0   -76.0   39.842  122.300    164.6    994.7
     1     1    21     3    10     4     0     0   -77.0   39.644  122.227    164.1    996.0
     1     1    21     3    10     3     0     0   -78.0   39.477  122.176    164.1    997.2
     1     1    21     3    10     2     0     0   -79.0   39.341  122.145    164.8    998.1
     1     1    21     3    10     1     0     0   -80.0   39.233  122.132    166.3    998.7
     1     1    21     3    10     0     0     0   -81.0   39.151  122.133    168.8    999.2
     1     1    21     3     9    23     0     0   -82.0   39.092  122.139    171.3    998.9
     1     1    21     3     9    22     0     0   -83.0   39.050  122.140    172.9    998.8
     1     1    21     3     9    21     0     0   -84.0   39.025  122.136    173.6    998.7
     1     1    21     3     9    20     0     0   -85.0   39.014  122.126    173.3    998.6
     1     1    21     3     9    19     0     0   -86.0   39.019  122.110    172.0    998.5
     1     1    21     3     9    18     0     0   -87.0   39.038  122.089    169.6    998.5
     1     1    21     3     9    17     0     0   -88.0   39.064  122.067    165.5    998.4
     1     1    21     3     9    16     0     0   -89.0   39.090  122.048    159.4    998.7
     1     1    21     3     9    15     0     0   -90.0   39.114  122.030    151.3    999.1
     1     1    21     3     9    14     0     0   -91.0   39.138  122.014    141.3    999.9
     1     1    21     3     9    13     0     0   -92.0   39.161  121.999    129.5   1000.9
     1     1    21     3     9    12     0     0   -93.0   39.182  121.983    116.2   1002.1
     1     1    21     3     9    11     0     0   -94.0   39.201  121.955    102.9   1003.8
     1     1    21     3     9    10     0     0   -95.0   39.217  121.905     91.2   1005.1
     1     1    21     3     9     9     0     0   -96.0   39.229  121.833     81.0   1006.3
