     2     1
    CDC1    21     1     1     0     0
    CDC1    21     2     1     0     0
     1 BACKWARD OMEGA   
  2021     2     7    15   37.500  127.000   500.0
     1 PRESSURE
     1     1    21     2     7    15     0     0     0.0   37.500  127.000    500.0    941.8
     1     1    21     2     7    14     0     0    -1.0   37.749  126.890    524.9    935.2
     1     1    21     2     7    13     0     0    -2.0   37.985  126.777    547.1    929.4
     1     1    21     2     7    12     0     0    -3.0   38.213  126.661    566.4    924.2
     1     1    21     2     7    11     0     0    -4.0   38.435  126.540    585.8    919.5
     1     1    21     2     7    10     0     0    -5.0   38.656  126.409    608.0    914.4
     1     1    21     2     7     9     0     0    -6.0   38.877  126.266    632.6    909.1
     1     1    21     2     7     8     0     0    -7.0   39.097  126.104    659.1    903.7
     1     1    21     2     7     7     0     0    -8.0   39.318  125.920    687.3    898.5
     1     1    21     2     7     6     0     0    -9.0   39.539  125.712    717.0    893.6
     1     1    21     2     7     5     0     0   -10.0   39.763  125.496    749.6    888.8
     1     1    21     2     7     4     0     0   -11.0   39.989  125.285    786.9    883.4
     1     1    21     2     7     3     0     0   -12.0   40.213  125.081    828.7    879.5
     1     1    21     2     7     2     0     0   -13.0   40.435  124.887    873.2    875.7
     1     1    21     2     7     1     0     0   -14.0   40.653  124.700    920.1    871.8
     1     1    21     2     7     0     0     0   -15.0   40.865  124.514    969.4    866.9
     1     1    21     2     6    23     0     0   -16.0   41.090  124.318   1019.5    861.6
     1     1    21     2     6    22     0     0   -17.0   41.345  124.106   1069.5    856.5
     1     1    21     2     6    21     0     0   -18.0   41.630  123.878   1119.0    851.5
     1     1    21     2     6    20     0     0   -19.0   41.944  123.633   1168.0    846.6
     1     1    21     2     6    19     0     0   -20.0   42.289  123.371   1216.6    841.7
     1     1    21     2     6    18     0     0   -21.0   42.664  123.089   1264.9    838.4
     1     1    21     2     6    17     0     0   -22.0   43.044  122.794   1313.0    836.6
     1     1    21     2     6    16     0     0   -23.0   43.406  122.493   1360.6    833.2
     1     1    21     2     6    15     0     0   -24.0   43.750  122.178   1404.9    822.2
     1     1    21     2     6    14     0     0   -25.0   44.076  121.838   1449.0    810.4
     1     1    21     2     6    13     0     0   -26.0   44.386  121.474   1492.2    797.7
     1     1    21     2     6    12     0     0   -27.0   44.681  121.087   1533.7    784.4
     1     1    21     2     6    11     0     0   -28.0   44.967  120.677   1572.7    770.6
     1     1    21     2     6    10     0     0   -29.0   45.248  120.245   1606.8    756.0
     1     1    21     2     6     9     0     0   -30.0   45.527  119.796   1639.5    743.7
     1     1    21     2     6     8     0     0   -31.0   45.802  119.337   1671.3    734.6
     1     1    21     2     6     7     0     0   -32.0   46.074  118.868   1700.9    727.3
     1     1    21     2     6     6     0     0   -33.0   46.343  118.391   1727.6    721.8
     1     1    21     2     6     5     0     0   -34.0   46.611  117.914   1749.7    718.1
     1     1    21     2     6     4     0     0   -35.0   46.880  117.447   1766.6    716.9
     1     1    21     2     6     3     0     0   -36.0   47.153  117.000   1778.8    719.2
     1     1    21     2     6     2     0     0   -37.0   47.428  116.579   1783.5    722.2
     1     1    21     2     6     1     0     0   -38.0   47.704  116.187   1779.0    724.6
     1     1    21     2     6     0     0     0   -39.0   47.978  115.820   1767.0    726.9
     1     1    21     2     5    23     0     0   -40.0   48.251  115.468   1754.4    729.8
     1     1    21     2     5    22     0     0   -41.0   48.524  115.116   1747.9    731.3
     1     1    21     2     5    21     0     0   -42.0   48.798  114.756   1744.8    728.6
     1     1    21     2     5    20     0     0   -43.0   49.074  114.379   1746.1    723.4
     1     1    21     2     5    19     0     0   -44.0   49.351  113.979   1752.4    717.1
     1     1    21     2     5    18     0     0   -45.0   49.628  113.553   1763.2    709.7
     1     1    21     2     5    17     0     0   -46.0   49.908  113.101   1775.3    700.9
     1     1    21     2     5    16     0     0   -47.0   50.189  112.630   1788.9    692.0
     1     1    21     2     5    15     0     0   -48.0   50.470  112.148   1805.2    686.0
     1     1    21     2     5    14     0     0   -49.0   50.750  111.657   1822.9    682.2
     1     1    21     2     5    13     0     0   -50.0   51.026  111.157   1841.5    679.4
     1     1    21     2     5    12     0     0   -51.0   51.299  110.645   1860.9    677.8
     1     1    21     2     5    11     0     0   -52.0   51.567  110.117   1880.6    677.1
     1     1    21     2     5    10     0     0   -53.0   51.830  109.575   1903.9    682.9
     1     1    21     2     5     9     0     0   -54.0   52.089  109.029   1926.1    691.1
     1     1    21     2     5     8     0     0   -55.0   52.344  108.484   1945.3    700.4
     1     1    21     2     5     7     0     0   -56.0   52.596  107.940   1959.7    708.7
     1     1    21     2     5     6     0     0   -57.0   52.842  107.395   1967.6    713.8
     1     1    21     2     5     5     0     0   -58.0   53.081  106.849   1967.0    715.4
     1     1    21     2     5     4     0     0   -59.0   53.316  106.304   1958.4    718.9
     1     1    21     2     5     3     0     0   -60.0   53.547  105.758   1943.8    724.0
     1     1    21     2     5     2     0     0   -61.0   53.776  105.210   1924.5    730.5
     1     1    21     2     5     1     0     0   -62.0   54.006  104.654   1896.3    732.9
     1     1    21     2     5     0     0     0   -63.0   54.237  104.083   1862.8    733.9
     1     1    21     2     4    23     0     0   -64.0   54.459  103.485   1831.3    737.4
     1     1    21     2     4    22     0     0   -65.0   54.658  102.851   1802.8    741.6
     1     1    21     2     4    21     0     0   -66.0   54.831  102.185   1774.0    744.7
     1     1    21     2     4    20     0     0   -67.0   54.981  101.488   1742.0    745.5
     1     1    21     2     4    19     0     0   -68.0   55.110  100.759   1705.9    744.6
     1     1    21     2     4    18     0     0   -69.0   55.224   99.999   1666.9    743.9
     1     1    21     2     4    17     0     0   -70.0   55.336   99.207   1627.6    746.3
     1     1    21     2     4    16     0     0   -71.0   55.455   98.384   1590.4    749.2
     1     1    21     2     4    15     0     0   -72.0   55.580   97.527   1556.0    752.7
     1     1    21     2     4    14     0     0   -73.0   55.708   96.645   1528.2    760.4
     1     1    21     2     4    13     0     0   -74.0   55.840   95.746   1505.3    767.2
     1     1    21     2     4    12     0     0   -75.0   55.974   94.834   1487.9    773.5
     1     1    21     2     4    11     0     0   -76.0   56.103   93.932   1470.0    780.8
     1     1    21     2     4    10     0     0   -77.0   56.219   93.064   1443.8    788.6
     1     1    21     2     4     9     0     0   -78.0   56.321   92.233   1410.0    796.9
     1     1    21     2     4     8     0     0   -79.0   56.405   91.441   1370.2    806.7
     1     1    21     2     4     7     0     0   -80.0   56.473   90.688   1325.1    816.5
     1     1    21     2     4     6     0     0   -81.0   56.522   89.970   1275.6    826.2
     1     1    21     2     4     5     0     0   -82.0   56.569   89.277   1226.2    835.6
     1     1    21     2     4     4     0     0   -83.0   56.632   88.602   1183.0    844.0
     1     1    21     2     4     3     0     0   -84.0   56.707   87.945   1143.9    852.1
     1     1    21     2     4     2     0     0   -85.0   56.794   87.311   1107.5    859.3
     1     1    21     2     4     1     0     0   -86.0   56.892   86.697   1073.0    865.2
     1     1    21     2     4     0     0     0   -87.0   57.001   86.105   1040.1    871.1
     1     1    21     2     3    23     0     0   -88.0   57.120   85.529   1008.5    877.1
     1     1    21     2     3    22     0     0   -89.0   57.252   84.964    977.5    883.1
     1     1    21     2     3    21     0     0   -90.0   57.399   84.406    947.7    887.0
     1     1    21     2     3    20     0     0   -91.0   57.558   83.854    920.1    890.3
     1     1    21     2     3    19     0     0   -92.0   57.727   83.309    895.1    892.6
     1     1    21     2     3    18     0     0   -93.0   57.900   82.775    873.5    894.9
     1     1    21     2     3    17     0     0   -94.0   58.064   82.243    854.4    896.4
     1     1    21     2     3    16     0     0   -95.0   58.211   81.707    836.6    897.8
     1     1    21     2     3    15     0     0   -96.0   58.347   81.176    819.8    899.4
