중구,111121,2021-12-20 20:00,126.9747,37.5643,0.003,0.7,2,0.061,62,31
종로구,111123,2021-12-20 20:00,127.005,37.572,0.004,0.9,2,0.059,73,39
용산구,111131,2021-12-20 20:00,127.0048,37.54,0.003,0.6,2,0.045,68,30
광진구,111141,2021-12-20 20:00,127.0925,37.5472,0.003,0.7,2,0.047,66,34
성동구,111142,2021-12-20 20:00,127.0494,37.5419,0.003,0.9,2,0.067,66,27
중랑구,111151,2021-12-20 20:00,127.094,37.5849,0.003,0.7,2,0.063,67,29
동대문구,111152,2021-12-20 20:00,127.0289,37.5758,0.003,0.7,2,0.054,70,33
성북구,111161,2021-12-20 20:00,127.0273,37.6067,0.003,0.9,2,0.067,77,34
도봉구,111171,2021-12-20 20:00,127.029,37.6542,0.003,1.0,2,0.055,78,38
은평구,111181,2021-12-20 20:00,126.9348,37.6098,0.004,0.9,2,0.051,67,38
서대문구,111191,2021-12-20 20:00,126.9497,37.5938,0.007,1.0,2,0.056,67,41
마포구,111201,2021-12-20 20:00,126.9056,37.5556,0.004,1.1,2,0.076,61,35
강서구,111212,2021-12-20 20:00,126.8351,37.5447,0.004,1.1,2,0.069,72,32
구로구,111221,2021-12-20 20:00,126.8897,37.4985,0.003,0.6,2,0.060,76,33
영등포구,111231,2021-12-20 20:00,126.8974,37.525,0.003,0.7,2,0.058,64,33
동작구,111241,2021-12-20 20:00,126.9715,37.4809,0.003,0.8,2,0.070,72,34
관악구,111251,2021-12-20 20:00,126.9271,37.4874,0.004,0.9,2,0.070,76,41
강남구,111261,2021-12-20 20:00,127.0481,37.5176,0.004,0.5,2,0.032,63,27
서초구,111262,2021-12-20 20:00,126.9945,37.5046,0.003,0.6,2,0.051,64,35
송파구,111273,2021-12-20 20:00,127.0925,37.5027,0.003,0.6,2,0.056,59,29
강동구,111274,2021-12-20 20:00,127.1368,37.545,0.003,0.9,2,0.071,76,36
금천구,111281,2021-12-20 20:00,126.9083,37.4524,0.004,0.7,2,0.059,68,35
강북구,111291,2021-12-20 20:00,127.0119,37.6479,0.003,0.6,2,0.036,72,32
양천구,111301,2021-12-20 20:00,126.8566,37.526,0.003,0.9,2,0.069,66,37
노원구,111311,2021-12-20 20:00,127.0679,37.6574,0.004,0.9,2,0.061,75,39
광복동,221112,2021-12-20 20:00,129.0305,35.0999,0.003,0.4,2,0.014,57,33
대연동,221172,2021-12-20 20:00,129.0877,35.1303,0.004,0.5,2,0.033,54,32
학장동,221181,2021-12-20 20:00,128.9842,35.1462,0.009,0.6,2,0.056,100,50
덕천동,221182,2021-12-20 20:00,129.0062,35.2078,0.003,0.7,2,0.059,69,38
장림동,221202,2021-12-20 20:00,128.9669,35.083,0.003,0.4,2,0.023,60,32
전포동,221152,2021-12-20 20:00,129.0638,35.156,0.003,0.6,2,0.032,66,40
연산동,221221,2021-12-20 20:00,129.0746,35.1811,0.004,0.5,2,0.048,59,32
태종대,221141,2021-12-20 20:00,129.0799,35.0598,0.003,0.3,2,0.008,50,25
청룡동,221191,2021-12-20 20:00,129.0895,35.2755,-,-,2,0.035,49,30
좌동,221192,2021-12-20 20:00,129.1742,35.1706,0.003,0.4,2,0.017,64,32
대저동,221211,2021-12-20 20:00,128.9731,35.2087,0.004,0.5,2,0.053,59,34
녹산동,221212,2021-12-20 20:00,128.8631,35.0864,0.006,0.5,2,0.063,69,36
기장읍,221231,2021-12-20 20:00,129.2158,35.2387,0.003,0.4,2,0.012,53,29
부곡동,221251,2021-12-20 20:00,129.0927,35.2298,0.003,0.4,2,0.026,56,24
광안동,221271,2021-12-20 20:00,129.1181,35.1575,-,-,2,0.024,57,23
명장동,221163,2021-12-20 20:00,129.1043,35.2049,-,-,2,0.038,54,34
용수리,221233,2021-12-20 20:00,129.1802,35.3256,0.002,0.6,2,0.041,53,29
수정동,221241,2021-12-20 20:00,129.0454,35.1294,0.003,0.4,2,0.027,66,20
대신동,221281,2021-12-20 20:00,129.0157,35.1174,0.003,0.5,2,0.021,62,29
덕포동,221282,2021-12-20 20:00,128.9851,35.1744,0.005,0.6,2,0.059,79,50
개금동,221283,2021-12-20 20:00,129.023,35.1552,0.003,0.7,2,0.076,82,42
당리동,221284,2021-12-20 20:00,128.9737,35.1052,0.003,0.7,2,0.055,62,40
재송동,221193,2021-12-20 20:00,129.121,35.1832,0.004,0.4,2,0.034,56,27
청학동,221142,2021-12-20 20:00,129.0596,35.0908,0.003,0.3,2,0.012,49,24
화명동,221183,2021-12-20 20:00,129.0102,35.2334,-,-,2,0.074,67,28
명지동,221213,2021-12-20 20:00,128.9265,35.1066,0.003,0.6,2,0.050,74,41
회동동,221253,2021-12-20 20:00,129.1208,35.2295,0.003,0.7,2,0.053,51,28
수창동,422114,2021-12-20 20:00,128.5841,35.8743,0.004,0.5,2,0.053,64,36
지산동,422115,2021-12-20 20:00,128.6316,35.8305,0.003,0.5,2,0.014,59,27
서호동,422121,2021-12-20 20:00,128.711,35.8691,0.002,0.6,2,0.059,72,38
이현동,422132,2021-12-20 20:00,128.5453,35.8696,0.002,0.3,2,0.041,69,32
대명동,422141,2021-12-20 20:00,128.5711,35.8455,0.002,0.5,2,0.032,63,35
신암동,422154,2021-12-20 20:00,128.6331,35.8898,0.002,0.8,2,0.062,68,34
태전동,422155,2021-12-20 20:00,128.5507,35.923,0.003,0.7,2,0.055,67,30
만촌동,422161,2021-12-20 20:00,128.64,35.8653,0.003,0.6,2,0.037,61,31
호림동,422171,2021-12-20 20:00,128.4887,35.8379,0.003,0.4,2,0.024,72,38
유가읍,422201,2021-12-20 20:00,128.46,35.7,0.001,0.8,2,0.039,61,29
시지동,422203,2021-12-20 20:00,128.6976,35.8376,0.002,0.4,2,0.017,54,34
진천동,422204,2021-12-20 20:00,128.5287,35.8167,0.001,0.4,2,0.021,61,32
다사읍,422205,2021-12-20 20:00,128.4572,35.8649,0.002,0.6,2,0.036,77,37
본동,422206,2021-12-20 20:00,128.5411,35.8344,0.001,0.4,2,0.026,66,31
내당동,422207,2021-12-20 20:00,128.5519,35.859,0.003,0.5,2,0.059,81,43
침산동,422208,2021-12-20 20:00,128.5844,35.8876,0.003,0.5,2,0.051,65,37
화원읍,422209,2021-12-20 20:00,128.505,35.7973,0.003,0.4,2,0.012,58,35
산격동,422158,2021-12-20 20:00,128.6021,35.8933,0.003,0.5,2,0.046,67,35
신흥,823611,2021-12-20 20:00,126.6348,37.4684,0.004,0.5,2,0.048,67,33
송림,823621,2021-12-20 20:00,126.6436,37.474,0.004,0.8,2,0.063,63,25
구월동,823631,2021-12-20 20:00,126.7241,37.4496,0.004,1.0,2,0.062,59,40
숭의,823632,2021-12-20 20:00,126.6498,37.4639,0.003,0.5,2,0.027,66,27
부평,823641,2021-12-20 20:00,126.7243,37.5,0.005,0.7,2,0.057,64,32
연희,823651,2021-12-20 20:00,126.6809,37.5417,0.004,0.4,2,0.057,62,34
검단,823652,2021-12-20 20:00,126.6614,37.602,0.007,0.7,2,0.054,73,35
계산,823662,2021-12-20 20:00,126.7303,37.5462,0.003,1.0,2,0.066,77,33
고잔,823671,2021-12-20 20:00,126.6969,37.4047,0.004,0.5,2,0.066,71,35
석남,823681,2021-12-20 20:00,126.6746,37.5027,0.004,0.6,2,0.057,60,26
송해,823691,2021-12-20 20:00,126.4634,37.7645,0.003,0.7,2,0.017,68,46
동춘,823701,2021-12-20 20:00,126.6786,37.4096,0.003,0.6,2,0.042,60,26
운서,823702,2021-12-20 20:00,126.4885,37.4958,0.003,0.8,2,0.053,74,34
논현,823704,2021-12-20 20:00,126.7263,37.4042,0.003,0.9,2,0.061,75,47
원당,823801,2021-12-20 20:00,126.6984,37.5945,0.004,1.2,2,0.067,67,34
송도,823706,2021-12-20 20:00,126.6547,37.3821,0.004,0.6,2,0.027,66,28
청라,823705,2021-12-20 20:00,126.6373,37.5366,0.006,0.5,2,0.024,59,20
길상,823802,2021-12-20 20:00,126.4913,37.6406,0.004,0.7,2,0.020,80,38
삼산,823803,2021-12-20 20:00,126.7364,37.5128,0.005,0.8,2,0.067,61,25
영흥,831493,2021-12-20 20:00,126.4835,37.256,0.002,0.3,2,0.010,58,31
서창,823672,2021-12-20 20:00,126.746,37.4274,0.004,0.6,2,0.046,59,25
영종,823613,2021-12-20 20:00,126.5639,37.4947,0.004,0.5,2,0.024,52,20
아암,823707,2021-12-20 20:00,126.6324,37.4052,0.002,0.4,2,0.022,60,21
주안,823637,2021-12-20 20:00,126.6926,37.4556,0.003,0.5,2,0.035,50,25
서석동,324115,2021-12-20 20:00,126.9233,35.1458,0.002,0.5,2,0.025,57,30
농성동,324121,2021-12-20 20:00,126.8885,35.1549,0.002,0.8,2,0.056,51,34
두암동,324133,2021-12-20 20:00,126.9322,35.1739,0.003,0.9,2,0.060,72,31
건국동,324135,2021-12-20 20:00,126.8603,35.2293,0.003,0.5,2,0.055,62,31
오선동,324142,2021-12-20 20:00,126.8078,35.2044,0.005,0.9,2,0.044,60,25
주월동,324155,2021-12-20 20:00,126.8933,35.1319,0.003,0.8,2,0.058,64,32
노대동,324124,2021-12-20 20:00,126.8961,35.099,0.002,0.5,2,0.021,48,28
평동,324148,2021-12-20 20:00,126.7696,35.1238,0.005,0.8,2,0.050,92,54
일곡동,324136,2021-12-20 20:00,126.8924,35.2181,0.003,0.6,2,0.035,43,27
유촌동,324125,2021-12-20 20:00,126.8442,35.1619,0.004,0.6,2,0.063,75,33
읍내동,525111,2021-12-20 20:00,127.4172,36.3728,0.004,0.7,2,0.026,64,34
문평동,525112,2021-12-20 20:00,127.4047,36.4469,0.003,0.5,2,0.040,68,25
문창동,525121,2021-12-20 20:00,127.4378,36.3161,0.005,0.8,2,0.045,46,31
구성동,525141,2021-12-20 20:00,127.3739,36.3724,0.003,0.6,2,0.025,70,20
노은동,525142,2021-12-20 20:00,127.3185,36.3682,0.004,0.5,2,0.017,62,30
성남동,525161,2021-12-20 20:00,127.4372,36.3444,0.004,1.0,2,0.067,68,45
정림동,525171,2021-12-20 20:00,127.3667,36.3045,0.004,0.6,2,0.024,61,28
둔산동,525172,2021-12-20 20:00,127.3835,36.3544,0.004,0.7,2,0.024,46,27
대성동,525162,2021-12-20 20:00,127.4601,36.3025,0.005,0.4,2,0.042,63,33
관평동,525144,2021-12-20 20:00,127.3959,36.4252,0.003,0.8,2,0.021,69,32
대송동,238120,2021-12-20 20:00,129.4184,35.5028,0.006,0.6,2,0.036,50,22
성남동,238121,2021-12-20 20:00,129.3205,35.5563,0.004,1.0,2,0.067,68,45
부곡동,238122,2021-12-20 20:00,129.339,35.4973,0.003,0.4,2,0.026,56,24
야음동,238124,2021-12-20 20:00,129.3258,35.5261,0.003,0.5,2,0.037,55,30
삼산동,238125,2021-12-20 20:00,129.3318,35.5444,0.003,1.0,2,0.070,56,30
신정동,238127,2021-12-20 20:00,129.3081,35.5347,0.003,0.6,2,0.043,52,26
덕신리,238128,2021-12-20 20:00,129.3145,35.4348,0.003,0.6,2,0.044,54,25
무거동,238129,2021-12-20 20:00,129.2608,35.5593,0.004,0.8,2,0.069,57,38
효문동,238130,2021-12-20 20:00,129.3711,35.5595,0.004,0.5,2,0.052,66,37
화산리,238371,2021-12-20 20:00,129.3376,35.4381,0.013,0.7,2,0.035,70,45
상남리,238373,2021-12-20 20:00,129.3059,35.4931,0.003,0.4,2,0.043,55,21
농소동,238374,2021-12-20 20:00,129.358,35.6203,0.003,0.9,2,0.054,59,27
약사동,238376,2021-12-20 20:00,129.3195,35.5679,0.003,0.6,2,0.048,132,22
전하동,238381,2021-12-20 20:00,129.4267,35.5088,0.006,0.6,2,0.030,58,26
웅촌면,238377,2021-12-20 20:00,129.2091,35.4615,0.003,0.5,2,0.039,52,23
범서읍,238378,2021-12-20 20:00,129.2219,35.5706,0.002,0.5,2,0.042,50,35
신흥동,541111,2021-12-20 20:00,127.2921,36.5925,0.003,0.6,2,0.032,66,38
아름동,541112,2021-12-20 20:00,127.2472,36.5119,0.003,0.6,2,0.026,66,34
한솔동,541113,2021-12-20 20:00,127.2514,36.4761,0.003,0.5,2,0.021,71,34
부강면,541114,2021-12-20 20:00,127.3703,36.527,0.003,0.7,2,0.031,73,34
신풍동,131111,2021-12-20 20:00,127.0105,37.2838,0.003,0.8,2,0.064,59,30
인계동,131112,2021-12-20 20:00,127.0292,37.2634,0.003,0.8,2,0.067,70,37
광교동,131113,2021-12-20 20:00,127.0708,37.2913,0.003,0.8,2,0.065,64,28
영통동,131114,2021-12-20 20:00,127.0563,37.247,0.003,0.8,2,0.041,65,32
천천동,131115,2021-12-20 20:00,126.9753,37.2928,0.003,0.6,2,0.050,65,33
고색동,131117,2021-12-20 20:00,126.9766,37.2526,0.003,0.7,2,0.060,77,28
호매실동,131118,2021-12-20 20:00,126.9572,37.2662,0.002,0.3,2,0.016,64,-
부림동,131142,2021-12-20 20:00,126.958,37.3941,0.002,0.6,2,0.055,70,32
호계동,131144,2021-12-20 20:00,126.9587,37.3676,0.002,0.6,2,0.054,73,40
안양2동,131145,2021-12-20 20:00,126.9176,37.4051,0.002,0.7,2,0.055,70,38
단대동,131121,2021-12-20 20:00,127.1554,37.4494,0.002,0.4,2,0.039,64,32
정자동,131123,2021-12-20 20:00,127.1114,37.3615,0.002,0.7,2,0.053,72,44
수내동,131124,2021-12-20 20:00,127.119,37.3826,0.003,0.7,2,0.057,56,35
복정동,131126,2021-12-20 20:00,127.1312,37.4572,0.002,0.5,2,0.026,72,33
운중동,131128,2021-12-20 20:00,127.0807,37.3905,0.002,0.8,2,0.052,84,50
상대원동,131129,2021-12-20 20:00,127.1645,37.4329,0.003,0.7,2,0.057,68,35
의정부동,131131,2021-12-20 20:00,127.0408,37.7356,0.005,0.9,2,0.067,74,39
의정부1동,131132,2021-12-20 20:00,127.0477,37.7463,0.004,1.2,2,0.075,81,54
송산3동,131133,2021-12-20 20:00,127.1059,37.7481,0.004,0.8,2,0.058,52,34
철산동,131161,2021-12-20 20:00,126.8652,37.4786,0.002,0.7,2,0.047,78,39
소하동,131163,2021-12-20 20:00,126.888,37.4455,0.003,0.8,2,0.046,81,40
고잔동,131191,2021-12-20 20:00,126.8304,37.3221,0.003,0.6,2,0.049,68,38
원시동,131192,2021-12-20 20:00,126.8122,37.3346,0.027,0.4,2,0.031,79,43
원곡동,131194,2021-12-20 20:00,126.8019,37.3316,0.004,0.8,2,0.066,84,49
부곡동,131195,2021-12-20 20:00,126.8611,37.332,0.003,0.4,2,0.026,56,24
대부동,131196,2021-12-20 20:00,126.5853,37.2437,0.003,0.4,2,0.019,61,22
호수동,131197,2021-12-20 20:00,126.8335,37.3049,0.003,0.4,2,0.039,53,24
비전동,131341,2021-12-20 20:00,127.1128,36.9923,0.004,0.6,2,0.042,83,44
안중,131342,2021-12-20 20:00,126.9314,36.9859,0.002,0.4,2,0.023,77,51
평택항,131343,2021-12-20 20:00,126.8455,36.9746,0.002,0.4,2,0.036,80,40
송북동,131344,2021-12-20 20:00,127.0601,37.0816,0.003,0.5,2,0.038,80,47
청북읍,131345,2021-12-20 20:00,126.9182,37.0203,0.003,0.5,2,0.039,73,46
고덕면,131346,2021-12-20 20:00,127.0462,37.0533,0.004,0.5,2,0.028,69,43
별양동,131201,2021-12-20 20:00,126.9943,37.4239,0.004,0.7,2,0.063,62,14
과천동,131202,2021-12-20 20:00,127.0023,37.4491,0.003,0.9,2,0.053,58,29
교문동,131211,2021-12-20 20:00,127.1297,37.5945,0.002,0.3,2,0.021,61,33
동구동,131212,2021-12-20 20:00,127.1381,37.6186,0.002,0.5,2,0.028,75,35
부곡3동,131222,2021-12-20 20:00,126.9572,37.3177,0.003,0.5,2,0.047,65,26
고천동,131223,2021-12-20 20:00,126.969,37.3442,0.002,0.5,2,0.052,65,33
행신동,131381,2021-12-20 20:00,126.8419,37.6249,0.004,0.7,2,0.068,73,37
식사동,131382,2021-12-20 20:00,126.8134,37.6855,0.002,0.5,2,0.050,70,31
신원동,131384,2021-12-20 20:00,126.8867,37.6664,0.003,0.7,2,0.059,67,37
주엽동,131385,2021-12-20 20:00,126.7564,37.6683,0.003,0.6,2,0.042,67,35
경안동,131392,2021-12-20 20:00,127.2579,37.4112,0.004,1.3,2,0.063,94,51
오포읍,131394,2021-12-20 20:00,127.2286,37.3662,0.002,0.9,2,0.037,82,40
곤지암,131395,2021-12-20 20:00,127.3523,37.351,0.003,0.8,2,0.039,90,47
당동,131501,2021-12-20 20:00,126.9452,37.3537,0.003,1.0,2,0.075,90,45
산본동,131502,2021-12-20 20:00,126.9336,37.3617,0.002,0.8,2,0.057,73,30
정왕동,131231,2021-12-20 20:00,126.7401,37.3468,0.002,0.5,2,0.054,77,43
시화산단,131232,2021-12-20 20:00,126.7241,37.3372,0.002,0.7,2,0.050,90,45
대야동,131233,2021-12-20 20:00,126.7884,37.4431,0.002,0.6,2,0.036,74,34
목감동,131234,2021-12-20 20:00,126.8618,37.3861,0.003,0.8,2,0.069,69,36
장현동,131235,2021-12-20 20:00,126.804,37.3801,0.002,0.6,2,0.039,74,30
소사본동,831151,2021-12-20 20:00,126.7999,37.48,0.002,0.6,2,0.048,75,39
내동,831152,2021-12-20 20:00,126.7737,37.5203,0.004,1.0,2,0.082,81,41
중2동,831153,2021-12-20 20:00,126.7701,37.4939,0.003,0.8,2,0.066,71,41
오정동,831154,2021-12-20 20:00,126.7962,37.528,0.003,0.9,2,0.077,78,44
금곡동,131241,2021-12-20 20:00,127.2162,37.6356,0.005,0.6,2,0.055,54,38
오남읍,131242,2021-12-20 20:00,127.2047,37.6987,0.002,0.7,2,0.044,60,42
별내동,131243,2021-12-20 20:00,127.1159,37.6529,0.004,0.6,2,0.039,73,42
화도읍,131244,2021-12-20 20:00,127.3007,37.6578,0.004,1.0,2,0.064,104,63
와부읍,131246,2021-12-20 20:00,127.2268,37.5809,0.003,0.4,2,0.027,65,30
진접읍,131247,2021-12-20 20:00,127.1898,37.7264,0.003,0.8,2,0.056,76,36
김량장동,131411,2021-12-20 20:00,127.2014,37.2345,0.002,0.7,2,0.040,79,43
수지,131412,2021-12-20 20:00,127.0951,37.3279,0.002,0.8,2,0.055,67,34
기흥,131413,2021-12-20 20:00,127.1151,37.2802,0.003,0.6,2,0.047,69,34
모현읍,131415,2021-12-20 20:00,127.2423,37.3295,0.003,0.9,2,0.049,81,42
이동읍,131416,2021-12-20 20:00,127.1962,37.1411,0.002,0.7,2,0.040,87,51
백암면,131417,2021-12-20 20:00,127.375,37.1631,0.002,0.5,2,0.014,79,39
사우동,131471,2021-12-20 20:00,126.7168,37.6193,0.003,0.9,2,0.055,73,35
월곶면,131473,2021-12-20 20:00,126.5529,37.7151,0.002,0.7,2,0.039,84,55
한강신도시,131474,2021-12-20 20:00,126.6291,37.6533,0.002,0.5,2,0.028,84,42
오산동,131531,2021-12-20 20:00,127.0771,37.1592,0.004,0.8,2,0.067,71,48
신장동,131541,2021-12-20 20:00,127.2146,37.5391,0.003,0.6,2,0.062,70,27
미사,131542,2021-12-20 20:00,127.1861,37.567,0.003,0.6,2,0.064,72,26
남양읍,131551,2021-12-20 20:00,126.824,37.2115,0.003,0.6,2,0.052,59,37
동탄,131553,2021-12-20 20:00,127.0723,37.1969,0.003,0.5,2,0.057,76,37
청계동,131555,2021-12-20 20:00,127.1195,37.1961,0.002,0.3,2,0.030,79,40
우정읍,131554,2021-12-20 20:00,126.8154,37.0898,0.005,0.6,2,0.032,77,40
새솔동,131556,2021-12-20 20:00,126.8187,37.2814,0.002,0.5,2,0.025,71,38
봉담읍,131557,2021-12-20 20:00,126.9491,37.2196,0.003,0.6,2,0.052,80,40
서신면,131558,2021-12-20 20:00,126.7088,37.1665,0.003,0.4,2,0.012,75,39
백석읍,131561,2021-12-20 20:00,126.9872,37.7924,0.003,0.4,2,0.024,73,38
고읍,131562,2021-12-20 20:00,127.0843,37.7926,0.003,0.6,2,0.034,83,45
보산동,131571,2021-12-20 20:00,127.0613,37.9176,0.005,1.0,2,0.050,78,42
봉산동,131581,2021-12-20 20:00,127.2799,37.0076,0.003,0.6,2,0.046,85,47
공도읍,131583,2021-12-20 20:00,127.1726,37.0012,0.004,0.7,,0.044,92,56
죽산면,131584,2021-12-20 20:00,127.4244,37.0745,0.002,1.0,2,0.036,90,48
대신면,131592,2021-12-20 20:00,127.5847,37.3712,0.003,0.4,2,0.027,70,43
가남읍,131593,2021-12-20 20:00,127.5452,37.2019,0.002,0.4,2,0.029,75,51
연천,131601,2021-12-20 20:00,127.0748,38.0964,0.002,0.6,2,0.018,74,42
설악면,131612,2021-12-20 20:00,127.4947,37.6762,0.004,0.6,2,0.015,70,38
용문면,131621,2021-12-20 20:00,127.5962,37.4872,0.004,0.9,2,0.038,68,47
양평읍,131622,2021-12-20 20:00,127.4866,37.4971,0.004,0.9,2,0.040,86,49
창전동,131442,2021-12-20 20:00,127.4409,37.2835,0.003,1.2,2,0.059,66,38
장호원읍,131443,2021-12-20 20:00,127.6297,37.1143,0.004,0.4,2,0.027,67,39
부발읍,131444,2021-12-20 20:00,127.4867,37.2833,0.004,0.4,2,0.028,78,43
금촌동,131371,2021-12-20 20:00,126.7739,37.7563,0.003,0.9,2,0.064,88,52
운정,131372,2021-12-20 20:00,126.7564,37.7232,0.004,0.9,2,0.067,87,45
파주읍,131374,2021-12-20 20:00,126.8332,37.8308,0.003,0.8,2,0.034,78,41
선단동,131453,2021-12-20 20:00,127.1592,37.8535,0.003,0.6,2,0.044,78,46
일동면,131454,2021-12-20 20:00,127.3173,37.9612,0.005,0.7,2,0.030,76,49
중앙로,132112,2021-12-20 20:00,127.7205,37.8756,0.003,0.5,2,0.025,67,38
석사동,132113,2021-12-20 20:00,127.7495,37.8571,0.004,1.0,2,0.046,60,35
신사우동,132118,2021-12-20 20:00,127.7282,37.9054,0.004,0.5,2,0.024,74,34
옥천동,632132,2021-12-20 20:00,128.903,37.76,0.003,0.2,2,0.017,67,23
문막읍,632124,2021-12-20 20:00,127.8173,37.3128,0.004,0.6,2,0.040,58,30
천곡동,632151,2021-12-20 20:00,129.1145,37.525,0.002,0.4,2,0.014,45,29
평창읍,632171,2021-12-20 20:00,128.389,37.3607,0.003,0.3,2,0.011,55,29
상리,632441,2021-12-20 20:00,128.4637,38.3811,0.001,0.4,2,0.008,71,35
양구읍,132402,2021-12-20 20:00,127.9898,38.1092,0.002,0.5,2,0.016,72,33
영월읍,632491,2021-12-20 20:00,128.4625,37.174,0.002,0.4,2,0.008,52,29
홍천읍,632481,2021-12-20 20:00,127.8803,37.6838,0.004,0.7,2,0.042,70,43
사천동,533113,2021-12-20 20:00,127.4749,36.6661,0.002,0.7,2,0.035,72,33
용담동,533114,2021-12-20 20:00,127.5036,36.6358,0.004,0.4,2,0.026,69,31
용암동,533115,2021-12-20 20:00,127.5013,36.6088,0.001,0.6,2,0.048,69,32
오창읍,633211,2021-12-20 20:00,127.422,36.7091,0.002,0.5,2,0.030,65,33
산남동,633213,2021-12-20 20:00,127.4674,36.6137,0.002,0.5,2,0.016,79,39
오송읍,633214,2021-12-20 20:00,127.3251,36.6325,0.002,0.4,2,0.017,72,38
가덕면,633215,2021-12-20 20:00,127.5485,36.5536,0.002,0.5,2,0.016,73,47
호암동,633122,2021-12-20 20:00,127.9262,36.9646,0.002,0.4,2,0.018,70,35
칠금동,633123,2021-12-20 20:00,127.9192,36.9821,0.003,0.5,,0.044,-,-
중앙탑면,633124,2021-12-20 20:00,127.8227,37.0165,0.002,0.6,2,0.012,62,31
살미면,633125,2021-12-20 20:00,127.9641,36.9052,0.002,0.7,2,0.033,62,29
장락동,633131,2021-12-20 20:00,128.2207,37.1451,0.004,0.6,2,0.016,65,31
영천동,633132,2021-12-20 20:00,128.2006,37.1241,0.002,0.6,2,0.034,67,32
청풍면,633133,2021-12-20 20:00,128.1677,37.0002,0.001,0.5,2,0.008,52,32
매포읍,633311,2021-12-20 20:00,128.2957,37.0334,0.002,0.3,2,0.012,61,39
단양읍,633313,2021-12-20 20:00,128.3656,36.9872,0.003,0.4,2,0.012,63,34
진천읍,633411,2021-12-20 20:00,127.4414,36.8551,0.002,0.9,2,0.037,70,40
덕산읍,633412,2021-12-20 20:00,127.539,36.902,0.002,0.3,2,0.021,67,38
옥천읍,634111,2021-12-20 20:00,127.5712,36.3064,0.002,0.8,2,0.022,71,34
영동읍,633471,2021-12-20 20:00,127.7778,36.1728,0.003,0.9,2,0.045,65,35
증평읍,633481,2021-12-20 20:00,127.587,36.7922,0.002,0.5,2,0.047,59,31
괴산읍,633362,2021-12-20 20:00,127.7893,36.8075,0.004,0.6,2,0.022,63,38
감물면,633363,2021-12-20 20:00,127.8745,36.8369,0.004,0.4,2,0.013,68,38
음성읍,633462,2021-12-20 20:00,127.6889,36.9289,0.002,0.5,2,0.018,68,35
소이면,633463,2021-12-20 20:00,127.7574,36.9227,0.002,0.4,2,0.015,74,39
보은읍,633491,2021-12-20 20:00,127.717,36.4837,0.004,0.7,2,0.031,66,41
성황동,534111,2021-12-20 20:00,127.1521,36.8143,0.004,0.7,,0.058,60,39
백석동,534112,2021-12-20 20:00,127.1106,36.8251,0.003,0.6,,0.041,78,31
성거읍,534115,2021-12-20 20:00,127.2074,36.8834,0.004,0.4,2,0.027,80,46
신방동,534116,2021-12-20 20:00,127.1229,36.7844,-,-,,-,-,-
당진시청사,534434,2021-12-20 20:00,126.6458,36.8899,0.003,0.5,2,0.014,63,37
송산면,534433,2021-12-20 20:00,126.7164,36.9765,0.003,0.6,2,0.011,72,37
독곶리,534421,2021-12-20 20:00,126.3853,36.9897,0.003,0.5,2,0.011,77,21
동문동,534422,2021-12-20 20:00,126.4561,36.7799,0.003,0.6,2,0.032,79,35
대산리,534423,2021-12-20 20:00,126.4339,36.938,0.003,0.6,2,0.028,74,40
성연면,534424,2021-12-20 20:00,126.4609,36.8391,0.003,0.5,2,0.037,71,38
모종동,534441,2021-12-20 20:00,127.0145,36.7829,0.004,0.6,2,0.024,86,43
배방읍,534442,2021-12-20 20:00,127.0539,36.7738,0.004,0.6,2,0.050,82,36
도고면,534443,2021-12-20 20:00,126.8887,36.7625,0.004,0.5,2,0.011,76,44
둔포면,534444,2021-12-20 20:00,127.0596,36.9143,0.003,0.4,2,0.016,81,40
인주면,534445,2021-12-20 20:00,126.8798,36.8734,0.003,0.5,2,0.025,82,42
논산,534451,2021-12-20 20:00,127.0871,36.1994,0.003,0.4,,0.015,56,25
성동면,534453,2021-12-20 20:00,127.0439,36.2154,0.003,0.4,2,0.017,83,45
이원면,534462,2021-12-20 20:00,126.2805,36.8697,0.003,0.5,,0.011,60,35
태안읍,534463,2021-12-20 20:00,126.3015,36.7467,0.003,0.5,2,0.020,68,40
원북면,534465,2021-12-20 20:00,126.2572,36.8242,0.003,0.5,,0.031,68,25
대천2동,534481,2021-12-20 20:00,126.5897,36.3531,0.004,0.3,2,0.017,77,41
주교면,534482,2021-12-20 20:00,126.5693,36.3908,0.004,0.5,2,0.015,67,30
홍성읍,534491,2021-12-20 20:00,126.6551,36.5977,0.004,0.4,2,0.023,70,31
내포,534492,2021-12-20 20:00,126.668,36.6533,0.002,0.6,2,0.017,87,43
공주,534342,2021-12-20 20:00,127.1192,36.447,0.004,0.6,2,0.010,62,41
탄천면,534343,2021-12-20 20:00,127.0671,36.3086,0.004,0.4,2,0.017,68,40
부여읍,534411,2021-12-20 20:00,126.9113,36.2755,0.003,0.6,2,0.029,53,30
청양읍,534502,2021-12-20 20:00,126.8049,36.4552,0.004,0.5,2,0.019,73,35
금산읍,534501,2021-12-20 20:00,127.4907,36.1072,0.004,0.2,2,0.015,70,33
예산군,534471,2021-12-20 20:00,126.8489,36.6774,0.004,0.7,2,0.033,61,36
삽교읍,534472,2021-12-20 20:00,126.7392,36.6881,0.003,0.5,2,0.019,75,40
엄사면,534510,2021-12-20 20:00,127.2379,36.287,0.003,0.5,2,0.014,76,27
서천읍,735520,2021-12-20 20:00,126.6979,36.0762,0.003,0.5,2,0.024,66,34
서면,735521,2021-12-20 20:00,126.5493,36.1529,0.002,0.6,2,0.010,66,26
장항읍,735522,2021-12-20 20:00,126.6941,36.0091,0.003,0.4,2,0.015,44,19
노송동,335115,2021-12-20 20:00,127.148,35.8287,0.002,0.5,2,0.031,64,27
삼천동,735111,2021-12-20 20:00,127.1218,35.799,0.003,0.6,2,0.027,60,32
팔복동,735114,2021-12-20 20:00,127.087,35.8515,0.002,0.5,2,0.027,89,35
송천동,735115,2021-12-20 20:00,127.1175,35.8674,0.002,0.5,2,0.036,68,38
혁신동,735117,2021-12-20 20:00,127.0627,35.8465,0.002,0.4,2,0.031,62,38
신풍동,735121,2021-12-20 20:00,126.7007,35.9729,0.003,0.8,2,0.064,59,30
소룡동,735122,2021-12-20 20:00,126.6514,35.9733,0.003,0.3,2,0.010,50,21
옥산면,735124,2021-12-20 20:00,126.7484,35.9395,0.004,0.4,2,0.007,51,19
비응도동,735125,2021-12-20 20:00,126.5411,35.9438,0.002,0.4,2,0.008,60,17
소룡동2,735127,2021-12-20 20:00,126.597,35.9585,0.002,0.3,2,0.013,55,23
함열읍,735136,2021-12-20 20:00,126.9663,36.078,0.004,0.6,2,0.018,68,31
팔봉동,735133,2021-12-20 20:00,127.0042,35.9616,0.003,0.5,2,0.022,72,34
모현동,735134,2021-12-20 20:00,126.9414,35.9546,0.004,0.5,2,0.026,68,33
삼기면,735131,2021-12-20 20:00,126.9841,36.0203,0.003,0.5,2,0.017,60,24
용동면,735135,2021-12-20 20:00,126.9918,36.1097,0.004,0.5,2,0.017,66,33
죽항동,735151,2021-12-20 20:00,127.3846,35.4077,0.002,0.8,2,0.041,77,46
연지동,735141,2021-12-20 20:00,126.8459,35.5684,0.002,0.4,2,0.016,56,28
고창읍,735161,2021-12-20 20:00,126.713,35.4373,0.004,0.3,2,0.014,54,28
심원면,735162,2021-12-20 20:00,126.5511,35.5246,0.004,0.3,2,0.006,53,25
부안읍,735171,2021-12-20 20:00,126.7199,35.7294,0.002,0.5,2,0.016,48,22
계화면,735173,2021-12-20 20:00,126.6981,35.7916,0.003,0.4,2,0.010,64,34
요촌동,735181,2021-12-20 20:00,126.8914,35.8049,0.002,0.5,2,0.025,61,34
고산면,735191,2021-12-20 20:00,127.2055,35.9764,0.002,0.6,2,0.018,76,32
봉동읍,735192,2021-12-20 20:00,127.1661,35.9418,0.002,0.6,2,0.030,74,34
구이면,735193,2021-12-20 20:00,127.1355,35.7291,0.003,0.4,,0.008,51,30
진안읍,735201,2021-12-20 20:00,127.4349,35.7972,0.002,0.7,2,0.041,62,31
무주읍,735371,2021-12-20 20:00,127.6621,36.0087,0.004,0.4,2,0.014,75,35
임실읍,735361,2021-12-20 20:00,127.2794,35.6134,0.004,0.6,,0.037,80,49
관촌면,735362,2021-12-20 20:00,127.2707,35.6738,0.005,0.7,2,0.045,66,37
순창읍,735381,2021-12-20 20:00,127.1374,35.3744,-,-,,-,-,-
장수읍,735391,2021-12-20 20:00,127.5212,35.6474,0.004,0.4,2,0.011,63,36
서강동,336121,2021-12-20 20:00,127.726,34.7411,0.002,0.6,2,0.017,57,20
월내동,336124,2021-12-20 20:00,127.7246,34.8502,0.022,0.5,2,0.023,44,27
문수동,336125,2021-12-20 20:00,127.7029,34.7546,0.002,0.8,2,0.041,50,30
덕충동,336128,2021-12-20 20:00,127.7468,34.7539,0.002,0.6,2,0.019,43,25
삼일동,336223,2021-12-20 20:00,127.7318,34.825,0.003,0.4,2,0.014,49,23
율촌면,336222,2021-12-20 20:00,127.5788,34.8819,0.002,0.7,2,0.034,58,30
화양면,336221,2021-12-20 20:00,127.5975,34.6857,0.002,0.6,2,0.010,59,26
중동,336352,2021-12-20 20:00,127.6977,34.9399,0.003,0.5,2,0.035,59,26
태인동,336353,2021-12-20 20:00,127.7571,34.9419,0.003,0.5,2,0.025,56,20
광양읍,336355,2021-12-20 20:00,127.5823,34.9808,0.003,0.8,2,0.054,67,41
장천동,336131,2021-12-20 20:00,127.4891,34.9476,0.002,0.4,2,0.030,50,24
연향동,336132,2021-12-20 20:00,127.5186,34.9471,0.002,0.7,2,0.062,55,30
순천만,336133,2021-12-20 20:00,127.5098,34.8855,-,-,,-,-,-
호두리,336134,2021-12-20 20:00,127.573,34.8935,0.002,0.3,2,0.008,49,-
신대,336135,2021-12-20 20:00,127.5484,34.9364,0.002,0.6,2,0.056,57,23
용당동,336111,2021-12-20 20:00,126.3916,34.806,0.003,0.5,2,0.016,49,14
부흥동,336112,2021-12-20 20:00,126.4346,34.8043,0.003,0.7,2,0.047,68,29
영암읍,336442,2021-12-20 20:00,126.7006,34.8075,0.004,0.5,2,0.025,68,34
빛가람동,336141,2021-12-20 20:00,126.7904,35.0217,0.002,0.3,2,0.023,60,37
담양읍,336151,2021-12-20 20:00,126.9882,35.321,0.003,0.6,2,0.041,67,38
장성읍,336161,2021-12-20 20:00,126.7854,35.3032,0.003,0.4,2,0.039,68,41
해남읍,336361,2021-12-20 20:00,126.5992,34.5652,0.006,0.6,2,0.047,85,37
영광읍,336461,2021-12-20 20:00,126.512,35.278,0.002,0.4,2,0.015,58,30
장흥읍,336471,2021-12-20 20:00,126.9067,34.675,0.002,0.5,2,0.035,55,26
진도읍,336481,2021-12-20 20:00,126.2688,34.4793,0.002,0.5,2,0.024,52,27
신지면,336491,2021-12-20 20:00,126.8286,34.3344,0.002,0.4,2,0.012,50,24
함평읍,336501,2021-12-20 20:00,126.5228,35.0621,0.002,0.5,2,0.037,67,34
화순읍,336452,2021-12-20 20:00,126.9859,35.0653,0.003,0.7,2,0.049,46,25
고흥읍,336511,2021-12-20 20:00,127.2807,34.6063,0.003,0.5,2,0.035,86,45
신안군,336521,2021-12-20 20:00,126.1261,34.7555,0.002,0.3,2,0.009,43,20
무안읍,336531,2021-12-20 20:00,126.4765,34.9905,0.001,0.8,2,0.043,62,31
강진읍,336541,2021-12-20 20:00,126.7707,34.6446,0.003,0.6,2,0.028,36,19
구례읍,336561,2021-12-20 20:00,127.461,35.2157,0.003,0.5,2,0.023,63,22
곡성읍,336551,2021-12-20 20:00,127.2899,35.2833,0.002,0.2,2,0.023,74,40
벌교읍,336571,2021-12-20 20:00,127.347,34.8415,0.003,0.4,2,0.030,75,32
보성읍,336572,2021-12-20 20:00,127.0782,34.7649,0.002,0.5,2,0.023,58,30
장흥동,437112,2021-12-20 20:00,129.3748,35.9802,0.004,0.4,2,0.038,70,25
장량동,437113,2021-12-20 20:00,129.3803,36.0707,0.005,0.3,2,0.015,61,22
대도동,437114,2021-12-20 20:00,129.3658,36.0188,0.004,0.9,2,0.031,62,28
대송면,437115,2021-12-20 20:00,129.36,35.9684,0.003,0.4,2,0.035,53,24
3공단,437116,2021-12-20 20:00,129.3768,35.9631,0.003,0.5,2,0.007,54,25
송도동,437117,2021-12-20 20:00,129.3756,36.0301,0.004,0.5,2,0.030,59,25
오천읍,437118,2021-12-20 20:00,129.4087,35.9668,0.002,0.6,2,0.015,66,32
청림동,437119,2021-12-20 20:00,129.4054,35.9974,0.003,0.4,2,0.038,95,36
연일읍,437120,2021-12-20 20:00,129.3522,35.9963,0.002,0.7,2,0.024,56,37
제철동,437121,2021-12-20 20:00,129.3977,35.99,0.005,0.6,2,0.035,84,37
공단동,437151,2021-12-20 20:00,128.3858,36.1019,0.003,0.7,2,0.055,79,43
원평동,437152,2021-12-20 20:00,128.3258,36.1308,0.002,0.3,2,0.039,82,28
형곡동,437153,2021-12-20 20:00,128.3386,36.1108,0.001,0.6,2,0.041,70,30
4공단,437154,2021-12-20 20:00,128.4394,36.1372,0.003,0.3,2,0.041,53,24
진미동,437156,2021-12-20 20:00,128.4188,36.1061,0.002,0.4,2,0.030,76,40
대광동,437132,2021-12-20 20:00,128.1372,36.1441,0.003,0.6,2,0.037,86,42
율곡동,437133,2021-12-20 20:00,128.1839,36.1215,0.003,0.9,2,0.044,72,29
성건동,437122,2021-12-20 20:00,129.2076,35.8507,0.003,0.2,2,0.031,58,32
보덕동,437123,2021-12-20 20:00,129.287,35.8351,0.003,0.3,2,0.012,53,29
안강읍,437124,2021-12-20 20:00,129.227,35.9907,0.004,0.4,2,0.012,52,30
외동읍,437125,2021-12-20 20:00,129.3236,35.7157,0.005,0.6,2,0.044,62,32
명륜동,437141,2021-12-20 20:00,128.728,36.5683,0.003,0.9,2,0.033,72,36
가흥동,437161,2021-12-20 20:00,128.6132,36.8212,0.002,0.4,2,0.012,58,32
중방동,437171,2021-12-20 20:00,128.7433,35.825,0.004,0.5,2,0.009,58,27
하양읍,437172,2021-12-20 20:00,128.8145,35.9126,0.006,0.5,2,0.028,61,27
상주시,437181,2021-12-20 20:00,128.1578,36.4289,0.004,0.7,2,0.035,70,42
칠곡군,437191,2021-12-20 20:00,128.4185,35.9907,0.004,0.6,2,0.042,71,45
영천시,437402,2021-12-20 20:00,128.9378,35.9729,0.003,0.5,2,0.036,62,25
울진군,437421,2021-12-20 20:00,129.4029,36.9972,0.003,0.3,2,0.012,48,25
석포면,437431,2021-12-20 20:00,129.0653,37.0486,0.009,0.4,2,0.015,52,22
울릉읍,437542,2021-12-20 20:00,130.9056,37.4841,-,0.3,2,0.006,51,20
대가야읍,437551,2021-12-20 20:00,128.2817,35.7262,0.005,0.4,2,0.011,57,32
영덕읍,437201,2021-12-20 20:00,129.3638,36.4201,0.004,0.4,2,0.010,47,24
영해면,437203,2021-12-20 20:00,129.4072,36.5375,0.002,0.4,2,0.009,50,25
의성읍,437412,2021-12-20 20:00,128.697,36.3527,0.004,0.8,2,0.030,62,32
성주군,437221,2021-12-20 20:00,128.2901,35.9175,0.005,1.3,2,0.046,65,37
예천군,437581,2021-12-20 20:00,128.4732,36.5768,0.003,0.3,2,0.018,66,37
화양읍,437591,2021-12-20 20:00,128.7063,35.6498,0.004,0.4,2,0.009,56,31
영양군,437571,2021-12-20 20:00,129.1124,36.6667,0.002,0.2,2,0.007,82,26
문경시,437211,2021-12-20 20:00,128.1862,36.5868,0.004,0.5,2,0.041,69,39
회원동,238111,2021-12-20 20:00,128.5739,35.2181,0.004,1.0,2,0.067,58,36
봉암동,238112,2021-12-20 20:00,128.6025,35.2176,0.004,0.7,,0.035,-,-
명서동,238141,2021-12-20 20:00,128.644,35.2403,0.003,0.9,2,0.069,33,19
웅남동,238142,2021-12-20 20:00,128.6575,35.2115,0.006,1.2,2,0.072,75,36
성주동,238143,2021-12-20 20:00,128.7111,35.1994,0.005,0.7,2,0.038,38,23
용지동,238144,2021-12-20 20:00,128.684,35.2363,0.004,1.1,,0.066,-,-
사파동,238146,2021-12-20 20:00,128.6983,35.2217,0.004,0.6,2,0.042,55,25
경화동,238151,2021-12-20 20:00,128.6895,35.155,0.006,1.0,2,0.061,47,21
월영동,238152,2021-12-20 20:00,128.5629,35.1831,0.005,0.9,2,0.067,50,24
내서읍,238113,2021-12-20 20:00,128.5033,35.2259,0.003,0.7,,0.041,-,-
상봉동,238131,2021-12-20 20:00,128.0781,35.1983,0.004,1.0,2,0.040,54,24
대안동,238132,2021-12-20 20:00,128.0837,35.1921,0.004,0.8,2,0.048,62,30
정촌면,238134,2021-12-20 20:00,128.0997,35.1248,0.004,0.9,2,0.040,74,36
하동읍,238161,2021-12-20 20:00,127.7514,35.0677,0.003,0.5,2,0.022,57,27
동상동,238181,2021-12-20 20:00,128.8834,35.2369,0.005,1.2,2,0.058,70,39
삼방동,238182,2021-12-20 20:00,128.9118,35.2443,0.004,0.6,,0.047,-,-
장유동,238183,2021-12-20 20:00,128.8072,35.2024,0.005,0.6,2,0.070,53,29
진영읍,238184,2021-12-20 20:00,128.7312,35.3078,0.005,1.1,2,0.068,78,38
아주동,238201,2021-12-20 20:00,128.6922,34.866,0.004,0.6,2,0.011,52,27
고현동,238203,2021-12-20 20:00,128.6211,34.8808,0.004,0.6,2,0.007,56,25
북부동,238361,2021-12-20 20:00,129.041,35.3458,0.005,0.7,2,0.070,45,27
물금읍,238363,2021-12-20 20:00,128.9872,35.3106,0.004,0.7,2,0.052,66,42
사천읍,238211,2021-12-20 20:00,128.0912,35.0828,0.006,0.6,2,0.024,57,27
향촌동,238212,2021-12-20 20:00,128.0933,34.9338,0.005,0.7,2,0.015,61,30
내일동,238401,2021-12-20 20:00,128.7542,35.4937,0.005,0.7,2,0.051,71,30
무전동,238411,2021-12-20 20:00,128.4324,34.8572,0.003,0.5,2,0.017,62,27
고성읍,238421,2021-12-20 20:00,128.3243,34.9745,0.002,0.6,2,0.023,61,28
거창읍,238431,2021-12-20 20:00,127.9039,35.688,0.003,0.8,2,0.042,72,46
가야읍,238441,2021-12-20 20:00,128.4081,35.2723,0.006,0.9,2,0.029,58,32
함양읍,238451,2021-12-20 20:00,127.725,35.5203,0.003,0.5,2,0.017,55,29
남해읍,238461,2021-12-20 20:00,127.899,34.8319,0.003,0.5,2,0.013,49,21
산청읍,238471,2021-12-20 20:00,127.8741,35.415,0.003,0.5,2,0.036,49,29
의령읍,238491,2021-12-20 20:00,128.2538,35.3158,0.003,0.5,2,0.020,46,20
창녕읍,238501,2021-12-20 20:00,128.4905,35.5438,0.005,0.6,2,0.033,52,28
합천읍,238511,2021-12-20 20:00,128.1576,35.5661,0.004,0.6,2,0.031,54,28
이도동,339111,2021-12-20 20:00,126.5324,33.5001,0.001,0.3,,0.014,52,24
연동,339112,2021-12-20 20:00,126.5001,33.4886,0.002,0.5,,0.018,54,20
조천읍,339113,2021-12-20 20:00,126.6424,33.5379,0.002,0.3,2,0.013,39,15
한림읍,339114,2021-12-20 20:00,126.2681,33.4094,0.002,0.3,2,0.013,42,21
동홍동,339121,2021-12-20 20:00,126.5653,33.2465,0.002,0.4,2,0.014,48,23
성산읍,339122,2021-12-20 20:00,126.9101,33.4602,0.001,0.3,2,0.006,41,18
대정읍,339131,2021-12-20 20:00,126.2475,33.2279,0.002,0.3,2,0.006,45,13
남원읍,339123,2021-12-20 20:00,126.7149,33.2843,0.002,0.4,2,0.008,43,12
백령도,831492,2021-12-20 20:00,124.634,37.9647,0.002,0.6,3,0.016,121,52
연평도,831494,2021-12-20 20:00,125.6996,37.6662,0.001,0.4,2,0.011,74,49
울도,831495,2021-12-20 20:00,125.9961,37.025,0.001,0.4,2,0.008,79,34
격렬비열도,534464,2021-12-20 20:00,125.5579,36.6261,-,-,,-,-,38
외연도,534484,2021-12-20 20:00,126.0825,36.229,0.003,0.5,2,0.012,65,34
말도,735126,2021-12-20 20:00,126.3157,35.8584,-,-,2,-,60,27
안마도,336462,2021-12-20 20:00,126.0211,35.3458,-,-,,-,-,-
홍도,336522,2021-12-20 20:00,125.2016,34.6971,0.002,0.4,2,0.009,64,28
가거도,336523,2021-12-20 20:00,125.0989,34.0949,0.002,0.3,,0.007,47,19
태하리,437541,2021-12-20 20:00,130.7967,37.5223,0.001,0.3,2,0.005,37,27
고산리,339312,2021-12-20 20:00,126.1622,33.2925,-,-,2,-,29,8
석모리,831481,2021-12-20 20:00,126.2835,37.7054,0.001,0.4,2,0.010,62,34
설성면,131441,2021-12-20 20:00,127.5536,37.1375,-,0.3,2,0.013,73,50
관인면,131451,2021-12-20 20:00,127.2526,38.1238,0.002,0.4,1,0.012,2,-
파주,131373,2021-12-20 20:00,126.7311,37.9062,0.001,0.4,2,0.017,94,48
연천(DMZ),131991,2021-12-20 20:00,126.9737,38.1296,0.003,0.5,2,0.012,98,34
인제(DMZ),132993,2021-12-20 20:00,128.2481,38.3896,0.002,0.3,2,0.008,65,37
고성(DMZ),132994,2021-12-20 20:00,128.2803,38.5665,0.002,0.4,,0.007,81,43
방산면,132401,2021-12-20 20:00,127.9586,38.2244,0.002,0.5,2,0.007,68,45
북평면,632371,2021-12-20 20:00,128.6648,37.4302,0.002,0.5,2,0.008,61,36
치악산,632431,2021-12-20 20:00,128.1251,37.3601,0.002,0.4,2,0.008,68,48
철원(DMZ),132991,2021-12-20 20:00,127.1695,38.3032,0.001,0.4,2,0.010,79,41
화천(DMZ),132992,2021-12-20 20:00,127.7813,38.2274,0.001,0.4,2,0.009,82,47
금왕,633461,2021-12-20 20:00,127.6045,36.9941,0.003,0.4,2,0.038,64,38
파도리,534461,2021-12-20 20:00,126.1344,36.7382,0.001,0.4,,0.007,85,38
사곡면,534341,2021-12-20 20:00,127.0309,36.5263,0.001,0.5,2,0.010,70,40
운암면,735351,2021-12-20 20:00,127.1863,35.6105,-,-,,-,-,-
송단리,336451,2021-12-20 20:00,127.1751,35.1769,0.002,0.3,2,0.006,37,17
강구면,437202,2021-12-20 20:00,129.3902,36.3629,0.001,0.4,2,0.008,53,28
화북면,437401,2021-12-20 20:00,128.9278,36.1127,0.001,0.5,2,0.008,48,24
남상면,238481,2021-12-20 20:00,127.9102,35.6432,0.002,0.5,,0.014,61,39
대산면,238241,2021-12-20 20:00,128.6757,35.3731,0.002,0.5,2,0.017,64,34
저구리,238191,2021-12-20 20:00,128.5873,34.7101,0.001,0.3,,0.008,-,-
한강대로,111122,2021-12-20 20:00,126.9704,37.5491,0.004,1.0,2,0.063,76,32
청계천로,111124,2021-12-20 20:00,126.9981,37.5686,0.006,1.7,2,0.058,75,43
종로,111125,2021-12-20 20:00,126.9965,37.5709,0.003,1.3,2,0.055,70,33
강변북로,111143,2021-12-20 20:00,127.042,37.5387,0.004,0.9,2,0.065,71,41
홍릉로,111154,2021-12-20 20:00,127.0444,37.5805,0.004,0.9,2,0.053,62,34
정릉로,111162,2021-12-20 20:00,127.026,37.6035,0.004,0.8,2,0.062,65,29
신촌로,111202,2021-12-20 20:00,126.9361,37.5551,0.004,1.3,2,0.071,72,41
공항대로,111213,2021-12-20 20:00,126.8247,37.5602,0.005,1.1,2,0.077,65,33
영등포로,111232,2021-12-20 20:00,126.9046,37.5193,0.004,1.0,2,0.067,62,35
도산대로,111263,2021-12-20 20:00,127.0203,37.516,0.003,0.8,2,0.049,75,32
강남대로,111264,2021-12-20 20:00,127.0357,37.4818,0.004,1.3,2,0.055,66,35
천호대로,111275,2021-12-20 20:00,127.1393,37.5341,0.004,1.0,2,0.070,76,40
화랑로,111312,2021-12-20 20:00,127.0751,37.6177,0.004,0.8,2,0.070,56,28
시흥대로,111282,2021-12-20 20:00,126.8987,37.475,0.004,0.7,2,0.058,68,29
온천동,221162,2021-12-20 20:00,129.0778,35.2067,0.004,0.5,2,0.054,62,26
초량동,221131,2021-12-20 20:00,129.0463,35.1267,0.003,0.5,2,0.038,57,26
부산북항,221901,2021-12-20 20:00,129.0557,35.1228,0.003,0.4,2,0.029,59,29
부산신항,221902,2021-12-20 20:00,128.8343,35.075,0.006,0.3,2,0.059,61,24
이곡동,422202,2021-12-20 20:00,128.5115,35.8512,0.003,0.4,2,0.044,70,43
평리동,422133,2021-12-20 20:00,128.5625,35.8803,0.004,0.6,2,0.048,73,37
석바위,823633,2021-12-20 20:00,126.6908,37.4578,0.004,0.9,2,0.077,65,30
부평역,823634,2021-12-20 20:00,126.7242,37.5,0.006,0.8,2,0.064,65,34
송현,823703,2021-12-20 20:00,126.6372,37.4819,0.004,0.7,2,0.066,53,28
서해,823612,2021-12-20 20:00,126.6312,37.4605,0.004,0.6,2,0.050,62,25
남동,823636,2021-12-20 20:00,126.7068,37.4406,0.005,1.0,2,0.054,70,36
중봉,823653,2021-12-20 20:00,126.6479,37.5035,0.005,0.5,2,0.059,80,30
치평동,324123,2021-12-20 20:00,126.8533,35.1516,0.005,1.8,2,0.068,80,40
운암동,324134,2021-12-20 20:00,126.8569,35.1761,0.005,1.1,2,0.071,74,29
월평동,525173,2021-12-20 20:00,127.3542,36.3511,0.004,0.5,2,0.018,53,19
신정로,238126,2021-12-20 20:00,129.301,35.5333,0.003,0.8,2,0.046,38,21
북부순환도로,238379,2021-12-20 20:00,129.281,35.558,0.004,0.5,2,0.050,46,25
성남대로(모란역),131125,2021-12-20 20:00,127.1291,37.4332,0.004,0.7,2,0.055,58,38
대왕판교로(백현동),131120,2021-12-20 20:00,127.1026,37.3825,0.006,1.0,2,0.060,73,44
경수대로(동수원),131116,2021-12-20 20:00,127.0307,37.2765,0.004,1.4,2,0.075,92,43
송내대로(중동),831155,2021-12-20 20:00,126.7584,37.5053,0.004,0.9,2,0.064,91,37
백마로(마두역),131383,2021-12-20 20:00,126.7779,37.652,0.002,0.9,2,0.062,73,40
중앙대로(고잔동),131198,2021-12-20 20:00,126.8281,37.3167,0.004,0.6,,0.054,68,25
중부대로(구갈동),131414,2021-12-20 20:00,127.1137,37.2753,0.002,0.7,2,0.057,72,32
금암로(신장동),131532,2021-12-20 20:00,127.0521,37.1711,0.004,0.9,2,0.054,66,38
경춘로,131245,2021-12-20 20:00,127.163,37.6088,0.004,1.3,2,0.062,90,50
한강로,131475,2021-12-20 20:00,126.6751,37.6491,0.003,0.8,,0.058,86,42
서해안로,131236,2021-12-20 20:00,126.711,37.3526,0.002,0.6,2,0.038,61,31
온의동,132119,2021-12-20 20:00,127.7208,37.5656,0.003,0.8,2,0.047,71,40
복대동,533116,2021-12-20 20:00,127.447,36.6344,0.003,0.8,2,0.064,69,32
성성동,534114,2021-12-20 20:00,127.1323,36.8393,0.004,0.7,2,0.052,78,41
장재리,534446,2021-12-20 20:00,127.1001,36.7844,0.003,0.8,2,0.053,81,40
서신동,735116,2021-12-20 20:00,127.123,35.8334,0.002,0.8,2,0.055,62,31
우현동,437111,2021-12-20 20:00,129.3607,36.0525,-,0.8,2,0.065,68,32
반송로,238145,2021-12-20 20:00,128.6647,35.2342,0.005,0.9,2,0.062,56,22
부산항,221903,2021-12-20 20:00,128.7848,35.5479,0.003,0.3,2,0.033,66,32
경인항,823901,2021-12-20 20:00,126.5951,37.5665,0.002,0.5,2,0.016,66,25
인천항,823902,2021-12-20 20:00,126.6269,37.4616,0.003,0.3,,0.058,80,27
울산항,238902,2021-12-20 20:00,129.3845,35.5157,0.006,0.9,2,0.026,69,42
묵호항,132902,2021-12-20 20:00,129.1109,37.5479,0.004,0.9,2,0.012,62,34
동해항,132901,2021-12-20 20:00,129.1232,37.4898,0.001,0.3,2,0.012,60,28
평택당진항,534901,2021-12-20 20:00,126.8217,36.9684,0.002,0.4,2,0.018,76,44
대산항,534902,2021-12-20 20:00,126.4266,37.0126,0.005,0.4,,0.022,78,41
장항항,534903,2021-12-20 20:00,126.6903,36.008,0.002,0.3,2,0.017,52,26
군산항,735901,2021-12-20 20:00,126.5865,35.9744,0.004,0.3,2,0.017,68,28
여수항,336903,2021-12-20 20:00,127.7333,34.7379,0.002,0.3,2,0.012,63,28
광양항,336902,2021-12-20 20:00,127.6682,34.9076,0.004,0.6,2,0.063,81,37
목포항,336901,2021-12-20 20:00,126.3918,34.771,0.002,0.3,2,0.012,48,17
포항항,437901,2021-12-20 20:00,129.4149,36.006,0.006,2.5,2,0.047,87,53
마산항,238901,2021-12-20 20:00,128.5912,35.1918,0.002,0.7,,0.050,90,44
