중구,111121,2021-12-20 24:00,126.9747,37.5643,0.005,1.2,2,0.069,68,41
종로구,111123,2021-12-20 24:00,127.005,37.572,0.005,1.2,2,0.059,69,39
용산구,111131,2021-12-20 24:00,127.0048,37.54,0.003,0.7,2,0.050,62,29
광진구,111141,2021-12-20 24:00,127.0925,37.5472,0.003,0.8,2,0.051,65,34
성동구,111142,2021-12-20 24:00,127.0494,37.5419,0.003,1.0,2,0.060,73,32
중랑구,111151,2021-12-20 24:00,127.094,37.5849,0.004,1.1,2,0.068,68,34
동대문구,111152,2021-12-20 24:00,127.0289,37.5758,0.004,2.0,2,0.084,82,49
성북구,111161,2021-12-20 24:00,127.0273,37.6067,0.003,1.4,2,0.070,84,41
도봉구,111171,2021-12-20 24:00,127.029,37.6542,0.003,1.1,2,0.058,83,45
은평구,111181,2021-12-20 24:00,126.9348,37.6098,0.003,0.8,2,0.041,67,39
서대문구,111191,2021-12-20 24:00,126.9497,37.5938,0.004,1.0,2,0.056,-,45
마포구,111201,2021-12-20 24:00,126.9056,37.5556,0.005,1.9,2,0.096,66,51
강서구,111212,2021-12-20 24:00,126.8351,37.5447,0.004,0.9,2,0.061,73,34
구로구,111221,2021-12-20 24:00,126.8897,37.4985,0.003,0.8,2,0.057,78,44
영등포구,111231,2021-12-20 24:00,126.8974,37.525,0.004,0.7,2,0.054,68,37
동작구,111241,2021-12-20 24:00,126.9715,37.4809,0.003,0.9,2,0.075,74,37
관악구,111251,2021-12-20 24:00,126.9271,37.4874,0.004,0.7,2,0.052,62,31
강남구,111261,2021-12-20 24:00,127.0481,37.5176,0.004,0.5,2,0.035,62,30
서초구,111262,2021-12-20 24:00,126.9945,37.5046,0.003,0.7,2,0.049,60,38
송파구,111273,2021-12-20 24:00,127.0925,37.5027,0.003,0.7,2,0.058,61,34
강동구,111274,2021-12-20 24:00,127.1368,37.545,0.004,1.9,2,0.103,89,56
금천구,111281,2021-12-20 24:00,126.9083,37.4524,0.004,0.8,2,0.057,66,34
강북구,111291,2021-12-20 24:00,127.0119,37.6479,0.003,0.9,2,0.062,80,39
양천구,111301,2021-12-20 24:00,126.8566,37.526,0.003,0.8,2,0.053,68,40
노원구,111311,2021-12-20 24:00,127.0679,37.6574,0.003,1.2,2,0.061,79,42
광복동,221112,2021-12-20 24:00,129.0305,35.0999,0.005,0.4,2,0.020,57,27
대연동,221172,2021-12-20 24:00,129.0877,35.1303,0.005,0.5,2,0.024,54,27
학장동,221181,2021-12-20 24:00,128.9842,35.1462,0.007,0.4,2,0.017,87,40
덕천동,221182,2021-12-20 24:00,129.0062,35.2078,0.004,0.8,2,0.055,71,40
장림동,221202,2021-12-20 24:00,128.9669,35.083,0.003,0.5,2,0.040,54,35
전포동,221152,2021-12-20 24:00,129.0638,35.156,0.004,0.4,2,0.013,64,35
연산동,221221,2021-12-20 24:00,129.0746,35.1811,0.004,0.5,2,0.023,58,28
태종대,221141,2021-12-20 24:00,129.0799,35.0598,0.004,0.3,2,0.011,52,19
청룡동,221191,2021-12-20 24:00,129.0895,35.2755,-,-,2,0.027,58,32
좌동,221192,2021-12-20 24:00,129.1742,35.1706,0.004,0.4,2,0.012,64,29
대저동,221211,2021-12-20 24:00,128.9731,35.2087,0.014,0.6,2,0.040,69,39
녹산동,221212,2021-12-20 24:00,128.8631,35.0864,0.006,0.5,2,0.022,64,33
기장읍,221231,2021-12-20 24:00,129.2158,35.2387,0.004,0.4,2,0.010,60,35
부곡동,221251,2021-12-20 24:00,129.0927,35.2298,0.004,0.4,2,0.021,60,31
광안동,221271,2021-12-20 24:00,129.1181,35.1575,-,-,2,0.014,52,29
명장동,221163,2021-12-20 24:00,129.1043,35.2049,-,-,2,0.031,65,34
용수리,221233,2021-12-20 24:00,129.1802,35.3256,0.002,0.5,2,0.022,51,34
수정동,221241,2021-12-20 24:00,129.0454,35.1294,0.005,0.3,2,0.012,66,23
대신동,221281,2021-12-20 24:00,129.0157,35.1174,0.004,0.5,2,0.030,62,33
덕포동,221282,2021-12-20 24:00,128.9851,35.1744,0.006,0.6,2,0.036,64,41
개금동,221283,2021-12-20 24:00,129.023,35.1552,0.003,0.6,2,0.039,72,39
당리동,221284,2021-12-20 24:00,128.9737,35.1052,0.004,0.5,2,0.025,64,33
재송동,221193,2021-12-20 24:00,129.121,35.1832,0.005,0.4,2,0.015,64,31
청학동,221142,2021-12-20 24:00,129.0596,35.0908,0.004,0.3,2,0.013,49,28
화명동,221183,2021-12-20 24:00,129.0102,35.2334,-,-,2,0.051,60,35
명지동,221213,2021-12-20 24:00,128.9265,35.1066,0.003,0.5,2,0.026,74,46
회동동,221253,2021-12-20 24:00,129.1208,35.2295,0.002,0.6,2,0.044,68,38
수창동,422114,2021-12-20 24:00,128.5841,35.8743,0.006,0.8,2,0.059,68,38
지산동,422115,2021-12-20 24:00,128.6316,35.8305,0.003,0.5,2,0.020,49,25
서호동,422121,2021-12-20 24:00,128.711,35.8691,0.005,1.3,2,0.070,92,50
이현동,422132,2021-12-20 24:00,128.5453,35.8696,0.003,0.6,2,0.044,65,41
대명동,422141,2021-12-20 24:00,128.5711,35.8455,0.002,0.5,2,0.029,69,37
신암동,422154,2021-12-20 24:00,128.6331,35.8898,0.001,0.7,2,0.052,52,35
태전동,422155,2021-12-20 24:00,128.5507,35.923,0.003,0.7,2,0.046,59,28
만촌동,422161,2021-12-20 24:00,128.64,35.8653,0.005,1.2,2,0.071,67,41
호림동,422171,2021-12-20 24:00,128.4887,35.8379,0.003,0.4,2,0.017,64,34
유가읍,422201,2021-12-20 24:00,128.46,35.7,0.001,0.7,2,0.027,53,25
시지동,422203,2021-12-20 24:00,128.6976,35.8376,0.002,0.8,2,0.066,63,33
진천동,422204,2021-12-20 24:00,128.5287,35.8167,0.001,0.4,2,0.013,49,26
다사읍,422205,2021-12-20 24:00,128.4572,35.8649,0.002,0.5,2,0.025,57,34
본동,422206,2021-12-20 24:00,128.5411,35.8344,0.002,0.5,2,0.031,63,35
내당동,422207,2021-12-20 24:00,128.5519,35.859,0.002,0.5,2,0.051,67,39
침산동,422208,2021-12-20 24:00,128.5844,35.8876,0.004,0.8,2,0.063,66,45
화원읍,422209,2021-12-20 24:00,128.505,35.7973,0.003,0.4,2,0.008,58,30
산격동,422158,2021-12-20 24:00,128.6021,35.8933,0.003,0.6,2,0.047,49,30
신흥,823611,2021-12-20 24:00,126.6348,37.4684,0.003,0.6,2,0.038,65,30
송림,823621,2021-12-20 24:00,126.6436,37.474,0.004,0.9,2,0.020,65,25
구월동,823631,2021-12-20 24:00,126.7241,37.4496,0.004,1.8,2,0.065,64,44
숭의,823632,2021-12-20 24:00,126.6498,37.4639,0.003,0.7,2,0.040,66,30
부평,823641,2021-12-20 24:00,126.7243,37.5,0.006,1.4,2,0.073,71,42
연희,823651,2021-12-20 24:00,126.6809,37.5417,0.005,0.4,2,0.044,62,36
검단,823652,2021-12-20 24:00,126.6614,37.602,0.005,0.6,2,0.036,76,35
계산,823662,2021-12-20 24:00,126.7303,37.5462,0.003,1.1,2,0.069,70,40
고잔,823671,2021-12-20 24:00,126.6969,37.4047,0.005,0.7,2,0.043,73,38
석남,823681,2021-12-20 24:00,126.6746,37.5027,0.004,0.9,2,0.059,57,30
송해,823691,2021-12-20 24:00,126.4634,37.7645,0.003,0.6,2,0.014,57,39
동춘,823701,2021-12-20 24:00,126.6786,37.4096,0.004,0.8,2,0.031,65,34
운서,823702,2021-12-20 24:00,126.4885,37.4958,0.004,0.6,2,0.044,73,30
논현,823704,2021-12-20 24:00,126.7263,37.4042,0.003,0.9,2,0.056,60,32
원당,823801,2021-12-20 24:00,126.6984,37.5945,0.004,0.9,2,0.047,60,30
송도,823706,2021-12-20 24:00,126.6547,37.3821,0.003,0.5,2,0.021,51,22
청라,823705,2021-12-20 24:00,126.6373,37.5366,0.005,0.5,2,0.030,57,20
길상,823802,2021-12-20 24:00,126.4913,37.6406,0.003,0.6,2,0.013,67,33
삼산,823803,2021-12-20 24:00,126.7364,37.5128,0.004,0.6,2,0.054,60,26
영흥,831493,2021-12-20 24:00,126.4835,37.256,0.002,0.3,2,0.009,55,28
서창,823672,2021-12-20 24:00,126.746,37.4274,0.004,1.0,2,0.051,53,28
영종,823613,2021-12-20 24:00,126.5639,37.4947,0.004,0.5,2,0.017,49,17
아암,823707,2021-12-20 24:00,126.6324,37.4052,0.003,0.4,2,0.023,55,22
주안,823637,2021-12-20 24:00,126.6926,37.4556,0.003,0.7,2,0.047,63,40
서석동,324115,2021-12-20 24:00,126.9233,35.1458,0.002,0.6,2,0.027,42,20
농성동,324121,2021-12-20 24:00,126.8885,35.1549,0.002,1.0,2,0.056,37,28
두암동,324133,2021-12-20 24:00,126.9322,35.1739,0.003,0.9,2,0.057,47,27
건국동,324135,2021-12-20 24:00,126.8603,35.2293,0.002,0.4,2,0.024,55,38
오선동,324142,2021-12-20 24:00,126.8078,35.2044,0.004,0.8,2,0.027,62,41
주월동,324155,2021-12-20 24:00,126.8933,35.1319,0.003,1.0,2,0.057,50,28
노대동,324124,2021-12-20 24:00,126.8961,35.099,0.002,0.5,2,0.013,33,19
평동,324148,2021-12-20 24:00,126.7696,35.1238,0.004,0.6,2,0.042,87,-
일곡동,324136,2021-12-20 24:00,126.8924,35.2181,0.003,0.7,2,0.039,42,28
유촌동,324125,2021-12-20 24:00,126.8442,35.1619,0.004,0.7,2,0.049,70,37
읍내동,525111,2021-12-20 24:00,127.4172,36.3728,0.005,0.9,2,0.056,48,23
문평동,525112,2021-12-20 24:00,127.4047,36.4469,0.003,0.5,2,0.047,67,35
문창동,525121,2021-12-20 24:00,127.4378,36.3161,0.005,0.6,2,0.018,36,17
구성동,525141,2021-12-20 24:00,127.3739,36.3724,0.003,0.5,2,0.013,57,14
노은동,525142,2021-12-20 24:00,127.3185,36.3682,0.004,0.4,2,0.010,48,23
성남동,525161,2021-12-20 24:00,127.4372,36.3444,0.003,0.9,2,0.051,52,29
정림동,525171,2021-12-20 24:00,127.3667,36.3045,0.003,0.6,2,0.020,57,18
둔산동,525172,2021-12-20 24:00,127.3835,36.3544,0.003,0.6,2,0.024,42,16
대성동,525162,2021-12-20 24:00,127.4601,36.3025,0.005,0.3,2,0.036,48,35
관평동,525144,2021-12-20 24:00,127.3959,36.4252,0.003,0.8,2,0.017,58,25
대송동,238120,2021-12-20 24:00,129.4184,35.5028,0.007,0.7,2,0.029,59,30
성남동,238121,2021-12-20 24:00,129.3205,35.5563,0.003,0.9,2,0.051,52,29
부곡동,238122,2021-12-20 24:00,129.339,35.4973,0.004,0.4,2,0.021,60,31
야음동,238124,2021-12-20 24:00,129.3258,35.5261,0.003,0.8,2,0.062,59,31
삼산동,238125,2021-12-20 24:00,129.3318,35.5444,0.003,0.7,2,0.052,62,31
신정동,238127,2021-12-20 24:00,129.3081,35.5347,0.003,0.7,2,0.040,54,33
덕신리,238128,2021-12-20 24:00,129.3145,35.4348,0.003,0.6,2,0.031,71,48
무거동,238129,2021-12-20 24:00,129.2608,35.5593,0.002,0.6,2,0.044,57,34
효문동,238130,2021-12-20 24:00,129.3711,35.5595,0.004,0.6,2,0.047,66,33
화산리,238371,2021-12-20 24:00,129.3376,35.4381,0.007,0.6,2,0.041,70,-
상남리,238373,2021-12-20 24:00,129.3059,35.4931,0.002,0.5,2,0.032,48,25
농소동,238374,2021-12-20 24:00,129.358,35.6203,0.003,1.0,2,0.043,61,30
약사동,238376,2021-12-20 24:00,129.3195,35.5679,0.003,0.6,2,0.041,52,25
전하동,238381,2021-12-20 24:00,129.4267,35.5088,0.006,0.5,2,0.029,65,32
웅촌면,238377,2021-12-20 24:00,129.2091,35.4615,0.003,0.6,2,0.035,95,67
범서읍,238378,2021-12-20 24:00,129.2219,35.5706,0.002,0.5,2,0.043,51,33
신흥동,541111,2021-12-20 24:00,127.2921,36.5925,0.003,0.6,2,0.022,50,29
아름동,541112,2021-12-20 24:00,127.2472,36.5119,0.003,0.5,2,0.028,51,26
한솔동,541113,2021-12-20 24:00,127.2514,36.4761,0.003,0.4,2,0.015,57,25
부강면,541114,2021-12-20 24:00,127.3703,36.527,0.003,0.6,2,0.026,69,28
신풍동,131111,2021-12-20 24:00,127.0105,37.2838,0.004,1.1,2,0.061,64,37
인계동,131112,2021-12-20 24:00,127.0292,37.2634,0.003,0.7,2,0.051,79,43
광교동,131113,2021-12-20 24:00,127.0708,37.2913,0.003,0.7,2,0.057,63,30
영통동,131114,2021-12-20 24:00,127.0563,37.247,0.002,0.9,2,0.044,67,32
천천동,131115,2021-12-20 24:00,126.9753,37.2928,0.003,0.9,2,0.061,82,40
고색동,131117,2021-12-20 24:00,126.9766,37.2526,0.003,0.7,2,0.051,89,42
호매실동,131118,2021-12-20 24:00,126.9572,37.2662,0.001,0.4,2,0.014,65,-
부림동,131142,2021-12-20 24:00,126.958,37.3941,0.002,0.6,2,0.044,71,38
호계동,131144,2021-12-20 24:00,126.9587,37.3676,0.002,0.8,2,0.050,76,41
안양2동,131145,2021-12-20 24:00,126.9176,37.4051,0.002,0.9,2,0.056,62,43
단대동,131121,2021-12-20 24:00,127.1554,37.4494,0.002,0.7,2,0.055,74,40
정자동,131123,2021-12-20 24:00,127.1114,37.3615,0.002,0.9,2,0.052,79,43
수내동,131124,2021-12-20 24:00,127.119,37.3826,0.003,0.8,2,0.046,59,38
복정동,131126,2021-12-20 24:00,127.1312,37.4572,0.003,0.8,2,0.057,71,43
운중동,131128,2021-12-20 24:00,127.0807,37.3905,0.002,0.8,2,0.037,68,38
상대원동,131129,2021-12-20 24:00,127.1645,37.4329,0.003,0.7,2,0.040,66,37
의정부동,131131,2021-12-20 24:00,127.0408,37.7356,0.004,0.9,2,0.052,65,40
의정부1동,131132,2021-12-20 24:00,127.0477,37.7463,0.003,1.0,2,0.046,78,59
송산3동,131133,2021-12-20 24:00,127.1059,37.7481,0.004,0.6,2,0.038,42,32
철산동,131161,2021-12-20 24:00,126.8652,37.4786,0.002,0.7,2,0.043,79,43
소하동,131163,2021-12-20 24:00,126.888,37.4455,0.002,0.7,2,0.041,84,42
고잔동,131191,2021-12-20 24:00,126.8304,37.3221,0.004,0.9,2,0.062,68,47
원시동,131192,2021-12-20 24:00,126.8122,37.3346,0.006,0.5,2,0.019,72,40
원곡동,131194,2021-12-20 24:00,126.8019,37.3316,0.004,0.6,2,0.044,74,50
부곡동,131195,2021-12-20 24:00,126.8611,37.332,0.004,0.4,2,0.021,60,31
대부동,131196,2021-12-20 24:00,126.5853,37.2437,0.003,0.5,2,0.015,52,23
호수동,131197,2021-12-20 24:00,126.8335,37.3049,0.003,0.6,2,0.036,59,24
비전동,131341,2021-12-20 24:00,127.1128,36.9923,0.004,0.7,2,0.048,70,46
안중,131342,2021-12-20 24:00,126.9314,36.9859,0.002,0.4,2,0.016,64,33
평택항,131343,2021-12-20 24:00,126.8455,36.9746,0.002,0.4,2,0.025,71,36
송북동,131344,2021-12-20 24:00,127.0601,37.0816,0.004,0.8,2,0.046,74,49
청북읍,131345,2021-12-20 24:00,126.9182,37.0203,0.003,0.5,2,0.014,63,35
고덕면,131346,2021-12-20 24:00,127.0462,37.0533,0.003,0.6,2,0.028,59,32
별양동,131201,2021-12-20 24:00,126.9943,37.4239,0.003,0.7,2,0.050,68,37
과천동,131202,2021-12-20 24:00,127.0023,37.4491,0.003,0.8,2,0.045,71,40
교문동,131211,2021-12-20 24:00,127.1297,37.5945,0.002,0.7,2,0.056,68,39
동구동,131212,2021-12-20 24:00,127.1381,37.6186,0.002,0.5,2,0.030,81,46
부곡3동,131222,2021-12-20 24:00,126.9572,37.3177,0.003,0.7,2,0.049,66,34
고천동,131223,2021-12-20 24:00,126.969,37.3442,0.002,0.6,2,0.033,64,38
행신동,131381,2021-12-20 24:00,126.8419,37.6249,0.003,0.8,2,0.060,70,36
식사동,131382,2021-12-20 24:00,126.8134,37.6855,0.002,0.7,2,0.058,70,33
신원동,131384,2021-12-20 24:00,126.8867,37.6664,0.009,1.5,2,0.037,87,70
주엽동,131385,2021-12-20 24:00,126.7564,37.6683,0.002,0.9,2,0.056,78,38
경안동,131392,2021-12-20 24:00,127.2579,37.4112,0.003,1.0,2,0.045,75,44
오포읍,131394,2021-12-20 24:00,127.2286,37.3662,0.002,1.0,2,0.042,78,36
곤지암,131395,2021-12-20 24:00,127.3523,37.351,0.002,0.9,2,0.028,83,47
당동,131501,2021-12-20 24:00,126.9452,37.3537,0.003,0.8,2,0.064,81,39
산본동,131502,2021-12-20 24:00,126.9336,37.3617,0.002,0.9,2,0.043,63,35
정왕동,131231,2021-12-20 24:00,126.7401,37.3468,0.003,0.7,2,0.043,76,49
시화산단,131232,2021-12-20 24:00,126.7241,37.3372,0.002,0.6,2,0.021,85,38
대야동,131233,2021-12-20 24:00,126.7884,37.4431,0.004,0.9,2,0.040,66,42
목감동,131234,2021-12-20 24:00,126.8618,37.3861,0.003,1.1,2,0.051,64,39
장현동,131235,2021-12-20 24:00,126.804,37.3801,0.002,0.5,2,0.037,75,39
소사본동,831151,2021-12-20 24:00,126.7999,37.48,0.003,0.7,2,0.057,72,46
내동,831152,2021-12-20 24:00,126.7737,37.5203,0.004,0.8,2,0.057,69,38
중2동,831153,2021-12-20 24:00,126.7701,37.4939,0.003,0.7,2,0.060,71,40
오정동,831154,2021-12-20 24:00,126.7962,37.528,0.003,0.9,2,0.063,68,37
금곡동,131241,2021-12-20 24:00,127.2162,37.6356,0.004,0.6,2,0.044,54,37
오남읍,131242,2021-12-20 24:00,127.2047,37.6987,0.003,1.0,2,0.046,68,44
별내동,131243,2021-12-20 24:00,127.1159,37.6529,0.003,0.7,2,0.029,70,36
화도읍,131244,2021-12-20 24:00,127.3007,37.6578,0.003,1.1,2,0.059,87,49
와부읍,131246,2021-12-20 24:00,127.2268,37.5809,0.003,0.5,2,0.030,61,28
진접읍,131247,2021-12-20 24:00,127.1898,37.7264,0.003,0.6,2,0.031,63,28
김량장동,131411,2021-12-20 24:00,127.2014,37.2345,0.002,0.8,2,0.039,72,39
수지,131412,2021-12-20 24:00,127.0951,37.3279,0.002,0.8,2,0.047,76,45
기흥,131413,2021-12-20 24:00,127.1151,37.2802,0.002,0.7,2,0.049,81,41
모현읍,131415,2021-12-20 24:00,127.2423,37.3295,0.002,0.8,2,0.031,86,48
이동읍,131416,2021-12-20 24:00,127.1962,37.1411,0.002,0.9,2,0.027,83,53
백암면,131417,2021-12-20 24:00,127.375,37.1631,0.002,0.6,2,0.023,77,47
사우동,131471,2021-12-20 24:00,126.7168,37.6193,0.003,1.0,2,0.055,69,41
월곶면,131473,2021-12-20 24:00,126.5529,37.7151,0.002,0.8,2,0.022,74,56
한강신도시,131474,2021-12-20 24:00,126.6291,37.6533,0.003,0.8,2,0.040,91,47
오산동,131531,2021-12-20 24:00,127.0771,37.1592,0.003,0.6,2,0.048,65,41
신장동,131541,2021-12-20 24:00,127.2146,37.5391,0.003,0.6,2,0.045,60,29
미사,131542,2021-12-20 24:00,127.1861,37.567,0.003,0.7,2,0.049,67,28
남양읍,131551,2021-12-20 24:00,126.824,37.2115,0.002,0.6,2,0.036,64,44
동탄,131553,2021-12-20 24:00,127.0723,37.1969,0.003,0.7,2,0.054,72,42
청계동,131555,2021-12-20 24:00,127.1195,37.1961,0.002,0.4,2,0.018,75,43
우정읍,131554,2021-12-20 24:00,126.8154,37.0898,0.003,0.6,2,0.037,71,38
새솔동,131556,2021-12-20 24:00,126.8187,37.2814,0.002,0.6,2,0.026,78,41
봉담읍,131557,2021-12-20 24:00,126.9491,37.2196,0.003,0.6,2,0.039,81,45
서신면,131558,2021-12-20 24:00,126.7088,37.1665,0.002,0.5,2,0.010,59,37
백석읍,131561,2021-12-20 24:00,126.9872,37.7924,0.002,0.5,2,0.033,71,42
고읍,131562,2021-12-20 24:00,127.0843,37.7926,0.002,0.5,2,0.030,64,35
보산동,131571,2021-12-20 24:00,127.0613,37.9176,0.004,1.3,2,0.041,72,45
봉산동,131581,2021-12-20 24:00,127.2799,37.0076,0.003,0.7,2,0.040,72,44
공도읍,131583,2021-12-20 24:00,127.1726,37.0012,0.004,0.7,2,0.048,80,51
죽산면,131584,2021-12-20 24:00,127.4244,37.0745,0.002,0.8,2,0.018,69,47
대신면,131592,2021-12-20 24:00,127.5847,37.3712,0.003,0.5,2,0.017,65,49
가남읍,131593,2021-12-20 24:00,127.5452,37.2019,0.002,0.5,2,0.017,86,61
연천,131601,2021-12-20 24:00,127.0748,38.0964,0.002,0.9,2,0.017,55,50
설악면,131612,2021-12-20 24:00,127.4947,37.6762,0.003,0.7,2,0.015,68,42
용문면,131621,2021-12-20 24:00,127.5962,37.4872,0.003,0.9,2,0.022,66,51
양평읍,131622,2021-12-20 24:00,127.4866,37.4971,0.003,1.0,2,0.029,72,49
창전동,131442,2021-12-20 24:00,127.4409,37.2835,0.003,0.9,2,0.047,55,38
장호원읍,131443,2021-12-20 24:00,127.6297,37.1143,0.004,0.3,2,0.009,62,34
부발읍,131444,2021-12-20 24:00,127.4867,37.2833,0.003,0.5,2,0.028,81,48
금촌동,131371,2021-12-20 24:00,126.7739,37.7563,0.003,0.9,2,0.052,88,53
운정,131372,2021-12-20 24:00,126.7564,37.7232,0.005,1.2,2,0.053,94,42
파주읍,131374,2021-12-20 24:00,126.8332,37.8308,0.004,1.0,2,0.025,72,49
선단동,131453,2021-12-20 24:00,127.1592,37.8535,0.003,0.9,2,0.040,82,57
일동면,131454,2021-12-20 24:00,127.3173,37.9612,0.004,0.6,2,0.016,59,36
중앙로,132112,2021-12-20 24:00,127.7205,37.8756,0.002,0.8,2,0.028,62,46
석사동,132113,2021-12-20 24:00,127.7495,37.8571,0.003,1.1,2,0.037,62,42
신사우동,132118,2021-12-20 24:00,127.7282,37.9054,0.004,0.8,2,0.022,73,47
옥천동,632132,2021-12-20 24:00,128.903,37.76,0.003,0.2,2,0.010,70,23
문막읍,632124,2021-12-20 24:00,127.8173,37.3128,0.004,0.8,2,0.030,53,32
천곡동,632151,2021-12-20 24:00,129.1145,37.525,0.003,0.5,2,0.015,46,35
평창읍,632171,2021-12-20 24:00,128.389,37.3607,0.003,0.3,2,0.010,63,32
상리,632441,2021-12-20 24:00,128.4637,38.3811,0.002,0.4,2,0.007,48,36
양구읍,132402,2021-12-20 24:00,127.9898,38.1092,0.002,0.6,2,0.024,64,39
영월읍,632491,2021-12-20 24:00,128.4625,37.174,0.002,0.5,2,0.009,59,32
홍천읍,632481,2021-12-20 24:00,127.8803,37.6838,0.003,0.7,2,0.030,67,48
사천동,533113,2021-12-20 24:00,127.4749,36.6661,0.002,0.7,2,0.039,59,35
용담동,533114,2021-12-20 24:00,127.5036,36.6358,0.003,0.4,2,0.023,48,26
용암동,533115,2021-12-20 24:00,127.5013,36.6088,0.002,0.7,2,0.039,65,29
오창읍,633211,2021-12-20 24:00,127.422,36.7091,0.001,0.5,2,0.027,62,33
산남동,633213,2021-12-20 24:00,127.4674,36.6137,0.002,0.8,2,0.044,79,45
오송읍,633214,2021-12-20 24:00,127.3251,36.6325,0.001,0.4,2,0.014,64,36
가덕면,633215,2021-12-20 24:00,127.5485,36.5536,0.001,0.6,2,0.011,59,42
호암동,633122,2021-12-20 24:00,127.9262,36.9646,0.002,0.6,2,0.021,76,40
칠금동,633123,2021-12-20 24:00,127.9192,36.9821,0.007,2.3,,0.055,-,-
중앙탑면,633124,2021-12-20 24:00,127.8227,37.0165,0.002,0.6,2,0.012,55,31
살미면,633125,2021-12-20 24:00,127.9641,36.9052,0.002,0.8,2,0.014,47,30
장락동,633131,2021-12-20 24:00,128.2207,37.1451,0.004,0.7,2,0.014,77,39
영천동,633132,2021-12-20 24:00,128.2006,37.1241,0.011,1.9,2,0.034,79,45
청풍면,633133,2021-12-20 24:00,128.1677,37.0002,0.002,0.6,2,0.008,53,33
매포읍,633311,2021-12-20 24:00,128.2957,37.0334,0.002,0.5,2,0.013,65,36
단양읍,633313,2021-12-20 24:00,128.3656,36.9872,0.002,0.5,2,0.010,68,32
진천읍,633411,2021-12-20 24:00,127.4414,36.8551,0.002,1.0,2,0.024,63,38
덕산읍,633412,2021-12-20 24:00,127.539,36.902,0.002,0.3,2,0.011,66,32
옥천읍,634111,2021-12-20 24:00,127.5712,36.3064,0.002,0.7,2,0.013,60,26
영동읍,633471,2021-12-20 24:00,127.7778,36.1728,0.002,0.7,2,0.033,58,33
증평읍,633481,2021-12-20 24:00,127.587,36.7922,0.002,0.7,2,0.024,56,33
괴산읍,633362,2021-12-20 24:00,127.7893,36.8075,0.004,0.8,2,0.022,60,43
감물면,633363,2021-12-20 24:00,127.8745,36.8369,0.004,0.8,2,0.015,83,59
음성읍,633462,2021-12-20 24:00,127.6889,36.9289,0.004,1.0,2,0.022,69,42
소이면,633463,2021-12-20 24:00,127.7574,36.9227,0.002,0.5,2,0.012,71,43
보은읍,633491,2021-12-20 24:00,127.717,36.4837,0.002,0.6,2,0.013,59,47
성황동,534111,2021-12-20 24:00,127.1521,36.8143,0.003,0.5,2,0.028,50,37
백석동,534112,2021-12-20 24:00,127.1106,36.8251,0.003,0.7,2,0.037,69,52
성거읍,534115,2021-12-20 24:00,127.2074,36.8834,0.003,0.5,2,0.023,74,42
신방동,534116,2021-12-20 24:00,127.1229,36.7844,0.004,0.5,2,0.023,69,36
당진시청사,534434,2021-12-20 24:00,126.6458,36.8899,0.003,0.5,2,0.010,56,38
송산면,534433,2021-12-20 24:00,126.7164,36.9765,0.003,0.6,2,0.009,67,30
독곶리,534421,2021-12-20 24:00,126.3853,36.9897,0.003,0.5,2,0.009,71,20
동문동,534422,2021-12-20 24:00,126.4561,36.7799,0.003,0.5,2,0.017,70,25
대산리,534423,2021-12-20 24:00,126.4339,36.938,0.003,0.5,2,0.018,52,32
성연면,534424,2021-12-20 24:00,126.4609,36.8391,0.002,0.5,2,0.018,54,23
모종동,534441,2021-12-20 24:00,127.0145,36.7829,0.004,0.7,2,0.038,66,36
배방읍,534442,2021-12-20 24:00,127.0539,36.7738,0.004,0.7,2,0.049,76,38
도고면,534443,2021-12-20 24:00,126.8887,36.7625,0.004,0.5,2,0.008,63,38
둔포면,534444,2021-12-20 24:00,127.0596,36.9143,0.003,0.5,2,0.016,74,36
인주면,534445,2021-12-20 24:00,126.8798,36.8734,0.003,0.6,2,0.014,69,33
논산,534451,2021-12-20 24:00,127.0871,36.1994,0.004,0.4,2,0.018,56,23
성동면,534453,2021-12-20 24:00,127.0439,36.2154,0.003,0.4,2,0.012,61,36
이원면,534462,2021-12-20 24:00,126.2805,36.8697,0.004,0.5,2,0.010,64,40
태안읍,534463,2021-12-20 24:00,126.3015,36.7467,0.003,0.5,2,0.014,53,29
원북면,534465,2021-12-20 24:00,126.2572,36.8242,0.004,0.4,2,0.011,63,26
대천2동,534481,2021-12-20 24:00,126.5897,36.3531,0.004,0.3,2,0.011,62,28
주교면,534482,2021-12-20 24:00,126.5693,36.3908,0.004,0.5,2,0.012,59,30
홍성읍,534491,2021-12-20 24:00,126.6551,36.5977,0.003,0.4,2,0.012,60,28
내포,534492,2021-12-20 24:00,126.668,36.6533,0.002,0.6,2,0.009,68,27
공주,534342,2021-12-20 24:00,127.1192,36.447,0.003,0.5,2,0.008,59,29
탄천면,534343,2021-12-20 24:00,127.0671,36.3086,0.004,0.4,2,0.023,59,36
부여읍,534411,2021-12-20 24:00,126.9113,36.2755,0.003,0.6,2,0.028,40,24
청양읍,534502,2021-12-20 24:00,126.8049,36.4552,0.003,0.6,2,0.020,52,33
금산읍,534501,2021-12-20 24:00,127.4907,36.1072,0.004,0.2,2,0.016,57,32
예산군,534471,2021-12-20 24:00,126.8489,36.6774,0.004,0.7,2,0.022,48,27
삽교읍,534472,2021-12-20 24:00,126.7392,36.6881,0.003,0.5,2,0.012,65,33
엄사면,534510,2021-12-20 24:00,127.2379,36.287,0.003,0.4,2,0.013,63,22
서천읍,735520,2021-12-20 24:00,126.6979,36.0762,0.003,0.5,2,0.021,56,29
서면,735521,2021-12-20 24:00,126.5493,36.1529,0.003,0.7,2,0.009,29,15
장항읍,735522,2021-12-20 24:00,126.6941,36.0091,0.003,0.3,2,0.012,37,11
노송동,335115,2021-12-20 24:00,127.148,35.8287,0.002,0.5,2,0.021,51,22
삼천동,735111,2021-12-20 24:00,127.1218,35.799,0.003,0.5,2,0.025,46,25
팔복동,735114,2021-12-20 24:00,127.087,35.8515,0.001,0.4,2,0.019,43,15
송천동,735115,2021-12-20 24:00,127.1175,35.8674,0.002,0.4,2,0.026,59,37
혁신동,735117,2021-12-20 24:00,127.0627,35.8465,0.002,0.3,2,0.014,48,27
신풍동,735121,2021-12-20 24:00,126.7007,35.9729,0.004,1.1,2,0.061,64,37
소룡동,735122,2021-12-20 24:00,126.6514,35.9733,0.002,0.2,2,0.006,44,20
옥산면,735124,2021-12-20 24:00,126.7484,35.9395,0.003,0.4,2,0.009,50,23
비응도동,735125,2021-12-20 24:00,126.5411,35.9438,0.002,0.4,2,0.006,46,15
소룡동2,735127,2021-12-20 24:00,126.597,35.9585,0.002,0.3,2,0.009,47,16
함열읍,735136,2021-12-20 24:00,126.9663,36.078,0.004,0.5,2,0.010,68,38
팔봉동,735133,2021-12-20 24:00,127.0042,35.9616,0.003,0.4,2,0.016,59,31
모현동,735134,2021-12-20 24:00,126.9414,35.9546,0.003,0.5,2,0.015,56,25
삼기면,735131,2021-12-20 24:00,126.9841,36.0203,0.003,0.4,2,0.012,53,27
용동면,735135,2021-12-20 24:00,126.9918,36.1097,0.004,0.5,2,0.015,72,39
죽항동,735151,2021-12-20 24:00,127.3846,35.4077,0.002,0.6,2,0.019,60,36
연지동,735141,2021-12-20 24:00,126.8459,35.5684,0.002,0.5,2,0.021,40,21
고창읍,735161,2021-12-20 24:00,126.713,35.4373,0.004,0.3,2,0.011,42,21
심원면,735162,2021-12-20 24:00,126.5511,35.5246,0.003,0.3,2,0.007,46,18
부안읍,735171,2021-12-20 24:00,126.7199,35.7294,0.002,0.5,2,0.022,45,24
계화면,735173,2021-12-20 24:00,126.6981,35.7916,0.002,0.4,2,0.010,58,27
요촌동,735181,2021-12-20 24:00,126.8914,35.8049,0.002,0.4,2,0.016,56,39
고산면,735191,2021-12-20 24:00,127.2055,35.9764,0.002,0.5,2,0.013,64,26
봉동읍,735192,2021-12-20 24:00,127.1661,35.9418,0.002,0.5,2,0.016,53,24
구이면,735193,2021-12-20 24:00,127.1355,35.7291,0.002,0.3,2,0.007,42,30
진안읍,735201,2021-12-20 24:00,127.4349,35.7972,0.002,0.6,2,0.024,55,31
무주읍,735371,2021-12-20 24:00,127.6621,36.0087,0.004,0.4,2,0.010,65,20
임실읍,735361,2021-12-20 24:00,127.2794,35.6134,0.003,0.6,,0.019,73,53
관촌면,735362,2021-12-20 24:00,127.2707,35.6738,0.004,0.7,2,0.025,67,48
순창읍,735381,2021-12-20 24:00,127.1374,35.3744,-,-,,-,-,-
장수읍,735391,2021-12-20 24:00,127.5212,35.6474,0.004,0.3,2,0.008,58,27
서강동,336121,2021-12-20 24:00,127.726,34.7411,0.002,0.7,2,0.031,54,21
월내동,336124,2021-12-20 24:00,127.7246,34.8502,0.004,0.6,2,0.023,50,30
문수동,336125,2021-12-20 24:00,127.7029,34.7546,0.002,0.7,2,0.033,42,21
덕충동,336128,2021-12-20 24:00,127.7468,34.7539,0.002,0.6,2,0.014,36,21
삼일동,336223,2021-12-20 24:00,127.7318,34.825,0.002,0.4,2,0.012,42,20
율촌면,336222,2021-12-20 24:00,127.5788,34.8819,0.002,0.7,2,0.029,53,26
화양면,336221,2021-12-20 24:00,127.5975,34.6857,0.002,0.4,2,0.006,41,21
중동,336352,2021-12-20 24:00,127.6977,34.9399,0.003,0.5,2,0.032,56,28
태인동,336353,2021-12-20 24:00,127.7571,34.9419,0.003,0.5,2,0.028,54,23
광양읍,336355,2021-12-20 24:00,127.5823,34.9808,0.004,0.5,2,0.025,46,31
장천동,336131,2021-12-20 24:00,127.4891,34.9476,0.001,0.4,2,0.032,50,31
연향동,336132,2021-12-20 24:00,127.5186,34.9471,0.002,0.6,2,0.045,51,36
순천만,336133,2021-12-20 24:00,127.5098,34.8855,-,-,,-,-,-
호두리,336134,2021-12-20 24:00,127.573,34.8935,0.002,0.3,2,0.013,56,-
신대,336135,2021-12-20 24:00,127.5484,34.9364,0.002,0.6,2,0.044,56,27
용당동,336111,2021-12-20 24:00,126.3916,34.806,0.003,0.7,2,0.048,63,16
부흥동,336112,2021-12-20 24:00,126.4346,34.8043,0.002,0.7,2,0.036,44,17
영암읍,336442,2021-12-20 24:00,126.7006,34.8075,0.004,0.5,2,0.019,68,45
빛가람동,336141,2021-12-20 24:00,126.7904,35.0217,0.001,0.4,2,0.027,50,42
담양읍,336151,2021-12-20 24:00,126.9882,35.321,0.003,0.5,2,0.017,56,38
장성읍,336161,2021-12-20 24:00,126.7854,35.3032,0.003,0.3,2,0.019,42,30
해남읍,336361,2021-12-20 24:00,126.5992,34.5652,0.005,0.4,2,0.024,47,19
영광읍,336461,2021-12-20 24:00,126.512,35.278,0.002,0.4,2,0.011,47,29
장흥읍,336471,2021-12-20 24:00,126.9067,34.675,0.001,0.4,2,0.014,43,23
진도읍,336481,2021-12-20 24:00,126.2688,34.4793,0.002,0.5,2,0.008,29,13
신지면,336491,2021-12-20 24:00,126.8286,34.3344,0.002,0.3,2,0.007,31,10
함평읍,336501,2021-12-20 24:00,126.5228,35.0621,0.002,0.3,2,0.015,51,28
화순읍,336452,2021-12-20 24:00,126.9859,35.0653,0.003,0.7,2,0.036,44,24
고흥읍,336511,2021-12-20 24:00,127.2807,34.6063,0.002,0.4,2,0.020,50,31
신안군,336521,2021-12-20 24:00,126.1261,34.7555,0.002,0.3,2,0.006,32,15
무안읍,336531,2021-12-20 24:00,126.4765,34.9905,0.001,0.6,2,0.025,57,43
강진읍,336541,2021-12-20 24:00,126.7707,34.6446,0.003,0.6,2,0.024,37,23
구례읍,336561,2021-12-20 24:00,127.461,35.2157,0.002,0.5,2,0.024,56,26
곡성읍,336551,2021-12-20 24:00,127.2899,35.2833,0.002,0.2,2,0.012,54,32
벌교읍,336571,2021-12-20 24:00,127.347,34.8415,0.003,0.4,2,0.013,53,25
보성읍,336572,2021-12-20 24:00,127.0782,34.7649,0.002,0.6,2,0.013,67,49
장흥동,437112,2021-12-20 24:00,129.3748,35.9802,0.004,0.6,2,0.021,54,25
장량동,437113,2021-12-20 24:00,129.3803,36.0707,0.005,0.3,2,0.009,58,22
대도동,437114,2021-12-20 24:00,129.3658,36.0188,0.005,1.2,2,0.062,78,35
대송면,437115,2021-12-20 24:00,129.36,35.9684,0.003,0.4,2,0.017,38,22
3공단,437116,2021-12-20 24:00,129.3768,35.9631,0.004,0.6,2,0.017,94,45
송도동,437117,2021-12-20 24:00,129.3756,36.0301,0.004,0.6,2,0.041,68,36
오천읍,437118,2021-12-20 24:00,129.4087,35.9668,0.002,0.6,2,0.010,58,30
청림동,437119,2021-12-20 24:00,129.4054,35.9974,0.002,0.6,2,0.041,59,31
연일읍,437120,2021-12-20 24:00,129.3522,35.9963,0.002,0.9,2,0.045,56,38
제철동,437121,2021-12-20 24:00,129.3977,35.99,0.003,0.7,2,0.044,70,52
공단동,437151,2021-12-20 24:00,128.3858,36.1019,0.004,1.1,2,0.052,76,51
원평동,437152,2021-12-20 24:00,128.3258,36.1308,0.002,0.3,2,0.035,68,27
형곡동,437153,2021-12-20 24:00,128.3386,36.1108,0.001,0.6,2,0.043,65,34
4공단,437154,2021-12-20 24:00,128.4394,36.1372,0.003,0.2,2,0.019,62,39
진미동,437156,2021-12-20 24:00,128.4188,36.1061,0.003,0.6,2,0.046,64,41
대광동,437132,2021-12-20 24:00,128.1372,36.1441,0.003,0.8,2,0.026,85,46
율곡동,437133,2021-12-20 24:00,128.1839,36.1215,0.003,1.0,2,0.036,63,33
성건동,437122,2021-12-20 24:00,129.2076,35.8507,0.003,0.3,2,0.029,62,34
보덕동,437123,2021-12-20 24:00,129.287,35.8351,0.003,0.3,2,0.009,52,30
안강읍,437124,2021-12-20 24:00,129.227,35.9907,0.004,0.5,2,0.020,50,33
외동읍,437125,2021-12-20 24:00,129.3236,35.7157,0.003,0.5,2,0.032,66,42
명륜동,437141,2021-12-20 24:00,128.728,36.5683,0.003,1.0,2,0.026,58,37
가흥동,437161,2021-12-20 24:00,128.6132,36.8212,0.002,0.5,2,0.011,71,36
중방동,437171,2021-12-20 24:00,128.7433,35.825,0.003,0.9,2,0.019,65,38
하양읍,437172,2021-12-20 24:00,128.8145,35.9126,0.006,0.5,2,0.015,58,33
상주시,437181,2021-12-20 24:00,128.1578,36.4289,0.003,0.7,2,0.029,58,36
칠곡군,437191,2021-12-20 24:00,128.4185,35.9907,0.003,0.6,2,0.038,50,37
영천시,437402,2021-12-20 24:00,128.9378,35.9729,0.003,0.7,2,0.036,63,37
울진군,437421,2021-12-20 24:00,129.4029,36.9972,0.003,0.3,2,0.009,55,32
석포면,437431,2021-12-20 24:00,129.0653,37.0486,0.009,0.5,2,0.018,55,25
울릉읍,437542,2021-12-20 24:00,130.9056,37.4841,-,0.3,2,0.006,54,21
대가야읍,437551,2021-12-20 24:00,128.2817,35.7262,0.004,0.4,2,0.008,56,30
영덕읍,437201,2021-12-20 24:00,129.3638,36.4201,0.003,0.4,2,0.015,55,31
영해면,437203,2021-12-20 24:00,129.4072,36.5375,0.003,0.4,2,0.008,50,25
의성읍,437412,2021-12-20 24:00,128.697,36.3527,0.006,1.0,2,0.029,54,37
성주군,437221,2021-12-20 24:00,128.2901,35.9175,0.003,1.1,2,0.026,64,42
예천군,437581,2021-12-20 24:00,128.4732,36.5768,0.003,0.3,2,0.009,62,35
화양읍,437591,2021-12-20 24:00,128.7063,35.6498,0.004,0.7,2,0.036,58,42
영양군,437571,2021-12-20 24:00,129.1124,36.6667,0.003,0.3,2,0.008,62,35
문경시,437211,2021-12-20 24:00,128.1862,36.5868,0.003,0.6,2,0.041,59,38
회원동,238111,2021-12-20 24:00,128.5739,35.2181,0.003,0.8,2,0.057,52,35
봉암동,238112,2021-12-20 24:00,128.6025,35.2176,0.004,0.6,,0.028,-,-
명서동,238141,2021-12-20 24:00,128.644,35.2403,0.003,0.9,2,0.064,35,23
웅남동,238142,2021-12-20 24:00,128.6575,35.2115,0.005,1.2,2,0.063,53,29
성주동,238143,2021-12-20 24:00,128.7111,35.1994,0.005,0.5,2,0.018,33,19
용지동,238144,2021-12-20 24:00,128.684,35.2363,0.003,0.8,,0.051,-,-
사파동,238146,2021-12-20 24:00,128.6983,35.2217,0.003,0.6,2,0.039,59,21
경화동,238151,2021-12-20 24:00,128.6895,35.155,0.005,0.8,2,0.050,42,24
월영동,238152,2021-12-20 24:00,128.5629,35.1831,0.004,0.8,2,0.059,54,28
내서읍,238113,2021-12-20 24:00,128.5033,35.2259,0.003,0.5,,0.028,-,-
상봉동,238131,2021-12-20 24:00,128.0781,35.1983,0.003,0.7,2,0.011,38,18
대안동,238132,2021-12-20 24:00,128.0837,35.1921,0.004,0.5,2,0.013,43,22
정촌면,238134,2021-12-20 24:00,128.0997,35.1248,0.003,0.7,2,0.025,60,34
하동읍,238161,2021-12-20 24:00,127.7514,35.0677,0.003,0.5,2,0.013,56,33
동상동,238181,2021-12-20 24:00,128.8834,35.2369,0.004,1.1,2,0.050,62,36
삼방동,238182,2021-12-20 24:00,128.9118,35.2443,0.004,0.5,,0.038,-,-
장유동,238183,2021-12-20 24:00,128.8072,35.2024,0.005,0.4,2,0.012,45,23
진영읍,238184,2021-12-20 24:00,128.7312,35.3078,0.005,1.0,2,0.050,71,36
아주동,238201,2021-12-20 24:00,128.6922,34.866,0.004,0.5,2,0.008,42,17
고현동,238203,2021-12-20 24:00,128.6211,34.8808,0.004,0.6,2,0.006,47,22
북부동,238361,2021-12-20 24:00,129.041,35.3458,0.004,0.8,2,0.056,41,28
물금읍,238363,2021-12-20 24:00,128.9872,35.3106,0.003,0.6,2,0.034,67,44
사천읍,238211,2021-12-20 24:00,128.0912,35.0828,0.006,0.7,2,0.022,55,24
향촌동,238212,2021-12-20 24:00,128.0933,34.9338,0.004,0.6,2,0.015,49,24
내일동,238401,2021-12-20 24:00,128.7542,35.4937,0.004,0.5,2,0.034,48,27
무전동,238411,2021-12-20 24:00,128.4324,34.8572,0.003,0.4,2,0.017,51,20
고성읍,238421,2021-12-20 24:00,128.3243,34.9745,0.003,0.5,2,0.016,50,23
거창읍,238431,2021-12-20 24:00,127.9039,35.688,0.002,0.7,2,0.026,58,39
가야읍,238441,2021-12-20 24:00,128.4081,35.2723,0.003,1.0,2,0.034,55,36
함양읍,238451,2021-12-20 24:00,127.725,35.5203,0.003,0.4,2,0.011,46,20
남해읍,238461,2021-12-20 24:00,127.899,34.8319,0.003,0.5,2,0.012,39,20
산청읍,238471,2021-12-20 24:00,127.8741,35.415,0.003,0.6,2,0.029,50,29
의령읍,238491,2021-12-20 24:00,128.2538,35.3158,0.003,0.4,2,0.009,39,19
창녕읍,238501,2021-12-20 24:00,128.4905,35.5438,0.005,0.5,2,0.040,48,31
합천읍,238511,2021-12-20 24:00,128.1576,35.5661,0.003,0.5,2,0.014,38,21
이도동,339111,2021-12-20 24:00,126.5324,33.5001,0.002,0.2,,0.008,42,18
연동,339112,2021-12-20 24:00,126.5001,33.4886,0.002,0.4,2,0.011,38,16
조천읍,339113,2021-12-20 24:00,126.6424,33.5379,0.002,0.2,2,0.009,35,22
한림읍,339114,2021-12-20 24:00,126.2681,33.4094,0.002,0.3,2,0.009,35,15
동홍동,339121,2021-12-20 24:00,126.5653,33.2465,0.002,0.3,2,0.010,41,19
성산읍,339122,2021-12-20 24:00,126.9101,33.4602,0.001,0.2,2,0.005,31,19
대정읍,339131,2021-12-20 24:00,126.2475,33.2279,0.002,0.3,2,0.006,-,11
남원읍,339123,2021-12-20 24:00,126.7149,33.2843,0.002,0.4,2,0.006,41,19
백령도,831492,2021-12-20 24:00,124.634,37.9647,0.002,0.6,3,0.014,102,53
연평도,831494,2021-12-20 24:00,125.6996,37.6662,0.001,0.4,2,0.010,69,44
울도,831495,2021-12-20 24:00,125.9961,37.025,0.001,0.4,2,0.007,82,34
격렬비열도,534464,2021-12-20 24:00,125.5579,36.6261,-,-,,-,-,40
외연도,534484,2021-12-20 24:00,126.0825,36.229,0.003,0.5,2,0.012,67,38
말도,735126,2021-12-20 24:00,126.3157,35.8584,-,-,2,-,65,28
안마도,336462,2021-12-20 24:00,126.0211,35.3458,-,-,,-,-,-
홍도,336522,2021-12-20 24:00,125.2016,34.6971,0.002,0.3,2,0.008,61,27
가거도,336523,2021-12-20 24:00,125.0989,34.0949,0.002,0.3,2,0.006,42,17
태하리,437541,2021-12-20 24:00,130.7967,37.5223,0.001,0.3,2,0.005,39,29
고산리,339312,2021-12-20 24:00,126.1622,33.2925,-,-,2,-,34,11
석모리,831481,2021-12-20 24:00,126.2835,37.7054,0.001,0.4,2,0.010,58,30
설성면,131441,2021-12-20 24:00,127.5536,37.1375,-,0.3,2,0.009,76,47
관인면,131451,2021-12-20 24:00,127.2526,38.1238,0.001,0.4,,0.009,-,38
파주,131373,2021-12-20 24:00,126.7311,37.9062,0.001,0.4,2,0.026,87,-
연천(DMZ),131991,2021-12-20 24:00,126.9737,38.1296,0.002,0.5,3,0.015,102,37
인제(DMZ),132993,2021-12-20 24:00,128.2481,38.3896,0.001,0.3,2,0.009,68,37
고성(DMZ),132994,2021-12-20 24:00,128.2803,38.5665,0.002,0.4,,0.007,69,36
방산면,132401,2021-12-20 24:00,127.9586,38.2244,0.002,0.5,2,0.005,67,40
북평면,632371,2021-12-20 24:00,128.6648,37.4302,0.002,0.5,2,0.007,63,44
치악산,632431,2021-12-20 24:00,128.1251,37.3601,0.002,0.4,2,0.007,67,39
철원(DMZ),132991,2021-12-20 24:00,127.1695,38.3032,0.001,0.4,2,0.009,69,32
화천(DMZ),132992,2021-12-20 24:00,127.7813,38.2274,0.001,0.4,2,0.010,79,46
금왕,633461,2021-12-20 24:00,127.6045,36.9941,0.003,0.5,2,0.009,74,30
파도리,534461,2021-12-20 24:00,126.1344,36.7382,0.001,0.4,2,0.006,83,44
사곡면,534341,2021-12-20 24:00,127.0309,36.5263,0.001,0.5,2,0.008,56,34
운암면,735351,2021-12-20 24:00,127.1863,35.6105,-,-,,-,-,-
송단리,336451,2021-12-20 24:00,127.1751,35.1769,0.002,0.3,2,0.006,27,12
강구면,437202,2021-12-20 24:00,129.3902,36.3629,0.002,0.4,2,0.009,59,31
화북면,437401,2021-12-20 24:00,128.9278,36.1127,0.001,0.6,2,0.007,47,28
남상면,238481,2021-12-20 24:00,127.9102,35.6432,0.002,0.5,2,0.019,69,48
대산면,238241,2021-12-20 24:00,128.6757,35.3731,0.002,0.6,2,0.017,63,38
저구리,238191,2021-12-20 24:00,128.5873,34.7101,0.001,0.2,,0.008,-,-
한강대로,111122,2021-12-20 24:00,126.9704,37.5491,0.005,1.3,2,0.068,82,37
청계천로,111124,2021-12-20 24:00,126.9981,37.5686,0.004,1.2,2,0.047,64,36
종로,111125,2021-12-20 24:00,126.9965,37.5709,0.003,1.0,2,0.046,59,30
강변북로,111143,2021-12-20 24:00,127.042,37.5387,0.004,1.2,2,0.062,73,42
홍릉로,111154,2021-12-20 24:00,127.0444,37.5805,0.005,1.4,2,0.053,67,46
정릉로,111162,2021-12-20 24:00,127.026,37.6035,0.004,1.0,2,0.069,72,35
신촌로,111202,2021-12-20 24:00,126.9361,37.5551,0.005,1.6,2,0.072,71,47
공항대로,111213,2021-12-20 24:00,126.8247,37.5602,0.003,1.0,2,0.061,66,32
영등포로,111232,2021-12-20 24:00,126.9046,37.5193,0.003,0.8,2,0.056,62,36
도산대로,111263,2021-12-20 24:00,127.0203,37.516,0.003,1.3,2,0.059,79,47
강남대로,111264,2021-12-20 24:00,127.0357,37.4818,0.003,1.1,2,0.035,70,38
천호대로,111275,2021-12-20 24:00,127.1393,37.5341,0.004,1.5,2,0.065,74,42
화랑로,111312,2021-12-20 24:00,127.0751,37.6177,0.004,1.2,2,0.054,55,32
시흥대로,111282,2021-12-20 24:00,126.8987,37.475,0.004,0.9,2,0.059,71,34
온천동,221162,2021-12-20 24:00,129.0778,35.2067,0.004,0.7,2,0.049,60,28
초량동,221131,2021-12-20 24:00,129.0463,35.1267,0.004,0.4,2,0.021,58,29
부산북항,221901,2021-12-20 24:00,129.0557,35.1228,0.005,0.4,2,0.026,56,29
부산신항,221902,2021-12-20 24:00,128.8343,35.075,0.007,0.4,2,0.062,61,27
이곡동,422202,2021-12-20 24:00,128.5115,35.8512,0.002,0.3,2,0.024,52,35
평리동,422133,2021-12-20 24:00,128.5625,35.8803,0.004,0.9,2,0.064,69,38
석바위,823633,2021-12-20 24:00,126.6908,37.4578,0.005,1.1,2,0.062,69,38
부평역,823634,2021-12-20 24:00,126.7242,37.5,0.006,1.2,2,0.057,65,38
송현,823703,2021-12-20 24:00,126.6372,37.4819,0.004,0.8,2,0.051,43,22
서해,823612,2021-12-20 24:00,126.6312,37.4605,0.003,0.6,2,0.039,55,25
남동,823636,2021-12-20 24:00,126.7068,37.4406,0.005,2.2,2,0.039,81,59
중봉,823653,2021-12-20 24:00,126.6479,37.5035,0.005,0.7,2,0.055,72,29
치평동,324123,2021-12-20 24:00,126.8533,35.1516,0.004,1.4,2,0.054,67,49
운암동,324134,2021-12-20 24:00,126.8569,35.1761,0.004,0.9,2,0.048,55,32
월평동,525173,2021-12-20 24:00,127.3542,36.3511,0.004,0.5,2,0.013,46,29
신정로,238126,2021-12-20 24:00,129.301,35.5333,0.003,0.7,2,0.032,41,25
북부순환도로,238379,2021-12-20 24:00,129.281,35.558,0.003,0.5,2,0.032,41,26
성남대로(모란역),131125,2021-12-20 24:00,127.1291,37.4332,0.004,1.5,2,0.059,75,46
대왕판교로(백현동),131120,2021-12-20 24:00,127.1026,37.3825,0.010,1.6,2,0.050,79,48
경수대로(동수원),131116,2021-12-20 24:00,127.0307,37.2765,0.004,1.6,3,0.064,95,51
송내대로(중동),831155,2021-12-20 24:00,126.7584,37.5053,0.003,0.8,2,0.050,68,36
백마로(마두역),131383,2021-12-20 24:00,126.7779,37.652,0.003,1.3,2,0.062,83,54
중앙대로(고잔동),131198,2021-12-20 24:00,126.8281,37.3167,0.005,1.3,2,0.065,67,42
중부대로(구갈동),131414,2021-12-20 24:00,127.1137,37.2753,0.002,0.9,2,0.050,68,42
금암로(신장동),131532,2021-12-20 24:00,127.0521,37.1711,0.003,0.8,2,0.045,62,38
경춘로,131245,2021-12-20 24:00,127.163,37.6088,0.004,1.3,2,0.049,101,53
한강로,131475,2021-12-20 24:00,126.6751,37.6491,0.003,1.1,,0.051,74,45
서해안로,131236,2021-12-20 24:00,126.711,37.3526,0.002,0.8,2,0.042,73,44
온의동,132119,2021-12-20 24:00,127.7208,37.5656,0.003,0.9,2,0.032,71,44
복대동,533116,2021-12-20 24:00,127.447,36.6344,0.002,0.7,2,0.048,58,28
성성동,534114,2021-12-20 24:00,127.1323,36.8393,0.003,0.6,2,0.045,70,47
장재리,534446,2021-12-20 24:00,127.1001,36.7844,0.003,0.8,2,0.036,72,50
서신동,735116,2021-12-20 24:00,127.123,35.8334,0.002,0.7,2,0.033,45,25
우현동,437111,2021-12-20 24:00,129.3607,36.0525,-,0.6,2,0.043,68,37
반송로,238145,2021-12-20 24:00,128.6647,35.2342,0.004,1.0,2,0.053,49,24
부산항,221903,2021-12-20 24:00,128.7848,35.5479,0.004,0.4,2,0.032,62,27
경인항,823901,2021-12-20 24:00,126.5951,37.5665,0.002,0.5,2,0.014,58,24
인천항,823902,2021-12-20 24:00,126.6269,37.4616,0.002,0.4,,0.044,69,28
울산항,238902,2021-12-20 24:00,129.3845,35.5157,0.007,0.9,2,0.029,73,54
묵호항,132902,2021-12-20 24:00,129.1109,37.5479,0.003,0.7,2,0.007,58,36
동해항,132901,2021-12-20 24:00,129.1232,37.4898,0.001,0.4,2,0.011,57,31
평택당진항,534901,2021-12-20 24:00,126.8217,36.9684,0.001,0.4,2,0.028,73,45
대산항,534902,2021-12-20 24:00,126.4266,37.0126,0.002,0.4,2,0.011,60,38
장항항,534903,2021-12-20 24:00,126.6903,36.008,0.002,0.3,2,0.015,45,18
군산항,735901,2021-12-20 24:00,126.5865,35.9744,0.004,0.3,2,0.023,59,27
여수항,336903,2021-12-20 24:00,127.7333,34.7379,0.002,0.4,2,0.032,50,25
광양항,336902,2021-12-20 24:00,127.6682,34.9076,0.002,0.6,2,0.046,63,35
목포항,336901,2021-12-20 24:00,126.3918,34.771,0.002,0.3,2,0.038,51,27
포항항,437901,2021-12-20 24:00,129.4149,36.006,0.008,0.7,3,0.056,98,51
마산항,238901,2021-12-20 24:00,128.5912,35.1918,0.002,0.6,2,0.040,67,38
